Interval=	0.01 s
ExcelDateTime=	3.9773399680771952e+004	21/11/2008 9:35:32.418697
TimeFormat=	StartOfBlock
ChannelTitle=	Channel 1	Channel 2	Channel 3
Range=	20.000 mV	50.000 mV	500.0 µV
0.0	-8.268	51.130	131.6
0.01	-8.276	51.139	140.0
0.02	-8.284	51.139	155.0
0.03	-8.294	51.139	168.9
0.04	-8.305	51.139	137.7
0.05	-8.317	51.139	112.8
0.06	-8.330	51.123	52.8
0.07	-8.343	50.373	6.2
0.08	-8.357	43.833	-38.5
0.09	-8.373	26.089	-54.2
0.1	-8.391	1.589	-72.5
0.11	-8.411	-21.906	-76.0
0.12	-8.432	-39.944	-66.6
0.13	-8.449	-49.002	-78.2
0.14	-8.463	-51.045	-82.5
0.15	-8.477	-51.136	-71.9
0.16	-8.491	-51.141	-73.0
0.17	-8.506	-51.141	-64.2
0.18	-8.522	-51.141	-74.8
0.19	-8.539	-51.141	-63.8
0.2	-8.555	-51.141	-46.8
0.21	-8.571	-51.141	-62.0
0.22	-8.588	-51.141	-60.8
0.23	-8.605	-51.141	-54.4
0.24	-8.624	-51.141	-62.0
0.25	-8.645	-51.139	-45.1
0.26	-8.666	-51.125	-54.0
0.27	-8.687	-50.388	-59.6
0.28	-8.706	-45.628	-51.0
0.29	-8.724	-34.430	-54.8
0.3	-8.742	-19.406	-56.6
0.31	-8.761	-4.141	-35.6
0.32	-8.783	9.384	-33.6
0.33	-8.806	19.642	-47.6
0.34	-8.832	25.656	-52.8
0.35	-8.861	27.122	-38.9
0.36	-8.889	24.480	-53.1
0.37	-8.914	18.805	-44.8
0.38	-8.938	11.350	-31.6
0.39	-8.960	3.027	-31.1
0.4	-8.984	-5.548	-23.0
0.41	-9.013	-13.850	-25.0
0.42	-9.046	-21.505	-18.5
0.43	-9.079	-28.308	-2.5
0.44	-9.110	-34.142	-25.3
0.45	-9.141	-38.969	-43.0
0.46	-9.173	-42.770	-58.6
0.47	-9.206	-45.589	-48.6
0.48	-9.239	-47.592	-45.8
0.49	-9.276	-48.914	-32.8
0.5	-9.314	-49.638	-65.3
0.51	-9.356	-49.888	-32.8
0.52	-9.397	-49.713	-43.3
0.53	-9.433	-49.155	-20.0
0.54	-9.465	-48.336	172.4
0.55	-9.497	-47.295	211.8
0.56	-9.533	-46.059	157.4
0.57	-9.575	-44.750	-17.1
0.58	-9.618	-43.361	-81.0
0.59	-9.659	-41.778	-15.7
0.6	-9.696	-39.884	-42.3
0.61	-9.723	-37.761	-22.6
0.62	-9.737	-35.836	-16.8
0.63	-9.740	-34.480	-21.0
0.64	-9.739	-33.672	-21.5
0.65	-9.738	-33.186	-0.4
0.66	-9.738	-33.034	-10.5
0.67	-9.739	-33.478	6.3
0.68	-9.741	-34.080	35.3
0.69	-9.740	-33.472	10.5
0.7	-9.735	-29.592	11.9
0.71	-9.728	-18.345	56.8
0.72	-9.721	5.053	61.4
0.73	-9.716	32.780	83.7
0.74	-9.713	48.134	112.2
0.75	-9.716	51.047	124.5
0.76	-9.724	51.130	141.8
0.77	-9.738	51.139	153.8
0.78	-9.756	51.139	155.8
0.79	-9.778	51.139	143.9
0.8	-9.798	51.139	80.1
0.81	-9.814	51.128	56.2
0.82	-9.830	50.923	12.9
0.83	-9.848	47.148	-20.0
0.84	-9.873	33.058	-37.1
0.85	-9.903	9.488	-54.0
0.86	-9.937	-15.372	-45.0
0.87	-9.966	-35.777	-53.9
0.88	-9.988	-47.506	-56.3
0.89	-10.011	-50.877	-48.5
0.9	-10.036	-51.130	-50.7
0.91	-10.058	-51.141	-42.6
0.92	-10.074	-51.141	-51.9
0.93	-10.089	-51.141	-46.4
0.94	-10.106	-51.141	-47.3
0.95	-10.124	-51.141	-32.5
0.96	-10.141	-51.141	-39.5
0.97	-10.157	-51.141	-40.6
0.98	-10.172	-51.141	-18.4
0.99	-10.185	-51.141	-38.4
1.0	-10.196	-51.138	-38.1
1.01	-10.204	-51.116	-14.6
1.02	-10.209	-50.222	-31.5
1.03	-10.210	-44.752	-20.2
1.04	-10.204	-32.083	-27.0
1.05	-10.190	-15.198	-39.5
1.06	-10.168	2.117	-43.8
1.07	-10.141	17.756	-20.8
1.08	-10.113	29.708	-23.7
1.09	-10.082	36.752	-40.1
1.1	-10.049	38.739	-27.8
1.11	-10.017	36.142	-24.6
1.12	-9.986	29.992	-32.7
1.13	-9.956	21.584	-20.8
1.14	-9.925	12.031	-13.6
1.15	-9.890	2.200	-8.8
1.16	-9.854	-7.288	-2.0
1.17	-9.818	-16.072	1.8
1.18	-9.781	-23.952	-18.5
1.19	-9.744	-30.788	-49.7
1.2	-9.709	-36.444	-48.1
1.21	-9.672	-40.861	-43.4
1.22	-9.636	-44.173	-57.4
1.23	-9.599	-46.631	-15.4
1.24	-9.563	-48.416	-38.8
1.25	-9.530	-49.550	-3.0
1.26	-9.499	-49.970	-47.5
1.27	-9.466	-49.645	-32.0
1.28	-9.428	-48.659	172.7
1.29	-9.387	-47.197	202.3
1.3	-9.348	-45.486	125.6
1.31	-9.316	-43.680	-47.0
1.32	-9.290	-41.820	-63.9
1.33	-9.266	-39.977	-7.4
1.34	-9.238	-38.136	-33.6
1.35	-9.203	-36.273	-1.0
1.36	-9.159	-34.420	-24.5
1.37	-9.108	-32.567	-16.6
1.38	-9.056	-30.938	-1.6
1.39	-9.006	-29.936	-15.2
1.4	-8.959	-29.719	0.4
1.41	-8.914	-30.070	28.0
1.42	-8.871	-30.291	11.4
1.43	-8.829	-29.344	21.9
1.44	-8.789	-25.342	38.5
1.45	-8.754	-13.758	51.7
1.46	-8.724	9.733	60.3
1.47	-8.696	35.805	68.2
1.48	-8.671	48.978	106.0
1.49	-8.646	51.098	108.3
1.5	-8.621	51.133	122.0
1.51	-8.596	51.139	169.0
1.52	-8.567	51.139	153.3
1.53	-8.536	51.139	126.9
1.54	-8.503	51.139	77.8
1.55	-8.469	51.122	38.9
1.56	-8.435	50.664	-6.6
1.57	-8.403	45.581	-45.7
1.58	-8.375	29.970	-62.1
1.59	-8.351	6.614	-61.8
1.6	-8.327	-16.897	-68.5
1.61	-8.301	-36.253	-68.9
1.62	-8.274	-47.550	-68.1
1.63	-8.248	-50.869	-64.5
1.64	-8.219	-51.130	-69.5
1.65	-8.186	-51.141	-60.9
1.66	-8.151	-51.141	-60.1
1.67	-8.116	-51.141	-60.1
1.68	-8.085	-51.141	-54.3
1.69	-8.058	-51.141	-53.0
1.7	-8.032	-51.141	-66.4
1.71	-8.008	-51.141	-55.9
1.72	-7.983	-51.141	-60.9
1.73	-7.958	-51.141	-54.6
1.74	-7.934	-51.138	-71.9
1.75	-7.908	-51.069	-64.0
1.76	-7.879	-49.483	-24.6
1.77	-7.848	-42.456	-54.3
1.78	-7.815	-28.903	-69.9
1.79	-7.783	-12.872	-44.5
1.8	-7.753	2.148	-40.7
1.81	-7.724	14.670	-53.2
1.82	-7.695	23.708	-57.4
1.83	-7.668	28.727	-44.8
1.84	-7.641	29.750	-62.7
1.85	-7.614	27.277	-65.6
1.86	-7.589	22.020	-47.2
1.87	-7.564	14.788	-58.8
1.88	-7.540	6.436	-66.9
1.89	-7.518	-2.258	-54.2
1.9	-7.495	-10.702	-50.1
1.91	-7.472	-18.506	-50.7
1.92	-7.450	-25.463	-56.2
1.93	-7.432	-31.517	-29.0
1.94	-7.415	-36.602	-23.3
1.95	-7.399	-40.630	-29.5
1.96	-7.382	-43.636	-22.8
1.97	-7.367	-45.709	-20.4
1.98	-7.354	-46.991	-43.9
1.99	-7.342	-47.691	-47.9
2.0	-7.328	-47.964	-59.1
2.01	-7.313	-47.969	-62.5
2.02	-7.298	-47.794	-61.5
2.03	-7.286	-47.411	-59.6
2.04	-7.274	-46.756	-36.7
2.05	-7.264	-45.773	-22.8
2.06	-7.253	-44.497	-75.6
2.07	-7.237	-43.106	99.1
2.08	-7.216	-41.764	185.4
2.09	-7.195	-40.372	189.6
2.1	-7.180	-38.761	101.7
2.11	-7.172	-37.077	-105.3
2.12	-7.169	-35.611	-36.6
2.13	-7.168	-34.370	-23.4
2.14	-7.161	-33.153	-55.9
2.15	-7.146	-31.802	-38.4
2.16	-7.128	-30.256	-50.3
2.17	-7.112	-28.794	-41.7
2.18	-7.095	-27.909	-30.3
2.19	-7.078	-27.783	-27.6
2.2	-7.061	-28.030	-24.6
2.21	-7.043	-27.631	-18.8
2.22	-7.026	-24.303	-15.3
2.23	-7.011	-12.858	10.0
2.24	-6.999	11.180	18.6
2.25	-6.989	37.089	29.0
2.26	-6.982	49.350	46.5
2.27	-6.975	51.103	70.9
2.28	-6.971	51.134	88.2
2.29	-6.968	51.139	123.9
2.3	-6.967	51.139	124.8
2.31	-6.965	51.139	122.5
2.32	-6.963	51.139	131.4
2.33	-6.961	51.139	102.0
2.34	-6.961	51.127	55.2
2.35	-6.961	50.905	14.6
2.36	-6.962	47.295	-29.0
2.37	-6.962	34.578	-52.5
2.38	-6.961	14.120	-68.7
2.39	-6.961	-7.170	-71.0
2.4	-6.961	-26.066	-72.8
2.41	-6.958	-40.844	-81.2
2.42	-6.953	-48.886	-86.3
2.43	-6.947	-51.009	-68.2
2.44	-6.943	-51.134	-78.3
2.45	-6.940	-51.141	-67.4
2.46	-6.936	-51.141	-51.2
2.47	-6.932	-51.141	-67.0
2.48	-6.928	-51.141	-66.5
2.49	-6.925	-51.141	-64.8
2.5	-6.922	-51.141	-73.5
2.51	-6.918	-51.141	-60.8
2.52	-6.913	-51.141	-69.5
2.53	-6.909	-51.139	-64.5
2.54	-6.907	-51.133	-58.0
2.55	-6.904	-50.597	-54.1
2.56	-6.899	-46.669	-55.8
2.57	-6.897	-36.772	-65.0
2.58	-6.897	-23.036	-65.6
2.59	-6.898	-8.995	-61.0
2.6	-6.898	3.527	-55.8
2.61	-6.897	13.355	-57.1
2.62	-6.894	19.753	-70.5
2.63	-6.891	22.388	-47.3
2.64	-6.889	21.430	-58.5
2.65	-6.886	17.597	-63.4
2.66	-6.883	11.725	-46.3
2.67	-6.878	4.491	-44.5
2.68	-6.874	-3.495	-57.9
2.69	-6.873	-11.636	-54.0
2.7	-6.872	-19.370	-51.2
2.71	-6.872	-26.342	-36.0
2.72	-6.873	-32.411	-31.3
2.73	-6.873	-37.514	-24.5
2.74	-6.874	-41.678	-21.4
2.75	-6.876	-44.947	-28.6
2.76	-6.879	-47.253	-26.8
2.77	-6.880	-48.581	-47.2
2.78	-6.881	-49.122	-77.2
2.79	-6.881	-49.145	-66.0
2.8	-6.882	-48.891	-70.8
2.81	-6.883	-48.527	-59.3
2.82	-6.883	-48.156	-64.7
2.83	-6.883	-47.733	-25.5
2.84	-6.886	-47.102	-37.0
2.85	-6.890	-46.223	-51.0
2.86	-6.889	-45.098	166.2
2.87	-6.884	-43.633	263.0
2.88	-6.881	-41.778	293.8
2.89	-6.881	-39.670	100.9
2.9	-6.884	-37.653	-93.3
2.91	-6.889	-36.061	-17.8
2.92	-6.895	-34.858	-58.8
2.93	-6.896	-33.770	-36.6
2.94	-6.892	-32.580	-35.9
2.95	-6.885	-31.302	-46.0
2.96	-6.879	-30.263	-38.6
2.97	-6.874	-29.819	-40.1
2.98	-6.869	-30.014	-20.0
2.99	-6.861	-30.391	-11.9
3.0	-6.854	-29.538	-12.7
3.01	-6.857	-24.138	5.2
3.02	-6.860	-8.220	6.6
3.03	-6.857	18.991	28.7
3.04	-6.851	42.208	60.8
3.05	-6.846	50.405	78.2
3.06	-6.844	51.105	101.1
3.07	-6.843	51.139	142.4
3.08	-6.843	51.139	154.4
3.09	-6.843	51.139	168.5
3.1	-6.843	51.139	176.4
3.11	-6.843	51.139	161.7
3.12	-6.843	51.134	109.1
3.13	-6.845	51.106	54.3
3.14	-6.851	49.789	21.5
3.15	-6.859	41.663	-19.7
3.16	-6.873	23.628	-59.2
3.17	-6.896	1.452	-64.7
3.18	-6.929	-19.111	-93.9
3.19	-6.968	-36.167	-82.3
3.2	-7.008	-46.958	-74.4
3.21	-7.046	-50.711	-96.4
3.22	-7.082	-51.131	-78.1
3.23	-7.117	-51.141	-68.1
3.24	-7.152	-51.141	-80.0
3.25	-7.185	-51.141	-68.0
3.26	-7.216	-51.141	-67.2
3.27	-7.243	-51.141	-67.4
3.28	-7.268	-51.141	-58.1
3.29	-7.288	-51.141	-75.9
3.3	-7.306	-51.141	-73.7
3.31	-7.322	-51.141	-46.8
3.32	-7.338	-51.139	-63.5
3.33	-7.353	-51.103	-62.2
3.34	-7.370	-50.120	-64.3
3.35	-7.389	-45.208	-52.8
3.36	-7.408	-35.097	-66.6
3.37	-7.426	-22.647	-54.9
3.38	-7.445	-10.386	-51.3
3.39	-7.465	0.588	-85.6
3.4	-7.487	9.133	-55.8
3.41	-7.509	14.589	-37.9
3.42	-7.533	16.847	-54.4
3.43	-7.557	15.978	-50.8
3.44	-7.579	12.353	-57.3
3.45	-7.601	6.784	-48.5
3.46	-7.621	0.116	-56.4
3.47	-7.639	-7.052	-40.7
3.48	-7.657	-14.233	-39.3
3.49	-7.674	-21.092	-33.3
3.5	-7.692	-27.497	-21.7
3.51	-7.712	-33.361	-16.4
3.52	-7.733	-38.531	-9.5
3.53	-7.756	-42.870	-16.5
3.54	-7.781	-46.323	-36.2
3.55	-7.804	-48.903	-40.6
3.56	-7.828	-50.491	-49.1
3.57	-7.851	-51.069	-42.9
3.58	-7.874	-51.139	-39.8
3.59	-7.896	-51.117	-46.3
3.6	-7.920	-50.928	-58.6
3.61	-7.946	-50.425	1.0
3.62	-7.973	-49.744	-50.2
3.63	-7.996	-49.055	54.2
3.64	-8.013	-48.158	236.1
3.65	-8.028	-46.723	247.6
3.66	-8.047	-44.653	187.7
3.67	-8.069	-42.303	-59.0
3.68	-8.094	-40.283	-82.4
3.69	-8.121	-38.827	-12.7
3.7	-8.148	-37.644	-40.2
3.71	-8.170	-36.406	-32.7
3.72	-8.187	-35.072	-29.8
3.73	-8.201	-33.802	-10.7
3.74	-8.215	-32.895	-20.4
3.75	-8.229	-32.609	-15.0
3.76	-8.244	-32.784	-0.7
3.77	-8.259	-32.928	1.9
3.78	-8.276	-32.222	-1.2
3.79	-8.294	-28.509	26.0
3.8	-8.316	-16.783	28.2
3.81	-8.339	7.636	48.1
3.82	-8.364	34.972	78.4
3.83	-8.389	48.848	89.2
3.84	-8.414	51.095	108.2
3.85	-8.439	51.131	156.7
3.86	-8.464	51.139	161.5
3.87	-8.489	51.139	165.0
3.88	-8.515	51.139	165.6
3.89	-8.543	51.139	130.8
3.9	-8.570	51.138	87.0
3.91	-8.595	51.122	33.3
3.92	-8.619	50.189	4.9
3.93	-8.644	43.036	-35.0
3.94	-8.671	25.055	-57.1
3.95	-8.697	1.122	-39.7
3.96	-8.725	-21.845	-62.3
3.97	-8.754	-39.747	-57.2
3.98	-8.783	-48.900	-55.2
3.99	-8.809	-51.038	-59.9
4.0	-8.836	-51.136	-48.5
4.01	-8.866	-51.141	-55.2
4.02	-8.898	-51.141	-51.5
4.03	-8.928	-51.141	-46.7
4.04	-8.954	-51.141	-60.7
4.05	-8.979	-51.141	-43.8
4.06	-9.006	-51.141	-31.9
4.07	-9.036	-51.141	-40.9
4.08	-9.069	-51.141	-60.0
4.09	-9.104	-51.141	-49.3
4.1	-9.138	-51.138	-37.3
4.11	-9.169	-51.075	-27.3
4.12	-9.197	-49.591	-37.4
4.13	-9.223	-42.858	-51.1
4.14	-9.246	-29.645	-54.0
4.15	-9.269	-13.697	-35.1
4.16	-9.293	1.667	-49.3
4.17	-9.318	14.705	-35.6
4.18	-9.344	23.897	-21.5
4.19	-9.374	28.331	-40.3
4.2	-9.406	28.259	-42.4
4.21	-9.438	24.905	-29.4
4.22	-9.468	19.338	-34.8
4.23	-9.499	12.103	-34.5
4.24	-9.531	3.659	-33.8
4.25	-9.564	-5.289	-23.5
4.26	-9.599	-13.997	-2.9
4.27	-9.634	-22.159	-24.1
4.28	-9.668	-29.531	-9.8
4.29	-9.699	-35.620	9.8
4.3	-9.729	-40.386	-42.2
4.31	-9.758	-44.256	-44.8
4.32	-9.787	-47.408	-42.8
4.33	-9.813	-49.638	-45.8
4.34	-9.839	-50.786	-42.4
4.35	-9.869	-51.105	-45.6
4.36	-9.904	-51.039	-27.7
4.37	-9.942	-50.705	0.5
4.38	-9.976	-50.080	-64.5
4.39	-10.003	-49.298	84.5
4.4	-10.027	-48.300	219.5
4.41	-10.056	-46.755	200.2
4.42	-10.092	-44.527	86.3
4.43	-10.133	-42.053	-97.1
4.44	-10.172	-39.855	-32.8
4.45	-10.213	-37.956	-1.9
4.46	-10.249	-36.016	-42.5
4.47	-10.274	-33.956	-7.6
4.48	-10.288	-32.250	-15.0
4.49	-10.297	-31.141	-27.2
4.5	-10.307	-30.420	0.2
4.51	-10.318	-30.213	9.2
4.52	-10.332	-30.691	-5.7
4.53	-10.348	-31.394	11.1
4.54	-10.370	-31.581	32.0
4.55	-10.399	-30.156	35.8
4.56	-10.432	-24.183	23.5
4.57	-10.462	-7.988	54.1
4.58	-10.493	19.019	72.0
4.59	-10.532	42.073	96.4
4.6	-10.580	50.361	124.9
4.61	-10.634	51.105	138.9
4.62	-10.692	51.139	156.8
4.63	-10.747	51.139	163.5
4.64	-10.796	51.139	151.0
4.65	-10.842	51.139	123.9
4.66	-10.888	51.136	79.1
4.67	-10.928	51.120	32.3
4.68	-10.963	49.977	-15.6
4.69	-10.999	41.767	-32.6
4.7	-11.035	22.092	-62.1
4.71	-11.068	-2.900	-37.0
4.72	-11.094	-25.603	-36.6
4.73	-11.118	-42.034	-73.9
4.74	-11.144	-49.592	-44.0
4.75	-11.172	-51.084	-47.8
4.76	-11.200	-51.138	-58.2
4.77	-11.226	-51.141	-47.4
4.78	-11.247	-51.141	-58.8
4.79	-11.263	-51.141	-47.2
4.8	-11.274	-51.141	-48.8
4.81	-11.284	-51.141	-42.5
4.82	-11.288	-51.141	-51.0
4.83	-11.288	-51.141	-37.0
4.84	-11.281	-51.141	-31.8
4.85	-11.265	-51.141	-38.0
4.86	-11.241	-51.133	-36.1
4.87	-11.208	-50.967	-40.2
4.88	-11.164	-48.420	-38.1
4.89	-11.112	-39.167	-40.8
4.9	-11.057	-23.167	-48.5
4.91	-11.003	-4.877	-46.4
4.92	-10.950	12.470	-32.8
4.93	-10.900	26.977	-41.3
4.94	-10.851	37.119	-43.0
4.95	-10.800	42.067	-26.9
4.96	-10.746	41.867	-37.1
4.97	-10.686	37.317	-33.4
4.98	-10.624	29.647	-31.3
4.99	-10.564	20.045	-17.5
5.0	-10.508	9.461	-22.9
5.01	-10.454	-1.378	-22.6
5.02	-10.403	-11.975	0.3
5.03	-10.358	-21.717	-16.0
5.04	-10.316	-29.850	-47.8
5.05	-10.280	-36.383	-40.0
5.06	-10.249	-41.644	-49.4
5.07	-10.222	-45.453	-52.4
5.08	-10.198	-48.131	-62.5
5.09	-10.178	-50.047	-58.9
5.1	-10.162	-50.814	-41.0
5.11	-10.150	-50.484	-22.6
5.12	-10.135	-49.472	-74.8
5.13	-10.111	-47.798	57.9
5.14	-10.074	-45.669	198.1
5.15	-10.029	-43.602	164.8
5.16	-9.986	-41.714	54.3
5.17	-9.953	-39.966	-90.9
5.18	-9.928	-38.630	-52.1
5.19	-9.903	-37.734	-27.5
5.2	-9.874	-36.867	-50.7
5.21	-9.832	-35.852	-23.8
5.22	-9.776	-34.750	-33.2
5.23	-9.711	-33.552	-37.1
5.24	-9.645	-32.483	-10.8
5.25	-9.580	-31.994	-35.7
5.26	-9.518	-32.239	-13.5
5.27	-9.458	-32.972	7.2
5.28	-9.401	-33.445	-22.0
5.29	-9.344	-32.291	14.9
5.3	-9.291	-26.845	15.6
5.31	-9.238	-11.853	23.1
5.32	-9.188	14.784	54.6
5.33	-9.140	39.716	65.9
5.34	-9.095	49.922	78.0
5.35	-9.054	51.109	116.8
5.36	-9.018	51.139	115.8
5.37	-8.986	51.139	133.7
5.38	-8.956	51.139	118.0
5.39	-8.926	51.139	74.4
5.4	-8.895	51.136	49.3
5.41	-8.865	51.123	-2.0
5.42	-8.835	50.102	-35.5
5.43	-8.807	42.652	-44.6
5.44	-8.781	24.428	-72.1
5.45	-8.756	0.548	-92.4
5.46	-8.729	-22.153	-81.8
5.47	-8.701	-39.806	-73.8
5.48	-8.673	-48.892	-81.0
5.49	-8.647	-51.036	-85.3
5.5	-8.620	-51.136	-75.9
5.51	-8.591	-51.141	-69.1
5.52	-8.560	-51.141	-93.5
5.53	-8.528	-51.141	-69.5
5.54	-8.496	-51.141	-61.3
5.55	-8.466	-51.141	-65.7
5.56	-8.438	-51.141	-73.4
5.57	-8.411	-51.141	-68.6
5.58	-8.385	-51.141	-59.5
5.59	-8.360	-51.141	-60.3
5.6	-8.334	-51.133	-64.9
5.61	-8.308	-50.756	-58.1
5.62	-8.281	-47.434	-56.9
5.63	-8.256	-38.048	-66.4
5.64	-8.231	-24.033	-72.3
5.65	-8.205	-9.281	-56.0
5.66	-8.176	4.006	-58.6
5.67	-8.144	14.767	-60.7
5.68	-8.113	22.152	-61.9
5.69	-8.084	25.530	-65.3
5.7	-8.058	25.191	-52.1
5.71	-8.031	21.913	-62.4
5.72	-8.005	16.383	-69.1
5.73	-7.978	9.480	-56.3
5.74	-7.949	1.969	-52.0
5.75	-7.923	-5.808	-57.6
5.76	-7.896	-13.525	-70.6
5.77	-7.871	-20.814	-54.2
5.78	-7.846	-27.375	-51.9
5.79	-7.822	-32.844	-50.5
5.8	-7.800	-37.044	-36.6
5.81	-7.779	-40.258	-19.9
5.82	-7.758	-42.769	-33.1
5.83	-7.736	-44.584	-20.6
5.84	-7.713	-45.764	-25.1
5.85	-7.689	-46.441	-66.0
5.86	-7.669	-46.686	-66.0
5.87	-7.649	-46.625	-59.5
5.88	-7.627	-46.480	-60.5
5.89	-7.604	-46.242	-33.8
5.9	-7.581	-45.723	-62.4
5.91	-7.561	-45.180	-12.5
5.92	-7.549	-44.809	-59.7
5.93	-7.536	-44.223	-6.1
5.94	-7.514	-43.089	175.8
5.95	-7.485	-41.405	173.2
5.96	-7.458	-39.338	174.8
5.97	-7.434	-37.216	-19.7
5.98	-7.415	-35.419	-78.3
5.99	-7.400	-34.078	-26.0
6.0	-7.384	-32.984	-58.9
6.01	-7.365	-31.856	-30.5
6.02	-7.341	-30.577	-55.5
6.03	-7.316	-29.295	-39.0
6.04	-7.291	-28.425	-35.8
6.05	-7.266	-28.244	-38.4
6.06	-7.243	-28.528	-29.0
6.07	-7.223	-28.536	-18.1
6.08	-7.201	-26.991	-10.1
6.09	-7.176	-20.672	-4.7
6.1	-7.151	-3.166	1.6
6.11	-7.126	24.258	23.0
6.12	-7.102	44.814	33.6
6.13	-7.078	50.800	56.0
6.14	-7.054	51.122	79.8
6.15	-7.032	51.139	98.0
6.16	-7.013	51.139	123.8
6.17	-6.996	51.139	130.7
6.18	-6.981	51.139	126.1
6.19	-6.968	51.139	126.2
6.2	-6.955	51.134	78.0
6.21	-6.942	51.030	30.3
6.22	-6.931	48.589	-11.0
6.23	-6.921	37.989	-45.6
6.24	-6.913	18.628	-69.4
6.25	-6.905	-2.606	-72.9
6.26	-6.899	-21.677	-87.4
6.27	-6.893	-37.570	-76.3
6.28	-6.885	-47.483	-65.8
6.29	-6.877	-50.788	-92.3
6.3	-6.869	-51.134	-95.0
6.31	-6.861	-51.141	-64.8
6.32	-6.854	-51.141	-72.8
6.33	-6.846	-51.141	-74.1
6.34	-6.836	-51.141	-58.1
6.35	-6.828	-51.141	-70.3
6.36	-6.821	-51.141	-69.5
6.37	-6.816	-51.141	-63.3
6.38	-6.818	-51.141	-85.9
6.39	-6.819	-51.141	-59.8
6.4	-6.817	-51.134	-62.6
6.41	-6.814	-51.008	-66.7
6.42	-6.811	-49.025	-61.7
6.43	-6.808	-41.803	-72.8
6.44	-6.804	-29.416	-73.6
6.45	-6.802	-15.428	-61.2
6.46	-6.798	-2.172	-61.5
6.47	-6.793	9.088	-58.6
6.48	-6.788	17.184	-55.1
6.49	-6.786	21.434	-65.0
6.5	-6.784	21.822	-51.7
6.51	-6.784	18.845	-51.6
6.52	-6.782	13.333	-63.7
6.53	-6.782	6.266	-52.7
6.54	-6.781	-1.533	-63.2
6.55	-6.782	-9.525	-48.6
6.56	-6.784	-17.275	-50.5
6.57	-6.788	-24.375	-49.0
6.58	-6.790	-30.722	-44.2
6.59	-6.792	-36.452	-31.2
6.6	-6.794	-41.472	-25.4
6.61	-6.797	-45.522	-28.7
6.62	-6.801	-48.439	-13.4
6.63	-6.805	-50.147	-23.9
6.64	-6.808	-50.756	-26.2
6.65	-6.811	-50.609	-41.3
6.66	-6.814	-50.086	-70.8
6.67	-6.817	-49.419	-67.1
6.68	-6.819	-48.728	-48.4
6.69	-6.821	-48.091	-38.7
6.7	-6.824	-47.420	-59.8
6.71	-6.828	-46.580	-5.1
6.72	-6.833	-45.606	-75.9
6.73	-6.839	-44.528	49.1
6.74	-6.841	-43.155	251.4
6.75	-6.846	-41.269	274.7
6.76	-6.857	-38.920	223.8
6.77	-6.880	-36.652	-43.2
6.78	-6.912	-35.103	-80.4
6.79	-6.950	-34.203	-22.5
6.8	-6.987	-33.494	-44.4
6.81	-7.015	-32.820	-37.8
6.82	-7.034	-32.036	-46.4
6.83	-7.048	-31.100	-22.7
6.84	-7.062	-30.480	-36.8
6.85	-7.076	-30.567	-35.8
6.86	-7.091	-31.127	-9.1
6.87	-7.106	-31.341	-7.2
6.88	-7.123	-29.953	-1.9
6.89	-7.138	-24.139	17.1
6.9	-7.154	-7.673	41.7
6.91	-7.169	20.044	54.7
6.92	-7.183	42.914	71.0
6.93	-7.196	50.545	94.8
6.94	-7.210	51.109	121.3
6.95	-7.226	51.139	144.5
6.96	-7.244	51.139	157.6
6.97	-7.265	51.139	184.6
6.98	-7.289	51.139	182.1
6.99	-7.316	51.139	141.9
7.0	-7.344	51.134	85.7
7.01	-7.372	51.063	52.9
7.02	-7.399	49.039	-0.8
7.03	-7.424	38.919	-40.7
7.04	-7.447	18.794	-61.1
7.05	-7.471	-4.422	-59.5
7.06	-7.496	-25.375	-64.0
7.07	-7.520	-41.330	-67.9
7.08	-7.543	-49.283	-72.0
7.09	-7.566	-51.059	-69.8
7.1	-7.590	-51.136	-70.7
7.11	-7.616	-51.141	-66.4
7.12	-7.643	-51.141	-51.6
7.13	-7.668	-51.141	-50.6
7.14	-7.692	-51.141	-55.3
7.15	-7.718	-51.141	-57.2
7.16	-7.744	-51.141	-64.7
7.17	-7.769	-51.141	-60.4
7.18	-7.794	-51.141	-61.5
7.19	-7.818	-51.141	-62.7
7.2	-7.843	-51.136	-69.1
7.21	-7.868	-51.038	-39.8
7.22	-7.892	-49.158	-46.8
7.23	-7.917	-41.831	-58.6
7.24	-7.941	-28.833	-36.1
7.25	-7.964	-14.098	-48.0
7.26	-7.988	-0.395	-46.7
7.27	-8.013	10.941	-50.1
7.28	-8.037	18.877	-53.3
7.29	-8.063	22.953	-44.6
7.3	-8.088	23.313	-53.9
7.31	-8.115	20.477	-49.3
7.32	-8.143	15.222	-51.9
7.33	-8.169	8.433	-29.9
7.34	-8.195	0.923	-31.3
7.35	-8.221	-6.769	-43.3
7.36	-8.245	-14.334	-27.2
7.37	-8.270	-21.428	-4.7
7.38	-8.296	-27.856	-17.3
7.39	-8.322	-33.473	-14.2
7.4	-8.348	-38.166	1.1
7.41	-8.374	-42.114	-22.6
7.42	-8.399	-45.294	-44.7
7.43	-8.426	-47.595	-50.9
7.44	-8.451	-49.275	-48.1
7.45	-8.474	-50.288	-35.3
7.46	-8.496	-50.452	-27.1
7.47	-8.520	-50.289	-50.4
7.48	-8.548	-50.169	-5.0
7.49	-8.578	-49.748	-47.6
7.5	-8.604	-48.970	-1.3
7.51	-8.624	-48.080	213.9
7.52	-8.641	-46.844	220.4
7.53	-8.661	-45.089	178.7
7.54	-8.686	-43.184	-32.0
7.55	-8.717	-41.414	-73.1
7.56	-8.752	-39.734	-4.1
7.57	-8.786	-38.084	-34.1
7.58	-8.812	-36.420	-17.8
7.59	-8.829	-34.758	-21.8
7.6	-8.840	-33.256	-17.7
7.61	-8.849	-32.167	-6.8
7.62	-8.858	-31.794	-5.3
7.63	-8.869	-32.225	-0.8
7.64	-8.881	-33.013	12.0
7.65	-8.896	-33.414	11.9
7.66	-8.913	-32.389	13.2
7.67	-8.932	-27.261	21.3
7.68	-8.954	-12.392	50.9
7.69	-8.977	14.463	78.7
7.7	-9.001	39.631	89.3
7.71	-9.025	49.916	111.2
7.72	-9.047	51.109	133.3
7.73	-9.071	51.139	154.2
7.74	-9.098	51.139	154.6
7.75	-9.128	51.139	157.8
7.76	-9.159	51.139	138.1
7.77	-9.187	51.139	85.9
7.78	-9.213	51.130	47.1
7.79	-9.236	50.934	0.1
7.8	-9.261	47.175	-38.4
7.81	-9.287	32.961	-37.5
7.82	-9.316	9.084	-53.8
7.83	-9.348	-16.172	-57.0
7.84	-9.379	-36.681	-46.6
7.85	-9.409	-47.975	-50.3
7.86	-9.441	-50.952	-69.6
7.87	-9.474	-51.131	-59.4
7.88	-9.508	-51.141	-54.7
7.89	-9.539	-51.141	-49.7
7.9	-9.569	-51.141	-41.3
7.91	-9.599	-51.141	-49.8
7.92	-9.627	-51.141	-46.0
7.93	-9.656	-51.141	-43.5
7.94	-9.688	-51.141	-43.9
7.95	-9.722	-51.141	-35.0
7.96	-9.759	-51.141	-41.5
7.97	-9.798	-51.138	-47.5
7.98	-9.833	-51.117	-42.6
7.99	-9.868	-50.220	-24.5
8.0	-9.906	-44.647	-51.7
8.01	-9.948	-31.659	-50.8
8.02	-9.990	-14.275	-49.8
8.03	-10.031	3.436	-45.1
8.04	-10.070	19.300	-33.1
8.05	-10.112	31.473	-48.5
8.06	-10.156	38.722	-42.1
8.07	-10.200	40.905	-40.3
8.08	-10.243	38.616	-42.7
8.09	-10.288	32.705	-20.1
8.1	-10.337	24.155	-15.6
8.11	-10.384	14.036	-30.6
8.12	-10.428	3.386	-16.9
8.13	-10.469	-6.892	-16.6
8.14	-10.511	-16.288	-23.1
8.15	-10.556	-24.766	-38.5
8.16	-10.598	-32.070	-65.5
8.17	-10.635	-37.828	-43.8
8.18	-10.669	-42.259	-60.6
8.19	-10.704	-45.867	-32.4
8.2	-10.741	-48.753	-55.3
8.21	-10.781	-50.491	-24.5
8.22	-10.816	-51.072	-12.5
8.23	-10.842	-51.139	-74.9
8.24	-10.866	-51.092	147.9
8.25	-10.893	-50.655	206.6
8.26	-10.924	-49.408	130.2
8.27	-10.964	-47.588	-13.3
8.28	-11.010	-45.764	-78.2
8.29	-11.056	-44.020	-14.6
8.3	-11.091	-42.019	-43.8
8.31	-11.116	-39.861	-6.8
8.32	-11.131	-37.936	-17.8
8.33	-11.138	-36.189	-22.9
8.34	-11.139	-34.577	-19.0
8.35	-11.138	-33.363	-5.8
8.36	-11.136	-32.683	1.6
8.37	-11.132	-32.552	-19.6
8.38	-11.126	-32.609	8.4
8.39	-11.119	-32.273	41.9
8.4	-11.108	-31.116	33.1
8.41	-11.091	-26.709	39.6
8.42	-11.072	-12.998	34.6
8.43	-11.051	12.958	74.1
8.44	-11.029	38.466	98.3
8.45	-10.999	49.634	100.2
8.46	-10.952	51.106	127.6
8.47	-10.885	51.136	140.1
8.48	-10.802	51.139	130.3
8.49	-10.710	51.139	128.6
8.5	-10.618	51.139	84.9
8.51	-10.531	51.139	42.0
8.52	-10.452	51.122	3.0
8.53	-10.386	50.520	-47.5
8.54	-10.333	44.492	-52.9
8.55	-10.287	26.953	-61.6
8.56	-10.238	1.802	-64.7
8.57	-10.180	-22.439	-51.4
8.58	-10.121	-40.542	-82.5
8.59	-10.063	-49.225	-62.7
8.6	-10.003	-51.063	-66.3
8.61	-9.943	-51.138	-67.2
8.62	-9.885	-51.141	-46.4
8.63	-9.827	-51.141	-51.0
8.64	-9.768	-51.141	-58.7
8.65	-9.707	-51.141	-51.6
8.66	-9.648	-51.141	-32.3
8.67	-9.591	-51.141	-62.8
8.68	-9.533	-51.141	-60.9
8.69	-9.476	-51.141	-39.3
8.7	-9.423	-51.141	-43.4
8.71	-9.375	-51.130	-30.2
8.72	-9.330	-50.597	-28.2
8.73	-9.287	-46.025	-44.2
8.74	-9.247	-33.416	-40.0
8.75	-9.204	-15.089	-47.2
8.76	-9.159	3.739	-55.5
8.77	-9.115	20.205	-39.3
8.78	-9.072	32.764	-50.0
8.79	-9.029	40.513	-43.1
8.8	-8.988	43.133	-24.8
8.81	-8.949	41.019	-39.2
8.82	-8.915	35.122	-35.1
8.83	-8.883	26.561	-5.7
8.84	-8.853	16.398	-23.3
8.85	-8.824	5.616	-21.6
8.86	-8.796	-4.930	-7.4
8.87	-8.769	-14.741	-12.2
8.88	-8.742	-23.525	-43.5
8.89	-8.716	-30.952	-51.7
8.9	-8.689	-36.888	-71.0
8.91	-8.662	-41.464	-56.4
8.92	-8.635	-44.938	-22.1
8.93	-8.609	-47.530	-51.0
8.94	-8.586	-49.298	-42.0
8.95	-8.566	-50.220	-19.1
8.96	-8.546	-50.264	-66.8
8.97	-8.520	-49.559	100.2
8.98	-8.487	-48.380	208.7
8.99	-8.451	-46.828	186.1
9.0	-8.419	-44.944	53.4
9.01	-8.398	-42.866	-126.8
9.02	-8.384	-40.903	-24.4
9.03	-8.369	-39.433	-14.4
9.04	-8.350	-38.391	-50.2
9.05	-8.321	-37.419	-26.5
9.06	-8.284	-36.309	-26.7
9.07	-8.243	-34.967	-20.1
9.08	-8.203	-33.606	-20.0
9.09	-8.166	-32.731	-11.7
9.1	-8.133	-32.309	-18.7
9.11	-8.101	-31.441	1.0
9.12	-8.068	-28.778	-2.5
9.13	-8.039	-22.069	8.7
9.14	-8.012	-7.569	34.2
9.15	-7.984	16.286	37.1
9.16	-7.953	39.302	55.0
9.17	-7.919	49.663	80.3
9.18	-7.884	51.108	97.3
9.19	-7.848	51.136	114.6
9.2	-7.814	51.139	125.0
9.21	-7.788	51.139	131.1
9.22	-7.764	51.139	119.4
9.23	-7.738	51.139	94.6
9.24	-7.711	51.134	48.8
9.25	-7.684	51.094	-5.0
9.26	-7.658	49.445	-33.0
9.27	-7.635	39.567	-47.4
9.28	-7.616	17.833	-62.9
9.29	-7.600	-8.763	-59.1
9.3	-7.582	-31.919	-71.5
9.31	-7.561	-46.092	-74.6
9.32	-7.538	-50.673	-71.0
9.33	-7.515	-51.130	-69.5
9.34	-7.491	-51.141	-56.8
9.35	-7.469	-51.141	-63.1
9.36	-7.449	-51.141	-68.0
9.37	-7.430	-51.141	-71.4
9.38	-7.413	-51.141	-64.3
9.39	-7.398	-51.141	-55.2
9.4	-7.384	-51.141	-62.8
9.41	-7.372	-51.141	-60.4
9.42	-7.361	-51.141	-46.7
9.43	-7.356	-51.141	-46.6
9.44	-7.351	-51.133	-48.8
9.45	-7.338	-50.994	-44.5
9.46	-7.322	-48.680	-55.7
9.47	-7.308	-40.120	-57.9
9.48	-7.294	-25.475	-55.5
9.49	-7.282	-9.391	-50.0
9.5	-7.270	4.931	-54.2
9.51	-7.257	16.036	-69.0
9.52	-7.245	23.255	-56.2
9.53	-7.235	26.544	-43.5
9.54	-7.226	26.080	-75.4
9.55	-7.216	22.330	-48.9
9.56	-7.203	16.119	-43.6
9.57	-7.190	8.434	-48.9
9.58	-7.180	0.100	-53.6
9.59	-7.177	-8.419	-62.5
9.6	-7.176	-16.727	-38.6
9.61	-7.175	-24.273	-47.1
9.62	-7.171	-30.672	-31.8
9.63	-7.166	-35.883	-21.7
9.64	-7.161	-40.077	-29.5
9.65	-7.157	-43.458	-9.8
9.66	-7.154	-46.061	-23.3
9.67	-7.152	-47.767	-49.8
9.68	-7.151	-48.561	-52.4
9.69	-7.149	-48.719	-56.6
9.7	-7.147	-48.664	-59.1
9.71	-7.144	-48.647	-45.2
9.72	-7.141	-48.692	-62.0
9.73	-7.138	-48.669	-32.2
9.74	-7.137	-48.406	-33.0
9.75	-7.133	-47.788	-36.8
9.76	-7.122	-46.691	141.8
9.77	-7.106	-45.088	195.3
9.78	-7.093	-43.153	228.2
9.79	-7.087	-41.192	73.9
9.8	-7.089	-39.542	-99.9
9.81	-7.101	-38.406	-28.4
9.82	-7.111	-37.591	-47.5
9.83	-7.110	-36.672	-36.7
9.84	-7.099	-35.391	-27.9
9.85	-7.085	-33.759	-33.9
9.86	-7.072	-32.139	-33.6
9.87	-7.059	-31.061	-19.8
9.88	-7.044	-30.714	-26.3
9.89	-7.029	-30.709	-23.5
9.9	-7.014	-29.773	4.0
9.91	-7.002	-24.598	18.3
9.92	-6.992	-8.563	21.2
9.93	-6.986	19.273	22.6
9.94	-6.982	42.631	47.0
9.95	-6.977	50.517	62.8
9.96	-6.972	51.108	90.6
9.97	-6.967	51.139	115.6
9.98	-6.961	51.139	132.5
9.99	-6.955	51.139	150.9
10.0	-6.951	51.139	159.4
10.01	-6.946	51.139	146.7
10.02	-6.941	51.139	91.1
10.03	-6.936	51.123	62.0
10.04	-6.929	50.453	25.6
10.05	-6.923	44.420	-26.5
10.06	-6.915	27.745	-43.8
10.07	-6.908	4.416	-64.1
10.08	-6.904	-18.155	-64.4
10.09	-6.901	-36.578	-70.9
10.1	-6.898	-47.506	-75.6
10.11	-6.894	-50.841	-67.8
10.12	-6.894	-51.131	-71.2
10.13	-6.896	-51.141	-66.0
10.14	-6.895	-51.141	-71.9
10.15	-6.890	-51.141	-53.3
10.16	-6.884	-51.141	-65.8
10.17	-6.877	-51.141	-69.9
10.18	-6.870	-51.141	-50.4
10.19	-6.864	-51.141	-70.4
10.2	-6.861	-51.141	-59.0
10.21	-6.859	-51.141	-53.9
10.22	-6.857	-51.141	-57.8
10.23	-6.854	-51.133	-52.1
10.24	-6.852	-50.747	-51.8
10.25	-6.851	-47.344	-44.2
10.26	-6.849	-37.884	-51.6
10.27	-6.848	-24.195	-62.4
10.28	-6.846	-10.217	-55.6
10.29	-6.844	2.061	-53.6
10.3	-6.843	11.552	-54.4
10.31	-6.840	17.505	-49.7
10.32	-6.837	19.656	-50.2
10.33	-6.835	18.341	-62.1
10.34	-6.833	14.245	-48.0
10.35	-6.830	8.111	-39.0
10.36	-6.826	0.656	-54.6
10.37	-6.821	-7.469	-50.3
10.38	-6.816	-15.752	-45.7
10.39	-6.813	-23.747	-43.4
10.4	-6.811	-31.022	-41.2
10.41	-6.810	-37.414	-31.3
10.42	-6.811	-42.869	-28.1
10.43	-6.813	-47.094	-12.7
10.44	-6.818	-49.747	-17.6
10.45	-6.825	-50.870	-24.1
10.46	-6.836	-51.122	-2.8
10.47	-6.852	-51.139	-8.7
10.48	-6.876	-51.113	-55.4
10.49	-6.907	-50.839	-65.1
10.5	-6.944	-50.183	-54.1
10.51	-6.982	-49.625	-56.0
10.52	-7.019	-49.475	-41.7
10.53	-7.054	-49.397	-60.1
10.54	-7.086	-48.997	-15.2
10.55	-7.117	-48.016	-71.6
10.56	-7.143	-46.528	52.7
10.57	-7.159	-44.927	259.7
10.58	-7.171	-43.353	281.7
10.59	-7.188	-41.778	270.8
10.6	-7.208	-40.291	-42.2
10.61	-7.232	-39.011	-91.0
10.62	-7.260	-38.008	-8.5
10.63	-7.286	-37.155	-55.9
10.64	-7.307	-36.284	-38.5
10.65	-7.322	-35.383	-47.9
10.66	-7.334	-34.550	-41.2
10.67	-7.346	-34.009	-27.5
10.68	-7.357	-33.966	-28.4
10.69	-7.367	-34.363	-11.3
10.7	-7.378	-34.545	-10.4
10.71	-7.389	-33.050	-0.7
10.72	-7.403	-26.675	13.1
10.73	-7.421	-9.127	9.6
10.74	-7.442	19.666	54.0
10.75	-7.464	42.992	69.5
10.76	-7.486	50.589	77.9
10.77	-7.509	51.111	105.9
10.78	-7.532	51.139	137.3
10.79	-7.556	51.139	165.9
10.8	-7.579	51.139	168.3
10.81	-7.601	51.139	174.0
10.82	-7.624	51.139	136.5
10.83	-7.645	51.133	85.7
10.84	-7.666	51.073	47.2
10.85	-7.687	49.136	6.8
10.86	-7.706	38.706	-41.6
10.87	-7.724	17.052	-54.0
10.88	-7.746	-8.572	-46.4
10.89	-7.769	-31.061	-73.6
10.9	-7.793	-45.516	-88.9
10.91	-7.816	-50.558	-74.9
10.92	-7.839	-51.130	-67.1
10.93	-7.862	-51.141	-72.9
10.94	-7.886	-51.141	-58.3
10.95	-7.909	-51.141	-63.2
10.96	-7.931	-51.141	-81.9
10.97	-7.953	-51.141	-60.1
10.98	-7.977	-51.141	-49.2
10.99	-8.003	-51.141	-61.5
11.0	-8.031	-51.141	-72.7
11.01	-8.059	-51.141	-60.8
11.02	-8.089	-51.141	-55.4
11.03	-8.118	-51.138	-54.1
11.04	-8.147	-51.109	-42.2
11.05	-8.174	-50.147	-50.2
11.06	-8.199	-44.795	-53.6
11.07	-8.225	-33.113	-54.8
11.08	-8.250	-18.294	-43.4
11.09	-8.274	-3.941	-45.9
11.1	-8.298	8.300	-58.0
11.11	-8.324	17.206	-47.9
11.12	-8.351	22.075	-51.0
11.13	-8.376	22.941	-46.8
11.14	-8.401	20.255	-40.1
11.15	-8.426	14.748	-58.8
11.16	-8.451	7.472	-43.4
11.17	-8.476	-0.564	-15.4
11.18	-8.501	-8.686	-32.6
11.19	-8.527	-16.439	-34.1
11.2	-8.556	-23.491	-17.0
11.21	-8.585	-29.772	-13.6
11.22	-8.612	-35.327	-2.5
11.23	-8.637	-40.066	-6.8
11.24	-8.662	-43.986	-29.4
11.25	-8.686	-47.045	-43.5
11.26	-8.712	-49.064	-55.4
11.27	-8.741	-50.123	-54.2
11.28	-8.768	-50.469	-36.4
11.29	-8.795	-50.388	-35.4
11.3	-8.822	-50.197	-64.2
11.31	-8.851	-50.019	-2.0
11.32	-8.881	-49.797	-30.0
11.33	-8.908	-49.261	-28.3
11.34	-8.930	-48.173	182.0
11.35	-8.950	-46.644	225.7
11.36	-8.972	-44.845	175.5
11.37	-8.998	-43.019	-8.3
11.38	-9.029	-41.508	-84.0
11.39	-9.063	-40.273	-17.0
11.4	-9.096	-38.822	-37.6
11.41	-9.121	-36.995	-17.6
11.42	-9.136	-35.152	-32.6
11.43	-9.146	-33.575	-29.2
11.44	-9.154	-32.461	-32.2
11.45	-9.162	-32.063	1.8
11.46	-9.172	-32.364	12.0
11.47	-9.183	-33.045	-6.2
11.48	-9.196	-33.606	20.7
11.49	-9.213	-33.030	12.8
11.5	-9.230	-28.852	26.6
11.51	-9.248	-15.748	51.4
11.52	-9.267	10.123	61.8
11.53	-9.287	36.991	85.9
11.54	-9.308	49.373	107.3
11.55	-9.330	51.103	138.0
11.56	-9.356	51.134	146.6
11.57	-9.386	51.139	148.8
11.58	-9.417	51.139	157.2
11.59	-9.443	51.139	133.6
11.6	-9.467	51.139	101.2
11.61	-9.492	51.128	45.3
11.62	-9.516	50.913	-4.5
11.63	-9.537	46.984	-21.7
11.64	-9.560	32.452	-42.2
11.65	-9.588	8.461	-65.5
11.66	-9.620	-16.494	-73.1
11.67	-9.651	-36.675	-61.3
11.68	-9.676	-47.923	-58.0
11.69	-9.701	-50.944	-53.4
11.7	-9.728	-51.131	-59.9
11.71	-9.754	-51.141	-67.6
11.72	-9.777	-51.141	-52.3
11.73	-9.797	-51.141	-63.6
11.74	-9.814	-51.141	-62.5
11.75	-9.830	-51.141	-67.7
11.76	-9.848	-51.141	-52.5
11.77	-9.869	-51.141	-20.4
11.78	-9.893	-51.141	-59.5
11.79	-9.916	-51.141	-53.0
11.8	-9.942	-51.141	-41.8
11.81	-9.967	-51.131	-44.2
11.82	-9.991	-50.775	-28.5
11.83	-10.013	-47.231	-43.1
11.84	-10.036	-36.648	-39.4
11.85	-10.061	-20.383	-30.4
11.86	-10.086	-2.817	-34.7
11.87	-10.112	13.342	-40.3
11.88	-10.139	26.291	-40.2
11.89	-10.166	34.834	-43.6
11.9	-10.191	38.500	-42.2
11.91	-10.214	37.397	-35.8
11.92	-10.238	32.291	-24.5
11.93	-10.261	24.323	-30.9
11.94	-10.286	14.600	-7.3
11.95	-10.309	4.250	15.1
11.96	-10.333	-5.831	-16.5
11.97	-10.360	-15.200	-17.3
11.98	-10.388	-23.617	-13.3
11.99	-10.416	-30.938	-38.1
12.0	-10.445	-36.995	-49.3
12.01	-10.475	-41.683	-26.5
12.02	-10.503	-45.120	-63.9
12.03	-10.528	-47.559	-29.0
12.04	-10.550	-49.202	-31.1
12.05	-10.568	-50.102	-30.7
12.06	-10.576	-50.295	-4.3
12.07	-10.577	-49.986	-67.4
12.08	-10.570	-49.339	120.8
12.09	-10.554	-48.309	207.8
12.1	-10.535	-46.884	141.5
12.11	-10.519	-45.236	14.0
12.12	-10.505	-43.567	-113.5
12.13	-10.488	-41.981	-10.0
12.14	-10.463	-40.328	-24.3
12.15	-10.422	-38.442	-40.2
12.16	-10.363	-36.433	-6.8
12.17	-10.290	-34.420	-38.0
12.18	-10.213	-32.658	-14.6
12.19	-10.143	-31.514	-4.4
12.2	-10.079	-31.144	-32.6
12.21	-10.023	-31.461	10.4
12.22	-9.970	-31.994	19.0
12.23	-9.921	-31.948	-7.4
12.24	-9.876	-30.203	29.7
12.25	-9.834	-23.925	35.2
12.26	-9.794	-7.433	56.2
12.27	-9.757	19.705	82.8
12.28	-9.723	42.459	93.4
12.29	-9.689	50.428	97.8
12.3	-9.656	51.106	131.5
12.31	-9.623	51.139	156.4
12.32	-9.588	51.139	128.7
12.33	-9.553	51.139	137.9
12.34	-9.516	51.139	94.6
12.35	-9.477	51.134	47.8
12.36	-9.439	51.066	12.9
12.37	-9.407	49.030	-24.7
12.38	-9.383	38.561	-39.5
12.39	-9.364	17.381	-58.0
12.4	-9.345	-7.227	-53.6
12.41	-9.321	-29.000	-52.6
12.42	-9.292	-44.058	-59.1
12.43	-9.261	-50.181	-53.7
12.44	-9.226	-51.117	-64.8
12.45	-9.186	-51.138	-62.1
12.46	-9.142	-51.141	-49.5
12.47	-9.098	-51.141	-53.2
12.48	-9.058	-51.141	-49.6
12.49	-9.021	-51.141	-40.8
12.5	-8.990	-51.141	-34.3
12.51	-8.964	-51.141	-50.2
12.52	-8.943	-51.141	-41.8
12.53	-8.926	-51.141	-37.3
12.54	-8.908	-51.141	-39.6
12.55	-8.892	-51.133	-37.5
12.56	-8.874	-50.798	-41.3
12.57	-8.857	-47.570	-40.6
12.58	-8.838	-38.073	-37.0
12.59	-8.819	-23.617	-37.8
12.6	-8.799	-8.125	-50.2
12.61	-8.779	6.148	-50.8
12.62	-8.758	17.827	-52.9
12.63	-8.738	25.884	-51.3
12.64	-8.718	29.930	-42.3
12.65	-8.697	30.103	-42.0
12.66	-8.677	26.831	-54.6
12.67	-8.657	20.961	-45.4
12.68	-8.638	13.392	-33.9
12.69	-8.618	4.723	-37.4
12.7	-8.600	-4.350	-52.8
12.71	-8.584	-13.061	-33.7
12.72	-8.569	-21.028	-15.1
12.73	-8.556	-28.161	-23.9
12.74	-8.542	-34.470	-9.6
12.75	-8.529	-39.995	-20.5
12.76	-8.516	-44.522	-37.3
12.77	-8.501	-47.806	-44.0
12.78	-8.482	-49.888	-57.8
12.79	-8.463	-50.872	-63.1
12.8	-8.443	-51.122	-42.3
12.81	-8.421	-51.139	-47.8
12.82	-8.401	-51.083	-63.7
12.83	-8.385	-50.698	-4.3
12.84	-8.368	-49.752	-64.8
12.85	-8.345	-48.359	31.5
12.86	-8.314	-46.703	185.0
12.87	-8.280	-44.994	180.4
12.88	-8.250	-43.255	151.6
12.89	-8.227	-41.308	-69.0
12.9	-8.211	-39.278	-67.4
12.91	-8.199	-37.378	-5.9
12.92	-8.181	-35.614	-45.7
12.93	-8.154	-34.013	-30.2
12.94	-8.117	-32.553	-40.3
12.95	-8.081	-31.192	-35.4
12.96	-8.046	-30.130	-20.0
12.97	-8.014	-29.656	-24.3
12.98	-7.982	-29.625	-9.6
12.99	-7.948	-29.345	-5.1
13.0	-7.914	-27.705	-8.1
13.01	-7.882	-21.688	12.1
13.02	-7.852	-4.914	6.7
13.03	-7.823	22.395	33.5
13.04	-7.796	43.964	47.4
13.05	-7.771	50.705	58.7
13.06	-7.746	51.116	87.8
13.07	-7.722	51.139	100.2
13.08	-7.699	51.139	130.3
13.09	-7.678	51.139	135.5
13.1	-7.656	51.139	133.9
13.11	-7.636	51.139	117.3
13.12	-7.614	51.133	71.8
13.13	-7.593	51.006	27.9
13.14	-7.572	48.313	-12.9
13.15	-7.551	37.309	-22.6
13.16	-7.534	17.809	-58.4
13.17	-7.521	-3.592	-63.6
13.18	-7.511	-23.031	-47.3
13.19	-7.498	-38.883	-66.5
13.2	-7.482	-48.152	-65.6
13.21	-7.466	-50.906	-64.4
13.22	-7.449	-51.133	-51.7
13.23	-7.434	-51.141	-62.5
13.24	-7.418	-51.141	-60.7
13.25	-7.401	-51.141	-51.6
13.26	-7.386	-51.141	-61.0
13.27	-7.374	-51.141	-54.0
13.28	-7.364	-51.141	-40.6
13.29	-7.353	-51.141	-45.2
13.3	-7.341	-51.141	-53.5
13.31	-7.329	-51.141	-56.4
13.32	-7.317	-51.134	-46.2
13.33	-7.306	-50.989	-36.7
13.34	-7.292	-48.853	-49.4
13.35	-7.276	-41.205	-69.8
13.36	-7.261	-28.202	-51.9
13.37	-7.245	-13.648	-26.0
13.38	-7.230	-0.169	-46.1
13.39	-7.219	10.791	-45.5
13.4	-7.213	18.272	-54.8
13.41	-7.205	21.914	-56.3
13.42	-7.194	21.845	-26.3
13.43	-7.183	18.645	-51.6
13.44	-7.171	13.119	-43.3
13.45	-7.159	6.114	-34.6
13.46	-7.146	-1.555	-50.7
13.47	-7.132	-9.339	-21.3
13.48	-7.120	-16.984	-33.2
13.49	-7.110	-24.331	-40.7
13.5	-7.100	-31.133	-22.8
13.51	-7.090	-37.011	-10.5
13.52	-7.081	-41.627	-5.5
13.53	-7.072	-44.886	5.9
13.54	-7.064	-46.958	-23.0
13.55	-7.054	-48.155	-62.6
13.56	-7.046	-48.784	-53.6
13.57	-7.037	-49.045	-54.8
13.58	-7.028	-49.105	-44.3
13.59	-7.026	-49.034	-35.9
13.6	-7.027	-48.777	-46.8
13.61	-7.026	-48.316	2.2
13.62	-7.024	-47.594	-33.2
13.63	-7.019	-46.550	6.1
13.64	-7.009	-45.294	209.1
13.65	-6.996	-43.892	255.6
13.66	-6.984	-42.203	278.2
13.67	-6.976	-40.223	42.0
13.68	-6.972	-38.369	-85.6
13.69	-6.971	-37.039	-18.9
13.7	-6.971	-36.098	-50.0
13.71	-6.967	-35.072	-24.2
13.72	-6.959	-33.650	-38.5
13.73	-6.949	-31.944	-28.8
13.74	-6.941	-30.542	-7.5
13.75	-6.935	-30.042	-14.7
13.76	-6.928	-30.420	-12.9
13.77	-6.919	-30.906	7.4
13.78	-6.913	-29.853	-9.0
13.79	-6.907	-23.705	18.3
13.8	-6.904	-6.244	35.5
13.81	-6.903	21.817	24.4
13.82	-6.904	43.834	69.0
13.83	-6.905	50.697	84.9
13.84	-6.905	51.116	107.7
13.85	-6.904	51.139	140.6
13.86	-6.902	51.139	165.3
13.87	-6.902	51.139	177.4
13.88	-6.901	51.139	172.2
13.89	-6.899	51.139	166.7
13.9	-6.897	51.131	124.9
13.91	-6.896	51.002	72.9
13.92	-6.894	48.250	12.5
13.93	-6.893	37.052	-33.0
13.94	-6.891	17.330	-43.0
13.95	-6.889	-4.058	-61.4
13.96	-6.889	-23.273	-53.1
13.97	-6.888	-38.934	-69.9
13.98	-6.885	-48.142	-83.8
13.99	-6.882	-50.900	-70.2
14.0	-6.881	-51.133	-55.0
14.01	-6.882	-51.141	-49.0
14.02	-6.884	-51.141	-58.5
14.03	-6.888	-51.141	-59.3
14.04	-6.892	-51.141	-67.1
14.05	-6.896	-51.141	-65.2
14.06	-6.902	-51.141	-49.9
14.07	-6.914	-51.141	-49.0
14.08	-6.934	-51.141	-45.0
14.09	-6.961	-51.141	-58.1
14.1	-6.994	-51.133	-54.1
14.11	-7.028	-50.967	-46.4
14.12	-7.061	-48.777	-53.9
14.13	-7.089	-41.278	-57.3
14.14	-7.113	-28.873	-62.4
14.15	-7.133	-15.178	-70.4
14.16	-7.151	-2.494	-37.8
14.17	-7.167	7.978	-52.0
14.18	-7.182	15.405	-79.7
14.19	-7.196	19.400	-40.7
14.2	-7.209	19.978	-62.5
14.21	-7.221	17.525	-74.3
14.22	-7.234	12.689	-39.4
14.23	-7.247	6.103	-57.6
14.24	-7.262	-1.625	-61.2
14.25	-7.277	-9.759	-50.0
14.26	-7.294	-17.647	-40.1
14.27	-7.310	-24.975	-33.6
14.28	-7.327	-31.581	-27.7
14.29	-7.344	-37.275	-30.9
14.3	-7.361	-41.934	-11.2
14.31	-7.377	-45.480	0.8
14.32	-7.394	-47.908	-30.3
14.33	-7.410	-49.363	-43.7
14.34	-7.426	-50.044	-60.2
14.35	-7.443	-50.145	-50.6
14.36	-7.461	-49.823	-46.7
14.37	-7.479	-49.258	-40.8
14.38	-7.499	-48.653	-56.7
14.39	-7.521	-48.120	-22.7
14.4	-7.546	-47.602	-37.5
14.41	-7.569	-46.914	-31.2
14.42	-7.586	-45.886	210.3
14.43	-7.601	-44.358	315.7
14.44	-7.620	-42.341	294.6
14.45	-7.644	-40.191	31.8
14.46	-7.669	-38.355	-112.5
14.47	-7.696	-36.984	-23.5
14.48	-7.721	-35.791	-39.0
14.49	-7.741	-34.433	-30.1
14.5	-7.755	-32.977	-47.0
14.51	-7.765	-31.650	-37.5
14.52	-7.776	-30.714	-17.1
14.53	-7.790	-30.550	-38.1
14.54	-7.807	-31.244	-9.0
14.55	-7.825	-32.308	12.0
14.56	-7.845	-32.837	-6.4
14.57	-7.868	-31.144	6.4
14.58	-7.893	-23.108	32.8
14.59	-7.918	-2.388	35.6
14.6	-7.942	26.666	47.7
14.61	-7.966	46.031	79.7
14.62	-7.990	50.908	95.6
14.63	-8.014	51.127	123.7
14.64	-8.040	51.139	140.6
14.65	-8.067	51.139	156.6
14.66	-8.094	51.139	163.4
14.67	-8.124	51.139	131.9
14.68	-8.154	51.139	113.2
14.69	-8.183	51.123	63.0
14.7	-8.211	50.584	-9.4
14.71	-8.238	45.227	-27.8
14.72	-8.264	29.611	-41.5
14.73	-8.291	6.972	-66.2
14.74	-8.320	-15.566	-71.5
14.75	-8.351	-34.647	-72.0
14.76	-8.381	-46.659	-74.7
14.77	-8.411	-50.702	-81.4
14.78	-8.442	-51.131	-65.8
14.79	-8.476	-51.141	-58.4
14.8	-8.508	-51.141	-67.6
14.81	-8.539	-51.141	-72.0
14.82	-8.569	-51.141	-71.1
14.83	-8.599	-51.141	-54.0
14.84	-8.626	-51.141	-63.2
14.85	-8.652	-51.141	-57.9
14.86	-8.679	-51.141	-51.6
14.87	-8.704	-51.141	-61.5
14.88	-8.728	-51.138	-49.2
14.89	-8.752	-51.105	-62.5
14.9	-8.779	-50.047	-48.2
14.91	-8.804	-44.327	-57.0
14.92	-8.828	-31.973	-65.2
14.93	-8.849	-16.206	-53.3
14.94	-8.869	-0.492	-47.9
14.95	-8.891	13.316	-64.5
14.96	-8.912	23.642	-63.5
14.97	-8.936	29.528	-42.8
14.98	-8.963	30.809	-57.9
14.99	-8.991	27.967	-42.3
15.0	-9.019	21.948	-56.7
15.01	-9.045	13.903	-56.5
15.02	-9.073	4.895	-17.9
15.03	-9.102	-4.217	-20.2
15.04	-9.133	-12.877	-28.5
15.05	-9.163	-20.786	-22.1
15.06	-9.194	-27.780	-4.5
15.07	-9.223	-33.809	-21.5
15.08	-9.251	-38.884	-58.8
15.09	-9.278	-43.031	-53.1
15.1	-9.307	-46.277	-51.6
15.11	-9.339	-48.611	-52.4
15.12	-9.371	-50.063	-42.5
15.13	-9.401	-50.766	-68.9
15.14	-9.433	-50.886	-3.0
15.15	-9.465	-50.545	-56.8
15.16	-9.494	-49.775	-0.1
15.17	-9.517	-48.542	207.1
15.18	-9.539	-46.878	213.6
15.19	-9.568	-45.008	135.6
15.2	-9.603	-43.217	-84.9
15.21	-9.643	-41.606	-70.2
15.22	-9.683	-40.106	-12.5
15.23	-9.717	-38.523	-42.1
15.24	-9.741	-36.777	-8.3
15.25	-9.756	-35.066	-44.9
15.26	-9.765	-33.569	-15.4
15.27	-9.772	-32.450	-13.6
15.28	-9.779	-31.983	-27.8
15.29	-9.787	-32.289	-0.2
15.3	-9.794	-33.050	-9.5
15.31	-9.803	-33.442	-2.8
15.32	-9.816	-32.513	23.9
15.33	-9.832	-28.186	38.0
15.34	-9.848	-14.642	58.9
15.35	-9.864	11.870	57.3
15.36	-9.884	38.238	87.7
15.37	-9.905	49.658	105.1
15.38	-9.926	51.105	115.5
15.39	-9.951	51.138	154.8
15.4	-9.981	51.139	137.9
15.41	-10.011	51.139	140.7
15.42	-10.042	51.139	137.9
15.43	-10.071	51.139	68.9
15.44	-10.099	51.120	27.1
15.45	-10.131	50.692	4.2
15.46	-10.169	45.542	-24.5
15.47	-10.211	29.298	-53.6
15.48	-10.256	4.783	-70.1
15.49	-10.300	-19.736	-50.4
15.5	-10.335	-38.870	-60.5
15.51	-10.365	-48.708	-79.1
15.52	-10.401	-51.027	-57.9
15.53	-10.439	-51.136	-65.1
15.54	-10.478	-51.141	-54.0
15.55	-10.515	-51.141	-50.1
15.56	-10.550	-51.141	-61.9
15.57	-10.580	-51.141	-57.3
15.58	-10.604	-51.141	-57.7
15.59	-10.630	-51.141	-49.1
15.6	-10.663	-51.141	-50.0
15.61	-10.701	-51.141	-32.8
15.62	-10.744	-51.141	-33.9
15.63	-10.788	-51.138	-65.9
15.64	-10.824	-51.084	-36.2
15.65	-10.853	-49.684	-59.9
15.66	-10.878	-42.998	-47.1
15.67	-10.901	-29.286	-47.3
15.68	-10.919	-12.017	-61.5
15.69	-10.933	5.081	-26.7
15.7	-10.943	19.870	-58.0
15.71	-10.953	30.706	-31.5
15.72	-10.963	36.567	-45.7
15.73	-10.973	37.306	-54.8
15.74	-10.979	33.741	-19.8
15.75	-10.981	27.091	-43.1
15.76	-10.982	18.425	-27.3
15.77	-10.982	8.575	-22.6
15.78	-10.983	-1.752	-10.4
15.79	-10.983	-11.761	-0.9
15.8	-10.984	-20.697	-44.9
15.81	-10.988	-28.073	-25.7
15.82	-10.996	-33.736	-32.2
15.83	-11.005	-38.020	-69.3
15.84	-11.009	-41.381	-56.2
15.85	-11.006	-43.986	-43.0
15.86	-10.993	-45.923	-54.9
15.87	-10.970	-47.175	-54.8
15.88	-10.941	-47.611	-12.2
15.89	-10.903	-47.264	-66.6
15.9	-10.849	-46.172	62.8
15.91	-10.781	-44.433	187.3
15.92	-10.710	-42.347	160.8
15.93	-10.649	-40.105	33.8
15.94	-10.599	-37.894	-109.7
15.95	-10.553	-36.006	-28.4
15.96	-10.504	-34.325	-36.6
15.97	-10.446	-32.653	-34.7
15.98	-10.375	-31.242	-19.6
15.99	-10.294	-30.217	-49.7
16.0	-10.208	-29.470	-9.2
16.01	-10.124	-29.163	-13.5
16.02	-10.044	-29.552	-23.1
16.03	-9.967	-30.681	4.1
16.04	-9.893	-32.167	2.9
16.05	-9.824	-33.152	4.3
16.06	-9.763	-32.214	6.7
16.07	-9.702	-26.234	27.3
16.08	-9.642	-9.498	39.3
16.09	-9.582	18.334	56.1
16.1	-9.524	41.920	89.2
16.11	-9.466	50.348	91.9
16.12	-9.409	51.105	122.7
16.13	-9.356	51.139	146.1
16.14	-9.308	51.139	149.1
16.15	-9.263	51.139	132.3
16.16	-9.223	51.139	89.2
16.17	-9.186	51.136	56.7
16.18	-9.151	51.113	16.0
16.19	-9.117	49.778	-37.3
16.2	-9.089	40.967	-46.0
16.21	-9.067	20.711	-52.0
16.22	-9.046	-4.720	-80.7
16.23	-9.021	-27.963	-74.2
16.24	-8.995	-43.963	-65.9
16.25	-8.973	-50.250	-70.7
16.26	-8.951	-51.127	-68.5
16.27	-8.928	-51.139	-74.4
16.28	-8.905	-51.141	-79.1
16.29	-8.882	-51.141	-71.3
16.3	-8.858	-51.141	-65.1
16.31	-8.832	-51.141	-62.1
16.32	-8.806	-51.141	-47.4
16.33	-8.781	-51.141	-51.3
16.34	-8.758	-51.141	-61.5
16.35	-8.732	-51.141	-63.6
16.36	-8.706	-51.139	-47.7
16.37	-8.681	-51.125	-48.6
16.38	-8.655	-50.339	-64.9
16.39	-8.628	-45.017	-65.7
16.4	-8.599	-32.289	-52.7
16.41	-8.569	-15.461	-47.8
16.42	-8.537	0.908	-72.9
16.43	-8.506	14.664	-62.8
16.44	-8.478	24.661	-42.9
16.45	-8.451	30.453	-66.5
16.46	-8.424	32.120	-51.0
16.47	-8.397	30.073	-60.5
16.48	-8.369	24.934	-73.3
16.49	-8.341	17.572	-46.5
16.5	-8.314	8.906	-51.7
16.51	-8.288	-0.355	-45.6
16.52	-8.261	-9.588	-36.2
16.53	-8.234	-18.234	-33.5
16.54	-8.207	-25.950	-30.0
16.55	-8.180	-32.483	-29.0
16.56	-8.154	-37.723	-23.6
16.57	-8.129	-41.797	-28.5
16.58	-8.101	-44.838	-50.0
16.59	-8.074	-47.014	-63.1
16.6	-8.047	-48.489	-58.5
16.61	-8.020	-49.272	-59.9
16.62	-7.994	-49.381	-43.6
16.63	-7.970	-49.011	-53.8
16.64	-7.948	-48.467	-51.8
16.65	-7.928	-47.909	-36.3
16.66	-7.906	-47.241	-71.8
16.67	-7.876	-46.303	108.3
16.68	-7.842	-45.019	189.7
16.69	-7.812	-43.341	181.0
16.7	-7.790	-41.317	78.4
16.71	-7.773	-39.255	-106.8
16.72	-7.761	-37.519	-30.5
16.73	-7.749	-36.163	-24.7
16.74	-7.732	-34.944	-58.5
16.75	-7.709	-33.592	-57.0
16.76	-7.683	-32.073	-48.4
16.77	-7.657	-30.727	-29.2
16.78	-7.634	-29.967	-34.0
16.79	-7.612	-29.908	-21.8
16.8	-7.594	-30.211	-24.9
16.81	-7.583	-29.764	-17.5
16.82	-7.577	-26.019	1.9
16.83	-7.571	-13.517	8.0
16.84	-7.563	11.758	4.2
16.85	-7.553	37.841	17.0
16.86	-7.543	49.553	50.7
16.87	-7.531	51.103	63.4
16.88	-7.519	51.136	90.8
16.89	-7.506	51.139	112.5
16.9	-7.496	51.139	127.2
16.91	-7.488	51.139	134.1
16.92	-7.481	51.139	133.7
16.93	-7.472	51.139	99.5
16.94	-7.464	51.128	45.2
16.95	-7.454	50.919	5.8
16.96	-7.442	47.239	-23.9
16.97	-7.430	33.931	-45.7
16.98	-7.420	12.158	-59.9
16.99	-7.414	-10.655	-75.2
17.0	-7.409	-30.516	-83.9
17.01	-7.405	-44.386	-66.9
17.02	-7.401	-50.183	-58.1
17.03	-7.396	-51.116	-68.4
17.04	-7.391	-51.138	-59.9
17.05	-7.386	-51.141	-63.4
17.06	-7.379	-51.141	-68.5
17.07	-7.372	-51.141	-63.8
17.08	-7.363	-51.141	-62.7
17.09	-7.354	-51.141	-56.4
17.1	-7.344	-51.141	-39.9
17.11	-7.334	-51.141	-67.0
17.12	-7.326	-51.141	-66.8
17.13	-7.318	-51.139	-49.1
17.14	-7.311	-51.127	-69.6
17.15	-7.303	-50.459	-49.2
17.16	-7.294	-46.036	-54.3
17.17	-7.284	-35.473	-57.5
17.18	-7.274	-21.400	-46.8
17.19	-7.264	-7.528	-59.0
17.2	-7.253	4.436	-58.1
17.21	-7.246	13.473	-53.4
17.22	-7.246	18.914	-52.9
17.23	-7.247	20.630	-54.0
17.24	-7.245	18.973	-44.8
17.25	-7.240	14.494	-46.0
17.26	-7.236	7.922	-53.7
17.27	-7.232	0.166	-50.1
17.28	-7.228	-7.947	-36.4
17.29	-7.224	-15.845	-36.6
17.3	-7.220	-23.166	-32.6
17.31	-7.215	-29.716	-16.6
17.32	-7.211	-35.458	-13.8
17.33	-7.207	-40.336	-21.7
17.34	-7.203	-44.186	-1.1
17.35	-7.197	-46.888	-18.5
17.36	-7.194	-48.581	-38.6
17.37	-7.189	-49.542	-42.1
17.38	-7.184	-49.986	-60.6
17.39	-7.179	-50.002	-55.6
17.4	-7.173	-49.688	-32.7
17.41	-7.163	-49.247	-70.0
17.42	-7.153	-48.792	-40.8
17.43	-7.146	-48.280	-16.5
17.44	-7.143	-47.614	-60.6
17.45	-7.139	-46.675	159.4
17.46	-7.133	-45.345	278.5
17.47	-7.126	-43.506	314.4
17.48	-7.119	-41.223	152.3
17.49	-7.114	-38.944	-88.4
17.5	-7.112	-37.167	-29.3
17.51	-7.113	-35.934	-44.2
17.52	-7.111	-35.008	-37.9
17.53	-7.104	-34.148	-38.8
17.54	-7.094	-33.194	-35.9
17.55	-7.084	-32.358	-25.9
17.56	-7.074	-32.092	-31.0
17.57	-7.064	-32.481	-20.0
17.58	-7.050	-32.964	-12.5
17.59	-7.036	-31.969	7.4
17.6	-7.024	-25.705	6.5
17.61	-7.018	-7.681	22.2
17.62	-7.013	21.186	32.1
17.63	-7.004	43.727	44.6
17.64	-6.992	50.698	90.4
17.65	-6.980	51.116	102.7
17.66	-6.969	51.139	130.6
17.67	-6.960	51.139	171.1
17.68	-6.952	51.139	185.4
17.69	-6.945	51.139	184.9
17.7	-6.939	51.139	170.7
17.71	-6.934	51.134	141.6
17.72	-6.929	51.070	80.7
17.73	-6.923	49.147	28.1
17.74	-6.918	39.091	-9.1
17.75	-6.909	18.636	-54.0
17.76	-6.899	-5.145	-65.9
17.77	-6.891	-26.403	-73.9
17.78	-6.888	-42.081	-81.3
17.79	-6.888	-49.513	-78.7
17.8	-6.885	-51.075	-84.1
17.81	-6.884	-51.138	-72.5
17.82	-6.884	-51.141	-76.0
17.83	-6.887	-51.141	-68.3
17.84	-6.896	-51.141	-62.2
17.85	-6.911	-51.141	-85.8
17.86	-6.934	-51.141	-48.7
17.87	-6.963	-51.141	-49.2
17.88	-6.996	-51.141	-76.6
17.89	-7.029	-51.141	-67.5
17.9	-7.061	-51.141	-62.3
17.91	-7.090	-51.139	-59.9
17.92	-7.117	-51.133	-65.3
17.93	-7.143	-50.666	-72.4
17.94	-7.168	-47.144	-65.2
17.95	-7.191	-38.202	-76.2
17.96	-7.213	-25.953	-73.0
17.97	-7.234	-13.669	-50.1
17.98	-7.253	-2.659	-59.0
17.99	-7.272	6.125	-64.5
18.0	-7.292	11.866	-61.3
18.01	-7.313	14.169	-64.7
18.02	-7.334	13.030	-71.0
18.03	-7.356	9.027	-56.2
18.04	-7.378	3.158	-70.2
18.05	-7.402	-3.691	-75.2
18.06	-7.427	-10.806	-41.4
18.07	-7.452	-17.573	-51.9
18.08	-7.476	-23.720	-50.8
18.09	-7.498	-29.153	-39.9
18.1	-7.520	-33.730	-31.5
18.11	-7.542	-37.559	-40.0
18.12	-7.564	-40.892	-28.4
18.13	-7.588	-43.644	-21.3
18.14	-7.609	-45.914	-33.3
18.15	-7.628	-47.659	-69.0
18.16	-7.647	-48.247	-87.2
18.17	-7.666	-47.995	-62.0
18.18	-7.684	-47.869	-68.2
18.19	-7.704	-47.877	-62.1
18.2	-7.726	-48.139	-58.4
18.21	-7.751	-48.934	-18.9
18.22	-7.777	-49.563	-89.0
18.23	-7.803	-49.514	35.0
18.24	-7.822	-48.908	262.2
18.25	-7.843	-47.638	312.4
18.26	-7.868	-45.659	233.8
18.27	-7.896	-43.411	-83.0
18.28	-7.924	-41.464	-79.4
18.29	-7.955	-39.955	-31.7
18.3	-7.984	-38.592	-69.0
18.31	-8.009	-37.144	-25.8
18.32	-8.029	-35.600	-57.6
18.33	-8.046	-34.167	-43.0
18.34	-8.063	-33.291	-27.2
18.35	-8.079	-33.361	-34.1
18.36	-8.093	-34.308	-17.9
18.37	-8.107	-35.188	-9.3
18.38	-8.123	-34.391	-11.5
18.39	-8.142	-29.514	3.1
18.4	-8.162	-15.242	16.4
18.41	-8.184	11.758	28.0
18.42	-8.207	38.297	60.0
18.43	-8.231	49.684	75.1
18.44	-8.257	51.105	101.8
18.45	-8.283	51.138	131.8
18.46	-8.308	51.139	143.2
18.47	-8.332	51.139	157.6
18.48	-8.356	51.139	151.2
18.49	-8.379	51.139	116.1
18.5	-8.402	51.138	76.6
18.51	-8.426	51.120	38.5
18.52	-8.449	50.241	1.3
18.53	-8.473	43.063	-39.6
18.54	-8.497	24.264	-56.7
18.55	-8.523	-1.339	-69.9
18.56	-8.551	-25.653	-73.2
18.57	-8.578	-42.909	-68.3
18.58	-8.602	-50.036	-71.9
18.59	-8.624	-51.117	-57.1
18.6	-8.647	-51.138	-55.7
18.61	-8.671	-51.141	-76.7
18.62	-8.699	-51.141	-55.6
18.63	-8.726	-51.141	-55.2
18.64	-8.751	-51.141	-74.8
18.65	-8.774	-51.141	-48.2
18.66	-8.799	-51.141	-44.6
18.67	-8.826	-51.141	-50.1
18.68	-8.856	-51.141	-47.9
18.69	-8.884	-51.141	-49.6
18.7	-8.915	-51.138	-45.8
18.71	-8.947	-51.105	-46.7
18.72	-8.979	-50.061	-50.8
18.73	-9.006	-44.358	-46.2
18.74	-9.033	-32.158	-42.5
18.75	-9.059	-17.034	-57.6
18.76	-9.088	-2.559	-42.6
18.77	-9.117	9.700	-40.8
18.78	-9.146	18.572	-62.1
18.79	-9.176	23.427	-50.2
18.8	-9.208	24.152	-41.8
18.81	-9.242	21.222	-48.0
18.82	-9.276	15.569	-49.5
18.83	-9.307	8.070	-29.0
18.84	-9.337	-0.427	-33.0
18.85	-9.369	-9.048	-40.6
18.86	-9.400	-17.211	-6.8
18.87	-9.431	-24.603	-17.4
18.88	-9.461	-31.109	-24.8
18.89	-9.491	-36.730	-1.4
18.9	-9.522	-41.398	-12.9
18.91	-9.553	-44.942	-35.3
18.92	-9.583	-47.263	-52.5
18.93	-9.608	-48.620	-51.4
18.94	-9.631	-49.420	-47.2
18.95	-9.656	-49.908	-36.3
18.96	-9.683	-50.214	-46.2
18.97	-9.711	-50.273	-29.2
18.98	-9.738	-49.944	-23.4
18.99	-9.761	-49.281	-51.8
19.0	-9.777	-48.395	143.9
19.01	-9.791	-47.278	220.2
19.02	-9.809	-45.875	192.0
19.03	-9.840	-44.217	49.2
19.04	-9.877	-42.478	-91.5
19.05	-9.915	-40.814	-16.5
19.06	-9.945	-39.134	-26.4
19.07	-9.964	-37.313	-31.9
19.08	-9.967	-35.417	-21.0
19.09	-9.957	-33.564	-16.7
19.1	-9.943	-31.970	-14.7
19.11	-9.933	-31.039	-14.4
19.12	-9.928	-30.994	9.6
19.13	-9.928	-31.595	-4.5
19.14	-9.931	-32.206	-13.5
19.15	-9.936	-31.800	20.0
19.16	-9.941	-28.120	26.1
19.17	-9.947	-15.870	34.5
19.18	-9.955	9.320	50.7
19.19	-9.965	36.334	79.1
19.2	-9.978	49.219	91.6
19.21	-9.994	51.105	119.9
19.22	-10.014	51.134	156.8
19.23	-10.035	51.139	130.6
19.24	-10.056	51.139	155.8
19.25	-10.078	51.139	156.2
19.26	-10.099	51.139	111.4
19.27	-10.122	51.133	63.3
19.28	-10.145	51.052	8.4
19.29	-10.169	48.722	-1.9
19.3	-10.198	36.973	-37.9
19.31	-10.231	13.506	-35.7
19.32	-10.265	-13.398	-48.9
19.33	-10.295	-35.464	-81.6
19.34	-10.320	-47.677	-51.6
19.35	-10.344	-50.931	-53.8
19.36	-10.365	-51.131	-57.0
19.37	-10.376	-51.141	-42.6
19.38	-10.386	-51.141	-42.2
19.39	-10.400	-51.141	-57.9
19.4	-10.414	-51.141	-47.7
19.41	-10.424	-51.141	-47.9
19.42	-10.434	-51.141	-57.8
19.43	-10.446	-51.141	-54.1
19.44	-10.459	-51.141	-37.5
19.45	-10.472	-51.141	-27.3
19.46	-10.484	-51.141	-35.9
19.47	-10.495	-51.131	-39.1
19.48	-10.506	-50.753	-45.3
19.49	-10.518	-47.003	-47.4
19.5	-10.528	-35.867	-40.1
19.51	-10.536	-18.930	-35.5
19.52	-10.539	-0.883	-47.4
19.53	-10.535	15.695	-27.6
19.54	-10.524	29.134	-40.4
19.55	-10.506	38.055	-42.5
19.56	-10.481	41.936	-22.8
19.57	-10.451	41.098	-52.6
19.58	-10.417	36.311	-27.9
19.59	-10.379	28.531	-20.5
19.6	-10.336	18.819	-24.4
19.61	-10.293	8.172	-19.7
19.62	-10.251	-2.559	8.5
19.63	-10.211	-12.708	4.2
19.64	-10.171	-21.855	-33.2
19.65	-10.131	-29.798	-52.9
19.66	-10.091	-36.467	-50.0
19.67	-10.051	-41.863	-31.7
19.68	-10.011	-46.075	-55.4
19.69	-9.972	-49.103	-30.1
19.7	-9.937	-50.702	-34.4
19.71	-9.905	-51.116	-16.2
19.72	-9.871	-51.139	-42.7
19.73	-9.828	-51.091	-23.2
19.74	-9.775	-50.739	166.2
19.75	-9.713	-49.742	192.1
19.76	-9.652	-48.025	135.2
19.77	-9.606	-45.797	-43.8
19.78	-9.575	-43.391	-102.4
19.79	-9.553	-41.239	-21.8
19.8	-9.532	-39.536	-22.5
19.81	-9.501	-38.108	-18.4
19.82	-9.453	-36.761	-36.2
19.83	-9.392	-35.384	-23.0
19.84	-9.323	-34.041	-13.0
19.85	-9.252	-33.178	-34.8
19.86	-9.182	-33.127	-19.2
19.87	-9.116	-33.709	-5.4
19.88	-9.057	-34.289	-8.6
19.89	-9.005	-33.625	19.8
19.9	-8.959	-29.267	33.0
19.91	-8.918	-16.277	26.3
19.92	-8.879	9.156	40.8
19.93	-8.844	36.163	73.9
19.94	-8.812	49.155	92.5
19.95	-8.781	51.105	105.4
19.96	-8.748	51.134	134.8
19.97	-8.716	51.139	135.3
19.98	-8.685	51.139	133.1
19.99	-8.654	51.139	121.2
20.0	-8.624	51.139	67.7
20.01	-8.594	51.131	24.5
20.02	-8.566	50.992	-5.4
20.03	-8.539	48.005	-52.2
20.04	-8.514	35.598	-73.0
20.05	-8.487	13.286	-67.6
20.06	-8.457	-11.577	-62.3
20.07	-8.424	-33.203	-67.7
20.08	-8.388	-46.561	-73.9
20.09	-8.353	-50.752	-65.4
20.1	-8.314	-51.128	-76.6
20.11	-8.271	-51.141	-72.8
20.12	-8.226	-51.141	-74.8
20.13	-8.184	-51.141	-75.7
20.14	-8.146	-51.141	-71.5
20.15	-8.113	-51.141	-78.7
20.16	-8.082	-51.141	-53.8
20.17	-8.054	-51.141	-51.5
20.18	-8.027	-51.141	-53.8
20.19	-8.001	-51.141	-62.7
20.2	-7.976	-51.138	-66.5
20.21	-7.954	-51.097	-49.0
20.22	-7.930	-49.903	-56.9
20.23	-7.905	-43.759	-66.4
20.24	-7.880	-30.994	-67.0
20.25	-7.856	-15.505	-57.2
20.26	-7.833	-1.042	-65.8
20.27	-7.810	10.995	-79.1
20.28	-7.787	19.797	-61.0
20.29	-7.764	24.955	-61.1
20.3	-7.744	26.484	-58.0
20.31	-7.727	24.677	-52.4
20.32	-7.712	20.103	-54.7
20.33	-7.697	13.614	-71.3
20.34	-7.681	6.003	-61.6
20.35	-7.664	-2.153	-58.1
20.36	-7.646	-10.375	-68.7
20.37	-7.631	-18.259	-39.2
20.38	-7.615	-25.497	-37.5
20.39	-7.598	-31.784	-39.9
20.4	-7.581	-36.939	-12.0
20.41	-7.567	-41.000	-31.5
20.42	-7.556	-44.089	-36.3
20.43	-7.545	-46.288	-26.0
20.44	-7.534	-47.648	-49.3
20.45	-7.523	-48.342	-60.9
20.46	-7.511	-48.622	-66.2
20.47	-7.498	-48.716	-64.4
20.48	-7.486	-48.770	-51.1
20.49	-7.473	-48.747	-74.0
20.5	-7.460	-48.536	-19.5
20.51	-7.449	-48.102	-41.2
20.52	-7.441	-47.430	-4.1
20.53	-7.426	-46.484	165.2
20.54	-7.408	-45.252	190.2
20.55	-7.391	-43.755	193.3
20.56	-7.378	-42.158	-10.7
20.57	-7.369	-40.795	-80.9
20.58	-7.361	-39.797	-23.2
20.59	-7.348	-38.872	-60.2
20.6	-7.327	-37.705	-45.7
20.61	-7.302	-36.125	-59.5
20.62	-7.277	-34.194	-46.5
20.63	-7.250	-32.403	-46.7
20.64	-7.223	-31.384	-29.5
20.65	-7.200	-31.177	-7.9
20.66	-7.181	-30.900	-14.1
20.67	-7.161	-28.684	-23.3
20.68	-7.142	-20.322	-22.2
20.69	-7.123	0.556	5.3
20.7	-7.106	28.892	24.1
20.71	-7.089	46.827	38.0
20.72	-7.072	50.966	58.3
20.73	-7.059	51.128	82.6
20.74	-7.047	51.139	101.6
20.75	-7.035	51.139	132.0
20.76	-7.023	51.139	140.5
20.77	-7.011	51.139	140.0
20.78	-6.999	51.139	144.1
20.79	-6.989	51.134	101.3
20.8	-6.980	51.105	39.5
20.81	-6.973	49.691	0.1
20.82	-6.967	40.834	-25.4
20.83	-6.961	20.991	-47.7
20.84	-6.956	-3.541	-69.0
20.85	-6.951	-26.080	-74.8
20.86	-6.947	-42.469	-57.5
20.87	-6.942	-49.759	-73.5
20.88	-6.934	-51.094	-64.9
20.89	-6.928	-51.138	-52.7
20.9	-6.928	-51.141	-59.6
20.91	-6.931	-51.141	-72.5
20.92	-6.931	-51.141	-63.3
20.93	-6.926	-51.141	-55.2
20.94	-6.920	-51.141	-53.6
20.95	-6.915	-51.141	-51.2
20.96	-6.911	-51.141	-54.4
20.97	-6.906	-51.141	-60.0
20.98	-6.900	-51.141	-65.2
20.99	-6.896	-51.139	-54.8
21.0	-6.893	-51.130	-51.4
21.01	-6.890	-50.525	-51.8
21.02	-6.886	-46.311	-62.0
21.03	-6.881	-36.031	-42.6
21.04	-6.877	-22.128	-48.7
21.05	-6.872	-8.117	-65.5
21.06	-6.867	4.291	-47.2
21.07	-6.863	13.742	-59.6
21.08	-6.860	19.373	-58.3
21.09	-6.859	21.081	-65.7
21.1	-6.857	19.320	-55.6
21.11	-6.856	14.813	-40.2
21.12	-6.853	8.361	-53.8
21.13	-6.852	0.786	-45.6
21.14	-6.851	-7.241	-47.0
21.15	-6.852	-15.322	-45.7
21.16	-6.853	-23.167	-55.0
21.17	-6.855	-30.414	-31.7
21.18	-6.856	-36.698	-12.3
21.19	-6.858	-41.816	-27.9
21.2	-6.861	-45.816	-24.5
21.21	-6.864	-48.725	-29.6
21.22	-6.867	-50.413	-32.1
21.23	-6.869	-51.028	-54.4
21.24	-6.869	-51.123	-69.0
21.25	-6.868	-50.978	-69.2
21.26	-6.867	-50.567	-54.0
21.27	-6.867	-49.958	-57.7
21.28	-6.867	-49.170	-52.8
21.29	-6.870	-48.259	-24.2
21.3	-6.873	-47.406	-78.2
21.31	-6.871	-46.620	96.5
21.32	-6.865	-45.697	264.8
21.33	-6.858	-44.434	304.3
21.34	-6.856	-42.802	200.2
21.35	-6.856	-41.053	-77.2
21.36	-6.858	-39.583	-55.3
21.37	-6.864	-38.497	-44.5
21.38	-6.867	-37.513	-58.4
21.39	-6.866	-36.344	-36.5
21.4	-6.861	-34.928	-49.7
21.41	-6.860	-33.558	-38.3
21.42	-6.865	-32.831	-34.9
21.43	-6.874	-33.031	-20.6
21.44	-6.885	-33.723	-22.4
21.45	-6.899	-33.781	-24.3
21.46	-6.918	-30.834	9.0
21.47	-6.941	-19.755	16.4
21.48	-6.968	4.717	20.3
21.49	-6.994	33.277	47.7
21.5	-7.021	48.425	58.9
21.51	-7.050	51.072	87.9
21.52	-7.081	51.130	114.4
21.53	-7.112	51.139	135.8
21.54	-7.144	51.139	175.6
21.55	-7.174	51.139	160.3
21.56	-7.207	51.139	146.9
21.57	-7.243	51.139	155.6
21.58	-7.283	51.130	74.1
21.59	-7.323	50.938	15.5
21.6	-7.362	47.252	-21.6
21.61	-7.398	33.328	-60.1
21.62	-7.432	9.942	-67.0
21.63	-7.466	-14.808	-72.8
21.64	-7.498	-35.322	-77.1
21.65	-7.525	-47.313	-95.3
21.66	-7.546	-50.845	-82.3
21.67	-7.564	-51.128	-76.4
21.68	-7.582	-51.141	-89.4
21.69	-7.601	-51.141	-78.9
21.7	-7.620	-51.141	-60.3
21.71	-7.639	-51.141	-66.8
21.72	-7.658	-51.141	-58.0
21.73	-7.679	-51.141	-74.8
21.74	-7.701	-51.141	-68.7
21.75	-7.723	-51.141	-56.0
21.76	-7.746	-51.141	-72.8
21.77	-7.770	-51.141	-57.7
21.78	-7.793	-51.138	-61.4
21.79	-7.817	-51.064	-67.8
21.8	-7.841	-49.475	-48.2
21.81	-7.863	-42.755	-55.8
21.82	-7.886	-30.259	-62.3
21.83	-7.909	-15.775	-47.2
21.84	-7.933	-2.239	-59.4
21.85	-7.958	8.920	-44.0
21.86	-7.985	16.620	-48.0
21.87	-8.013	20.339	-67.9
21.88	-8.041	20.169	-44.4
21.89	-8.069	16.745	-50.4
21.9	-8.095	10.975	-54.1
21.91	-8.120	3.769	-45.1
21.92	-8.145	-4.070	-35.5
21.93	-8.171	-11.947	-43.4
21.94	-8.197	-19.519	-38.5
21.95	-8.224	-26.559	-4.0
21.96	-8.252	-32.886	-20.5
21.97	-8.281	-38.337	-20.3
21.98	-8.311	-42.811	-4.8
21.99	-8.340	-46.291	-31.1
22.0	-8.370	-48.748	-37.6
22.01	-8.399	-50.263	-49.7
22.02	-8.429	-50.969	-39.3
22.03	-8.457	-51.133	-44.9
22.04	-8.484	-51.139	-38.4
22.05	-8.511	-51.116	-56.1
22.06	-8.541	-50.973	-10.7
22.07	-8.574	-50.548	-35.4
22.08	-8.604	-49.813	-24.9
22.09	-8.626	-48.889	196.2
22.1	-8.644	-47.614	238.0
22.11	-8.668	-45.777	196.3
22.12	-8.697	-43.592	-7.3
22.13	-8.732	-41.627	-91.6
22.14	-8.770	-40.183	-7.8
22.15	-8.807	-38.953	-31.6
22.16	-8.836	-37.611	-19.3
22.17	-8.854	-36.158	-14.7
22.18	-8.869	-34.655	-22.6
22.19	-8.883	-33.441	-8.5
22.2	-8.901	-33.098	-4.7
22.21	-8.921	-33.769	-4.2
22.22	-8.941	-34.866	0.6
22.23	-8.961	-35.344	10.8
22.24	-8.981	-33.586	21.8
22.25	-8.999	-25.769	35.4
22.26	-9.018	-5.469	58.5
22.27	-9.037	24.161	57.8
22.28	-9.061	45.084	94.8
22.29	-9.089	50.831	125.2
22.3	-9.117	51.122	123.0
22.31	-9.144	51.139	151.0
22.32	-9.171	51.139	162.2
22.33	-9.197	51.139	162.5
22.34	-9.221	51.139	157.8
22.35	-9.244	51.139	101.2
22.36	-9.267	51.128	39.8
22.37	-9.288	50.923	8.6
22.38	-9.309	46.978	-9.0
22.39	-9.331	32.048	-36.8
22.4	-9.358	7.052	-51.2
22.41	-9.390	-18.977	-38.1
22.42	-9.419	-38.972	-57.8
22.43	-9.444	-48.858	-56.9
22.44	-9.466	-51.042	-33.4
22.45	-9.491	-51.136	-64.9
22.46	-9.518	-51.141	-41.8
22.47	-9.541	-51.141	-32.6
22.48	-9.563	-51.141	-56.7
22.49	-9.586	-51.141	-34.3
22.5	-9.610	-51.141	-44.8
22.51	-9.635	-51.141	-35.2
22.52	-9.659	-51.141	-36.4
22.53	-9.680	-51.141	-41.8
22.54	-9.700	-51.141	-10.4
22.55	-9.721	-51.141	-35.6
22.56	-9.744	-51.130	-33.8
22.57	-9.765	-50.861	-28.6
22.58	-9.784	-47.694	-30.0
22.59	-9.801	-37.386	-30.8
22.6	-9.816	-20.963	-35.5
22.61	-9.832	-3.511	-19.3
22.62	-9.850	11.995	-28.3
22.63	-9.872	24.145	-43.5
22.64	-9.898	31.844	-26.4
22.65	-9.928	34.545	-17.1
22.66	-9.956	32.597	-26.5
22.67	-9.981	27.052	-31.0
22.68	-10.006	19.086	-24.8
22.69	-10.032	9.713	-0.4
22.7	-10.061	-0.231	-6.1
22.71	-10.096	-10.092	-21.7
22.72	-10.132	-19.350	-0.9
22.73	-10.170	-27.650	7.2
22.74	-10.209	-34.875	-25.5
22.75	-10.248	-41.003	-30.8
22.76	-10.286	-45.944	-23.7
22.77	-10.326	-49.317	-47.1
22.78	-10.368	-50.831	-19.6
22.79	-10.411	-51.130	-37.1
22.8	-10.456	-51.141	-35.9
22.81	-10.499	-51.141	-0.3
22.82	-10.541	-51.141	-73.5
22.83	-10.576	-51.139	97.6
22.84	-10.603	-51.056	215.7
22.85	-10.631	-50.405	172.0
22.86	-10.662	-48.788	95.3
22.87	-10.694	-46.673	-88.5
22.88	-10.728	-44.588	-30.4
22.89	-10.764	-42.375	-2.8
22.9	-10.794	-39.825	-24.8
22.91	-10.811	-37.306	3.2
22.92	-10.816	-35.197	-14.3
22.93	-10.816	-33.578	-4.7
22.94	-10.816	-32.748	-2.1
22.95	-10.818	-33.011	-2.1
22.96	-10.819	-34.261	17.0
22.97	-10.819	-35.928	12.1
22.98	-10.817	-37.089	24.9
22.99	-10.814	-36.538	40.4
23.0	-10.809	-31.703	57.2
23.01	-10.801	-17.023	65.5
23.02	-10.789	10.580	73.4
23.03	-10.776	37.777	104.3
23.04	-10.761	49.591	122.7
23.05	-10.743	51.103	158.5
23.06	-10.719	51.136	159.2
23.07	-10.687	51.139	153.5
23.08	-10.646	51.139	151.4
23.09	-10.601	51.139	116.3
23.1	-10.553	51.139	81.2
23.11	-10.508	51.128	38.6
23.12	-10.467	50.917	3.3
23.13	-10.437	46.853	-15.4
23.14	-10.415	31.388	-41.8
23.15	-10.397	5.442	-46.2
23.16	-10.372	-21.122	-45.4
23.17	-10.342	-40.520	-62.1
23.18	-10.314	-49.363	-39.7
23.19	-10.287	-51.077	-29.2
23.2	-10.254	-51.138	-43.0
23.21	-10.214	-51.141	-50.1
23.22	-10.168	-51.141	-52.0
23.23	-10.116	-51.141	-35.7
23.24	-10.061	-51.141	-45.0
23.25	-10.004	-51.141	-56.2
23.26	-9.946	-51.141	-41.2
23.27	-9.889	-51.141	-30.9
23.28	-9.831	-51.141	-39.2
23.29	-9.776	-51.141	-45.6
23.3	-9.722	-51.136	-29.1
23.31	-9.670	-51.034	-31.6
23.32	-9.621	-48.902	-33.6
23.33	-9.576	-40.072	-33.4
23.34	-9.531	-23.827	-33.8
23.35	-9.488	-5.055	-49.8
23.36	-9.446	12.477	-37.3
23.37	-9.406	26.978	-48.7
23.38	-9.367	37.159	-58.2
23.39	-9.329	42.388	-28.2
23.4	-9.289	42.753	-36.2
23.41	-9.249	38.894	-42.2
23.42	-9.209	31.711	-28.0
23.43	-9.169	22.192	-12.7
23.44	-9.129	11.350	-14.3
23.45	-9.091	0.191	-22.0
23.46	-9.053	-10.434	-11.4
23.47	-9.016	-20.061	-9.6
23.48	-8.983	-28.613	-36.6
23.49	-8.953	-36.056	-51.3
23.5	-8.923	-42.152	-50.0
23.51	-8.892	-46.772	-53.6
23.52	-8.861	-49.736	-43.9
23.53	-8.830	-50.936	-43.6
23.54	-8.800	-51.134	-64.4
23.55	-8.773	-51.139	-0.5
23.56	-8.748	-51.136	-53.6
23.57	-8.719	-51.009	-4.5
23.58	-8.683	-50.377	187.2
23.59	-8.642	-49.058	179.8
23.6	-8.602	-47.389	158.6
23.61	-8.571	-45.702	-45.8
23.62	-8.549	-44.061	-96.3
23.63	-8.533	-42.473	-15.3
23.64	-8.517	-40.823	-51.6
23.65	-8.492	-39.042	-31.9
23.66	-8.456	-37.298	-45.8
23.67	-8.415	-35.714	-27.1
23.68	-8.377	-34.336	-24.7
23.69	-8.342	-33.347	-38.1
23.7	-8.306	-33.016	-13.5
23.71	-8.267	-33.223	-14.2
23.72	-8.228	-32.975	-0.6
23.73	-8.189	-30.392	-1.7
23.74	-8.154	-21.400	10.0
23.75	-8.122	0.023	42.4
23.76	-8.093	28.606	46.2
23.77	-8.064	46.708	56.0
23.78	-8.036	50.958	66.3
23.79	-8.008	51.130	96.3
23.8	-7.984	51.139	124.0
23.81	-7.961	51.139	126.8
23.82	-7.936	51.139	124.2
23.83	-7.909	51.139	107.5
23.84	-7.880	51.139	65.0
23.85	-7.850	51.120	10.9
23.86	-7.822	50.691	-18.1
23.87	-7.798	45.384	-38.7
23.88	-7.777	28.359	-63.3
23.89	-7.758	2.514	-81.2
23.9	-7.739	-22.877	-77.3
23.91	-7.719	-41.327	-87.7
23.92	-7.697	-49.575	-73.8
23.93	-7.674	-51.089	-60.6
23.94	-7.652	-51.138	-84.4
23.95	-7.629	-51.141	-78.1
23.96	-7.606	-51.141	-68.7
23.97	-7.583	-51.141	-69.7
23.98	-7.559	-51.141	-57.7
23.99	-7.538	-51.141	-73.1
24.0	-7.521	-51.141	-65.8
24.01	-7.508	-51.141	-53.5
24.02	-7.498	-51.141	-59.3
24.03	-7.486	-51.141	-48.4
24.04	-7.476	-51.138	-70.7
24.05	-7.464	-51.122	-72.3
24.06	-7.449	-50.281	-51.1
24.07	-7.434	-44.867	-64.6
24.08	-7.421	-32.456	-60.5
24.09	-7.407	-16.759	-53.3
24.1	-7.391	-1.952	-61.0
24.11	-7.374	10.464	-68.5
24.12	-7.356	19.563	-67.0
24.13	-7.340	24.784	-53.7
24.14	-7.328	26.055	-60.0
24.15	-7.315	23.663	-58.5
24.16	-7.299	18.228	-61.0
24.17	-7.283	10.697	-65.0
24.18	-7.269	2.056	-56.6
24.19	-7.257	-6.905	-62.5
24.2	-7.245	-15.605	-52.6
24.21	-7.232	-23.597	-39.7
24.22	-7.218	-30.616	-35.6
24.23	-7.206	-36.572	-28.8
24.24	-7.196	-41.489	-19.7
24.25	-7.188	-45.392	-13.0
24.26	-7.179	-48.213	-42.0
24.27	-7.172	-49.909	-65.2
24.28	-7.164	-50.681	-46.7
24.29	-7.154	-50.927	-64.5
24.3	-7.145	-50.992	-57.6
24.31	-7.138	-51.019	-52.9
24.32	-7.133	-50.923	-71.1
24.33	-7.129	-50.527	-6.0
24.34	-7.126	-49.795	-57.7
24.35	-7.117	-48.922	67.2
24.36	-7.101	-47.992	207.3
24.37	-7.086	-46.748	213.6
24.38	-7.074	-45.036	125.8
24.39	-7.069	-43.167	-94.4
24.4	-7.074	-41.531	-50.8
24.41	-7.086	-39.983	-43.8
24.42	-7.092	-38.034	-67.9
24.43	-7.089	-35.723	-38.4
24.44	-7.084	-33.495	-36.4
24.45	-7.079	-31.748	-37.3
24.46	-7.075	-30.905	-35.6
24.47	-7.069	-31.047	-33.2
24.48	-7.060	-31.655	-26.4
24.49	-7.051	-31.572	-7.8
24.5	-7.043	-28.105	-7.2
24.51	-7.035	-15.405	6.1
24.52	-7.029	10.584	18.6
24.53	-7.023	37.417	36.0
24.54	-7.018	49.491	58.5
24.55	-7.013	51.102	78.7
24.56	-7.009	51.136	112.8
24.57	-7.004	51.139	129.1
24.58	-7.001	51.139	150.2
24.59	-6.998	51.139	144.6
24.6	-6.994	51.139	140.0
24.61	-6.991	51.139	137.3
24.62	-6.989	51.130	69.7
24.63	-6.985	50.933	10.6
24.64	-6.981	47.220	-22.9
24.65	-6.979	33.258	-48.7
24.66	-6.978	9.861	-68.2
24.67	-6.978	-14.864	-86.0
24.68	-6.978	-35.333	-79.5
24.69	-6.975	-47.300	-76.6
24.7	-6.971	-50.841	-77.1
24.71	-6.966	-51.130	-69.7
24.72	-6.961	-51.141	-76.0
24.73	-6.958	-51.141	-63.5
24.74	-6.955	-51.141	-39.7
24.75	-6.951	-51.141	-71.0
24.76	-6.947	-51.141	-63.5
24.77	-6.944	-51.141	-64.1
24.78	-6.942	-51.141	-63.8
24.79	-6.939	-51.141	-50.5
24.8	-6.938	-51.141	-67.7
24.81	-6.936	-51.141	-66.4
24.82	-6.934	-51.131	-65.0
24.83	-6.933	-50.913	-57.5
24.84	-6.931	-48.286	-55.3
24.85	-6.929	-39.716	-59.5
24.86	-6.927	-26.111	-68.5
24.87	-6.925	-11.738	-54.2
24.88	-6.923	0.959	-57.4
24.89	-6.921	10.850	-62.9
24.9	-6.918	17.178	-53.1
24.91	-6.915	19.648	-50.8
24.92	-6.911	18.544	-50.9
24.93	-6.905	14.531	-67.2
24.94	-6.897	8.430	-50.8
24.95	-6.891	1.098	-54.6
24.96	-6.893	-6.775	-45.3
24.97	-6.896	-14.752	-43.0
24.98	-6.894	-22.536	-33.3
24.99	-6.893	-29.816	-25.2
25.0	-6.893	-36.309	-26.4
25.01	-6.894	-41.866	-4.1
25.02	-6.897	-46.302	-17.4
25.03	-6.901	-49.328	-29.0
25.04	-6.907	-50.781	-66.3
25.05	-6.916	-51.123	-67.3
25.06	-6.929	-51.139	-49.4
25.07	-6.950	-51.141	-50.6
25.08	-6.978	-51.139	-42.0
25.09	-7.011	-51.095	-50.5
25.1	-7.048	-50.813	-12.3
25.11	-7.083	-50.097	-71.2
25.12	-7.111	-49.048	98.7
25.13	-7.129	-47.828	275.6
25.14	-7.143	-46.308	292.8
25.15	-7.158	-44.450	203.3
25.16	-7.176	-42.580	-88.1
25.17	-7.197	-41.056	-58.4
25.18	-7.224	-39.942	-30.1
25.19	-7.251	-38.941	-51.8
25.2	-7.273	-37.798	-20.1
25.21	-7.291	-36.603	-44.0
25.22	-7.307	-35.631	-27.0
25.23	-7.324	-35.288	-23.3
25.24	-7.343	-35.766	-10.2
25.25	-7.361	-36.644	-10.1
25.26	-7.383	-37.122	-5.9
25.27	-7.407	-35.775	-0.4
25.28	-7.436	-28.900	16.7
25.29	-7.466	-9.817	44.3
25.3	-7.496	20.292	42.8
25.31	-7.527	43.555	77.8
25.32	-7.559	50.691	105.0
25.33	-7.592	51.116	115.8
25.34	-7.624	51.139	143.4
25.35	-7.656	51.139	154.7
25.36	-7.688	51.139	158.6
25.37	-7.719	51.139	154.7
25.38	-7.749	51.139	126.8
25.39	-7.779	51.133	80.1
25.4	-7.809	51.066	41.4
25.41	-7.837	48.975	-9.0
25.42	-7.864	37.908	-36.6
25.43	-7.892	15.119	-42.1
25.44	-7.922	-11.648	-53.5
25.45	-7.953	-34.214	-69.1
25.46	-7.984	-47.191	-68.8
25.47	-8.013	-50.866	-59.1
25.48	-8.041	-51.128	-55.8
25.49	-8.067	-51.141	-61.3
25.5	-8.092	-51.141	-59.3
25.51	-8.116	-51.141	-55.9
25.52	-8.139	-51.141	-46.8
25.53	-8.161	-51.141	-57.8
25.54	-8.184	-51.141	-53.0
25.55	-8.207	-51.141	-31.8
25.56	-8.232	-51.141	-51.0
25.57	-8.258	-51.141	-49.4
25.58	-8.286	-51.141	-49.1
25.59	-8.314	-51.133	-51.8
25.6	-8.344	-50.748	-54.1
25.61	-8.376	-47.442	-52.3
25.62	-8.406	-38.341	-36.5
25.63	-8.433	-24.991	-43.4
25.64	-8.456	-10.866	-42.8
25.65	-8.479	1.978	-48.1
25.66	-8.502	12.094	-60.1
25.67	-8.527	18.614	-40.8
25.68	-8.554	21.273	-32.5
25.69	-8.581	20.366	-33.2
25.7	-8.607	16.598	-34.6
25.71	-8.634	10.738	-43.2
25.72	-8.661	3.511	-27.3
25.73	-8.689	-4.409	-27.4
25.74	-8.718	-12.502	-10.6
25.75	-8.749	-20.277	3.8
25.76	-8.781	-27.228	-3.0
25.77	-8.812	-33.161	-2.8
25.78	-8.844	-38.214	-11.4
25.79	-8.875	-42.484	-30.9
25.8	-8.905	-46.020	-49.0
25.81	-8.933	-48.802	-33.4
25.82	-8.961	-50.498	-28.0
25.83	-8.991	-51.072	-55.9
25.84	-9.025	-51.139	-47.6
25.85	-9.064	-51.141	25.8
25.86	-9.103	-51.141	-43.2
25.87	-9.136	-51.103	18.1
25.88	-9.159	-50.767	222.0
25.89	-9.180	-49.616	211.4
25.9	-9.209	-47.464	140.3
25.91	-9.246	-44.841	-59.5
25.92	-9.286	-42.414	-60.3
25.93	-9.330	-40.456	9.3
25.94	-9.374	-38.813	-36.3
25.95	-9.406	-37.288	-27.7
25.96	-9.425	-35.892	-8.2
25.97	-9.435	-34.705	8.6
25.98	-9.444	-33.792	-5.8
25.99	-9.455	-33.105	-2.3
26.0	-9.469	-32.813	5.4
26.01	-9.484	-33.191	20.2
26.02	-9.505	-33.534	27.9
26.03	-9.528	-32.116	29.5
26.04	-9.553	-25.364	43.1
26.05	-9.578	-6.806	52.6
26.06	-9.600	22.159	70.6
26.07	-9.619	44.158	88.1
26.08	-9.640	50.745	118.9
26.09	-9.665	51.119	154.8
26.1	-9.694	51.139	153.9
26.11	-9.724	51.139	159.7
26.12	-9.754	51.139	167.7
26.13	-9.783	51.139	126.6
26.14	-9.810	51.139	93.7
26.15	-9.838	51.122	48.7
26.16	-9.865	50.414	13.1
26.17	-9.893	43.717	-22.4
26.18	-9.927	24.739	-48.2
26.19	-9.967	-2.153	-44.4
26.2	-10.009	-27.322	-58.8
26.21	-10.049	-44.044	-61.0
26.22	-10.086	-50.317	-46.4
26.23	-10.121	-51.128	-53.7
26.24	-10.156	-51.139	-55.3
26.25	-10.191	-51.141	-35.5
26.26	-10.227	-51.141	-46.1
26.27	-10.265	-51.141	-46.8
26.28	-10.302	-51.141	-29.7
26.29	-10.336	-51.141	-56.4
26.3	-10.370	-51.141	-46.4
26.31	-10.410	-51.141	-28.0
26.32	-10.454	-51.141	-26.6
26.33	-10.498	-51.141	-51.7
26.34	-10.540	-51.138	-58.9
26.35	-10.578	-51.066	-16.9
26.36	-10.612	-49.394	-29.3
26.37	-10.648	-41.856	-46.0
26.38	-10.685	-27.108	-31.1
26.39	-10.723	-9.278	-51.8
26.4	-10.761	7.978	-38.6
26.41	-10.794	22.991	-29.2
26.42	-10.825	34.447	-43.3
26.43	-10.858	41.016	-16.0
26.44	-10.897	41.998	-40.3
26.45	-10.941	38.080	-33.9
26.46	-10.985	30.575	3.2
26.47	-11.024	20.817	-11.3
26.48	-11.055	9.977	-18.2
26.49	-11.086	-1.125	-11.1
26.5	-11.123	-11.830	-7.1
26.51	-11.161	-21.531	-15.4
26.52	-11.199	-29.905	-48.2
26.53	-11.239	-36.955	-38.8
26.54	-11.281	-42.778	-30.3
26.55	-11.318	-47.295	-41.2
26.56	-11.351	-50.050	-44.4
26.57	-11.390	-51.016	-6.9
26.58	-11.437	-51.134	-30.2
26.59	-11.483	-51.063	-38.8
26.6	-11.521	-50.727	155.4
26.61	-11.555	-49.894	179.4
26.62	-11.591	-48.516	135.8
26.63	-11.627	-46.934	-14.6
26.64	-11.662	-45.509	-83.1
26.65	-11.701	-44.116	-11.0
26.66	-11.740	-42.417	-38.5
26.67	-11.764	-40.550	-2.5
26.68	-11.776	-38.859	-18.4
26.69	-11.784	-37.413	-34.6
26.7	-11.791	-36.427	-19.6
26.71	-11.796	-36.239	-8.1
26.72	-11.797	-36.717	15.2
26.73	-11.796	-37.416	-5.0
26.74	-11.796	-37.888	-1.3
26.75	-11.795	-37.491	19.3
26.76	-11.791	-34.702	12.5
26.77	-11.783	-25.841	42.2
26.78	-11.773	-5.195	59.7
26.79	-11.760	24.131	72.5
26.8	-11.749	44.963	108.6
26.81	-11.740	50.817	106.6
26.82	-11.734	51.122	130.3
26.83	-11.725	51.139	144.6
26.84	-11.710	51.139	124.6
26.85	-11.685	51.139	134.1
26.86	-11.653	51.139	86.2
26.87	-11.619	51.134	36.8
26.88	-11.588	51.042	0.8
26.89	-11.569	48.588	-31.0
26.9	-11.563	36.900	-44.8
26.91	-11.559	14.284	-52.4
26.92	-11.543	-11.336	-53.9
26.93	-11.510	-33.066	-67.8
26.94	-11.472	-46.375	-56.8
26.95	-11.427	-50.697	-53.8
26.96	-11.370	-51.131	-68.3
26.97	-11.301	-51.141	-57.2
26.98	-11.218	-51.141	-72.5
26.99	-11.124	-51.141	-63.1
27.0	-11.023	-51.141	-41.6
27.01	-10.919	-51.141	-53.4
27.02	-10.817	-51.141	-43.5
27.03	-10.714	-51.141	-42.1
27.04	-10.607	-51.141	-59.2
27.05	-10.501	-51.141	-40.9
27.06	-10.398	-51.131	-43.6
27.07	-10.300	-50.955	-53.9
27.08	-10.205	-48.050	-31.9
27.09	-10.112	-37.323	-58.3
27.1	-10.020	-18.948	-43.0
27.11	-9.932	1.402	-28.8
27.12	-9.849	19.823	-42.8
27.13	-9.773	34.270	-35.3
27.14	-9.704	43.300	-55.7
27.15	-9.640	46.553	-61.0
27.16	-9.582	44.761	-30.2
27.17	-9.531	39.259	-35.9
27.18	-9.486	31.028	-20.1
27.19	-9.446	20.609	-22.5
27.2	-9.411	8.988	-21.2
27.21	-9.377	-2.794	-16.9
27.22	-9.344	-14.138	-28.9
27.23	-9.311	-24.484	-43.8
27.24	-9.274	-33.302	-61.0
27.25	-9.236	-40.375	-50.9
27.26	-9.193	-45.830	-53.4
27.27	-9.148	-49.427	-42.8
27.28	-9.107	-50.905	-66.5
27.29	-9.071	-51.136	-30.6
27.3	-9.040	-51.141	-56.4
27.31	-9.007	-51.139	-30.3
27.32	-8.969	-51.061	167.5
27.33	-8.924	-50.405	178.4
27.34	-8.883	-48.661	117.7
27.35	-8.853	-46.166	-65.8
27.36	-8.834	-43.486	-107.5
27.37	-8.822	-40.970	-29.2
27.38	-8.808	-38.792	-52.5
27.39	-8.781	-36.872	-44.1
27.4	-8.742	-35.123	-46.1
27.41	-8.696	-33.645	-43.0
27.42	-8.648	-32.591	-14.9
27.43	-8.604	-32.178	-23.5
27.44	-8.564	-32.523	-26.3
27.45	-8.526	-33.184	-12.3
27.46	-8.487	-33.222	-13.6
27.47	-8.449	-31.338	-2.9
27.48	-8.410	-24.538	13.7
27.49	-8.371	-6.820	20.4
