Interval=	0.01 s
ExcelDateTime=	3.9773401659197953e+004	21/11/2008 9:38:23.354703
TimeFormat=	StartOfBlock
ChannelTitle=	Channel 1	Channel 2	Channel 3
Range=	20.000 mV	50.000 mV	500.0 µV
0.0	-9.503	-20.538	-5.7
0.01	-9.528	-23.266	-19.3
0.02	-9.553	-25.728	-53.3
0.03	-9.575	-27.903	-32.9
0.04	-9.595	-29.723	-45.0
0.05	-9.616	-31.080	-44.0
0.06	-9.638	-32.034	-45.3
0.07	-9.663	-32.866	-22.5
0.08	-9.694	-33.659	15.2
0.09	-9.728	-34.250	-54.3
0.1	-9.756	-34.533	91.8
0.11	-9.775	-34.428	212.8
0.12	-9.791	-33.902	198.9
0.13	-9.809	-33.106	117.5
0.14	-9.833	-32.372	-97.5
0.15	-9.863	-31.939	-34.0
0.16	-9.898	-31.664	-12.5
0.17	-9.930	-31.123	-44.4
0.18	-9.951	-30.061	-6.9
0.19	-9.957	-28.642	-6.6
0.2	-9.954	-27.152	-3.7
0.21	-9.952	-25.766	-2.9
0.22	-9.953	-24.914	-3.4
0.23	-9.956	-25.002	4.1
0.24	-9.961	-25.720	17.0
0.25	-9.967	-26.161	20.9
0.26	-9.976	-24.888	35.0
0.27	-9.984	-19.333	35.3
0.28	-9.996	-5.736	63.6
0.29	-10.010	16.781	88.6
0.3	-10.027	38.772	105.8
0.31	-10.045	49.327	139.2
0.32	-10.064	51.092	140.3
0.33	-10.083	51.134	160.9
0.34	-10.098	51.139	172.0
0.35	-10.108	51.139	174.3
0.36	-10.118	51.134	152.2
0.37	-10.125	51.033	98.1
0.38	-10.131	49.045	46.1
0.39	-10.138	41.392	21.5
0.4	-10.149	28.189	-25.9
0.41	-10.169	13.528	-34.9
0.42	-10.193	-0.353	-25.7
0.43	-10.214	-12.870	-42.1
0.44	-10.232	-23.536	-40.3
0.45	-10.248	-32.022	-38.0
0.46	-10.265	-38.361	-43.2
0.47	-10.285	-43.005	-40.5
0.48	-10.305	-46.509	-39.1
0.49	-10.324	-49.144	-46.6
0.5	-10.344	-50.670	-33.0
0.51	-10.361	-51.111	-24.3
0.52	-10.375	-51.139	-35.1
0.53	-10.387	-51.139	-27.2
0.54	-10.399	-51.092	-24.6
0.55	-10.411	-50.303	-30.1
0.56	-10.421	-47.289	-26.6
0.57	-10.427	-41.683	-27.0
0.58	-10.431	-34.423	-32.3
0.59	-10.432	-26.206	-24.3
0.6	-10.430	-17.420	-41.3
0.61	-10.426	-8.752	-23.8
0.62	-10.422	-1.178	-21.3
0.63	-10.415	4.661	-24.2
0.64	-10.408	8.480	-4.0
0.65	-10.399	10.173	-22.5
0.66	-10.386	10.031	-25.9
0.67	-10.366	8.491	-7.6
0.68	-10.336	5.838	-5.4
0.69	-10.296	2.308	11.5
0.7	-10.248	-1.794	4.7
0.71	-10.198	-6.050	-4.0
0.72	-10.148	-10.166	-12.7
0.73	-10.099	-13.986	-29.2
0.74	-10.050	-17.406	-41.1
0.75	-10.001	-20.481	-43.6
0.76	-9.952	-23.230	-35.5
0.77	-9.904	-25.588	-23.9
0.78	-9.859	-27.634	-40.1
0.79	-9.816	-29.308	10.2
0.8	-9.777	-30.391	-33.4
0.81	-9.738	-30.927	16.5
0.82	-9.690	-31.019	201.3
0.83	-9.637	-30.705	194.8
0.84	-9.583	-30.192	89.8
0.85	-9.537	-29.739	-63.0
0.86	-9.501	-29.283	-52.2
0.87	-9.471	-28.664	-6.0
0.88	-9.443	-28.031	-37.8
0.89	-9.409	-27.455	-8.5
0.9	-9.367	-26.694	-9.4
0.91	-9.316	-25.622	-9.7
0.92	-9.262	-24.372	-10.2
0.93	-9.207	-23.366	-5.3
0.94	-9.154	-23.175	10.9
0.95	-9.102	-23.886	11.4
0.96	-9.051	-24.883	-2.3
0.97	-9.004	-25.045	30.5
0.98	-8.960	-22.286	44.2
0.99	-8.919	-13.347	43.7
1.0	-8.882	4.014	74.8
1.01	-8.846	26.502	86.3
1.02	-8.813	43.842	99.4
1.03	-8.781	50.353	131.8
1.04	-8.749	51.123	157.2
1.05	-8.720	51.138	155.3
1.06	-8.694	51.139	154.4
1.07	-8.669	51.136	131.9
1.08	-8.644	51.059	71.8
1.09	-8.619	49.467	27.8
1.1	-8.594	42.866	-5.5
1.11	-8.572	30.766	-38.1
1.12	-8.552	16.884	-72.4
1.13	-8.533	3.673	-71.5
1.14	-8.513	-8.341	-64.0
1.15	-8.489	-18.922	-77.0
1.16	-8.464	-27.805	-77.9
1.17	-8.441	-34.822	-57.9
1.18	-8.418	-40.259	-65.4
1.19	-8.391	-44.608	-71.7
1.2	-8.365	-48.042	-68.1
1.21	-8.341	-50.214	-63.3
1.22	-8.319	-51.028	-71.8
1.23	-8.298	-51.139	-71.1
1.24	-8.277	-51.138	-66.2
1.25	-8.258	-50.930	-61.2
1.26	-8.237	-49.402	-59.8
1.27	-8.216	-45.295	-65.4
1.28	-8.197	-38.894	-62.9
1.29	-8.178	-31.395	-51.7
1.3	-8.156	-23.689	-65.6
1.31	-8.134	-16.331	-60.9
1.32	-8.113	-9.719	-58.0
1.33	-8.093	-4.248	-58.5
1.34	-8.073	-0.330	-57.4
1.35	-8.052	1.852	-64.4
1.36	-8.030	2.477	-63.4
1.37	-8.010	1.805	-58.3
1.38	-7.991	0.205	-66.4
1.39	-7.975	-2.041	-57.8
1.4	-7.959	-4.806	-59.5
1.41	-7.942	-7.595	-63.8
1.42	-7.926	-10.047	-74.0
1.43	-7.909	-12.497	-65.3
1.44	-7.896	-15.248	-44.5
1.45	-7.882	-18.130	-47.0
1.46	-7.868	-20.864	-35.6
1.47	-7.854	-23.375	-38.3
1.48	-7.843	-25.581	-39.5
1.49	-7.834	-27.289	-22.9
1.5	-7.825	-28.520	-51.8
1.51	-7.814	-29.408	-61.4
1.52	-7.801	-30.052	-72.8
1.53	-7.788	-30.648	-84.2
1.54	-7.775	-31.241	-68.9
1.55	-7.763	-31.609	-59.4
1.56	-7.751	-31.519	-90.3
1.57	-7.739	-30.833	-40.8
1.58	-7.730	-29.775	-67.0
1.59	-7.720	-28.583	-40.0
1.6	-7.706	-27.103	151.9
1.61	-7.688	-25.525	159.1
1.62	-7.671	-24.241	167.4
1.63	-7.659	-23.295	-11.5
1.64	-7.651	-22.930	-108.7
1.65	-7.649	-23.281	-35.1
1.66	-7.649	-23.988	-72.5
1.67	-7.643	-24.634	-57.7
1.68	-7.628	-24.845	-63.8
1.69	-7.611	-24.592	-59.3
1.7	-7.597	-24.392	-59.1
1.71	-7.585	-24.647	-39.7
1.72	-7.574	-25.252	-32.5
1.73	-7.564	-25.623	-30.4
1.74	-7.554	-24.513	-27.3
1.75	-7.546	-19.223	-14.2
1.76	-7.540	-5.700	3.2
1.77	-7.534	16.814	9.2
1.78	-7.527	38.736	20.8
1.79	-7.520	49.289	47.7
1.8	-7.514	51.089	78.8
1.81	-7.509	51.133	96.0
1.82	-7.505	51.139	112.2
1.83	-7.500	51.139	130.8
1.84	-7.495	51.139	132.1
1.85	-7.490	51.131	125.4
1.86	-7.486	50.795	84.8
1.87	-7.482	47.567	35.8
1.88	-7.480	38.258	-3.5
1.89	-7.478	24.766	-36.0
1.9	-7.475	11.270	-64.4
1.91	-7.474	-0.839	-80.4
1.92	-7.473	-11.366	-86.6
1.93	-7.473	-20.191	-78.2
1.94	-7.471	-27.159	-98.3
1.95	-7.466	-32.184	-92.3
1.96	-7.460	-35.688	-71.7
1.97	-7.454	-38.067	-82.6
1.98	-7.448	-39.633	-83.6
1.99	-7.442	-41.277	-73.6
2.0	-7.434	-43.414	-74.8
2.01	-7.426	-45.338	-68.2
2.02	-7.423	-46.361	-68.5
2.03	-7.421	-46.072	-76.2
2.04	-7.419	-44.069	-76.0
2.05	-7.415	-40.455	-67.9
2.06	-7.411	-35.752	-65.4
2.07	-7.408	-30.384	-69.2
2.08	-7.405	-24.667	-87.7
2.09	-7.401	-18.766	-71.4
2.1	-7.395	-12.848	-78.5
2.11	-7.389	-7.486	-71.5
2.12	-7.383	-3.391	-63.7
2.13	-7.376	-0.845	-76.7
2.14	-7.369	0.189	-71.6
2.15	-7.362	-0.292	-65.2
2.16	-7.355	-1.988	-60.3
2.17	-7.347	-4.288	-64.5
2.18	-7.341	-7.064	-69.4
2.19	-7.335	-10.428	-71.6
2.2	-7.330	-14.091	-83.5
2.21	-7.325	-17.559	-66.9
2.22	-7.321	-20.380	-48.9
2.23	-7.317	-22.486	-49.1
2.24	-7.314	-24.330	-43.3
2.25	-7.311	-25.811	-29.7
2.26	-7.308	-26.725	-41.5
2.27	-7.305	-27.588	-26.9
2.28	-7.302	-28.163	-19.7
2.29	-7.299	-28.080	-65.4
2.3	-7.298	-28.134	-69.5
2.31	-7.295	-28.680	-63.1
2.32	-7.292	-29.406	-83.5
2.33	-7.289	-30.022	-53.0
2.34	-7.286	-30.119	-56.8
2.35	-7.282	-29.850	-69.5
2.36	-7.279	-29.659	-19.7
2.37	-7.279	-29.625	-87.6
2.38	-7.278	-29.744	61.4
2.39	-7.273	-29.683	249.4
2.4	-7.267	-28.778	265.0
2.41	-7.264	-27.064	203.5
2.42	-7.263	-25.414	-91.8
2.43	-7.264	-24.408	-76.6
2.44	-7.269	-24.234	-30.4
2.45	-7.274	-24.742	-62.6
2.46	-7.274	-25.141	-42.3
2.47	-7.269	-24.970	-71.2
2.48	-7.263	-24.566	-42.3
2.49	-7.258	-24.317	-34.6
2.5	-7.254	-24.497	-39.9
2.51	-7.251	-25.019	-23.7
2.52	-7.247	-24.988	-19.1
2.53	-7.242	-22.702	-10.3
2.54	-7.237	-15.164	9.3
2.55	-7.231	0.917	21.1
2.56	-7.229	23.783	29.3
2.57	-7.231	42.711	64.2
2.58	-7.232	50.197	86.0
2.59	-7.232	51.120	106.7
2.6	-7.234	51.138	143.0
2.61	-7.239	51.139	158.9
2.62	-7.249	51.139	168.1
2.63	-7.264	51.136	179.4
2.64	-7.285	51.084	139.8
2.65	-7.310	49.717	100.9
2.66	-7.336	43.384	38.6
2.67	-7.360	31.391	-8.3
2.68	-7.381	17.877	-38.6
2.69	-7.400	5.348	-72.5
2.7	-7.421	-5.969	-81.8
2.71	-7.443	-15.927	-89.6
2.72	-7.466	-24.169	-85.5
2.73	-7.488	-30.323	-82.9
2.74	-7.511	-34.611	-79.1
2.75	-7.534	-37.394	-75.8
2.76	-7.558	-39.302	-96.7
2.77	-7.581	-41.309	-72.1
2.78	-7.604	-43.452	-45.6
2.79	-7.625	-45.297	-73.8
2.8	-7.645	-46.794	-79.4
2.81	-7.665	-47.431	-53.5
2.82	-7.684	-46.609	-71.8
2.83	-7.701	-44.286	-64.7
2.84	-7.718	-40.525	-71.0
2.85	-7.732	-35.403	-72.5
2.86	-7.748	-28.975	-61.4
2.87	-7.762	-21.627	-70.1
2.88	-7.774	-14.434	-61.0
2.89	-7.785	-8.302	-53.2
2.9	-7.796	-3.336	-66.8
2.91	-7.806	0.438	-60.2
2.92	-7.817	2.809	-59.7
2.93	-7.829	3.834	-56.6
2.94	-7.843	3.588	-57.0
2.95	-7.856	1.888	-56.6
2.96	-7.869	-1.272	-57.5
2.97	-7.881	-5.292	-60.3
2.98	-7.893	-9.291	-45.4
2.99	-7.907	-12.981	-37.0
3.0	-7.921	-16.483	-56.5
3.01	-7.937	-19.588	-29.6
3.02	-7.955	-22.314	-19.2
3.03	-7.974	-25.011	-18.5
3.04	-7.995	-27.500	-1.3
3.05	-8.016	-29.328	-15.0
3.06	-8.037	-30.591	-2.0
3.07	-8.058	-31.613	7.8
3.08	-8.077	-32.189	-19.9
3.09	-8.094	-32.205	-41.2
3.1	-8.110	-32.073	-44.3
3.11	-8.127	-32.019	-48.7
3.12	-8.144	-31.984	-28.4
3.13	-8.163	-31.852	-33.2
3.14	-8.184	-31.783	-43.9
3.15	-8.208	-32.066	11.8
3.16	-8.233	-32.059	-68.5
3.17	-8.254	-31.245	84.3
3.18	-8.268	-30.188	271.5
3.19	-8.281	-29.003	264.1
3.2	-8.297	-27.553	145.0
3.21	-8.319	-26.339	-75.8
3.22	-8.342	-25.698	-49.5
3.23	-8.369	-25.575	-9.8
3.24	-8.394	-25.627	-25.6
3.25	-8.413	-25.447	-19.0
3.26	-8.425	-25.009	-18.3
3.27	-8.431	-24.455	-2.2
3.28	-8.438	-24.100	-10.3
3.29	-8.446	-24.456	7.0
3.3	-8.455	-25.325	4.8
3.31	-8.466	-25.869	9.5
3.32	-8.477	-25.663	21.5
3.33	-8.490	-23.000	26.7
3.34	-8.504	-13.375	63.9
3.35	-8.520	6.325	56.9
3.36	-8.537	30.427	68.8
3.37	-8.556	46.350	120.3
3.38	-8.575	50.856	120.7
3.39	-8.592	51.125	165.1
3.4	-8.611	51.139	185.4
3.41	-8.631	51.139	173.7
3.42	-8.651	51.138	171.4
3.43	-8.670	51.128	143.5
3.44	-8.689	50.491	88.9
3.45	-8.706	46.156	54.6
3.46	-8.723	35.658	23.6
3.47	-8.742	21.623	-13.6
3.48	-8.765	7.928	-37.5
3.49	-8.791	-4.420	-41.6
3.5	-8.818	-15.553	-49.7
3.51	-8.839	-24.928	-55.2
3.52	-8.858	-32.131	-48.1
3.53	-8.876	-37.483	-42.5
3.54	-8.894	-41.505	-38.0
3.55	-8.914	-44.392	-46.9
3.56	-8.935	-46.152	-43.5
3.57	-8.956	-47.467	-42.6
3.58	-8.975	-48.966	-57.3
3.59	-8.992	-50.223	-28.7
3.6	-9.010	-50.548	-44.9
3.61	-9.029	-49.513	-37.5
3.62	-9.050	-46.658	-19.8
3.63	-9.074	-41.742	-24.8
3.64	-9.098	-35.298	-30.5
3.65	-9.122	-28.234	-22.8
3.66	-9.144	-20.947	-24.9
3.67	-9.163	-13.613	-30.2
3.68	-9.181	-6.880	-35.0
3.69	-9.199	-1.417	-35.9
3.7	-9.217	2.723	-19.5
3.71	-9.238	5.419	-31.5
3.72	-9.263	6.080	-39.1
3.73	-9.292	4.816	-25.6
3.74	-9.319	2.505	-19.3
3.75	-9.343	-0.459	-19.5
3.76	-9.366	-4.011	-12.8
3.77	-9.389	-7.825	-32.2
3.78	-9.416	-11.597	-24.1
3.79	-9.444	-15.264	12.7
3.8	-9.471	-18.897	8.5
3.81	-9.498	-22.188	5.5
3.82	-9.529	-24.659	3.7
3.83	-9.561	-26.441	1.0
3.84	-9.591	-27.780	-23.2
3.85	-9.619	-28.739	-37.8
3.86	-9.645	-29.589	-35.4
3.87	-9.671	-30.439	-19.6
3.88	-9.697	-31.097	-43.3
3.89	-9.723	-31.236	-37.9
3.9	-9.752	-30.722	-16.5
3.91	-9.783	-30.111	6.3
3.92	-9.813	-29.755	-39.4
3.93	-9.834	-29.383	66.2
3.94	-9.849	-28.819	212.0
3.95	-9.861	-27.998	213.6
3.96	-9.880	-27.103	125.4
3.97	-9.907	-26.397	-83.1
3.98	-9.938	-25.789	-28.1
3.99	-9.971	-25.231	15.4
4.0	-9.998	-24.428	-16.7
4.01	-10.014	-22.897	0.3
4.02	-10.016	-21.323	-27.5
4.03	-10.011	-20.525	-2.4
4.04	-10.006	-20.205	-2.6
4.05	-10.005	-20.370	9.7
4.06	-10.008	-21.438	21.7
4.07	-10.013	-22.936	10.3
4.08	-10.018	-23.930	27.9
4.09	-10.022	-23.534	35.8
4.1	-10.026	-19.755	51.9
4.11	-10.031	-8.659	70.3
4.12	-10.036	12.125	62.9
4.13	-10.042	35.142	105.6
4.14	-10.048	48.131	130.2
4.15	-10.053	51.017	144.9
4.16	-10.055	51.133	151.3
4.17	-10.056	51.139	175.3
4.18	-10.056	51.138	171.6
4.19	-10.057	51.130	131.0
4.2	-10.056	50.559	90.4
4.21	-10.053	46.541	54.6
4.22	-10.047	36.773	7.8
4.23	-10.044	23.833	-28.6
4.24	-10.046	10.909	-37.2
4.25	-10.053	-1.420	-43.8
4.26	-10.061	-12.702	-49.1
4.27	-10.064	-22.163	-53.1
4.28	-10.064	-29.527	-55.1
4.29	-10.064	-34.970	-57.7
4.3	-10.063	-39.211	-43.9
4.31	-10.058	-42.975	-41.7
4.32	-10.053	-46.148	-50.4
4.33	-10.046	-48.369	-32.3
4.34	-10.037	-49.792	-52.5
4.35	-10.027	-50.634	-45.5
4.36	-10.018	-50.711	-32.0
4.37	-10.010	-49.803	-38.0
4.38	-10.003	-47.634	-26.4
4.39	-9.995	-43.764	-21.5
4.4	-9.984	-38.044	-43.9
4.41	-9.969	-30.670	-17.5
4.42	-9.950	-21.998	-23.3
4.43	-9.928	-12.884	-48.8
4.44	-9.900	-4.564	-32.2
4.45	-9.867	2.127	-31.8
4.46	-9.829	7.083	-38.0
4.47	-9.785	10.208	-33.8
4.48	-9.740	11.109	-20.9
4.49	-9.697	10.081	-22.9
4.5	-9.658	8.111	-34.8
4.51	-9.621	5.548	-33.7
4.52	-9.587	2.106	-35.9
4.53	-9.556	-2.048	-31.7
4.54	-9.531	-6.297	-23.5
4.55	-9.509	-10.423	-10.4
4.56	-9.488	-14.531	-16.3
4.57	-9.464	-18.313	-8.7
4.58	-9.438	-21.342	-7.1
4.59	-9.409	-23.516	10.9
4.6	-9.381	-25.070	-1.8
4.61	-9.354	-26.548	-31.0
4.62	-9.327	-28.113	-40.0
4.63	-9.300	-29.438	-38.4
4.64	-9.273	-30.283	-38.7
4.65	-9.244	-30.789	-50.3
4.66	-9.216	-31.064	-52.1
4.67	-9.187	-30.963	-15.8
4.68	-9.159	-30.475	5.8
4.69	-9.129	-29.444	-71.6
4.7	-9.095	-27.741	87.3
4.71	-9.057	-25.961	210.9
4.72	-9.019	-24.413	184.2
4.73	-8.988	-22.925	95.7
4.74	-8.967	-21.839	-98.7
4.75	-8.953	-21.303	-39.0
4.76	-8.939	-21.125	-13.2
4.77	-8.921	-21.114	-39.2
4.78	-8.893	-21.200	-22.8
4.79	-8.853	-21.573	-25.5
4.8	-8.807	-21.647	-21.8
4.81	-8.763	-21.192	-13.0
4.82	-8.722	-21.417	-34.8
4.83	-8.684	-22.520	-6.9
4.84	-8.649	-23.430	15.0
4.85	-8.616	-23.277	-3.5
4.86	-8.584	-20.581	20.1
4.87	-8.553	-11.772	26.3
4.88	-8.522	6.552	34.3
4.89	-8.494	29.927	68.9
4.9	-8.468	45.988	82.4
4.91	-8.445	50.783	107.7
4.92	-8.424	51.122	121.9
4.93	-8.404	51.139	135.1
4.94	-8.384	51.139	147.5
4.95	-8.364	51.131	141.7
4.96	-8.346	50.963	120.8
4.97	-8.328	48.608	69.5
4.98	-8.309	40.641	25.8
4.99	-8.291	27.977	-6.9
5.0	-8.273	14.506	-38.1
5.01	-8.259	1.823	-57.1
5.02	-8.246	-9.530	-81.3
5.03	-8.233	-18.914	-61.4
5.04	-8.217	-26.188	-68.4
5.05	-8.199	-32.108	-68.5
5.06	-8.181	-36.841	-63.1
5.07	-8.162	-40.005	-69.5
5.08	-8.143	-42.263	-57.5
5.09	-8.122	-44.194	-55.8
5.1	-8.101	-45.948	-61.2
5.11	-8.079	-47.641	-59.3
5.12	-8.058	-49.022	-70.0
5.13	-8.037	-49.659	-64.8
5.14	-8.016	-48.597	-51.4
5.15	-7.996	-45.256	-53.5
5.16	-7.976	-40.228	-50.2
5.17	-7.956	-34.234	-62.5
5.18	-7.934	-27.542	-51.6
5.19	-7.911	-19.998	-37.9
5.2	-7.888	-12.244	-59.0
5.21	-7.864	-5.659	-64.1
5.22	-7.841	-0.577	-58.0
5.23	-7.820	2.969	-47.5
5.24	-7.800	4.527	-56.8
5.25	-7.781	4.059	-62.1
5.26	-7.764	2.220	-81.3
5.27	-7.746	-0.166	-50.2
5.28	-7.728	-2.917	-44.0
5.29	-7.709	-6.308	-56.4
5.3	-7.691	-10.289	-53.3
5.31	-7.674	-14.286	-49.7
5.32	-7.659	-17.895	-41.4
5.33	-7.644	-21.364	-56.6
5.34	-7.629	-24.500	-59.0
5.35	-7.617	-26.722	-53.3
5.36	-7.608	-28.473	-49.5
5.37	-7.599	-30.192	-39.9
5.38	-7.589	-31.392	-46.7
5.39	-7.579	-32.020	-15.2
5.4	-7.570	-32.503	-6.6
5.41	-7.564	-32.953	-31.9
5.42	-7.559	-33.305	-18.8
5.43	-7.556	-33.441	-31.3
5.44	-7.555	-33.355	-67.9
5.45	-7.554	-33.081	-45.6
5.46	-7.551	-32.584	-53.4
5.47	-7.548	-32.064	-62.5
5.48	-7.545	-31.698	-42.3
5.49	-7.543	-31.353	-57.8
5.5	-7.543	-30.858	-29.3
5.51	-7.545	-30.083	-41.7
5.52	-7.543	-28.906	-21.4
5.53	-7.534	-27.439	164.2
5.54	-7.521	-25.964	199.0
5.55	-7.513	-24.572	216.2
5.56	-7.511	-23.400	25.2
5.57	-7.513	-22.741	-99.5
5.58	-7.516	-22.448	-27.1
5.59	-7.517	-22.000	-48.0
5.6	-7.510	-21.283	-32.4
5.61	-7.497	-20.677	-45.6
5.62	-7.482	-20.202	-49.1
5.63	-7.470	-19.702	-33.4
5.64	-7.461	-19.586	-26.6
5.65	-7.452	-20.045	-9.0
5.66	-7.442	-20.381	-17.2
5.67	-7.435	-19.156	-16.0
5.68	-7.429	-12.972	7.7
5.69	-7.424	2.877	4.0
5.7	-7.419	26.306	15.3
5.71	-7.411	44.447	46.8
5.72	-7.402	50.575	61.6
5.73	-7.396	51.119	82.8
5.74	-7.391	51.139	105.7
5.75	-7.388	51.139	123.1
5.76	-7.385	51.139	145.1
5.77	-7.382	51.138	156.9
5.78	-7.379	51.131	140.1
5.79	-7.376	50.647	106.7
5.8	-7.371	46.913	58.9
5.81	-7.366	37.367	8.1
5.82	-7.359	24.389	-27.5
5.83	-7.352	11.547	-38.6
5.84	-7.346	-0.141	-65.3
5.85	-7.343	-10.442	-60.4
5.86	-7.343	-19.175	-74.9
5.87	-7.341	-26.253	-82.5
5.88	-7.337	-31.419	-71.5
5.89	-7.332	-34.873	-80.4
5.9	-7.328	-37.155	-74.8
5.91	-7.325	-38.323	-69.6
5.92	-7.323	-38.792	-63.5
5.93	-7.320	-39.689	-60.3
5.94	-7.316	-41.458	-71.2
5.95	-7.311	-43.231	-65.0
5.96	-7.305	-44.061	-62.4
5.97	-7.301	-43.469	-68.8
5.98	-7.299	-41.219	-71.9
5.99	-7.296	-37.669	-69.5
6.0	-7.293	-33.167	-72.5
6.01	-7.289	-28.042	-55.6
6.02	-7.287	-23.052	-62.9
6.03	-7.285	-18.200	-63.4
6.04	-7.283	-13.433	-46.6
6.05	-7.281	-9.483	-54.5
6.06	-7.278	-6.355	-61.4
6.07	-7.276	-4.038	-60.1
6.08	-7.276	-3.120	-69.3
6.09	-7.274	-3.513	-58.5
6.1	-7.273	-5.091	-60.6
6.11	-7.272	-7.834	-58.1
6.12	-7.270	-10.959	-55.8
6.13	-7.268	-13.920	-55.7
6.14	-7.264	-16.786	-52.0
6.15	-7.262	-19.461	-60.7
6.16	-7.258	-21.853	-60.3
6.17	-7.253	-24.003	-46.1
6.18	-7.248	-25.853	-47.8
6.19	-7.246	-27.486	-61.5
6.2	-7.244	-29.017	-44.5
6.21	-7.244	-30.319	-32.2
6.22	-7.245	-31.339	-33.3
6.23	-7.246	-32.242	-6.3
6.24	-7.248	-32.948	-17.1
6.25	-7.251	-33.275	-13.0
6.26	-7.253	-33.000	-12.8
6.27	-7.256	-32.069	-40.2
6.28	-7.258	-31.355	-53.3
6.29	-7.261	-31.358	-60.5
6.3	-7.263	-31.463	-60.2
6.31	-7.266	-31.422	-57.7
6.32	-7.271	-31.161	-49.3
6.33	-7.280	-30.439	-58.9
6.34	-7.295	-29.631	-20.6
6.35	-7.319	-28.905	-66.9
6.36	-7.346	-28.028	26.0
6.37	-7.371	-27.322	243.6
6.38	-7.393	-26.686	303.2
6.39	-7.414	-25.692	314.6
6.4	-7.437	-24.672	10.5
6.41	-7.461	-23.848	-103.8
6.42	-7.487	-23.395	-33.2
6.43	-7.513	-23.583	-46.5
6.44	-7.532	-23.705	-37.4
6.45	-7.545	-23.061	-58.4
6.46	-7.551	-21.980	-44.6
6.47	-7.556	-20.880	-32.4
6.48	-7.560	-20.438	-28.4
6.49	-7.564	-21.316	-18.4
6.5	-7.568	-22.617	-22.2
6.51	-7.575	-22.655	-4.0
6.52	-7.587	-18.648	4.9
6.53	-7.601	-5.997	31.2
6.54	-7.618	16.220	38.2
6.55	-7.636	38.266	49.6
6.56	-7.655	49.123	77.3
6.57	-7.675	51.077	92.3
6.58	-7.696	51.133	143.7
6.59	-7.718	51.139	168.0
6.6	-7.739	51.139	172.3
6.61	-7.761	51.131	170.3
6.62	-7.781	50.897	162.1
6.63	-7.800	48.364	122.7
6.64	-7.819	40.511	62.6
6.65	-7.838	28.517	19.9
6.66	-7.856	16.136	-28.9
6.67	-7.876	4.773	-38.9
6.68	-7.898	-5.450	-48.8
6.69	-7.924	-14.456	-61.8
6.7	-7.954	-22.319	-74.4
6.71	-7.985	-28.755	-76.3
6.72	-8.014	-33.295	-64.4
6.73	-8.043	-36.072	-66.9
6.74	-8.073	-37.686	-68.3
6.75	-8.103	-38.966	-54.0
6.76	-8.130	-40.386	-61.6
6.77	-8.155	-41.727	-44.7
6.78	-8.178	-42.830	-59.5
6.79	-8.201	-43.406	-67.4
6.8	-8.226	-42.930	-31.8
6.81	-8.251	-41.439	-60.2
6.82	-8.278	-38.916	-60.2
6.83	-8.306	-35.197	-41.0
6.84	-8.333	-30.786	-56.6
6.85	-8.359	-25.983	-48.9
6.86	-8.384	-20.636	-52.7
6.87	-8.407	-15.113	-46.6
6.88	-8.428	-10.088	-56.7
6.89	-8.446	-5.973	-62.2
6.9	-8.466	-2.784	-32.3
6.91	-8.485	-0.505	-44.9
6.92	-8.506	0.292	-64.5
6.93	-8.527	-0.850	-38.1
6.94	-8.549	-3.323	-48.0
6.95	-8.571	-6.291	-53.5
6.96	-8.591	-9.438	-47.1
6.97	-8.611	-12.481	-51.4
6.98	-8.633	-15.209	-56.5
6.99	-8.656	-17.875	-44.2
7.0	-8.680	-20.791	-34.8
7.01	-8.706	-23.477	-29.7
7.02	-8.731	-25.191	-27.3
7.03	-8.754	-26.550	-14.9
7.04	-8.778	-28.144	-8.8
7.05	-8.803	-29.106	-6.5
7.06	-8.828	-29.461	0.7
7.07	-8.851	-30.169	-13.6
7.08	-8.872	-30.991	-34.2
7.09	-8.893	-31.083	-54.2
7.1	-8.912	-30.522	-44.6
7.11	-8.933	-30.127	-31.1
7.12	-8.954	-29.984	-44.7
7.13	-8.975	-29.720	-65.2
7.14	-8.996	-29.639	-30.6
7.15	-9.019	-29.869	18.5
7.16	-9.041	-29.706	-61.4
7.17	-9.059	-28.659	106.4
7.18	-9.072	-27.331	237.6
7.19	-9.086	-26.347	208.8
7.2	-9.104	-25.166	99.5
7.21	-9.129	-23.797	-82.2
7.22	-9.157	-23.355	-41.1
7.23	-9.189	-23.577	-17.2
7.24	-9.217	-23.263	-30.2
7.25	-9.235	-22.608	-32.2
7.26	-9.244	-22.291	-44.7
7.27	-9.248	-22.113	-8.9
7.28	-9.253	-21.838	7.2
7.29	-9.259	-21.998	3.2
7.3	-9.266	-23.019	-6.4
7.31	-9.275	-24.159	1.6
7.32	-9.286	-24.359	14.8
7.33	-9.299	-22.300	23.7
7.34	-9.313	-14.619	30.4
7.35	-9.324	2.706	47.6
7.36	-9.333	26.714	80.4
7.37	-9.342	44.688	94.3
7.38	-9.353	50.611	119.3
7.39	-9.366	51.119	137.3
7.4	-9.381	51.139	155.6
7.41	-9.398	51.138	169.3
7.42	-9.417	51.114	147.9
7.43	-9.438	50.336	126.6
7.44	-9.461	45.825	87.2
7.45	-9.482	35.636	44.6
7.46	-9.503	22.473	-3.1
7.47	-9.524	9.675	-31.3
7.48	-9.549	-1.827	-40.6
7.49	-9.579	-12.155	-56.8
7.5	-9.611	-21.005	-69.3
7.51	-9.641	-27.991	-53.7
7.52	-9.670	-33.620	-55.9
7.53	-9.704	-38.031	-55.9
7.54	-9.746	-40.528	-61.3
7.55	-9.789	-41.378	-66.7
7.56	-9.831	-41.780	-50.9
7.57	-9.873	-42.495	-48.7
7.58	-9.913	-43.445	-50.7
7.59	-9.956	-44.173	-56.3
7.6	-10.000	-44.309	-31.5
7.61	-10.047	-43.373	-53.3
7.62	-10.097	-41.075	-56.8
7.63	-10.146	-37.683	-21.9
7.64	-10.191	-33.402	-46.5
7.65	-10.233	-27.963	-34.2
7.66	-10.274	-21.367	-46.5
7.67	-10.312	-14.183	-53.9
7.68	-10.347	-6.981	-48.3
7.69	-10.378	-0.427	-40.2
7.7	-10.409	4.686	-37.4
7.71	-10.439	7.822	-48.4
7.72	-10.463	8.802	-49.7
7.73	-10.484	7.917	-36.3
7.74	-10.506	5.741	-51.0
7.75	-10.529	2.616	-47.5
7.76	-10.554	-1.463	-26.1
7.77	-10.579	-6.266	-33.6
7.78	-10.603	-11.064	-23.5
7.79	-10.628	-15.381	-4.8
7.8	-10.651	-19.027	-12.9
7.81	-10.672	-21.728	-7.9
7.82	-10.692	-23.803	-11.8
7.83	-10.711	-25.922	-30.7
7.84	-10.731	-27.855	-35.3
7.85	-10.749	-29.027	-43.9
7.86	-10.764	-29.386	-39.7
7.87	-10.774	-29.023	-43.5
7.88	-10.781	-28.453	-47.6
7.89	-10.783	-28.298	-57.3
7.9	-10.783	-28.250	-19.2
7.91	-10.777	-27.941	-21.3
7.92	-10.761	-27.423	-52.8
7.93	-10.733	-26.672	143.8
7.94	-10.693	-26.014	197.8
7.95	-10.650	-25.598	131.1
7.96	-10.616	-25.194	-9.2
7.97	-10.593	-24.891	-82.5
7.98	-10.572	-24.658	-8.4
7.99	-10.545	-24.306	-25.3
8.0	-10.508	-23.641	-29.5
8.01	-10.456	-22.581	-21.6
8.02	-10.393	-21.633	-23.2
8.03	-10.326	-21.144	-23.5
8.04	-10.263	-21.061	-29.1
8.05	-10.205	-21.370	3.8
8.06	-10.153	-21.972	15.1
8.07	-10.105	-22.711	-5.5
8.08	-10.065	-22.792	12.5
8.09	-10.033	-20.763	22.8
8.1	-10.008	-14.497	31.5
8.11	-9.991	-0.892	52.6
8.12	-9.979	20.103	62.4
8.13	-9.968	39.880	86.6
8.14	-9.957	49.384	101.7
8.15	-9.945	51.084	133.6
8.16	-9.932	51.134	143.2
8.17	-9.916	51.136	144.9
8.18	-9.897	51.063	133.6
8.19	-9.876	49.641	91.8
8.2	-9.850	43.983	66.0
8.21	-9.821	33.683	0.5
8.22	-9.791	21.505	-33.2
8.23	-9.763	9.497	-43.4
8.24	-9.740	-1.455	-71.3
8.25	-9.720	-11.092	-58.2
8.26	-9.697	-19.252	-86.8
8.27	-9.669	-25.548	-74.7
8.28	-9.638	-30.142	-64.0
8.29	-9.606	-33.531	-59.2
8.3	-9.570	-36.153	-48.0
8.31	-9.532	-38.483	-71.8
8.32	-9.493	-40.569	-65.6
8.33	-9.455	-42.217	-64.5
8.34	-9.418	-43.717	-60.0
8.35	-9.381	-45.334	-52.5
8.36	-9.346	-46.283	-58.9
8.37	-9.313	-45.484	-57.5
8.38	-9.279	-42.839	-57.1
8.39	-9.246	-38.656	-48.6
8.4	-9.212	-33.222	-53.2
8.41	-9.177	-27.042	-50.4
8.42	-9.142	-20.475	-63.1
8.43	-9.107	-13.895	-54.6
8.44	-9.073	-7.622	-65.1
8.45	-9.040	-1.752	-57.8
8.46	-9.007	2.884	-58.6
8.47	-8.976	5.186	-61.4
8.48	-8.947	5.106	-37.0
8.49	-8.916	3.278	-74.4
8.5	-8.886	0.597	-74.5
8.51	-8.854	-2.242	-43.5
8.52	-8.824	-5.286	-57.7
8.53	-8.793	-8.634	-64.1
8.54	-8.762	-11.933	-58.2
8.55	-8.729	-14.897	-58.4
8.56	-8.699	-17.548	-66.8
8.57	-8.669	-19.752	-52.9
8.58	-8.642	-21.289	-49.1
8.59	-8.617	-22.403	-41.2
8.6	-8.594	-23.469	-26.2
8.61	-8.574	-24.511	-35.2
8.62	-8.553	-25.278	-33.0
8.63	-8.533	-25.702	-17.9
8.64	-8.512	-26.058	-32.6
8.65	-8.491	-26.395	-53.5
8.66	-8.469	-26.842	-62.8
8.67	-8.444	-27.631	-50.6
8.68	-8.415	-28.306	-71.4
8.69	-8.385	-28.455	-53.3
8.7	-8.354	-28.241	-60.2
8.71	-8.328	-27.808	-22.5
8.72	-8.308	-27.158	-54.3
8.73	-8.287	-26.214	-15.1
8.74	-8.263	-25.084	151.1
8.75	-8.235	-24.094	126.9
8.76	-8.209	-23.247	143.5
8.77	-8.187	-22.381	3.6
8.78	-8.172	-21.695	-93.0
8.79	-8.161	-21.500	-18.3
8.8	-8.148	-21.645	-43.6
8.81	-8.124	-21.573	-55.2
8.82	-8.093	-21.045	-40.7
8.83	-8.058	-20.480	-36.9
8.84	-8.021	-20.303	-49.8
8.85	-7.988	-20.642	-28.8
8.86	-7.958	-21.452	-25.8
8.87	-7.928	-22.105	-19.3
8.88	-7.900	-21.531	-16.5
8.89	-7.875	-17.834	-21.0
8.9	-7.852	-7.014	18.2
8.91	-7.829	13.663	37.8
8.92	-7.806	36.328	22.5
8.93	-7.782	48.577	42.5
8.94	-7.757	51.048	67.2
8.95	-7.731	51.133	91.4
8.96	-7.706	51.139	106.7
8.97	-7.681	51.138	127.0
8.98	-7.657	51.128	129.3
8.99	-7.634	50.589	116.9
9.0	-7.611	47.033	84.1
9.01	-7.590	38.586	40.5
9.02	-7.568	27.294	6.6
9.03	-7.546	16.020	-46.0
9.04	-7.523	5.986	-57.6
9.05	-7.502	-2.783	-46.6
9.06	-7.484	-10.369	-60.8
9.07	-7.468	-16.736	-58.8
9.08	-7.449	-22.533	-73.8
9.09	-7.429	-27.577	-62.7
9.1	-7.409	-30.880	-66.7
9.11	-7.392	-32.809	-67.7
9.12	-7.379	-34.170	-50.8
9.13	-7.368	-35.375	-60.5
9.14	-7.359	-37.170	-63.0
9.15	-7.353	-39.705	-55.1
9.16	-7.346	-41.953	-59.2
9.17	-7.339	-42.870	-63.7
9.18	-7.333	-42.013	-56.7
9.19	-7.328	-39.586	-54.5
9.2	-7.323	-36.102	-65.0
9.21	-7.319	-31.677	-51.8
9.22	-7.314	-26.381	-59.8
9.23	-7.310	-20.688	-60.5
9.24	-7.304	-15.056	-49.6
9.25	-7.296	-9.752	-44.2
9.26	-7.289	-5.313	-50.7
9.27	-7.282	-2.481	-46.7
9.28	-7.276	-1.144	-44.2
9.29	-7.271	-0.897	-63.3
9.3	-7.269	-1.827	-50.5
9.31	-7.269	-3.642	-36.9
9.32	-7.268	-6.086	-46.1
9.33	-7.266	-8.959	-43.0
9.34	-7.264	-11.700	-48.0
9.35	-7.263	-14.345	-47.8
9.36	-7.260	-16.986	-56.2
9.37	-7.256	-19.533	-59.3
9.38	-7.253	-22.014	-27.9
9.39	-7.250	-23.628	-12.8
9.4	-7.249	-24.234	-28.2
9.41	-7.249	-24.938	-11.3
9.42	-7.249	-25.659	-9.8
9.43	-7.249	-25.886	-33.5
9.44	-7.249	-26.122	-45.8
9.45	-7.248	-26.641	-56.8
9.46	-7.247	-27.211	-55.0
9.47	-7.246	-27.584	-46.9
9.48	-7.244	-27.631	-52.9
9.49	-7.244	-27.461	-59.4
9.5	-7.246	-27.061	-1.9
9.51	-7.248	-26.583	-19.8
9.52	-7.247	-26.423	-25.0
9.53	-7.241	-26.294	160.0
9.54	-7.231	-25.698	184.2
9.55	-7.223	-24.697	209.5
9.56	-7.217	-23.464	50.0
9.57	-7.219	-22.489	-88.1
9.58	-7.229	-22.230	-13.8
9.59	-7.246	-22.470	-44.8
9.6	-7.258	-23.081	-33.7
9.61	-7.259	-23.652	-34.6
9.62	-7.252	-23.347	-44.9
9.63	-7.243	-22.644	-32.5
9.64	-7.236	-22.614	-20.7
9.65	-7.229	-23.073	-9.9
9.66	-7.221	-23.552	-15.1
9.67	-7.213	-23.477	-1.1
9.68	-7.206	-20.472	11.2
9.69	-7.197	-10.541	17.0
9.7	-7.189	8.766	34.3
9.71	-7.181	31.923	50.8
9.72	-7.175	46.853	72.8
9.73	-7.169	50.908	103.1
9.74	-7.164	51.128	120.1
9.75	-7.161	51.139	147.9
9.76	-7.159	51.139	171.6
9.77	-7.159	51.136	164.7
9.78	-7.157	51.064	152.6
9.79	-7.157	49.564	127.4
9.8	-7.156	43.408	67.3
9.81	-7.156	32.406	17.5
9.82	-7.156	20.416	-22.8
9.83	-7.156	9.672	-38.1
9.84	-7.157	0.141	-62.9
9.85	-7.158	-8.323	-76.1
9.86	-7.160	-15.630	-76.2
9.87	-7.161	-21.789	-87.9
9.88	-7.161	-26.719	-72.5
9.89	-7.163	-30.169	-75.6
9.9	-7.166	-32.438	-72.5
9.91	-7.169	-34.222	-64.3
9.92	-7.173	-35.836	-70.7
9.93	-7.178	-37.416	-55.2
9.94	-7.185	-39.111	-67.4
9.95	-7.197	-40.472	-71.4
9.96	-7.217	-40.767	-62.7
9.97	-7.244	-39.897	-58.6
9.98	-7.276	-37.944	-78.6
9.99	-7.310	-34.828	-68.2
10.0	-7.343	-30.522	-61.4
10.01	-7.373	-24.905	-55.6
10.02	-7.400	-18.373	-54.3
10.03	-7.424	-11.856	-74.4
10.04	-7.447	-5.948	-64.3
10.05	-7.466	-1.203	-55.3
10.06	-7.482	1.972	-62.1
10.07	-7.497	3.692	-67.0
10.08	-7.511	4.072	-58.6
10.09	-7.526	3.195	-60.8
10.1	-7.543	1.283	-72.6
10.11	-7.559	-1.492	-42.6
10.12	-7.576	-4.934	-47.0
10.13	-7.595	-8.613	-61.5
10.14	-7.616	-12.200	-63.8
10.15	-7.640	-15.544	-43.1
10.16	-7.666	-18.483	-56.5
10.17	-7.693	-21.205	-61.0
10.18	-7.723	-23.733	-33.6
10.19	-7.753	-25.625	-38.9
10.2	-7.782	-26.797	-27.7
10.21	-7.812	-27.416	-14.6
10.22	-7.840	-27.634	-26.8
10.23	-7.868	-27.669	-21.8
10.24	-7.893	-27.613	-36.6
10.25	-7.919	-27.478	-60.5
10.26	-7.944	-27.261	-64.2
10.27	-7.969	-26.980	-57.8
10.28	-7.993	-26.823	-39.6
10.29	-8.018	-27.048	-60.0
10.3	-8.043	-27.558	-60.8
10.31	-8.070	-27.992	3.2
10.32	-8.098	-28.280	-62.6
10.33	-8.121	-28.366	70.5
10.34	-8.140	-27.986	222.4
10.35	-8.156	-27.300	211.9
10.36	-8.177	-26.573	94.9
10.37	-8.203	-25.748	-102.7
10.38	-8.231	-24.998	-63.0
10.39	-8.263	-24.523	-41.8
10.4	-8.294	-24.003	-38.7
10.41	-8.319	-23.098	-29.5
10.42	-8.338	-21.992	-46.0
10.43	-8.351	-21.025	-6.9
10.44	-8.364	-20.508	-23.9
10.45	-8.377	-20.775	-12.0
10.46	-8.391	-21.809	-3.1
10.47	-8.404	-23.053	-14.9
10.48	-8.419	-23.408	10.1
10.49	-8.436	-20.981	21.0
10.5	-8.454	-12.197	23.0
10.51	-8.473	6.708	40.8
10.52	-8.492	30.859	57.1
10.53	-8.513	46.705	75.1
10.54	-8.533	50.919	110.4
10.55	-8.553	51.128	148.8
10.56	-8.574	51.139	145.0
10.57	-8.595	51.139	158.3
10.58	-8.617	51.134	164.3
10.59	-8.639	51.058	141.2
10.6	-8.661	49.459	86.9
10.61	-8.681	43.063	38.7
10.62	-8.701	31.792	-2.5
10.63	-8.721	19.278	-36.7
10.64	-8.742	7.530	-59.8
10.65	-8.766	-3.270	-64.8
10.66	-8.794	-12.972	-63.4
10.67	-8.820	-21.150	-75.4
10.68	-8.842	-27.467	-59.6
10.69	-8.863	-32.102	-54.7
10.7	-8.883	-35.491	-67.5
10.71	-8.902	-38.223	-62.0
10.72	-8.921	-40.734	-59.0
10.73	-8.939	-43.047	-56.0
10.74	-8.957	-45.097	-57.9
10.75	-8.977	-46.717	-58.5
10.76	-8.999	-47.558	-47.8
10.77	-9.022	-47.278	-43.5
10.78	-9.047	-45.641	-53.9
10.79	-9.072	-42.388	-35.5
10.8	-9.097	-37.534	-46.5
10.81	-9.123	-31.413	-40.6
10.82	-9.149	-24.000	-42.6
10.83	-9.177	-15.816	-46.9
10.84	-9.201	-8.261	-41.9
10.85	-9.223	-2.031	-57.2
10.86	-9.241	2.811	-52.9
10.87	-9.260	5.922	-40.7
10.88	-9.281	7.097	-38.2
10.89	-9.303	6.634	-39.7
10.9	-9.326	4.852	-41.8
10.91	-9.351	1.956	-28.3
10.92	-9.376	-1.600	-34.2
10.93	-9.401	-5.388	-37.8
10.94	-9.426	-9.042	-21.7
10.95	-9.450	-12.288	-8.1
10.96	-9.474	-15.347	-18.0
10.97	-9.497	-18.387	-15.4
10.98	-9.519	-21.167	-2.6
10.99	-9.541	-23.583	-40.3
11.0	-9.564	-25.519	-45.9
11.01	-9.588	-26.858	-31.5
11.02	-9.613	-27.828	-73.1
11.03	-9.638	-28.642	-43.8
11.04	-9.665	-29.378	-44.9
11.05	-9.694	-30.042	-32.3
11.06	-9.725	-30.417	-2.0
11.07	-9.752	-30.372	-55.7
11.08	-9.773	-29.884	109.0
11.09	-9.793	-29.083	212.8
11.1	-9.816	-28.392	161.9
11.11	-9.845	-27.925	22.0
11.12	-9.881	-27.409	-108.1
11.13	-9.921	-26.914	-19.5
11.14	-9.957	-26.514	-22.7
11.15	-9.987	-25.884	-29.3
11.16	-10.004	-25.027	-18.0
11.17	-10.012	-24.266	-22.9
11.18	-10.017	-23.544	-12.8
11.19	-10.025	-22.867	-13.2
11.2	-10.037	-22.752	-24.9
11.21	-10.051	-23.431	3.2
11.22	-10.066	-24.466	11.8
11.23	-10.081	-25.091	18.6
11.24	-10.096	-24.192	28.3
11.25	-10.110	-19.994	29.6
11.26	-10.126	-9.403	60.5
11.27	-10.143	10.245	75.1
11.28	-10.161	33.270	100.1
11.29	-10.176	47.431	130.1
11.3	-10.188	50.964	126.4
11.31	-10.198	51.130	138.7
11.32	-10.207	51.139	162.7
11.33	-10.215	51.134	157.7
11.34	-10.223	51.033	106.9
11.35	-10.229	49.250	61.9
11.36	-10.234	42.527	31.5
11.37	-10.240	30.820	-29.5
11.38	-10.251	17.684	-45.4
11.39	-10.267	5.327	-33.1
11.4	-10.283	-5.759	-70.2
11.41	-10.293	-15.275	-64.3
11.42	-10.296	-22.966	-67.3
11.43	-10.299	-28.888	-65.6
11.44	-10.301	-33.397	-67.0
11.45	-10.299	-37.116	-65.5
11.46	-10.294	-40.345	-52.0
11.47	-10.287	-42.913	-64.2
11.48	-10.277	-44.900	-57.9
11.49	-10.264	-46.602	-44.8
11.5	-10.249	-47.928	-64.4
11.51	-10.233	-48.509	-52.8
11.52	-10.215	-47.970	-26.1
11.53	-10.193	-45.908	-42.5
11.54	-10.164	-42.131	-33.9
11.55	-10.129	-36.753	-44.6
11.56	-10.088	-29.961	-53.1
11.57	-10.042	-22.111	-29.2
11.58	-9.994	-13.681	-55.2
11.59	-9.946	-5.320	-43.6
11.6	-9.902	1.973	-36.4
11.61	-9.860	7.348	-51.1
11.62	-9.822	10.447	-44.7
11.63	-9.786	11.414	-21.6
11.64	-9.752	10.717	-41.5
11.65	-9.717	8.669	-51.0
11.66	-9.683	5.591	-20.9
11.67	-9.649	1.970	-24.3
11.68	-9.616	-1.922	-14.5
11.69	-9.586	-5.988	-17.4
11.7	-9.558	-10.016	-7.7
11.71	-9.531	-13.691	2.6
11.72	-9.507	-16.842	-26.2
11.73	-9.483	-19.598	-42.2
11.74	-9.460	-22.153	-51.0
11.75	-9.436	-24.538	-46.7
11.76	-9.411	-26.603	-39.2
11.77	-9.384	-28.223	-40.4
11.78	-9.358	-29.261	-62.2
11.79	-9.334	-29.620	-0.9
11.8	-9.312	-29.658	-35.7
11.81	-9.286	-29.616	-43.5
11.82	-9.253	-29.377	161.5
11.83	-9.213	-28.923	196.0
11.84	-9.168	-28.148	140.8
11.85	-9.127	-27.059	-7.4
11.86	-9.099	-25.927	-93.5
11.87	-9.079	-24.913	-17.5
11.88	-9.061	-23.997	-33.7
11.89	-9.035	-22.977	-26.6
11.9	-8.997	-21.845	-31.3
11.91	-8.949	-20.848	-32.9
11.92	-8.896	-20.105	-20.0
11.93	-8.844	-19.761	-10.9
11.94	-8.794	-20.034	-17.8
11.95	-8.745	-20.947	2.1
11.96	-8.697	-22.047	10.7
11.97	-8.652	-22.244	8.2
11.98	-8.613	-19.598	17.7
11.99	-8.578	-10.780	32.5
12.0	-8.547	7.164	59.8
12.01	-8.519	30.042	69.5
12.02	-8.494	45.936	82.3
12.03	-8.469	50.766	115.7
12.04	-8.444	51.122	128.0
12.05	-8.418	51.139	139.8
12.06	-8.393	51.138	142.5
12.07	-8.369	51.128	133.7
12.08	-8.346	50.575	93.7
12.09	-8.324	46.891	33.0
12.1	-8.301	38.159	4.3
12.11	-8.279	26.489	-27.5
12.12	-8.261	14.544	-68.2
12.13	-8.242	3.113	-49.8
12.14	-8.221	-7.494	-67.0
12.15	-8.199	-16.734	-67.7
12.16	-8.176	-24.200	-61.8
12.17	-8.154	-29.977	-70.4
12.18	-8.133	-34.325	-75.8
12.19	-8.110	-37.581	-67.2
12.2	-8.088	-40.134	-67.8
12.21	-8.066	-42.367	-71.0
12.22	-8.045	-44.494	-73.7
12.23	-8.026	-46.442	-63.8
12.24	-8.006	-47.859	-60.0
12.25	-7.987	-48.063	-54.8
12.26	-7.969	-46.583	-60.9
12.27	-7.953	-43.384	-68.6
12.28	-7.934	-38.527	-49.8
12.29	-7.915	-32.303	-46.5
12.3	-7.897	-25.220	-50.5
12.31	-7.878	-17.834	-76.5
12.32	-7.858	-10.817	-63.6
12.33	-7.840	-4.684	-46.5
12.34	-7.824	0.275	-67.0
12.35	-7.808	3.673	-54.2
12.36	-7.790	5.147	-49.7
12.37	-7.773	4.916	-59.5
12.38	-7.755	3.528	-65.8
12.39	-7.738	1.248	-60.6
12.4	-7.720	-1.680	-54.9
12.41	-7.702	-4.903	-62.0
12.42	-7.684	-8.314	-66.3
12.43	-7.668	-11.781	-48.7
12.44	-7.654	-14.977	-55.3
12.45	-7.640	-17.805	-52.3
12.46	-7.626	-20.328	-56.4
12.47	-7.614	-22.456	-38.3
12.48	-7.602	-24.147	-30.7
12.49	-7.591	-25.542	-22.3
12.5	-7.580	-26.783	-12.3
12.51	-7.570	-27.884	-26.3
12.52	-7.561	-28.689	-45.7
12.53	-7.551	-29.119	-72.9
12.54	-7.542	-29.313	-70.5
12.55	-7.531	-29.380	-53.3
12.56	-7.520	-29.386	-44.3
12.57	-7.510	-29.500	-72.4
12.58	-7.501	-29.731	-48.8
12.59	-7.496	-29.889	-37.0
12.6	-7.489	-29.841	-38.9
12.61	-7.476	-29.492	142.9
12.62	-7.460	-28.820	158.2
12.63	-7.447	-27.961	164.3
12.64	-7.439	-26.978	46.2
12.65	-7.436	-26.002	-99.6
12.66	-7.439	-25.325	-36.7
12.67	-7.442	-24.931	-51.8
12.68	-7.439	-24.503	-51.6
12.69	-7.428	-23.894	-32.3
12.7	-7.412	-23.113	-34.2
12.71	-7.398	-22.381	-39.9
12.72	-7.386	-22.108	-35.3
12.73	-7.376	-22.313	-21.6
12.74	-7.364	-22.494	-18.8
12.75	-7.351	-21.569	-20.1
12.76	-7.339	-17.088	-7.2
12.77	-7.331	-4.716	11.8
12.78	-7.324	17.373	21.0
12.79	-7.317	39.347	41.1
12.8	-7.311	49.575	53.4
12.81	-7.304	51.113	78.3
12.82	-7.298	51.134	104.6
12.83	-7.295	51.139	124.8
12.84	-7.294	51.139	134.0
12.85	-7.293	51.139	147.2
12.86	-7.293	51.131	142.8
12.87	-7.294	50.931	105.1
12.88	-7.296	48.523	44.7
12.89	-7.296	40.856	21.8
12.9	-7.297	29.216	1.7
12.91	-7.297	17.494	-43.5
12.92	-7.298	7.117	-63.6
12.93	-7.301	-2.017	-67.2
12.94	-7.305	-10.098	-79.7
12.95	-7.309	-17.231	-61.9
12.96	-7.311	-23.186	-75.2
12.97	-7.314	-27.581	-82.3
12.98	-7.319	-30.555	-65.9
12.99	-7.323	-32.744	-75.7
13.0	-7.327	-34.775	-72.6
13.01	-7.328	-37.013	-62.5
13.02	-7.327	-39.442	-63.3
13.03	-7.326	-41.459	-56.9
13.04	-7.326	-42.317	-59.8
13.05	-7.326	-41.859	-60.5
13.06	-7.328	-39.983	-65.4
13.07	-7.329	-36.491	-58.6
13.08	-7.329	-31.798	-63.3
13.09	-7.329	-26.572	-73.4
13.1	-7.327	-21.108	-63.4
13.11	-7.324	-15.513	-54.2
13.12	-7.319	-9.936	-66.2
13.13	-7.314	-4.791	-55.4
13.14	-7.313	-0.852	-54.7
13.15	-7.311	1.369	-67.9
13.16	-7.309	1.813	-54.5
13.17	-7.310	0.627	-44.2
13.18	-7.311	-1.598	-63.0
13.19	-7.310	-4.159	-62.3
13.2	-7.308	-6.844	-46.9
13.21	-7.306	-9.752	-46.0
13.22	-7.304	-12.941	-58.6
13.23	-7.303	-16.245	-41.4
13.24	-7.301	-19.270	-48.0
13.25	-7.299	-21.775	-36.4
13.26	-7.297	-23.967	-14.2
13.27	-7.296	-26.003	-13.3
13.28	-7.294	-27.728	-24.6
13.29	-7.294	-29.089	-42.0
13.3	-7.296	-30.003	-63.0
13.31	-7.299	-30.367	-64.6
13.32	-7.301	-30.470	-57.3
13.33	-7.304	-30.600	-54.9
13.34	-7.307	-30.789	-54.3
13.35	-7.310	-31.113	-59.8
13.36	-7.314	-31.442	-22.7
13.37	-7.318	-31.466	-69.8
13.38	-7.319	-31.133	79.6
13.39	-7.317	-30.448	253.0
13.4	-7.313	-29.425	287.1
13.41	-7.311	-28.303	191.6
13.42	-7.312	-27.347	-87.1
13.43	-7.316	-26.789	-52.4
13.44	-7.324	-26.675	-30.3
13.45	-7.332	-26.561	-61.2
13.46	-7.335	-26.048	-42.5
13.47	-7.332	-25.291	-55.6
13.48	-7.326	-24.542	-44.4
13.49	-7.323	-23.989	-29.0
13.5	-7.321	-23.938	-19.1
13.51	-7.319	-24.284	-9.4
13.52	-7.317	-24.236	-26.2
13.53	-7.317	-22.398	-10.0
13.54	-7.321	-15.795	8.4
13.55	-7.331	-0.450	10.7
13.56	-7.345	22.595	31.1
13.57	-7.364	42.233	58.4
13.58	-7.389	50.130	80.4
13.59	-7.421	51.120	114.2
13.6	-7.453	51.138	136.4
13.61	-7.482	51.139	155.2
13.62	-7.509	51.139	164.4
13.63	-7.532	51.136	165.9
13.64	-7.554	51.086	145.6
13.65	-7.574	49.897	94.7
13.66	-7.597	44.613	16.6
13.67	-7.620	34.614	-11.4
13.68	-7.642	23.180	-40.7
13.69	-7.663	12.477	-76.8
13.7	-7.687	2.520	-77.9
13.71	-7.714	-6.792	-76.1
13.72	-7.742	-15.228	-90.9
13.73	-7.770	-22.594	-87.0
13.74	-7.798	-28.767	-82.4
13.75	-7.825	-33.561	-86.8
13.76	-7.851	-36.989	-82.9
13.77	-7.876	-39.527	-67.9
13.78	-7.901	-41.728	-73.5
13.79	-7.928	-43.852	-82.4
13.8	-7.957	-45.738	-72.8
13.81	-7.987	-46.723	-63.4
13.82	-8.016	-46.052	-73.8
13.83	-8.045	-43.514	-74.7
13.84	-8.072	-39.511	-64.0
13.85	-8.098	-34.477	-51.9
13.86	-8.123	-28.786	-85.0
13.87	-8.146	-22.833	-78.5
13.88	-8.170	-16.595	-55.1
13.89	-8.194	-10.277	-50.7
13.9	-8.219	-4.795	-52.3
13.91	-8.243	-0.798	-71.8
13.92	-8.267	1.491	-53.5
13.93	-8.290	1.948	-59.0
13.94	-8.313	0.902	-71.5
13.95	-8.337	-1.169	-63.6
13.96	-8.360	-3.845	-60.7
13.97	-8.384	-6.573	-44.4
13.98	-8.406	-9.089	-59.5
13.99	-8.428	-11.609	-51.1
14.0	-8.449	-14.156	-36.9
14.01	-8.471	-16.267	-33.8
14.02	-8.491	-17.762	-27.5
14.03	-8.512	-19.133	-12.2
14.04	-8.534	-20.836	-30.9
14.05	-8.555	-22.908	-27.7
14.06	-8.574	-24.997	-64.8
14.07	-8.592	-26.764	-65.6
14.08	-8.607	-28.147	-55.3
14.09	-8.622	-28.939	-59.0
14.1	-8.636	-29.092	-39.4
14.11	-8.652	-29.289	-51.3
14.12	-8.672	-29.869	-11.8
14.13	-8.693	-30.502	-82.5
14.14	-8.707	-31.013	21.0
14.15	-8.714	-31.153	239.7
14.16	-8.717	-30.781	241.1
14.17	-8.726	-30.156	141.1
14.18	-8.741	-29.600	-83.1
14.19	-8.759	-29.403	-78.0
14.2	-8.780	-29.384	-37.5
14.21	-8.800	-28.966	-57.4
14.22	-8.813	-28.153	-29.1
14.23	-8.817	-27.364	-31.8
14.24	-8.813	-26.697	-35.3
14.25	-8.808	-26.247	-18.6
14.26	-8.802	-26.183	-25.9
14.27	-8.799	-26.395	-8.8
14.28	-8.797	-26.730	5.6
14.29	-8.797	-26.602	-1.7
14.3	-8.801	-24.405	20.6
14.31	-8.805	-16.988	29.8
14.32	-8.810	-0.094	44.4
14.33	-8.815	24.408	65.3
14.34	-8.820	43.673	92.2
14.35	-8.825	50.452	116.5
14.36	-8.831	51.120	130.2
14.37	-8.838	51.139	162.4
14.38	-8.846	51.139	164.3
14.39	-8.856	51.138	164.3
14.4	-8.868	51.131	139.8
14.41	-8.881	50.695	90.7
14.42	-8.894	47.183	41.3
14.43	-8.908	37.927	5.4
14.44	-8.922	24.994	-33.2
14.45	-8.941	11.842	-47.1
14.46	-8.964	-0.328	-59.7
14.47	-8.991	-11.109	-62.5
14.48	-9.014	-20.505	-70.5
14.49	-9.033	-28.519	-73.8
14.5	-9.053	-34.598	-66.5
14.51	-9.075	-38.831	-67.3
14.52	-9.098	-42.108	-59.6
14.53	-9.119	-44.722	-37.9
14.54	-9.141	-46.519	-46.9
14.55	-9.163	-47.780	-53.3
14.56	-9.185	-48.947	-60.8
14.57	-9.206	-49.722	-45.7
14.58	-9.229	-49.348	-56.8
14.59	-9.254	-47.347	-51.7
14.6	-9.279	-43.459	-37.2
14.61	-9.306	-37.755	-51.4
14.62	-9.332	-30.867	-40.0
14.63	-9.358	-23.464	-44.9
14.64	-9.384	-15.827	-57.5
14.65	-9.411	-8.202	-34.3
14.66	-9.435	-1.050	-35.3
14.67	-9.460	4.616	-41.2
14.68	-9.486	7.919	-51.4
14.69	-9.514	9.066	-49.4
14.7	-9.542	8.306	-44.2
14.71	-9.571	5.731	-33.8
14.72	-9.600	2.058	-25.1
14.73	-9.629	-1.972	-29.6
14.74	-9.656	-5.950	-22.1
14.75	-9.681	-9.744	-1.5
14.76	-9.706	-13.495	-6.3
14.77	-9.730	-17.172	-12.6
14.78	-9.753	-20.650	-42.6
14.79	-9.776	-23.783	-51.1
14.8	-9.799	-26.289	-45.6
14.81	-9.824	-28.155	-48.9
14.82	-9.848	-29.558	-48.8
14.83	-9.871	-30.567	-57.7
14.84	-9.897	-30.978	-14.7
14.85	-9.924	-30.797	-17.8
14.86	-9.947	-30.606	-64.9
14.87	-9.965	-30.603	138.3
14.88	-9.979	-30.445	195.7
14.89	-9.993	-29.998	136.8
14.9	-10.014	-29.466	4.8
14.91	-10.043	-29.158	-105.4
14.92	-10.073	-28.969	-11.8
14.93	-10.099	-28.594	-22.2
14.94	-10.116	-28.067	-41.5
14.95	-10.118	-27.391	-7.8
14.96	-10.105	-26.467	-25.7
14.97	-10.087	-25.461	-21.9
14.98	-10.071	-24.755	7.3
14.99	-10.057	-24.667	-2.3
15.0	-10.046	-25.170	8.4
15.01	-10.036	-25.884	11.9
15.02	-10.028	-26.050	5.6
15.03	-10.019	-24.094	37.1
15.04	-10.013	-17.200	36.1
15.05	-10.013	-1.905	47.0
15.06	-10.015	21.156	89.6
15.07	-10.021	41.444	94.6
15.08	-10.026	49.980	102.4
15.09	-10.032	51.120	152.4
15.1	-10.039	51.136	155.8
15.11	-10.046	51.139	154.6
15.12	-10.054	51.136	147.9
15.13	-10.058	51.067	98.6
15.14	-10.058	49.567	48.7
15.15	-10.054	43.288	19.5
15.16	-10.049	31.767	-32.9
15.17	-10.046	18.502	-42.2
15.18	-10.046	5.858	-60.3
15.19	-10.048	-5.619	-64.0
15.2	-10.044	-15.878	-52.9
15.21	-10.033	-24.755	-60.8
15.22	-10.024	-31.708	-62.8
15.23	-10.013	-36.680	-67.5
15.24	-9.998	-40.228	-68.6
15.25	-9.978	-42.955	-53.0
15.26	-9.956	-45.431	-54.2
15.27	-9.933	-47.922	-60.1
15.28	-9.912	-49.966	-50.0
15.29	-9.897	-50.928	-41.3
15.3	-9.888	-50.767	-58.4
15.31	-9.883	-49.119	-47.4
15.32	-9.876	-45.455	-41.7
15.33	-9.861	-39.967	-54.5
15.34	-9.841	-32.991	-37.8
15.35	-9.816	-25.019	-39.0
15.36	-9.789	-16.683	-42.5
15.37	-9.760	-8.509	-32.9
15.38	-9.729	-1.155	-57.8
15.39	-9.697	4.523	-46.3
15.4	-9.664	8.041	-60.2
15.41	-9.630	9.623	-45.1
15.42	-9.598	9.647	-34.9
15.43	-9.568	8.355	-42.0
15.44	-9.541	6.200	-41.4
15.45	-9.516	3.447	-39.9
15.46	-9.492	-0.080	-32.0
15.47	-9.471	-4.153	-44.2
15.48	-9.453	-8.202	-24.1
15.49	-9.434	-12.092	-6.9
15.5	-9.413	-15.725	-24.7
15.51	-9.390	-18.875	-31.0
15.52	-9.366	-21.716	-57.0
15.53	-9.341	-24.358	-53.9
15.54	-9.312	-26.750	-46.5
15.55	-9.282	-28.797	-65.7
15.56	-9.251	-30.095	-51.5
15.57	-9.223	-30.659	-53.1
15.58	-9.198	-30.864	-13.7
15.59	-9.176	-30.733	-49.7
15.6	-9.151	-30.258	-38.7
15.61	-9.117	-29.542	197.3
15.62	-9.077	-28.569	173.4
15.63	-9.034	-27.248	148.5
15.64	-8.998	-25.991	-7.8
15.65	-8.972	-25.367	-102.5
15.66	-8.953	-24.997	-14.5
15.67	-8.934	-24.564	-43.0
15.68	-8.908	-24.308	-32.8
15.69	-8.871	-24.072	-35.2
15.7	-8.828	-23.706	-36.4
15.71	-8.786	-23.364	-21.6
15.72	-8.746	-23.306	-25.1
15.73	-8.707	-23.727	-30.6
15.74	-8.668	-24.403	-16.5
15.75	-8.629	-24.739	1.5
15.76	-8.592	-23.247	-2.4
15.77	-8.558	-16.738	18.3
15.78	-8.525	-1.492	24.7
15.79	-8.493	21.509	26.3
15.8	-8.463	41.561	54.0
15.81	-8.434	49.980	87.2
15.82	-8.406	51.122	92.5
15.83	-8.380	51.136	112.7
15.84	-8.356	51.139	116.7
15.85	-8.332	51.139	123.2
15.86	-8.309	51.133	106.1
15.87	-8.287	51.028	68.3
15.88	-8.265	49.142	23.6
15.89	-8.244	42.153	-19.3
15.9	-8.224	30.352	-39.6
15.91	-8.206	17.447	-59.9
15.92	-8.190	5.436	-80.1
15.93	-8.176	-5.470	-78.8
15.94	-8.161	-15.266	-69.4
15.95	-8.143	-23.713	-75.9
15.96	-8.124	-30.638	-88.3
15.97	-8.106	-35.952	-79.4
15.98	-8.088	-39.730	-72.6
15.99	-8.066	-42.484	-66.1
16.0	-8.043	-44.997	-72.6
16.01	-8.020	-47.695	-73.1
16.02	-7.999	-49.961	-64.3
16.03	-7.979	-50.952	-63.1
16.04	-7.959	-50.634	-63.7
16.05	-7.942	-48.581	-57.3
16.06	-7.926	-44.230	-75.6
16.07	-7.910	-38.116	-56.0
16.08	-7.894	-31.184	-54.7
16.09	-7.876	-24.084	-69.4
16.1	-7.855	-17.180	-57.6
16.11	-7.834	-10.908	-50.1
16.12	-7.813	-5.734	-70.8
16.13	-7.792	-2.114	-54.7
16.14	-7.771	-0.314	-68.3
16.15	-7.752	-0.022	-60.3
16.16	-7.734	-0.823	-56.3
16.17	-7.716	-2.397	-76.6
16.18	-7.699	-4.464	-61.4
16.19	-7.683	-7.152	-45.6
16.2	-7.665	-10.397	-66.7
16.21	-7.650	-13.744	-62.0
16.22	-7.635	-16.884	-47.8
16.23	-7.620	-19.755	-54.9
16.24	-7.607	-22.247	-47.2
16.25	-7.598	-24.172	-34.8
16.26	-7.588	-25.833	-50.6
16.27	-7.579	-27.388	-19.0
16.28	-7.571	-28.388	-6.9
16.29	-7.564	-28.988	-41.0
16.3	-7.556	-29.536	-66.7
16.31	-7.549	-29.823	-72.9
16.32	-7.540	-30.022	-62.3
16.33	-7.529	-30.588	-63.8
16.34	-7.519	-31.361	-58.7
16.35	-7.509	-31.838	-70.4
16.36	-7.504	-31.752	-38.8
16.37	-7.501	-31.264	-38.1
16.38	-7.495	-30.719	-7.4
16.39	-7.482	-30.303	142.8
16.4	-7.468	-29.869	135.8
16.41	-7.456	-29.141	158.6
16.42	-7.450	-28.255	8.1
16.43	-7.449	-27.445	-89.6
16.44	-7.453	-26.889	-40.3
16.45	-7.458	-26.913	-58.6
16.46	-7.454	-27.223	-50.5
16.47	-7.442	-27.142	-54.2
16.48	-7.428	-26.570	-43.5
16.49	-7.414	-25.973	-33.4
16.5	-7.401	-25.827	-34.4
16.51	-7.388	-26.120	-28.9
16.52	-7.374	-26.452	-28.9
16.53	-7.360	-25.347	-16.2
16.54	-7.348	-18.972	-2.5
16.55	-7.339	-3.050	13.4
16.56	-7.330	21.003	26.2
16.57	-7.322	41.631	34.5
16.58	-7.315	50.041	49.9
16.59	-7.309	51.119	88.8
16.6	-7.306	51.138	100.0
16.61	-7.303	51.139	114.2
16.62	-7.301	51.139	136.3
16.63	-7.301	51.138	134.0
16.64	-7.300	51.131	117.8
16.65	-7.299	50.677	93.4
16.66	-7.298	47.122	41.8
16.67	-7.296	38.002	-1.5
16.68	-7.294	25.656	-38.4
16.69	-7.294	13.544	-60.1
16.7	-7.295	2.780	-72.9
16.71	-7.298	-6.381	-64.5
16.72	-7.299	-14.352	-80.5
16.73	-7.299	-21.370	-89.7
16.74	-7.298	-26.870	-83.0
16.75	-7.297	-30.741	-71.0
16.76	-7.297	-33.467	-85.5
16.77	-7.297	-35.552	-58.6
16.78	-7.296	-37.686	-63.2
16.79	-7.294	-40.261	-86.4
16.8	-7.291	-42.989	-68.4
16.81	-7.288	-45.052	-61.0
16.82	-7.283	-45.698	-73.3
16.83	-7.279	-44.820	-58.6
16.84	-7.276	-42.497	-51.2
16.85	-7.275	-38.972	-75.7
16.86	-7.276	-34.592	-71.8
16.87	-7.276	-29.452	-60.2
16.88	-7.274	-23.877	-71.1
16.89	-7.272	-18.256	-70.1
16.9	-7.270	-12.813	-71.5
16.91	-7.268	-8.162	-54.7
16.92	-7.266	-4.922	-62.3
16.93	-7.265	-3.128	-66.4
16.94	-7.265	-2.675	-59.1
16.95	-7.266	-3.491	-58.1
16.96	-7.266	-5.172	-66.6
16.97	-7.268	-7.473	-57.2
16.98	-7.269	-10.530	-62.5
16.99	-7.269	-13.886	-69.7
17.0	-7.270	-16.873	-56.2
17.01	-7.271	-19.677	-55.7
17.02	-7.273	-22.438	-65.8
17.03	-7.274	-24.686	-42.5
17.04	-7.276	-26.495	-41.1
17.05	-7.277	-28.136	-48.7
17.06	-7.278	-29.475	-39.0
17.07	-7.279	-30.561	-21.5
17.08	-7.282	-31.198	-19.0
17.09	-7.284	-31.448	-12.5
17.1	-7.287	-31.827	-27.3
17.11	-7.289	-32.058	-43.1
17.12	-7.291	-32.094	-69.1
17.13	-7.293	-32.388	-56.3
17.14	-7.297	-32.702	-52.8
17.15	-7.302	-32.817	-34.6
17.16	-7.309	-32.814	-69.5
17.17	-7.320	-32.603	-34.0
17.18	-7.336	-32.158	-23.9
17.19	-7.354	-31.466	-50.1
17.2	-7.370	-30.489	177.2
17.21	-7.384	-29.313	256.7
17.22	-7.403	-27.883	267.5
17.23	-7.430	-26.277	74.2
17.24	-7.461	-25.139	-104.9
17.25	-7.494	-24.798	-25.9
17.26	-7.526	-24.805	-52.6
17.27	-7.549	-24.878	-37.0
17.28	-7.561	-24.895	-38.4
17.29	-7.564	-24.583	-41.6
17.3	-7.561	-24.098	-40.0
17.31	-7.558	-23.948	-18.7
17.32	-7.554	-24.400	-20.3
17.33	-7.551	-25.088	-17.6
17.34	-7.553	-24.694	-3.2
17.35	-7.563	-20.559	6.6
17.36	-7.578	-8.514	12.8
17.37	-7.595	13.464	22.5
17.38	-7.612	36.663	38.6
17.39	-7.631	48.748	86.0
17.4	-7.651	51.059	107.3
17.41	-7.671	51.133	122.5
17.42	-7.693	51.139	142.7
17.43	-7.714	51.139	165.7
17.44	-7.737	51.139	168.2
17.45	-7.759	51.136	158.4
17.46	-7.780	51.070	121.4
17.47	-7.801	49.619	70.2
17.48	-7.823	43.398	3.9
17.49	-7.845	31.841	-4.8
17.5	-7.868	18.681	-42.0
17.51	-7.891	6.370	-73.5
17.52	-7.916	-4.883	-61.7
17.53	-7.943	-14.863	-72.8
17.54	-7.969	-23.173	-77.0
17.55	-7.994	-29.691	-66.2
17.56	-8.019	-34.142	-68.3
17.57	-8.044	-36.730	-64.7
17.58	-8.070	-38.622	-69.6
17.59	-8.095	-40.766	-75.9
17.6	-8.118	-43.219	-56.5
17.61	-8.141	-45.427	-42.2
17.62	-8.164	-46.820	-62.3
17.63	-8.188	-47.225	-54.5
17.64	-8.213	-46.372	-52.7
17.65	-8.238	-43.958	-58.8
17.66	-8.263	-40.036	-63.1
17.67	-8.288	-34.770	-60.6
17.68	-8.312	-28.420	-51.5
17.69	-8.335	-21.503	-50.3
17.7	-8.357	-14.891	-69.8
17.71	-8.379	-9.247	-49.4
17.72	-8.401	-4.513	-43.9
17.73	-8.422	-0.727	-37.6
17.74	-8.443	1.563	-46.1
17.75	-8.465	2.330	-49.3
17.76	-8.488	1.830	-43.3
17.77	-8.512	-0.284	-49.7
17.78	-8.537	-3.663	-48.2
17.79	-8.562	-7.384	-41.8
17.8	-8.586	-11.067	-50.3
17.81	-8.609	-14.425	-39.7
17.82	-8.631	-17.603	-36.0
17.83	-8.651	-20.817	-33.6
17.84	-8.671	-23.797	-20.5
17.85	-8.690	-26.423	-15.8
17.86	-8.709	-28.398	-9.9
17.87	-8.728	-29.384	-9.0
17.88	-8.746	-29.830	3.8
17.89	-8.764	-30.242	-7.1
17.9	-8.782	-30.816	-26.2
17.91	-8.801	-31.577	-29.9
17.92	-8.821	-32.070	-57.4
17.93	-8.841	-32.044	-32.0
17.94	-8.863	-31.755	-39.1
17.95	-8.884	-31.542	-40.8
17.96	-8.907	-31.686	-40.1
17.97	-8.934	-31.916	4.5
17.98	-8.962	-31.555	-48.5
17.99	-8.984	-30.338	79.0
18.0	-9.001	-28.681	217.3
18.01	-9.019	-27.214	201.2
18.02	-9.043	-26.056	120.6
18.03	-9.072	-25.267	-68.3
18.04	-9.104	-24.873	-39.3
18.05	-9.137	-24.258	-14.9
18.06	-9.167	-23.283	-18.5
18.07	-9.189	-22.595	-10.3
18.08	-9.201	-22.378	-31.2
18.09	-9.206	-22.500	-3.8
18.1	-9.211	-22.881	-9.1
18.11	-9.219	-23.519	-1.7
18.12	-9.231	-24.552	-5.2
18.13	-9.243	-25.714	27.5
18.14	-9.256	-26.156	34.3
18.15	-9.268	-24.147	17.3
18.16	-9.280	-15.834	42.4
18.17	-9.292	3.025	74.7
18.18	-9.304	28.228	74.9
18.19	-9.318	45.753	96.6
18.2	-9.333	50.823	118.7
18.21	-9.349	51.123	152.0
18.22	-9.364	51.139	173.5
18.23	-9.381	51.139	164.6
18.24	-9.396	51.139	163.0
18.25	-9.414	51.134	148.7
18.26	-9.432	51.033	101.0
18.27	-9.450	49.067	48.4
18.28	-9.470	41.433	-4.0
18.29	-9.491	28.141	-23.5
18.3	-9.515	13.517	-39.5
18.31	-9.544	0.011	-51.5
18.32	-9.576	-11.833	-58.7
18.33	-9.606	-21.773	-50.0
18.34	-9.633	-30.092	-50.5
18.35	-9.658	-36.759	-51.8
18.36	-9.683	-41.650	-66.7
18.37	-9.707	-45.352	-46.2
18.38	-9.732	-48.266	-45.6
18.39	-9.759	-50.169	-61.4
18.4	-9.782	-50.977	-38.1
18.41	-9.804	-51.134	-32.2
18.42	-9.828	-51.139	-41.0
18.43	-9.854	-51.120	-40.2
18.44	-9.879	-50.592	-36.2
18.45	-9.904	-47.870	-13.2
18.46	-9.928	-41.920	-33.9
18.47	-9.951	-34.075	-37.2
18.48	-9.974	-25.670	-28.8
18.49	-9.996	-17.109	-40.0
18.5	-10.019	-8.766	-41.9
18.51	-10.043	-1.139	-25.8
18.52	-10.067	4.863	-34.7
18.53	-10.090	8.748	-31.5
18.54	-10.113	10.481	-31.6
18.55	-10.137	9.922	-41.0
18.56	-10.161	7.641	-47.7
18.57	-10.181	4.416	-36.3
18.58	-10.196	0.580	-30.2
18.59	-10.209	-3.703	-31.8
18.6	-10.223	-8.459	-31.4
18.61	-10.238	-13.384	-9.3
18.62	-10.253	-17.803	-23.5
18.63	-10.268	-21.353	-8.0
18.64	-10.280	-24.017	7.3
18.65	-10.291	-26.058	-4.3
18.66	-10.303	-28.148	-14.2
18.67	-10.314	-30.563	-32.5
18.68	-10.324	-32.550	-46.0
18.69	-10.333	-33.613	-51.3
18.7	-10.342	-33.944	-65.0
18.71	-10.352	-33.698	-2.2
18.72	-10.361	-33.369	-22.4
18.73	-10.371	-33.347	-35.1
18.74	-10.382	-33.323	11.1
18.75	-10.391	-33.036	-55.5
18.76	-10.396	-32.448	84.9
18.77	-10.398	-31.391	225.4
18.78	-10.399	-30.017	179.2
18.79	-10.408	-28.927	67.1
18.8	-10.422	-28.241	-85.3
18.81	-10.436	-27.503	-21.8
18.82	-10.442	-26.555	-4.9
18.83	-10.436	-25.484	-14.5
18.84	-10.408	-24.417	-7.2
18.85	-10.359	-23.720	-8.7
18.86	-10.298	-23.492	-16.5
18.87	-10.236	-23.470	-15.3
18.88	-10.178	-23.670	9.6
18.89	-10.124	-24.216	9.4
18.9	-10.076	-24.894	23.6
18.91	-10.035	-25.178	36.6
18.92	-9.999	-23.892	19.5
18.93	-9.966	-18.163	57.1
18.94	-9.934	-3.788	61.9
18.95	-9.902	19.341	61.9
18.96	-9.871	40.536	94.7
18.97	-9.841	49.808	106.5
18.98	-9.814	51.117	135.5
18.99	-9.787	51.136	145.5
19.0	-9.763	51.139	153.0
19.01	-9.741	51.139	170.8
19.02	-9.719	51.136	125.5
19.03	-9.695	51.077	71.2
19.04	-9.668	49.595	26.5
19.05	-9.639	42.848	3.0
19.06	-9.613	30.078	-39.5
19.07	-9.591	15.570	-42.8
19.08	-9.571	2.228	-62.2
19.09	-9.547	-9.675	-63.1
19.1	-9.520	-20.177	-42.5
19.11	-9.493	-28.773	-69.2
19.12	-9.468	-35.248	-66.2
19.13	-9.441	-40.180	-37.5
19.14	-9.410	-43.817	-57.1
19.15	-9.377	-46.725	-54.5
19.16	-9.344	-49.330	-38.9
19.17	-9.309	-50.808	-52.3
19.18	-9.276	-51.128	-57.1
19.19	-9.246	-51.138	-43.8
19.2	-9.217	-51.013	-41.8
19.21	-9.191	-49.850	-33.3
19.22	-9.164	-46.273	-42.3
19.23	-9.136	-40.183	-48.3
19.24	-9.109	-32.522	-40.3
19.25	-9.080	-24.073	-32.9
19.26	-9.052	-15.422	-39.1
19.27	-9.025	-7.348	-26.4
19.28	-8.999	-0.594	-65.9
19.29	-8.974	4.358	-54.3
19.3	-8.951	7.264	-42.2
19.31	-8.928	8.517	-53.2
19.32	-8.904	8.448	-52.6
19.33	-8.879	6.936	-55.4
19.34	-8.853	4.089	-46.2
19.35	-8.826	0.236	-35.9
19.36	-8.797	-4.177	-71.4
19.37	-8.769	-8.702	-54.5
19.38	-8.740	-13.114	-42.0
19.39	-8.713	-17.316	-31.7
19.4	-8.689	-21.092	-29.3
19.41	-8.668	-24.514	-22.0
19.42	-8.648	-27.638	-4.5
19.43	-8.631	-30.003	-25.9
19.44	-8.615	-31.608	-24.3
19.45	-8.598	-32.616	-18.7
19.46	-8.581	-32.961	-49.0
19.47	-8.563	-33.202	-58.5
19.48	-8.543	-33.758	-58.8
19.49	-8.519	-34.438	-48.5
19.5	-8.495	-34.922	-47.8
19.51	-8.472	-34.964	-59.1
19.52	-8.454	-34.770	-20.7
19.53	-8.439	-34.406	-58.9
19.54	-8.424	-33.430	-34.5
19.55	-8.402	-32.073	159.8
19.56	-8.374	-30.903	180.9
19.57	-8.349	-29.469	173.7
19.58	-8.329	-27.527	-44.5
19.59	-8.316	-26.023	-121.5
19.6	-8.307	-25.422	-23.5
19.61	-8.294	-25.050	-45.0
19.62	-8.275	-24.322	-45.4
19.63	-8.246	-23.398	-54.8
19.64	-8.212	-22.409	-39.7
19.65	-8.177	-21.508	-46.4
19.66	-8.143	-21.495	-37.6
19.67	-8.110	-22.544	-21.0
19.68	-8.079	-23.713	-29.1
19.69	-8.050	-23.689	-11.6
19.7	-8.023	-20.225	-8.0
19.71	-7.998	-9.217	-4.8
19.72	-7.972	12.289	1.7
19.73	-7.947	36.048	23.0
19.74	-7.924	48.669	35.9
19.75	-7.904	51.059	63.7
19.76	-7.884	51.131	86.0
19.77	-7.865	51.139	103.6
19.78	-7.844	51.139	103.5
19.79	-7.821	51.139	120.0
19.8	-7.799	51.138	110.1
19.81	-7.777	51.120	60.0
19.82	-7.757	50.386	36.4
19.83	-7.738	45.805	-7.6
19.84	-7.721	35.272	-47.7
19.85	-7.706	21.616	-49.3
19.86	-7.692	8.336	-87.5
19.87	-7.679	-3.675	-89.8
19.88	-7.667	-14.256	-77.0
19.89	-7.654	-22.916	-74.8
19.9	-7.641	-29.813	-81.8
19.91	-7.626	-35.273	-63.0
19.92	-7.612	-39.319	-79.6
19.93	-7.602	-42.567	-78.8
19.94	-7.593	-45.552	-68.5
19.95	-7.584	-48.311	-80.6
19.96	-7.574	-50.313	-85.5
19.97	-7.564	-51.061	-67.4
19.98	-7.554	-51.134	-64.0
19.99	-7.544	-51.070	-63.2
20.0	-7.533	-50.116	-69.7
20.01	-7.523	-46.609	-66.9
20.02	-7.512	-40.386	-66.0
20.03	-7.501	-33.070	-55.3
20.04	-7.488	-25.542	-61.9
20.05	-7.477	-18.200	-77.1
20.06	-7.468	-11.678	-74.0
20.07	-7.460	-6.253	-56.6
20.08	-7.454	-2.284	-64.4
20.09	-7.449	0.013	-53.2
20.1	-7.446	0.633	-65.8
20.11	-7.442	-0.536	-61.2
20.12	-7.437	-2.923	-51.7
20.13	-7.431	-6.058	-61.8
20.14	-7.426	-9.883	-56.3
20.15	-7.422	-13.698	-62.6
20.16	-7.419	-17.066	-65.1
20.17	-7.416	-20.263	-52.4
20.18	-7.411	-23.306	-63.3
20.19	-7.406	-25.941	-37.9
20.2	-7.403	-28.142	-50.6
20.21	-7.401	-30.072	-51.5
20.22	-7.399	-31.605	-34.8
20.23	-7.396	-32.558	-24.5
20.24	-7.392	-33.044	-18.3
20.25	-7.389	-33.320	-19.2
20.26	-7.387	-33.655	-49.0
20.27	-7.384	-34.066	-73.7
20.28	-7.382	-34.413	-57.8
20.29	-7.379	-34.627	-59.4
20.3	-7.375	-34.506	-64.2
20.31	-7.371	-34.102	-49.0
20.32	-7.369	-33.750	-69.9
20.33	-7.369	-33.569	-6.8
20.34	-7.371	-33.464	-67.1
20.35	-7.368	-33.147	17.0
20.36	-7.358	-32.266	202.6
20.37	-7.343	-30.805	208.0
20.38	-7.335	-29.048	200.5
20.39	-7.335	-27.417	-29.1
20.4	-7.338	-26.497	-93.8
20.41	-7.343	-26.469	-25.9
20.42	-7.346	-26.566	-68.4
20.43	-7.342	-26.200	-46.5
20.44	-7.332	-25.517	-45.2
20.45	-7.320	-24.534	-38.8
20.46	-7.309	-23.663	-38.7
20.47	-7.300	-23.670	-50.0
20.48	-7.290	-24.388	-21.6
20.49	-7.279	-24.773	-8.5
20.5	-7.271	-22.706	-14.9
20.51	-7.262	-14.436	12.2
20.52	-7.253	3.825	-1.5
20.53	-7.246	28.423	22.0
20.54	-7.241	45.777	46.1
20.55	-7.237	50.828	68.4
20.56	-7.234	51.123	90.5
20.57	-7.231	51.139	121.6
20.58	-7.228	51.139	147.2
20.59	-7.225	51.139	167.0
20.6	-7.223	51.139	163.2
20.61	-7.220	51.130	138.3
20.62	-7.218	50.942	99.4
20.63	-7.218	48.402	50.7
20.64	-7.219	39.958	-1.2
20.65	-7.218	26.722	-35.1
20.66	-7.217	12.938	-66.0
20.67	-7.216	0.341	-74.4
20.68	-7.216	-10.623	-83.5
20.69	-7.217	-19.844	-92.3
20.7	-7.215	-27.675	-77.9
20.71	-7.213	-33.989	-65.8
20.72	-7.209	-38.366	-78.3
20.73	-7.207	-41.039	-70.0
20.74	-7.205	-42.845	-71.7
20.75	-7.204	-44.584	-64.8
20.76	-7.202	-46.622	-65.6
20.77	-7.199	-48.802	-61.3
20.78	-7.197	-50.422	-61.1
20.79	-7.196	-50.833	-57.3
20.8	-7.196	-49.763	-69.0
20.81	-7.197	-47.028	-63.3
20.82	-7.197	-42.689	-54.8
20.83	-7.199	-37.202	-52.7
20.84	-7.201	-31.206	-70.0
20.85	-7.203	-25.167	-61.9
20.86	-7.205	-19.263	-58.5
20.87	-7.206	-13.702	-55.2
20.88	-7.208	-8.950	-48.2
20.89	-7.210	-5.484	-49.2
20.9	-7.212	-3.539	-61.3
20.91	-7.216	-3.133	-62.2
20.92	-7.219	-4.083	-60.9
20.93	-7.225	-6.106	-57.3
20.94	-7.231	-8.725	-56.1
20.95	-7.242	-11.386	-54.1
20.96	-7.256	-14.095	-52.2
20.97	-7.274	-17.034	-52.3
20.98	-7.296	-19.992	-48.8
20.99	-7.318	-22.814	-43.5
21.0	-7.338	-25.386	-55.3
21.01	-7.355	-27.498	-40.8
21.02	-7.369	-29.213	-42.3
21.03	-7.380	-30.759	-18.7
21.04	-7.390	-32.050	-14.3
21.05	-7.400	-32.905	-23.6
21.06	-7.412	-33.373	-6.5
21.07	-7.426	-33.583	4.8
21.08	-7.443	-33.636	-44.4
21.09	-7.461	-33.666	-60.1
21.1	-7.479	-33.789	-41.8
21.11	-7.496	-34.125	-50.3
21.12	-7.512	-34.625	-34.0
21.13	-7.527	-34.978	-45.9
21.14	-7.544	-34.952	-36.9
21.15	-7.566	-34.605	5.1
21.16	-7.589	-34.125	-69.5
21.17	-7.611	-33.556	126.8
21.18	-7.627	-32.711	284.2
21.19	-7.643	-31.406	300.2
21.2	-7.664	-29.734	144.1
21.21	-7.690	-28.189	-86.2
21.22	-7.719	-27.300	-23.8
21.23	-7.753	-26.973	-18.0
21.24	-7.784	-26.641	-25.8
21.25	-7.806	-25.914	-14.0
21.26	-7.820	-24.766	-17.2
21.27	-7.828	-23.539	-7.7
21.28	-7.835	-22.878	-28.8
21.29	-7.843	-23.266	-0.3
21.3	-7.851	-24.434	7.4
21.31	-7.862	-25.348	-1.6
21.32	-7.876	-24.397	9.7
21.33	-7.894	-18.442	28.3
21.34	-7.914	-2.794	46.9
21.35	-7.936	21.841	66.0
21.36	-7.959	42.531	66.6
21.37	-7.982	50.289	101.1
21.38	-8.006	51.119	126.1
21.39	-8.030	51.139	151.2
21.4	-8.054	51.139	164.9
21.41	-8.078	51.139	172.0
21.42	-8.101	51.136	160.7
21.43	-8.123	51.095	135.7
21.44	-8.144	49.938	97.5
21.45	-8.165	44.097	53.7
21.46	-8.186	32.370	10.8
21.47	-8.207	18.527	-21.6
21.48	-8.229	5.352	-41.0
21.49	-8.252	-6.719	-44.1
21.5	-8.276	-17.430	-56.0
21.51	-8.301	-26.558	-53.2
21.52	-8.324	-33.814	-65.5
21.53	-8.347	-39.081	-41.5
21.54	-8.370	-42.630	-46.6
21.55	-8.394	-45.042	-56.2
21.56	-8.418	-46.930	-32.0
21.57	-8.440	-48.614	-54.5
21.58	-8.462	-50.070	-56.7
21.59	-8.484	-50.919	-29.8
21.6	-8.506	-51.128	-47.9
21.61	-8.529	-51.009	-46.8
21.62	-8.551	-49.889	-49.6
21.63	-8.574	-46.580	-31.5
21.64	-8.596	-41.011	-38.8
21.65	-8.618	-34.109	-52.8
21.66	-8.641	-26.781	-34.5
21.67	-8.664	-19.519	-37.8
21.68	-8.686	-12.650	-41.1
21.69	-8.705	-6.636	-23.0
21.7	-8.723	-1.953	-41.9
21.71	-8.742	0.958	-36.7
21.72	-8.761	1.902	-37.9
21.73	-8.783	1.130	-39.3
21.74	-8.805	-0.831	-34.9
21.75	-8.826	-3.506	-42.0
21.76	-8.844	-6.642	-35.7
21.77	-8.861	-10.022	-21.1
21.78	-8.878	-13.300	-41.0
21.79	-8.897	-16.175	-22.0
21.8	-8.917	-18.408	-17.8
21.81	-8.939	-19.789	-25.8
21.82	-8.961	-20.386	-14.2
21.83	-8.983	-20.638	-3.2
21.84	-9.005	-21.316	1.6
21.85	-9.028	-23.006	6.8
21.86	-9.051	-25.145	-16.7
21.87	-9.072	-26.759	-48.3
21.88	-9.091	-27.869	-41.5
21.89	-9.109	-29.084	-28.1
21.9	-9.127	-30.509	-33.0
21.91	-9.146	-31.817	-31.6
21.92	-9.167	-32.864	-52.2
21.93	-9.193	-33.686	17.7
21.94	-9.219	-34.278	-55.9
21.95	-9.239	-34.455	10.1
21.96	-9.252	-34.002	203.6
21.97	-9.263	-33.055	202.0
21.98	-9.279	-31.619	169.2
21.99	-9.302	-29.658	-39.9
22.0	-9.329	-27.886	-70.9
22.01	-9.359	-26.833	-1.8
22.02	-9.387	-26.208	-34.1
22.03	-9.406	-25.692	-13.3
22.04	-9.413	-25.222	-22.0
22.05	-9.414	-24.855	-8.1
22.06	-9.415	-24.664	-19.8
22.07	-9.419	-24.814	-11.6
22.08	-9.427	-25.466	0.8
22.09	-9.435	-26.530	16.1
22.1	-9.446	-27.459	24.8
22.11	-9.459	-27.081	7.0
22.12	-9.473	-22.969	28.5
22.13	-9.486	-11.031	65.7
22.14	-9.497	10.875	65.9
22.15	-9.508	34.794	83.1
22.16	-9.520	48.130	99.2
22.17	-9.532	51.023	133.8
22.18	-9.544	51.134	158.1
22.19	-9.558	51.139	165.8
22.2	-9.572	51.136	164.4
22.21	-9.589	51.070	139.8
22.22	-9.607	49.589	90.5
22.23	-9.627	43.197	60.1
22.24	-9.646	31.302	10.3
22.25	-9.663	17.608	-23.7
22.26	-9.683	4.542	-33.6
22.27	-9.707	-7.423	-48.4
22.28	-9.736	-17.919	-55.6
22.29	-9.763	-26.683	-54.5
22.3	-9.786	-33.561	-59.3
22.31	-9.809	-38.522	-48.0
22.32	-9.835	-41.988	-60.6
22.33	-9.859	-44.509	-51.0
22.34	-9.878	-46.358	-55.0
22.35	-9.896	-47.747	-61.5
22.36	-9.914	-48.827	-49.9
22.37	-9.932	-49.586	-44.1
22.38	-9.948	-49.897	-55.6
22.39	-9.964	-49.472	-50.7
22.4	-9.981	-47.950	-40.8
22.41	-9.998	-45.134	-22.0
22.42	-10.014	-40.939	-35.5
22.43	-10.028	-35.219	-35.4
22.44	-10.041	-28.092	-25.6
22.45	-10.053	-20.164	-41.6
22.46	-10.063	-12.263	-44.1
22.47	-10.072	-5.141	-27.6
22.48	-10.079	0.678	-38.3
22.49	-10.085	4.708	-44.8
22.5	-10.091	6.616	-40.8
22.51	-10.096	6.527	-29.6
22.52	-10.097	4.834	-38.0
22.53	-10.093	1.950	-25.0
22.54	-10.086	-1.773	-27.8
22.55	-10.076	-6.002	-31.0
22.56	-10.064	-10.205	-18.1
22.57	-10.051	-13.988	-13.4
22.58	-10.034	-17.383	-23.7
22.59	-10.016	-20.441	-1.5
22.6	-9.994	-23.122	-11.1
22.61	-9.969	-25.438	-49.7
22.62	-9.944	-27.358	-53.3
22.63	-9.919	-28.909	-28.3
22.64	-9.894	-30.089	-49.8
22.65	-9.869	-30.850	-43.8
22.66	-9.842	-31.259	-45.1
22.67	-9.817	-31.369	-15.1
22.68	-9.791	-31.159	-33.4
22.69	-9.758	-30.622	-12.5
22.7	-9.716	-29.802	160.0
22.71	-9.666	-28.828	181.9
22.72	-9.616	-27.827	131.9
22.73	-9.573	-26.858	-37.0
22.74	-9.539	-25.991	-73.6
22.75	-9.509	-25.239	-17.5
22.76	-9.478	-24.459	-45.2
22.77	-9.440	-23.456	-4.9
22.78	-9.389	-22.100	-27.5
22.79	-9.329	-20.533	-22.0
22.8	-9.264	-19.175	-5.8
22.81	-9.203	-18.483	-5.0
22.82	-9.146	-18.709	-13.2
22.83	-9.091	-19.652	11.7
22.84	-9.040	-20.681	16.2
22.85	-8.994	-20.872	30.6
22.86	-8.950	-18.606	26.7
22.87	-8.910	-11.050	25.5
22.88	-8.874	4.455	69.1
22.89	-8.841	25.772	85.8
22.9	-8.811	43.209	79.6
22.91	-8.784	50.211	129.7
22.92	-8.761	51.127	150.3
22.93	-8.738	51.136	157.3
22.94	-8.713	51.131	160.0
22.95	-8.687	50.734	133.6
22.96	-8.659	47.553	84.2
22.97	-8.631	39.113	59.2
22.98	-8.603	27.230	2.7
22.99	-8.578	15.075	-28.2
23.0	-8.557	3.613	-49.7
23.01	-8.541	-6.978	-58.7
23.02	-8.527	-16.391	-53.1
23.03	-8.512	-24.269	-81.7
23.04	-8.493	-30.278	-77.4
23.05	-8.474	-34.386	-54.1
23.06	-8.457	-37.091	-70.0
23.07	-8.436	-39.081	-74.5
23.08	-8.414	-40.802	-63.1
23.09	-8.391	-42.463	-52.3
23.1	-8.369	-44.064	-60.2
23.11	-8.348	-45.311	-55.9
23.12	-8.326	-45.700	-59.9
23.13	-8.305	-44.844	-45.8
23.14	-8.286	-42.658	-55.6
23.15	-8.266	-39.208	-55.6
23.16	-8.248	-34.611	-35.9
23.17	-8.229	-29.031	-54.0
23.18	-8.208	-22.769	-42.0
23.19	-8.186	-16.331	-34.1
23.2	-8.161	-10.286	-60.6
23.21	-8.137	-5.134	-40.5
23.22	-8.116	-1.302	-56.4
23.23	-8.094	1.030	-51.6
23.24	-8.072	1.995	-46.4
23.25	-8.050	1.834	-57.2
23.26	-8.031	0.684	-38.0
23.27	-8.012	-1.364	-47.0
23.28	-7.994	-4.086	-62.7
23.29	-7.973	-7.222	-52.4
23.3	-7.949	-10.520	-56.2
23.31	-7.926	-13.658	-36.0
23.32	-7.902	-16.423	-30.6
23.33	-7.879	-18.897	-43.9
23.34	-7.859	-21.091	-31.7
23.35	-7.841	-22.908	-13.8
23.36	-7.826	-24.347	-28.7
23.37	-7.813	-25.470	-18.5
23.38	-7.800	-26.381	-41.4
23.39	-7.786	-27.091	-79.7
23.4	-7.773	-27.516	-60.5
23.41	-7.758	-27.713	-50.8
23.42	-7.744	-27.813	-62.8
23.43	-7.731	-27.873	-58.7
23.44	-7.720	-27.827	-58.6
23.45	-7.713	-27.609	-9.0
23.46	-7.706	-27.223	-82.6
23.47	-7.697	-26.683	53.7
23.48	-7.680	-26.042	200.7
23.49	-7.659	-25.295	185.2
23.5	-7.643	-24.345	139.7
23.51	-7.633	-23.306	-97.7
23.52	-7.628	-22.616	-89.2
23.53	-7.626	-22.580	-13.0
23.54	-7.621	-22.898	-64.2
23.55	-7.609	-22.977	-43.3
23.56	-7.591	-22.438	-46.4
23.57	-7.574	-21.356	-57.4
23.58	-7.558	-20.261	-40.1
23.59	-7.543	-19.717	-18.9
23.6	-7.527	-19.834	-28.4
23.61	-7.514	-19.964	-16.4
23.62	-7.504	-18.441	-20.8
23.63	-7.496	-12.098	-1.4
23.64	-7.488	2.867	24.0
23.65	-7.481	25.027	28.2
23.66	-7.476	43.300	34.0
23.67	-7.471	50.303	70.0
23.68	-7.469	51.122	93.4
23.69	-7.468	51.138	112.6
23.7	-7.468	51.139	125.6
23.71	-7.467	51.133	125.9
23.72	-7.467	50.830	130.5
23.73	-7.466	48.077	116.1
23.74	-7.464	40.331	71.3
23.75	-7.459	29.045	25.8
23.76	-7.454	17.436	-26.5
23.77	-7.449	6.823	-34.7
23.78	-7.444	-2.469	-54.3
23.79	-7.439	-10.363	-80.2
23.8	-7.437	-16.928	-78.2
23.81	-7.435	-22.272	-75.5
23.82	-7.433	-26.367	-80.5
23.83	-7.429	-29.144	-68.1
23.84	-7.425	-30.780	-76.1
23.85	-7.421	-31.830	-66.4
23.86	-7.418	-32.977	-71.5
23.87	-7.416	-34.575	-62.8
23.88	-7.413	-36.539	-76.5
23.89	-7.413	-38.337	-81.3
23.9	-7.412	-39.219	-56.4
23.91	-7.413	-38.797	-63.0
23.92	-7.413	-36.995	-66.1
23.93	-7.414	-33.819	-73.9
23.94	-7.414	-29.558	-67.3
23.95	-7.414	-24.641	-49.3
23.96	-7.414	-19.433	-66.5
23.97	-7.413	-14.356	-53.4
23.98	-7.410	-9.658	-51.7
23.99	-7.408	-5.491	-57.7
24.0	-7.405	-2.261	-68.8
24.01	-7.402	-0.352	-55.5
24.02	-7.399	0.045	-54.7
24.03	-7.398	-0.941	-51.6
24.04	-7.397	-2.913	-65.7
24.05	-7.396	-5.569	-64.5
24.06	-7.395	-8.544	-60.6
24.07	-7.394	-11.422	-65.9
24.08	-7.391	-14.039	-57.0
24.09	-7.389	-16.364	-51.8
24.1	-7.388	-18.411	-57.0
24.11	-7.386	-20.233	-42.0
24.12	-7.382	-21.761	-40.5
24.13	-7.378	-22.902	-27.3
24.14	-7.375	-23.694	-19.3
24.15	-7.374	-24.219	-18.6
24.16	-7.373	-24.584	-35.4
24.17	-7.370	-24.936	-59.0
24.18	-7.367	-25.231	-62.1
24.19	-7.366	-25.397	-64.1
24.2	-7.364	-25.527	-83.5
24.21	-7.362	-25.688	-48.8
24.22	-7.361	-25.864	-75.5
24.23	-7.361	-26.019	-40.0
24.24	-7.362	-26.109	-50.4
24.25	-7.362	-26.044	-19.5
24.26	-7.358	-25.686	195.8
24.27	-7.350	-25.083	234.8
24.28	-7.344	-24.261	227.9
24.29	-7.340	-23.197	22.0
24.3	-7.338	-22.291	-101.3
24.31	-7.341	-22.044	-24.1
24.32	-7.348	-22.358	-64.1
24.33	-7.350	-22.688	-50.7
24.34	-7.349	-22.569	-27.9
24.35	-7.347	-21.961	-37.1
24.36	-7.348	-21.277	-48.4
24.37	-7.351	-21.009	-24.6
24.38	-7.356	-21.231	-31.9
24.39	-7.359	-21.331	-22.6
24.4	-7.362	-19.895	-7.3
24.41	-7.364	-14.269	-8.9
24.42	-7.366	-1.142	19.0
24.43	-7.367	19.470	28.7
24.44	-7.366	39.302	47.5
24.45	-7.366	49.186	78.1
24.46	-7.364	51.072	71.1
24.47	-7.362	51.134	128.2
24.48	-7.359	51.139	153.8
24.49	-7.357	51.136	162.8
24.5	-7.356	51.080	168.8
24.51	-7.356	49.845	159.5
24.52	-7.361	44.583	98.2
24.53	-7.368	34.692	45.2
24.54	-7.373	23.153	4.5
24.55	-7.376	12.248	-36.9
24.56	-7.378	2.694	-55.3
24.57	-7.381	-5.264	-61.7
24.58	-7.386	-11.805	-82.7
24.59	-7.396	-17.188	-78.7
24.6	-7.409	-21.505	-75.4
24.61	-7.426	-24.711	-80.3
24.62	-7.448	-26.714	-78.7
24.63	-7.473	-27.863	-87.3
24.64	-7.498	-28.925	-80.4
24.65	-7.520	-30.311	-69.7
24.66	-7.538	-31.966	-76.6
24.67	-7.553	-33.670	-76.3
24.68	-7.566	-34.773	-77.2
24.69	-7.579	-34.594	-63.6
24.7	-7.591	-33.141	-64.0
24.71	-7.604	-30.692	-64.9
24.72	-7.617	-27.463	-70.0
24.73	-7.634	-23.619	-70.8
24.74	-7.652	-19.184	-69.0
24.75	-7.673	-14.381	-53.1
24.76	-7.694	-9.708	-65.5
24.77	-7.714	-5.653	-72.1
24.78	-7.733	-2.597	-65.7
24.79	-7.753	-0.767	-54.2
24.8	-7.775	-0.131	-56.4
24.81	-7.799	-0.441	-60.7
24.82	-7.827	-1.613	-55.4
24.83	-7.857	-3.686	-51.5
24.84	-7.888	-6.430	-49.6
24.85	-7.920	-9.420	-45.9
24.86	-7.951	-12.233	-58.6
24.87	-7.982	-14.650	-52.5
24.88	-8.012	-16.784	-54.9
24.89	-8.043	-18.725	-36.8
24.9	-8.074	-20.417	-42.6
24.91	-8.104	-21.842	-35.3
24.92	-8.135	-23.030	-27.5
24.93	-8.166	-23.973	-4.8
24.94	-8.198	-24.598	-12.7
24.95	-8.231	-24.975	-4.3
24.96	-8.264	-25.219	-31.4
24.97	-8.295	-25.231	-62.5
24.98	-8.327	-24.986	-47.4
24.99	-8.360	-24.756	-55.8
25.0	-8.392	-24.733	-40.7
25.01	-8.424	-24.845	-59.2
25.02	-8.459	-25.006	-41.0
25.03	-8.496	-25.133	1.0
25.04	-8.532	-25.133	-80.3
25.05	-8.562	-24.956	120.6
25.06	-8.584	-24.520	248.0
25.07	-8.605	-23.728	215.8
25.08	-8.633	-22.708	89.5
25.09	-8.663	-21.908	-103.0
25.1	-8.697	-21.723	-39.1
25.11	-8.734	-21.966	-19.4
25.12	-8.767	-22.019	-46.1
25.13	-8.793	-21.720	-34.7
25.14	-8.810	-21.244	-24.2
25.15	-8.826	-20.728	-31.7
25.16	-8.842	-20.492	-27.3
25.17	-8.857	-20.759	2.4
25.18	-8.871	-21.403	-5.3
25.19	-8.885	-21.975	8.4
25.2	-8.900	-21.198	14.7
25.21	-8.917	-16.222	20.9
25.22	-8.935	-3.233	32.4
25.23	-8.954	18.238	56.8
25.24	-8.975	39.128	72.3
25.25	-8.996	49.284	95.1
25.26	-9.015	51.083	127.9
25.27	-9.033	51.134	133.7
25.28	-9.052	51.139	149.1
25.29	-9.073	51.138	180.1
25.3	-9.094	51.098	156.5
25.31	-9.114	50.067	122.0
25.32	-9.136	45.053	80.0
25.33	-9.159	34.917	19.4
25.34	-9.181	22.722	-12.2
25.35	-9.203	11.139	-18.4
25.36	-9.227	0.613	-58.3
25.37	-9.256	-8.863	-73.0
25.38	-9.286	-16.955	-60.5
25.39	-9.314	-23.431	-43.6
25.4	-9.339	-28.305	-63.7
25.41	-9.363	-31.547	-54.2
25.42	-9.386	-33.411	-66.3
25.43	-9.412	-34.714	-68.9
25.44	-9.438	-36.120	-51.0
25.45	-9.465	-37.600	-51.3
25.46	-9.491	-38.972	-60.2
25.47	-9.514	-39.945	-53.4
25.48	-9.537	-40.067	-47.0
25.49	-9.563	-39.105	-33.0
25.5	-9.592	-36.839	-62.8
25.51	-9.623	-33.163	-48.2
25.52	-9.654	-28.331	-36.0
25.53	-9.688	-22.667	-44.7
25.54	-9.723	-16.522	-39.3
25.55	-9.756	-10.703	-51.7
25.56	-9.789	-6.525	-36.4
25.57	-9.822	-3.125	-36.3
25.58	-9.858	1.545	-50.0
25.59	-9.898	4.694	-45.2
25.6	-9.939	4.298	-46.6
25.61	-9.982	3.153	-38.7
25.62	-10.029	1.336	-37.2
25.63	-10.081	-2.155	-54.5
25.64	-10.136	-6.111	-42.0
25.65	-10.191	-9.597	-23.2
25.66	-10.247	-12.356	-43.1
25.67	-10.302	-14.716	-7.4
25.68	-10.358	-16.994	-1.5
25.69	-10.417	-19.177	-20.8
25.7	-10.480	-21.281	-23.0
25.71	-10.541	-22.928	-21.3
25.72	-10.595	-23.758	-18.3
25.73	-10.643	-23.961	-53.3
25.74	-10.687	-23.889	-48.6
25.75	-10.731	-23.867	-30.5
25.76	-10.777	-24.245	-72.2
25.77	-10.824	-25.183	-30.8
25.78	-10.870	-26.195	-27.3
25.79	-10.913	-26.414	-17.2
25.8	-10.952	-25.580	-66.2
25.81	-10.986	-24.084	96.3
25.82	-11.017	-22.047	221.8
25.83	-11.053	-19.397	171.7
25.84	-11.099	-16.527	68.2
25.85	-11.154	-14.098	-108.7
25.86	-11.213	-12.383	-36.4
25.87	-11.276	-11.048	-11.6
25.88	-11.339	-9.825	-51.4
25.89	-11.398	-8.908	-9.5
25.9	-11.448	-8.536	-21.3
25.91	-11.493	-8.747	-20.5
25.92	-11.536	-9.498	-17.0
25.93	-11.581	-10.988	-0.4
25.94	-11.629	-13.427	-11.3
25.95	-11.681	-16.244	-21.7
25.96	-11.734	-18.402	13.0
25.97	-11.781	-18.880	6.8
25.98	-11.820	-15.106	22.6
25.99	-11.864	-3.066	45.5
26.0	-11.914	17.688	46.2
26.01	-11.965	38.428	111.1
26.02	-12.013	49.008	116.8
26.03	-12.054	51.066	137.2
26.04	-12.085	51.134	165.8
26.05	-12.112	51.138	146.8
26.06	-12.152	51.111	136.2
26.07	-12.203	50.336	110.6
26.08	-12.253	46.308	42.8
26.09	-12.296	37.678	64.3
26.1	-12.331	26.470	17.9
26.11	-12.363	14.934	-37.5
26.12	-12.394	4.177	-38.5
26.13	-12.434	-5.238	-46.8
26.14	-12.483	-13.209	-74.3
26.15	-12.536	-19.738	-58.2
26.16	-12.591	-24.934	-28.0
26.17	-12.643	-29.241	-80.2
26.18	-12.688	-33.100	-52.7
26.19	-12.723	-36.439	-56.2
26.2	-12.752	-39.006	-56.7
26.21	-12.784	-41.088	-37.1
26.22	-12.828	-43.050	-75.3
26.23	-12.876	-44.788	-27.8
26.24	-12.922	-45.927	-24.0
26.25	-12.959	-45.695	-51.9
26.26	-12.989	-43.378	-78.8
26.27	-13.025	-38.994	-17.3
26.28	-13.073	-32.917	-18.0
26.29	-13.124	-25.539	-42.0
26.3	-13.165	-17.245	-64.8
26.31	-13.189	-8.672	-91.0
26.32	-13.211	-0.491	-18.5
26.33	-13.251	6.902	-43.4
26.34	-13.304	12.927	-83.4
26.35	-13.361	17.038	-33.7
26.36	-13.418	19.505	-29.3
26.37	-13.472	21.417	-73.8
26.38	-13.521	23.977	-92.7
26.39	-13.578	29.473	-20.7
26.4	-13.647	38.045	-63.8
26.41	-13.719	44.942	-41.5
26.42	-13.797	48.555	-58.1
26.43	-13.884	50.497	-93.1
26.44	-13.978	51.105	-62.3
26.45	-14.076	51.138	-8.3
26.46	-14.167	51.139	104.3
26.47	-14.231	51.139	-36.7
26.48	-14.266	51.139	-116.7
26.49	-14.278	51.139	-72.7
26.5	-14.271	51.139	-50.5
26.51	-14.238	51.139	22.2
26.52	-14.177	51.139	-3.6
26.53	-14.093	51.139	-0.3
26.54	-13.993	51.130	-29.8
26.55	-13.883	50.959	-73.3
26.56	-13.762	48.183	118.0
26.57	-13.632	38.350	196.6
26.58	-13.502	22.195	147.9
26.59	-13.389	3.872	58.4
26.6	-13.303	-15.195	-89.8
26.61	-13.226	-30.703	-42.8
26.62	-13.142	-36.773	-59.8
26.63	-13.047	-36.863	-12.4
26.64	-12.937	-39.783	-6.0
26.65	-12.813	-45.961	-9.4
26.66	-12.680	-50.042	2.8
26.67	-12.550	-51.078	-40.3
26.68	-12.427	-51.138	11.7
26.69	-12.308	-51.141	-38.4
26.7	-12.189	-51.141	5.6
26.71	-12.068	-51.138	62.2
26.72	-11.946	-51.070	-3.8
26.73	-11.828	-49.417	26.3
26.74	-11.718	-40.405	56.1
26.75	-11.618	-17.456	67.8
26.76	-11.528	15.447	58.5
26.77	-11.446	41.033	76.8
26.78	-11.368	50.172	147.5
26.79	-11.289	51.114	177.0
26.8	-11.209	51.139	130.5
26.81	-11.133	51.128	167.2
26.82	-11.061	50.669	84.8
26.83	-10.991	46.456	34.8
26.84	-10.922	34.853	43.7
26.85	-10.858	18.441	-26.4
26.86	-10.805	1.408	-66.8
26.87	-10.764	-15.270	-37.8
26.88	-10.735	-30.809	-9.6
26.89	-10.706	-43.044	-39.5
26.9	-10.674	-49.464	-71.2
26.91	-10.642	-51.055	-1.8
26.92	-10.608	-51.136	-89.5
26.93	-10.569	-51.141	-106.0
26.94	-10.527	-51.141	-23.2
26.95	-10.483	-51.141	-35.7
26.96	-10.440	-51.141	-4.6
26.97	-10.398	-51.141	-69.1
26.98	-10.354	-51.141	-65.0
26.99	-10.309	-51.141	-29.4
27.0	-10.266	-51.141	-26.5
27.01	-10.222	-51.141	-55.9
27.02	-10.176	-51.141	-65.5
27.03	-10.129	-51.139	-0.9
27.04	-10.086	-51.120	-40.3
27.05	-10.050	-50.530	-55.0
27.06	-10.013	-47.413	-54.0
27.07	-9.971	-41.284	9.9
27.08	-9.930	-35.120	-60.0
27.09	-9.889	-31.486	-38.2
27.1	-9.849	-31.041	-32.4
27.11	-9.808	-33.189	-103.8
27.12	-9.766	-36.791	38.2
27.13	-9.726	-41.481	-27.5
27.14	-9.686	-46.378	-60.3
27.15	-9.643	-49.734	-63.1
27.16	-9.596	-50.977	-68.0
27.17	-9.553	-51.138	22.7
27.18	-9.513	-51.141	-59.1
27.19	-9.470	-51.141	-56.7
27.2	-9.426	-51.141	-6.5
27.21	-9.385	-51.141	-23.0
27.22	-9.347	-51.139	-14.0
27.23	-9.311	-51.128	-29.8
27.24	-9.274	-50.884	15.8
27.25	-9.237	-49.917	-5.3
27.26	-9.198	-47.959	-84.5
27.27	-9.160	-44.709	2.1
27.28	-9.119	-40.750	-37.3
27.29	-9.074	-37.602	-76.3
27.3	-9.027	-34.925	-8.2
27.31	-8.993	-31.386	-90.1
27.32	-8.968	-27.223	-25.1
27.33	-8.939	-22.505	48.5
27.34	-8.902	-16.175	-103.4
27.35	-8.855	-9.991	98.7
27.36	-8.797	-7.120	156.1
27.37	-8.736	-5.317	132.9
27.38	-8.685	0.609	100.5
27.39	-8.651	9.345	-62.5
27.4	-8.632	13.808	-41.0
27.41	-8.607	10.434	-73.7
27.42	-8.566	4.127	-50.4
27.43	-8.512	4.519	-21.3
27.44	-8.453	12.506	-59.6
27.45	-8.395	17.167	-71.4
27.46	-8.345	14.317	-26.5
27.47	-8.309	11.294	-30.4
27.48	-8.276	10.350	-65.0
27.49	-8.236	7.880	0.1
27.5	-8.193	4.966	-10.6
27.51	-8.148	6.513	10.9
27.52	-8.100	17.847	10.6
27.53	-8.048	35.931	5.0
27.54	-7.994	48.055	7.0
27.55	-7.945	51.005	37.7
27.56	-7.905	51.133	80.3
27.57	-7.867	51.138	97.5
27.58	-7.824	51.095	98.3
27.59	-7.780	50.075	154.7
27.6	-7.734	45.091	103.8
27.61	-7.684	34.342	50.6
27.62	-7.631	21.028	95.1
27.63	-7.580	9.028	30.2
27.64	-7.541	-1.819	-32.4
27.65	-7.505	-12.745	-13.8
27.66	-7.465	-23.152	-52.3
27.67	-7.423	-31.742	-46.0
27.68	-7.379	-38.253	-13.3
27.69	-7.334	-43.564	-60.2
27.7	-7.291	-47.245	-75.9
27.71	-7.252	-47.855	-69.4
27.72	-7.218	-47.116	-59.1
27.73	-7.184	-47.939	-24.8
27.74	-7.152	-48.088	-53.7
27.75	-7.124	-44.880	-34.0
27.76	-7.098	-42.492	-52.5
27.77	-7.071	-44.256	-64.3
27.78	-7.046	-46.669	-66.7
27.79	-7.034	-46.822	-92.8
27.8	-7.036	-45.989	-33.5
27.81	-7.037	-45.563	-25.3
27.82	-7.029	-45.311	-55.9
27.83	-7.018	-45.033	-34.4
27.84	-7.000	-44.488	-25.7
27.85	-6.981	-42.692	-46.1
27.86	-6.961	-39.995	-54.4
27.87	-6.942	-37.852	-18.7
27.88	-6.923	-36.430	-39.3
27.89	-6.902	-35.733	-33.5
27.9	-6.879	-35.784	-47.4
27.91	-6.854	-35.772	-38.3
27.92	-6.834	-35.219	-39.4
27.93	-6.820	-33.136	-77.3
27.94	-6.804	-29.459	-38.7
27.95	-6.782	-27.511	-38.1
27.96	-6.756	-28.430	-57.3
27.97	-6.731	-30.553	-50.4
27.98	-6.711	-33.553	-50.5
27.99	-6.697	-36.853	-37.9
28.0	-6.686	-38.372	-42.4
28.01	-6.677	-35.814	-28.3
28.02	-6.669	-31.019	-23.7
28.03	-6.661	-26.942	-12.7
28.04	-6.653	-23.147	-12.6
28.05	-6.644	-19.917	-23.5
28.06	-6.634	-18.144	-34.4
28.07	-6.622	-18.159	-42.8
28.08	-6.606	-20.364	-49.4
28.09	-6.588	-23.877	-46.7
28.1	-6.572	-27.627	-44.8
28.11	-6.559	-31.200	-35.7
28.12	-6.552	-33.859	-45.3
28.13	-6.551	-36.022	-5.8
28.14	-6.552	-40.652	-41.5
28.15	-6.554	-44.472	120.0
28.16	-6.548	-41.195	219.9
28.17	-6.535	-37.905	221.3
28.18	-6.523	-40.156	121.2
28.19	-6.516	-42.273	-89.1
28.2	-6.519	-39.952	-24.7
28.21	-6.529	-30.611	19.6
28.22	-6.538	-14.731	-63.1
28.23	-6.536	1.623	-58.8
28.24	-6.526	12.955	30.5
28.25	-6.509	17.859	2.0
28.26	-6.493	18.105	-28.9
28.27	-6.476	14.602	-21.7
28.28	-6.457	5.831	-18.4
28.29	-6.438	-5.248	-22.7
28.3	-6.425	-11.489	31.1
28.31	-6.417	-6.713	62.4
28.32	-6.411	11.514	20.8
28.33	-6.403	34.725	56.5
28.34	-6.396	48.242	77.4
28.35	-6.388	51.038	93.3
28.36	-6.378	51.130	123.7
28.37	-6.367	51.138	139.2
28.38	-6.357	51.077	187.6
28.39	-6.344	50.891	180.3
28.4	-6.331	50.838	164.3
28.41	-6.321	51.016	150.9
28.42	-6.311	50.841	74.7
28.43	-6.300	48.572	20.5
28.44	-6.285	42.283	-13.9
28.45	-6.269	32.309	-87.9
28.46	-6.259	20.644	-71.5
28.47	-6.250	9.009	-33.7
28.48	-6.239	-1.353	-72.3
28.49	-6.228	-9.414	-77.4
28.5	-6.216	-15.084	-86.2
28.51	-6.203	-18.755	-88.3
28.52	-6.192	-21.003	-84.0
28.53	-6.185	-23.377	-79.8
28.54	-6.181	-26.941	-53.9
28.55	-6.173	-31.175	-44.8
28.56	-6.163	-35.109	-69.4
28.57	-6.151	-37.870	-53.0
28.58	-6.141	-38.691	-66.3
28.59	-6.133	-36.883	-65.3
28.6	-6.125	-32.233	-65.8
28.61	-6.117	-25.655	-59.0
28.62	-6.109	-18.217	-59.9
28.63	-6.101	-10.972	-60.9
28.64	-6.093	-5.561	-58.8
28.65	-6.086	-2.720	-50.5
28.66	-6.080	-1.548	-56.1
28.67	-6.076	-1.156	-54.9
28.68	-6.071	-1.573	-54.4
28.69	-6.066	-3.005	-54.6
28.7	-6.059	-4.878	-58.3
28.71	-6.057	-6.702	-58.5
28.72	-6.057	-9.230	-63.2
28.73	-6.057	-13.369	-66.1
28.74	-6.059	-18.584	-58.2
28.75	-6.066	-23.747	-62.3
28.76	-6.081	-28.508	-32.6
28.77	-6.103	-32.695	-20.2
28.78	-6.129	-36.644	-31.8
28.79	-6.154	-41.280	11.7
28.8	-6.175	-45.716	-47.8
28.81	-6.193	-48.095	-30.3
28.82	-6.209	-48.797	-10.9
28.83	-6.221	-48.883	-41.5
28.84	-6.233	-48.330	-69.9
28.85	-6.244	-48.097	-47.7
28.86	-6.253	-49.153	-63.0
28.87	-6.261	-50.464	-81.0
28.88	-6.268	-51.038	-72.2
28.89	-6.276	-51.089	-19.3
28.9	-6.284	-50.542	-44.2
28.91	-6.289	-48.719	-22.5
28.92	-6.286	-45.822	223.2
28.93	-6.276	-42.902	266.8
28.94	-6.269	-39.577	240.6
28.95	-6.273	-34.708	47.1
28.96	-6.287	-29.569	-103.0
28.97	-6.309	-25.677	-14.2
28.98	-6.333	-21.828	-45.4
28.99	-6.350	-17.516	-35.4
29.0	-6.354	-14.470	-34.4
29.01	-6.344	-13.033	-31.2
29.02	-6.331	-12.308	-26.0
29.03	-6.320	-12.259	-27.1
29.04	-6.311	-12.706	-32.2
29.05	-6.304	-13.902	-0.5
29.06	-6.303	-16.266	-3.5
29.07	-6.306	-17.675	5.5
29.08	-6.313	-13.791	19.3
29.09	-6.320	-0.758	31.6
29.1	-6.329	20.356	54.9
29.11	-6.339	40.017	80.1
29.12	-6.351	49.394	103.1
29.13	-6.364	51.084	139.6
29.14	-6.377	51.134	161.2
29.15	-6.391	51.133	181.4
29.16	-6.405	50.906	180.5
29.17	-6.419	48.595	165.1
29.18	-6.432	41.661	117.1
29.19	-6.446	31.061	63.9
29.2	-6.459	19.563	2.6
29.21	-6.473	8.280	-34.3
29.22	-6.487	-2.011	-60.4
29.23	-6.505	-10.594	-72.3
29.24	-6.526	-17.670	-91.9
29.25	-6.548	-23.700	-83.5
29.26	-6.567	-28.478	-90.9
29.27	-6.587	-31.597	-83.0
29.28	-6.605	-33.622	-99.8
29.29	-6.623	-35.480	-95.8
29.3	-6.640	-37.212	-65.6
29.31	-6.656	-38.619	-75.5
29.32	-6.670	-39.389	-80.0
29.33	-6.684	-40.048	-69.7
29.34	-6.699	-42.022	-74.5
29.35	-6.713	-44.520	-82.0
29.36	-6.728	-45.125	-79.9
29.37	-6.743	-43.217	-73.5
29.38	-6.759	-40.138	-85.8
29.39	-6.775	-36.192	-76.2
29.4	-6.789	-30.645	-77.8
29.41	-6.800	-24.961	-53.1
29.42	-6.808	-21.242	-64.2
29.43	-6.813	-19.122	-67.9
29.44	-6.814	-17.548	-68.9
29.45	-6.813	-16.158	-65.2
29.46	-6.812	-14.753	-60.7
29.47	-6.811	-13.894	-66.4
29.48	-6.811	-14.019	-67.3
29.49	-6.813	-14.598	-45.3
29.5	-6.814	-14.644	-52.3
29.51	-6.815	-13.505	-43.0
29.52	-6.813	-14.298	-34.2
29.53	-6.806	-20.300	-32.5
29.54	-6.791	-26.542	-30.1
29.55	-6.769	-28.858	-15.2
29.56	-6.748	-30.989	-43.7
29.57	-6.729	-33.111	-74.8
29.58	-6.711	-32.673	-70.3
29.59	-6.689	-33.150	-66.0
29.6	-6.668	-36.323	-58.2
29.61	-6.649	-38.081	-55.4
29.62	-6.634	-37.027	-87.1
29.63	-6.624	-34.984	-5.4
29.64	-6.617	-32.039	-62.6
29.65	-6.611	-28.277	-10.9
29.66	-6.601	-24.988	245.5
29.67	-6.588	-22.825	285.9
29.68	-6.579	-21.591	207.6
29.69	-6.575	-21.041	-54.2
29.7	-6.574	-21.764	-125.2
29.71	-6.575	-24.406	-33.9
29.72	-6.579	-27.411	-56.6
29.73	-6.580	-28.158	-33.8
29.74	-6.572	-26.366	-45.0
29.75	-6.556	-23.409	-38.2
29.76	-6.538	-19.834	-35.6
29.77	-6.517	-16.166	-29.2
29.78	-6.489	-13.673	-23.8
29.79	-6.456	-12.742	-15.7
29.8	-6.429	-12.325	-10.8
29.81	-6.422	-11.178	4.6
29.82	-6.423	-6.617	19.2
29.83	-6.418	6.098	42.3
29.84	-6.408	26.430	62.9
29.85	-6.399	43.617	98.9
29.86	-6.390	50.316	122.7
29.87	-6.383	51.123	156.4
29.88	-6.380	51.138	176.3
29.89	-6.378	51.131	188.4
29.9	-6.374	50.641	195.9
29.91	-6.370	46.966	177.4
29.92	-6.366	37.794	122.1
29.93	-6.362	25.048	59.0
29.94	-6.357	11.153	2.8
29.95	-6.351	-2.595	-27.8
29.96	-6.348	-14.406	-65.9
29.97	-6.346	-23.622	-78.0
29.98	-6.345	-31.038	-84.5
29.99	-6.343	-37.155	-90.8
30.0	-6.339	-41.848	-87.5
30.01	-6.335	-45.278	-87.4
30.02	-6.329	-47.836	-93.5
30.03	-6.323	-49.258	-84.8
30.04	-6.317	-49.239	-86.9
30.05	-6.313	-48.789	-74.2
30.06	-6.307	-48.842	-74.9
30.07	-6.302	-49.080	-76.2
30.08	-6.299	-49.273	-80.8
30.09	-6.299	-49.359	-73.9
30.1	-6.299	-48.525	-73.4
30.11	-6.299	-45.848	-73.5
30.12	-6.301	-41.411	-76.5
30.13	-6.302	-36.053	-78.1
30.14	-6.304	-30.266	-70.5
30.15	-6.305	-24.186	-64.0
30.16	-6.304	-18.375	-70.7
30.17	-6.302	-13.320	-62.3
30.18	-6.298	-9.016	-69.6
30.19	-6.293	-5.948	-67.9
30.2	-6.288	-4.778	-63.3
30.21	-6.285	-5.306	-61.1
30.22	-6.283	-6.988	-62.0
30.23	-6.284	-9.650	-40.7
30.24	-6.286	-12.753	-41.0
30.25	-6.291	-14.589	-27.3
30.26	-6.298	-14.091	-26.4
30.27	-6.304	-12.180	-56.7
30.28	-6.310	-9.606	-80.4
30.29	-6.314	-6.042	-77.7
30.3	-6.314	-1.684	-83.0
30.31	-6.314	2.439	-72.1
30.32	-6.313	5.484	-81.6
30.33	-6.310	7.245	-69.7
30.34	-6.307	7.644	-31.1
30.35	-6.304	6.869	-88.4
30.36	-6.300	5.748	111.8
30.37	-6.289	4.659	304.9
30.38	-6.275	3.247	293.5
30.39	-6.263	1.728	151.5
30.4	-6.254	0.219	-129.9
30.41	-6.249	-2.381	-76.5
30.42	-6.249	-6.180	-57.7
30.43	-6.252	-10.100	-70.5
30.44	-6.253	-14.023	-54.1
30.45	-6.249	-18.238	-57.1
30.46	-6.242	-22.758	-38.9
30.47	-6.235	-27.350	-32.7
30.48	-6.226	-31.963	-29.0
30.49	-6.221	-36.580	-16.6
30.5	-6.220	-40.539	-8.6
30.51	-6.218	-42.763	8.4
30.52	-6.215	-40.355	16.2
30.53	-6.212	-28.428	38.5
30.54	-6.209	-5.738	59.5
30.55	-6.206	21.061	81.6
30.56	-6.206	41.217	105.8
30.57	-6.208	49.655	144.2
30.58	-6.210	50.989	170.0
30.59	-6.213	49.550	198.1
30.6	-6.216	44.250	208.7
30.61	-6.219	35.128	197.3
30.62	-6.222	24.725	156.7
30.63	-6.224	14.623	100.5
30.64	-6.225	4.998	30.6
30.65	-6.224	-3.952	-12.0
30.66	-6.223	-11.753	-50.9
30.67	-6.224	-18.387	-76.3
30.68	-6.227	-23.986	-90.6
30.69	-6.230	-28.559	-91.1
30.7	-6.234	-32.388	-94.1
30.71	-6.237	-35.583	-87.2
30.72	-6.240	-38.083	-89.7
30.73	-6.244	-39.827	-86.4
30.74	-6.250	-40.511	-80.4
30.75	-6.256	-40.677	-79.2
30.76	-6.259	-41.628	-77.9
30.77	-6.263	-43.633	-72.9
30.78	-6.265	-45.948	-76.0
30.79	-6.266	-48.000	-70.0
30.8	-6.265	-49.197	-73.2
30.81	-6.262	-48.580	-64.8
30.82	-6.257	-45.734	-67.2
30.83	-6.253	-41.281	-67.1
30.84	-6.249	-35.980	-66.0
30.85	-6.247	-30.434	-56.1
30.86	-6.247	-25.344	-65.2
30.87	-6.250	-21.005	-66.0
30.88	-6.258	-17.194	-71.2
30.89	-6.272	-13.691	-61.0
30.9	-6.291	-10.458	-55.3
30.91	-6.314	-7.519	-71.9
30.92	-6.338	-4.798	-44.6
30.93	-6.362	-2.516	-32.5
30.94	-6.388	-1.188	-25.9
30.95	-6.411	-0.972	-15.2
30.96	-6.433	-1.795	-64.2
30.97	-6.454	-3.389	-63.3
30.98	-6.474	-5.148	-70.3
30.99	-6.493	-6.539	-78.8
31.0	-6.513	-7.409	-64.9
31.01	-6.532	-8.142	-66.4
31.02	-6.551	-9.366	-84.7
31.03	-6.571	-11.450	-29.1
31.04	-6.590	-14.456	-58.6
31.05	-6.609	-18.039	-17.7
31.06	-6.624	-21.542	220.0
31.07	-6.636	-24.634	246.1
31.08	-6.649	-27.416	182.1
31.09	-6.667	-30.130	-47.1
31.1	-6.686	-33.036	-123.0
31.11	-6.709	-36.188	-27.5
31.12	-6.734	-39.405	-62.8
31.13	-6.758	-42.333	-53.8
31.14	-6.778	-44.284	-49.2
31.15	-6.796	-44.739	-36.2
31.16	-6.813	-44.039	-29.9
31.17	-6.830	-42.872	-26.6
31.18	-6.846	-41.617	-27.7
31.19	-6.862	-40.320	-20.2
31.2	-6.878	-38.567	-11.6
31.21	-6.895	-35.172	-6.2
31.22	-6.914	-27.475	11.2
31.23	-6.934	-11.305	31.0
31.24	-6.954	13.847	43.3
31.25	-6.975	37.645	59.8
31.26	-6.998	49.059	93.1
31.27	-7.021	51.077	122.1
31.28	-7.046	51.133	123.5
31.29	-7.071	51.133	173.6
31.3	-7.097	50.719	176.4
31.31	-7.122	47.502	140.7
31.32	-7.148	39.363	100.1
31.33	-7.175	28.480	41.4
31.34	-7.202	17.566	-2.0
31.35	-7.229	7.152	-40.3
31.36	-7.257	-2.263	-63.8
31.37	-7.285	-10.159	-75.9
31.38	-7.313	-16.403	-81.5
31.39	-7.341	-21.125	-77.7
31.4	-7.368	-24.730	-89.4
31.41	-7.394	-27.700	-80.7
31.42	-7.421	-30.294	-72.0
31.43	-7.447	-32.419	-72.7
31.44	-7.473	-34.109	-75.5
31.45	-7.499	-35.641	-68.2
31.46	-7.524	-37.127	-63.5
31.47	-7.551	-38.506	-67.4
31.48	-7.579	-39.394	-81.3
31.49	-7.607	-39.203	-69.0
