Interval=	0.01 s
ExcelDateTime=	3.9773396772890243e+004	21/11/2008 9:31:21.177717
TimeFormat=	StartOfBlock
ChannelTitle=	Channel 1	Channel 2	Channel 3
Range=	20.000 mV	50.000 mV	500.0 µV
0.0	-8.391	-36.191	15.3
0.01	-8.404	-37.167	-24.3
0.02	-8.416	-37.998	-36.1
0.03	-8.427	-38.569	-49.5
0.04	-8.438	-38.884	-44.6
0.05	-8.449	-39.023	-53.1
0.06	-8.461	-39.083	-17.9
0.07	-8.473	-39.167	-45.8
0.08	-8.487	-39.241	-25.0
0.09	-8.503	-39.052	-16.4
0.1	-8.519	-38.395	-62.1
0.11	-8.529	-37.219	150.4
0.12	-8.533	-35.498	258.4
0.13	-8.539	-33.225	248.5
0.14	-8.550	-30.636	96.6
0.15	-8.562	-28.475	-103.4
0.16	-8.574	-27.434	-30.2
0.17	-8.586	-27.180	-38.2
0.18	-8.594	-26.831	-33.7
0.19	-8.596	-26.120	-22.7
0.2	-8.591	-25.281	-31.8
0.21	-8.584	-24.611	-22.2
0.22	-8.579	-24.516	-13.6
0.23	-8.576	-25.203	-10.6
0.24	-8.576	-26.523	-6.5
0.25	-8.577	-27.973	3.8
0.26	-8.581	-28.131	12.1
0.27	-8.587	-23.536	11.7
0.28	-8.593	-7.939	27.4
0.29	-8.599	19.272	51.7
0.3	-8.606	42.389	82.8
0.31	-8.612	50.445	101.4
0.32	-8.620	51.106	119.0
0.33	-8.628	51.139	144.0
0.34	-8.638	51.139	166.9
0.35	-8.648	51.139	151.7
0.36	-8.658	51.139	148.1
0.37	-8.666	51.139	121.6
0.38	-8.674	51.134	72.6
0.39	-8.681	51.056	39.7
0.4	-8.687	49.014	-2.0
0.41	-8.693	39.381	-33.8
0.42	-8.702	20.558	-40.1
0.43	-8.714	-1.316	-65.0
0.44	-8.726	-21.572	-59.0
0.45	-8.738	-38.220	-56.2
0.46	-8.749	-47.991	-61.0
0.47	-8.761	-50.892	-63.6
0.48	-8.773	-51.131	-62.2
0.49	-8.784	-51.141	-53.5
0.5	-8.793	-51.141	-57.5
0.51	-8.803	-51.141	-61.5
0.52	-8.815	-51.141	-47.6
0.53	-8.826	-51.141	-54.4
0.54	-8.836	-51.141	-53.9
0.55	-8.846	-51.141	-42.8
0.56	-8.856	-51.141	-41.7
0.57	-8.866	-51.133	-46.2
0.58	-8.876	-50.966	-40.8
0.59	-8.886	-48.378	-42.0
0.6	-8.898	-39.122	-38.3
0.61	-8.908	-23.473	-51.0
0.62	-8.918	-6.084	-44.7
0.63	-8.928	9.967	-49.8
0.64	-8.938	23.180	-43.1
0.65	-8.950	32.441	-46.7
0.66	-8.961	37.155	-59.7
0.67	-8.970	37.306	-30.7
0.68	-8.979	33.409	-29.2
0.69	-8.987	26.356	-51.9
0.7	-8.994	17.197	-41.9
0.71	-9.001	6.925	-51.1
0.72	-9.009	-3.622	-48.9
0.73	-9.016	-13.763	-29.1
0.74	-9.024	-22.986	-26.4
0.75	-9.033	-30.969	-31.6
0.76	-9.041	-37.605	-14.0
0.77	-9.047	-43.020	-1.5
0.78	-9.055	-47.273	-7.9
0.79	-9.062	-49.978	-22.6
0.8	-9.068	-51.000	-15.8
0.81	-9.072	-51.139	-38.3
0.82	-9.077	-51.141	-51.8
0.83	-9.082	-51.141	-46.7
0.84	-9.088	-51.141	-47.0
0.85	-9.094	-51.139	-43.8
0.86	-9.101	-51.086	-42.7
0.87	-9.110	-50.577	-52.5
0.88	-9.123	-49.114	-4.9
0.89	-9.134	-46.867	-62.5
0.9	-9.143	-44.348	52.1
0.91	-9.145	-41.689	221.8
0.92	-9.148	-38.852	216.0
0.93	-9.155	-36.038	111.2
0.94	-9.166	-33.608	-83.2
0.95	-9.177	-31.825	-62.2
0.96	-9.185	-30.528	-23.3
0.97	-9.189	-29.247	-38.9
0.98	-9.185	-27.838	-23.6
0.99	-9.172	-26.463	-33.9
1.0	-9.152	-25.214	-24.6
1.01	-9.133	-24.298	-15.8
1.02	-9.116	-24.186	-11.1
1.03	-9.104	-25.163	-6.9
1.04	-9.094	-26.898	3.8
1.05	-9.086	-28.386	6.3
1.06	-9.078	-27.986	21.6
1.07	-9.068	-22.577	28.6
1.08	-9.056	-6.141	49.3
1.09	-9.044	21.255	65.4
1.1	-9.031	43.430	89.3
1.11	-9.016	50.622	117.8
1.12	-9.001	51.113	133.8
1.13	-8.984	51.139	147.2
1.14	-8.968	51.139	160.0
1.15	-8.953	51.139	146.3
1.16	-8.938	51.139	123.8
1.17	-8.921	51.139	80.4
1.18	-8.903	51.125	38.8
1.19	-8.884	50.527	1.6
1.2	-8.866	44.883	-25.1
1.21	-8.849	28.933	-49.3
1.22	-8.834	6.141	-50.8
1.23	-8.819	-16.505	-59.4
1.24	-8.800	-35.448	-62.6
1.25	-8.778	-47.014	-64.0
1.26	-8.758	-50.759	-66.8
1.27	-8.738	-51.131	-68.1
1.28	-8.719	-51.141	-60.8
1.29	-8.701	-51.141	-55.2
1.3	-8.684	-51.141	-54.6
1.31	-8.670	-51.141	-59.8
1.32	-8.656	-51.141	-64.0
1.33	-8.642	-51.141	-60.9
1.34	-8.628	-51.141	-53.7
1.35	-8.614	-51.141	-57.3
1.36	-8.598	-51.138	-48.1
1.37	-8.582	-51.123	-39.3
1.38	-8.566	-50.302	-43.0
1.39	-8.548	-44.866	-54.2
1.4	-8.530	-31.959	-39.8
1.41	-8.512	-14.713	-51.3
1.42	-8.496	2.584	-55.4
1.43	-8.479	17.736	-52.7
1.44	-8.463	29.197	-58.8
1.45	-8.447	36.084	-50.5
1.46	-8.433	38.297	-48.7
1.47	-8.419	36.277	-52.8
1.48	-8.404	30.736	-42.0
1.49	-8.389	22.561	-50.8
1.5	-8.376	12.702	-45.7
1.51	-8.362	2.036	-50.8
1.52	-8.349	-8.642	-53.7
1.53	-8.338	-18.631	-36.8
1.54	-8.328	-27.472	-30.3
1.55	-8.319	-35.025	-27.8
1.56	-8.310	-41.247	-6.2
1.57	-8.301	-46.130	-16.2
1.58	-8.291	-49.408	-15.4
1.59	-8.283	-50.845	-9.9
1.6	-8.273	-51.130	-24.7
1.61	-8.262	-51.141	-49.1
1.62	-8.251	-51.141	-59.9
1.63	-8.239	-51.139	-53.6
1.64	-8.228	-51.103	-51.8
1.65	-8.216	-50.784	-45.9
1.66	-8.204	-49.970	-60.2
1.67	-8.194	-48.869	-27.0
1.68	-8.188	-47.677	-35.6
1.69	-8.181	-46.284	-50.3
1.7	-8.166	-44.561	160.6
1.71	-8.147	-42.455	224.2
1.72	-8.131	-39.975	207.7
1.73	-8.120	-37.322	13.5
1.74	-8.112	-34.972	-125.5
1.75	-8.106	-33.344	-30.5
1.76	-8.099	-32.336	-47.1
1.77	-8.089	-31.531	-48.7
1.78	-8.074	-30.733	-36.4
1.79	-8.054	-29.992	-41.6
1.8	-8.035	-29.473	-22.9
1.81	-8.016	-29.405	-30.0
1.82	-7.998	-29.756	-24.8
1.83	-7.979	-30.158	-10.9
1.84	-7.962	-30.100	-13.8
1.85	-7.946	-28.106	-9.1
1.86	-7.933	-20.019	11.0
1.87	-7.919	0.294	12.3
1.88	-7.907	28.247	21.7
1.89	-7.897	46.484	52.5
1.9	-7.888	50.939	69.6
1.91	-7.881	51.130	91.2
1.92	-7.873	51.139	120.6
1.93	-7.866	51.139	128.7
1.94	-7.860	51.139	138.8
1.95	-7.854	51.139	112.6
1.96	-7.849	51.139	86.7
1.97	-7.843	51.134	50.1
1.98	-7.836	51.036	2.7
1.99	-7.831	48.703	-33.4
2.0	-7.826	38.358	-54.3
2.01	-7.822	19.048	-65.9
2.02	-7.819	-2.722	-66.0
2.03	-7.816	-22.656	-74.8
2.04	-7.814	-38.869	-70.7
2.05	-7.810	-48.216	-71.2
2.06	-7.806	-50.923	-63.8
2.07	-7.803	-51.131	-77.4
2.08	-7.801	-51.141	-84.2
2.09	-7.798	-51.141	-69.2
2.1	-7.796	-51.141	-60.5
2.11	-7.793	-51.141	-60.8
2.12	-7.791	-51.141	-65.2
2.13	-7.789	-51.141	-61.1
2.14	-7.788	-51.141	-55.4
2.15	-7.788	-51.141	-62.7
2.16	-7.789	-51.138	-57.7
2.17	-7.791	-51.105	-58.1
2.18	-7.793	-50.028	-60.3
2.19	-7.793	-44.106	-62.8
2.2	-7.792	-31.494	-50.5
2.21	-7.791	-16.078	-63.3
2.22	-7.790	-1.716	-56.7
2.23	-7.789	10.191	-55.6
2.24	-7.787	18.767	-61.4
2.25	-7.785	23.486	-52.9
2.26	-7.783	24.272	-55.3
2.27	-7.781	21.488	-57.3
2.28	-7.780	15.930	-63.6
2.29	-7.779	8.597	-65.3
2.3	-7.778	0.258	-49.0
2.31	-7.777	-8.586	-64.7
2.32	-7.777	-17.475	-63.1
2.33	-7.777	-25.877	-59.1
2.34	-7.779	-33.328	-54.5
2.35	-7.780	-39.581	-44.7
2.36	-7.782	-44.525	-45.8
2.37	-7.783	-48.142	-51.9
2.38	-7.784	-50.281	-25.3
2.39	-7.785	-51.038	-30.3
2.4	-7.786	-51.139	-33.6
2.41	-7.788	-51.141	-8.7
2.42	-7.788	-51.139	-27.4
2.43	-7.789	-51.111	-50.6
2.44	-7.790	-50.917	-55.8
2.45	-7.790	-50.348	-74.1
2.46	-7.789	-49.494	-61.8
2.47	-7.788	-48.698	-55.2
2.48	-7.787	-48.022	-76.5
2.49	-7.788	-47.236	-55.6
2.5	-7.791	-46.192	-25.1
2.51	-7.795	-44.848	-59.7
2.52	-7.793	-43.122	111.6
2.53	-7.783	-40.967	197.8
2.54	-7.776	-38.472	214.7
2.55	-7.773	-35.922	130.1
2.56	-7.775	-33.875	-86.2
2.57	-7.781	-32.759	-64.3
2.58	-7.791	-32.348	-48.3
2.59	-7.796	-32.042	-54.2
2.6	-7.791	-31.408	-44.1
2.61	-7.781	-30.317	-54.7
2.62	-7.772	-29.047	-34.9
2.63	-7.764	-27.980	-28.1
2.64	-7.756	-27.284	-29.8
2.65	-7.749	-26.933	-26.8
2.66	-7.742	-26.241	-16.3
2.67	-7.737	-22.847	-20.8
2.68	-7.733	-11.478	-3.4
2.69	-7.729	12.084	13.1
2.7	-7.726	37.359	29.0
2.71	-7.725	49.367	45.3
2.72	-7.723	51.105	74.0
2.73	-7.723	51.134	98.4
2.74	-7.723	51.139	127.6
2.75	-7.724	51.139	142.3
2.76	-7.726	51.139	150.3
2.77	-7.728	51.139	144.3
2.78	-7.729	51.139	117.4
2.79	-7.730	51.134	57.8
2.8	-7.731	51.055	24.2
2.81	-7.731	48.947	-13.8
2.82	-7.731	39.128	-56.4
2.83	-7.730	20.366	-56.0
2.84	-7.730	-0.859	-64.0
2.85	-7.732	-20.130	-86.5
2.86	-7.734	-36.288	-69.4
2.87	-7.734	-46.795	-74.5
2.88	-7.733	-50.652	-82.4
2.89	-7.732	-51.133	-74.9
2.9	-7.732	-51.139	-73.7
2.91	-7.732	-51.141	-73.5
2.92	-7.731	-51.141	-75.0
2.93	-7.729	-51.141	-69.0
2.94	-7.728	-51.141	-59.1
2.95	-7.726	-51.141	-68.5
2.96	-7.726	-51.141	-61.0
2.97	-7.727	-51.141	-72.4
2.98	-7.728	-51.138	-64.2
2.99	-7.729	-51.117	-62.6
3.0	-7.731	-50.302	-70.0
3.01	-7.732	-45.478	-65.5
3.02	-7.732	-34.734	-63.2
3.03	-7.732	-20.972	-70.2
3.04	-7.732	-7.405	-62.1
3.05	-7.731	4.503	-59.3
3.06	-7.731	13.542	-59.7
3.07	-7.731	18.878	-72.0
3.08	-7.732	20.305	-56.9
3.09	-7.732	18.167	-61.3
3.1	-7.732	13.259	-65.3
3.11	-7.732	6.591	-58.7
3.12	-7.731	-0.994	-58.0
3.13	-7.729	-8.970	-61.3
3.14	-7.726	-17.028	-65.0
3.15	-7.724	-24.831	-67.6
3.16	-7.724	-32.002	-56.3
3.17	-7.725	-38.238	-55.3
3.18	-7.726	-43.303	-55.6
3.19	-7.726	-47.067	-56.7
3.2	-7.727	-49.513	-44.3
3.21	-7.729	-50.733	-22.6
3.22	-7.731	-51.102	-20.8
3.23	-7.733	-51.139	-29.5
3.24	-7.736	-51.138	-11.0
3.25	-7.739	-51.070	-30.6
3.26	-7.741	-50.720	-57.7
3.27	-7.744	-49.947	-72.2
3.28	-7.746	-49.081	-68.9
3.29	-7.748	-48.347	-62.5
3.3	-7.748	-47.480	-57.8
3.31	-7.749	-46.702	-79.5
3.32	-7.751	-46.298	-26.6
3.33	-7.755	-45.634	-55.7
3.34	-7.757	-44.273	-38.7
3.35	-7.754	-42.491	202.4
3.36	-7.750	-40.364	283.9
3.37	-7.748	-37.792	296.6
3.38	-7.749	-35.048	42.1
3.39	-7.752	-32.886	-120.3
3.4	-7.758	-31.877	-38.6
3.41	-7.766	-31.631	-81.6
3.42	-7.770	-31.286	-50.0
3.43	-7.768	-30.483	-52.3
3.44	-7.761	-29.392	-48.6
3.45	-7.756	-28.417	-42.2
3.46	-7.753	-28.073	-41.1
3.47	-7.750	-28.527	-44.4
3.48	-7.748	-29.291	-33.5
3.49	-7.746	-29.133	-16.7
3.5	-7.746	-25.163	-4.1
3.51	-7.746	-11.748	0.6
3.52	-7.746	13.930	23.2
3.53	-7.747	39.050	38.5
3.54	-7.748	49.775	55.4
3.55	-7.750	51.108	89.3
3.56	-7.753	51.138	125.9
3.57	-7.756	51.139	136.8
3.58	-7.760	51.139	158.9
3.59	-7.766	51.139	166.3
3.6	-7.774	51.139	149.3
3.61	-7.786	51.139	124.3
3.62	-7.799	51.123	64.2
3.63	-7.813	50.656	7.8
3.64	-7.825	45.752	-24.1
3.65	-7.836	31.158	-54.6
3.66	-7.848	9.894	-69.2
3.67	-7.860	-11.058	-80.6
3.68	-7.874	-29.306	-87.8
3.69	-7.887	-43.019	-89.6
3.7	-7.899	-49.675	-84.9
3.71	-7.909	-51.083	-87.4
3.72	-7.920	-51.138	-73.5
3.73	-7.930	-51.141	-83.1
3.74	-7.939	-51.141	-72.6
3.75	-7.947	-51.141	-72.3
3.76	-7.954	-51.141	-73.6
3.77	-7.962	-51.141	-70.1
3.78	-7.970	-51.141	-65.3
3.79	-7.979	-51.141	-67.9
3.8	-7.987	-51.141	-69.0
3.81	-7.996	-51.134	-67.6
3.82	-8.004	-51.003	-60.4
3.83	-8.011	-48.803	-60.0
3.84	-8.017	-40.767	-63.7
3.85	-8.022	-27.183	-66.0
3.86	-8.027	-12.233	-57.4
3.87	-8.032	1.514	-63.1
3.88	-8.038	12.834	-69.6
3.89	-8.045	20.642	-59.0
3.9	-8.053	24.352	-63.4
3.91	-8.061	23.992	-70.1
3.92	-8.068	20.152	-57.8
3.93	-8.075	13.747	-59.4
3.94	-8.082	5.705	-54.9
3.95	-8.088	-3.144	-57.3
3.96	-8.095	-12.073	-65.8
3.97	-8.101	-20.538	-57.8
3.98	-8.107	-28.234	-49.5
3.99	-8.114	-34.967	-57.1
4.0	-8.121	-40.578	-42.9
4.01	-8.129	-45.055	-47.8
4.02	-8.137	-48.363	-38.0
4.03	-8.146	-50.323	-19.0
4.04	-8.154	-51.042	-20.1
4.05	-8.161	-51.139	-20.0
4.06	-8.169	-51.141	-11.7
4.07	-8.176	-51.131	-32.1
4.08	-8.181	-50.994	-47.0
4.09	-8.184	-50.445	-53.6
4.1	-8.186	-49.508	-56.5
4.11	-8.187	-48.523	-66.8
4.12	-8.188	-47.591	-45.5
4.13	-8.190	-46.591	-66.9
4.14	-8.194	-45.447	-27.8
4.15	-8.199	-44.094	-49.5
4.16	-8.204	-42.456	-43.5
4.17	-8.204	-40.548	198.9
4.18	-8.199	-38.381	303.5
4.19	-8.198	-35.930	276.3
4.2	-8.203	-33.416	34.1
4.21	-8.212	-31.478	-119.5
4.22	-8.221	-30.525	-36.7
4.23	-8.231	-30.166	-44.4
4.24	-8.238	-29.841	-36.4
4.25	-8.237	-29.447	-39.8
4.26	-8.229	-29.023	-30.8
4.27	-8.218	-28.645	-39.2
4.28	-8.207	-28.630	-18.4
4.29	-8.196	-29.214	-3.2
4.3	-8.188	-30.289	-5.2
4.31	-8.184	-31.306	-4.1
4.32	-8.183	-30.756	5.6
4.33	-8.188	-25.036	21.6
4.34	-8.194	-7.922	32.7
4.35	-8.201	20.230	52.3
4.36	-8.207	43.045	81.7
4.37	-8.214	50.567	98.2
4.38	-8.221	51.109	138.1
4.39	-8.230	51.139	154.9
4.4	-8.239	51.139	153.3
4.41	-8.249	51.139	157.9
4.42	-8.260	51.139	143.2
4.43	-8.271	51.139	107.9
4.44	-8.283	51.134	63.8
4.45	-8.294	51.052	19.3
4.46	-8.305	48.880	-6.4
4.47	-8.317	38.673	-43.3
4.48	-8.330	18.798	-57.0
4.49	-8.344	-4.250	-70.3
4.5	-8.359	-25.473	-79.0
4.51	-8.374	-41.653	-78.2
4.52	-8.387	-49.456	-62.6
4.53	-8.401	-51.075	-72.1
4.54	-8.414	-51.138	-71.6
4.55	-8.426	-51.141	-67.0
4.56	-8.439	-51.141	-71.5
4.57	-8.451	-51.141	-52.8
4.58	-8.464	-51.141	-52.8
4.59	-8.477	-51.141	-65.0
4.6	-8.490	-51.141	-44.4
4.61	-8.503	-51.141	-57.6
4.62	-8.516	-51.141	-59.0
4.63	-8.531	-51.134	-49.0
4.64	-8.545	-51.017	-51.7
4.65	-8.560	-48.752	-51.5
4.66	-8.574	-39.955	-46.7
4.67	-8.588	-24.530	-50.1
4.68	-8.601	-7.323	-43.9
4.69	-8.613	8.477	-53.7
4.7	-8.626	21.559	-47.2
4.71	-8.638	30.766	-49.5
4.72	-8.651	35.411	-52.4
4.73	-8.663	35.530	-49.8
4.74	-8.676	31.667	-52.0
4.75	-8.688	24.550	-55.1
4.76	-8.700	15.258	-44.4
4.77	-8.712	5.150	-48.6
4.78	-8.723	-4.902	-51.7
4.79	-8.734	-14.514	-45.4
4.8	-8.748	-23.383	-41.3
4.81	-8.761	-31.245	-30.7
4.82	-8.776	-37.817	-19.3
4.83	-8.789	-42.934	-21.7
4.84	-8.804	-46.708	-11.6
4.85	-8.818	-49.292	-10.9
4.86	-8.832	-50.672	-24.6
4.87	-8.846	-51.094	-56.2
4.88	-8.860	-51.141	-60.6
4.89	-8.874	-51.136	-53.8
4.9	-8.889	-51.053	-61.5
4.91	-8.905	-50.663	-46.9
4.92	-8.920	-49.864	-56.5
4.93	-8.936	-48.788	-39.5
4.94	-8.953	-47.520	-46.5
4.95	-8.967	-46.094	-48.0
4.96	-8.978	-44.520	163.9
4.97	-8.986	-42.652	224.5
4.98	-8.998	-40.352	193.3
4.99	-9.015	-37.880	15.3
5.0	-9.034	-35.778	-116.7
5.01	-9.056	-34.311	-37.5
5.02	-9.078	-33.134	-36.3
5.03	-9.094	-31.823	-41.5
5.04	-9.101	-30.433	-36.2
5.05	-9.102	-29.122	-28.6
5.06	-9.100	-27.872	-25.5
5.07	-9.099	-26.945	-28.4
5.08	-9.102	-26.905	-17.3
5.09	-9.105	-27.917	-20.1
5.1	-9.109	-29.428	1.3
5.11	-9.114	-30.177	11.4
5.12	-9.119	-27.663	14.0
5.13	-9.124	-16.939	32.1
5.14	-9.129	6.681	47.4
5.15	-9.136	34.050	65.7
5.16	-9.143	48.534	89.4
5.17	-9.150	51.073	104.7
5.18	-9.158	51.131	133.7
5.19	-9.166	51.139	147.3
5.2	-9.174	51.139	156.8
5.21	-9.183	51.139	138.7
5.22	-9.191	51.139	94.5
5.23	-9.197	51.136	52.4
5.24	-9.202	51.119	9.4
5.25	-9.206	49.927	-29.6
5.26	-9.211	41.752	-40.0
5.27	-9.219	22.581	-63.3
5.28	-9.230	-1.748	-70.0
5.29	-9.239	-24.373	-70.0
5.3	-9.247	-41.300	-61.1
5.31	-9.254	-49.378	-73.8
5.32	-9.263	-51.070	-79.1
5.33	-9.269	-51.138	-63.0
5.34	-9.275	-51.141	-66.0
5.35	-9.281	-51.141	-83.9
5.36	-9.289	-51.141	-65.3
5.37	-9.299	-51.141	-57.3
5.38	-9.307	-51.141	-59.9
5.39	-9.313	-51.141	-55.0
5.4	-9.317	-51.141	-43.6
5.41	-9.322	-51.141	-45.3
5.42	-9.328	-51.136	-42.5
5.43	-9.332	-51.031	-52.4
5.44	-9.337	-48.875	-51.7
5.45	-9.341	-40.153	-46.4
5.46	-9.346	-24.319	-46.3
5.47	-9.349	-5.983	-46.5
5.48	-9.353	11.442	-52.0
5.49	-9.357	26.358	-51.5
5.5	-9.361	37.392	-45.1
5.51	-9.366	43.436	-58.4
5.52	-9.371	44.186	-57.1
5.53	-9.374	40.316	-54.0
5.54	-9.376	32.986	-47.8
5.55	-9.377	23.423	-38.5
5.56	-9.379	12.655	-37.4
5.57	-9.381	1.395	-35.1
5.58	-9.383	-9.741	-17.6
5.59	-9.386	-20.092	-25.1
5.6	-9.388	-29.141	-22.3
5.61	-9.387	-36.587	-18.8
5.62	-9.383	-42.413	-30.4
5.63	-9.376	-46.822	-42.0
5.64	-9.369	-49.697	-62.9
5.65	-9.360	-50.906	-62.9
5.66	-9.351	-51.133	-50.6
5.67	-9.342	-51.141	-47.4
5.68	-9.335	-51.141	-67.6
5.69	-9.329	-51.139	-33.9
5.7	-9.326	-51.034	-31.7
5.71	-9.319	-50.270	-60.4
5.72	-9.304	-48.423	137.1
5.73	-9.285	-45.958	191.4
5.74	-9.266	-43.469	160.1
5.75	-9.257	-41.267	-1.0
5.76	-9.258	-39.545	-104.8
5.77	-9.259	-38.242	-21.4
5.78	-9.254	-36.922	-42.8
5.79	-9.237	-35.139	-36.8
5.8	-9.205	-33.011	-36.3
5.81	-9.163	-30.920	-35.4
5.82	-9.117	-29.145	-23.5
5.83	-9.075	-28.116	-27.2
5.84	-9.035	-28.342	-11.1
5.85	-8.998	-29.844	-6.8
5.86	-8.963	-31.819	7.1
5.87	-8.931	-32.759	8.5
5.88	-8.902	-30.613	6.6
5.89	-8.876	-21.395	27.0
5.9	-8.851	0.653	50.3
5.91	-8.828	29.423	67.7
5.92	-8.807	47.041	87.7
5.93	-8.787	50.978	99.9
5.94	-8.768	51.130	134.9
5.95	-8.748	51.139	138.4
5.96	-8.728	51.139	145.3
5.97	-8.706	51.139	134.2
5.98	-8.682	51.139	99.1
5.99	-8.657	51.134	58.4
6.0	-8.632	51.108	5.3
6.01	-8.608	49.730	-32.3
6.02	-8.588	40.980	-47.8
6.03	-8.572	21.267	-65.8
6.04	-8.561	-3.233	-57.1
6.05	-8.551	-25.866	-67.1
6.06	-8.539	-42.370	-69.0
6.07	-8.527	-49.736	-69.1
6.08	-8.516	-51.092	-75.7
6.09	-8.502	-51.138	-70.6
6.1	-8.486	-51.141	-64.1
6.11	-8.469	-51.141	-67.7
6.12	-8.453	-51.141	-57.7
6.13	-8.436	-51.141	-60.2
6.14	-8.420	-51.141	-61.0
6.15	-8.404	-51.141	-55.3
6.16	-8.387	-51.141	-54.1
6.17	-8.373	-51.141	-57.9
6.18	-8.359	-51.138	-51.8
6.19	-8.344	-51.067	-59.0
6.2	-8.329	-49.308	-50.4
6.21	-8.314	-41.186	-60.2
6.22	-8.298	-25.325	-63.3
6.23	-8.283	-6.603	-53.2
6.24	-8.269	10.761	-61.5
6.25	-8.255	24.994	-60.5
6.26	-8.240	34.931	-62.3
6.27	-8.226	40.009	-63.6
6.28	-8.211	40.181	-48.9
6.29	-8.197	35.972	-61.5
6.3	-8.183	28.425	-60.6
6.31	-8.169	18.614	-49.2
6.32	-8.155	7.580	-56.4
6.33	-8.142	-3.598	-65.1
6.34	-8.130	-14.125	-57.9
6.35	-8.119	-23.578	-60.4
6.36	-8.107	-31.752	-39.4
6.37	-8.098	-38.652	-42.2
6.38	-8.089	-44.384	-32.8
6.39	-8.081	-48.595	-27.0
6.4	-8.072	-50.663	-20.2
6.41	-8.066	-51.120	-28.8
6.42	-8.061	-51.139	-28.7
6.43	-8.058	-51.141	-32.6
6.44	-8.054	-51.141	-58.7
6.45	-8.051	-51.141	-67.0
6.46	-8.048	-51.141	-66.7
6.47	-8.044	-51.125	-60.3
6.48	-8.041	-50.944	-58.9
6.49	-8.039	-50.270	-69.7
6.5	-8.039	-49.030	-13.9
6.51	-8.041	-47.389	-82.4
6.52	-8.038	-45.419	9.9
6.53	-8.027	-43.164	209.5
6.54	-8.015	-40.625	217.0
6.55	-8.008	-37.864	177.9
6.56	-8.004	-35.248	-46.8
6.57	-8.002	-33.281	-101.8
6.58	-8.002	-32.070	-38.8
6.59	-7.998	-31.208	-57.5
6.6	-7.988	-30.244	-46.5
6.61	-7.973	-29.009	-54.6
6.62	-7.958	-27.648	-41.3
6.63	-7.943	-26.542	-41.4
6.64	-7.929	-26.022	-38.0
6.65	-7.915	-26.067	-33.2
6.66	-7.902	-26.163	-26.0
6.67	-7.891	-24.933	-19.3
6.68	-7.883	-18.816	-1.1
6.69	-7.874	-1.523	0.5
6.7	-7.868	25.272	9.3
6.71	-7.861	45.120	30.8
6.72	-7.853	50.820	59.5
6.73	-7.848	51.122	71.1
6.74	-7.843	51.139	103.2
6.75	-7.840	51.139	118.5
6.76	-7.838	51.139	136.1
6.77	-7.836	51.139	127.9
6.78	-7.833	51.139	112.8
6.79	-7.831	51.138	88.6
6.8	-7.829	51.123	29.8
6.81	-7.827	50.370	-14.0
6.82	-7.825	44.141	-31.2
6.83	-7.824	27.758	-61.5
6.84	-7.824	5.402	-69.5
6.85	-7.824	-16.295	-76.7
6.86	-7.825	-34.625	-78.7
6.87	-7.825	-46.425	-75.7
6.88	-7.822	-50.633	-74.5
6.89	-7.819	-51.131	-69.1
6.9	-7.817	-51.141	-69.4
6.91	-7.816	-51.141	-65.3
6.92	-7.816	-51.141	-64.3
6.93	-7.814	-51.141	-79.6
6.94	-7.814	-51.141	-71.0
6.95	-7.813	-51.141	-69.0
6.96	-7.814	-51.141	-60.6
6.97	-7.814	-51.141	-63.3
6.98	-7.816	-51.139	-64.2
6.99	-7.816	-51.131	-47.6
7.0	-7.817	-50.608	-56.2
7.01	-7.819	-46.539	-68.4
7.02	-7.819	-36.064	-57.1
7.03	-7.820	-21.566	-59.0
7.04	-7.820	-6.950	-48.6
7.05	-7.819	6.077	-64.6
7.06	-7.817	16.288	-66.7
7.07	-7.815	22.619	-57.7
7.08	-7.814	24.859	-61.6
7.09	-7.813	23.506	-70.8
7.1	-7.813	19.150	-57.2
7.11	-7.813	12.438	-61.9
7.12	-7.813	4.156	-64.5
7.13	-7.813	-4.833	-65.1
7.14	-7.812	-13.739	-62.2
7.15	-7.812	-22.080	-64.9
7.16	-7.811	-29.663	-55.4
7.17	-7.811	-36.319	-60.4
7.18	-7.811	-41.852	-58.4
7.19	-7.811	-46.203	-47.0
7.2	-7.811	-49.248	-54.7
7.21	-7.811	-50.753	-44.4
7.22	-7.811	-51.120	-21.9
7.23	-7.811	-51.139	-23.9
7.24	-7.811	-51.141	-25.5
7.25	-7.811	-51.139	-27.3
7.26	-7.809	-51.127	-18.1
7.27	-7.809	-50.966	-49.7
7.28	-7.809	-50.513	-58.5
7.29	-7.809	-49.894	-52.7
7.3	-7.809	-49.253	-60.7
7.31	-7.809	-48.456	-54.1
7.32	-7.808	-47.339	-62.9
7.33	-7.808	-45.884	-48.6
7.34	-7.808	-44.203	-11.3
7.35	-7.809	-42.414	-73.3
7.36	-7.806	-40.552	105.6
7.37	-7.797	-38.616	215.8
7.38	-7.789	-36.525	225.6
7.39	-7.786	-34.292	176.9
7.4	-7.785	-32.348	-74.9
7.41	-7.786	-31.148	-59.9
7.42	-7.789	-30.627	-31.2
7.43	-7.791	-30.325	-57.1
7.44	-7.788	-29.753	-31.6
7.45	-7.781	-28.723	-48.1
7.46	-7.775	-27.602	-38.7
7.47	-7.771	-26.969	-33.6
7.48	-7.766	-26.983	-26.8
7.49	-7.759	-27.302	-24.7
7.5	-7.753	-27.013	-12.3
7.51	-7.749	-23.491	-5.8
7.52	-7.746	-10.836	-2.0
7.53	-7.742	14.323	8.2
7.54	-7.738	39.214	35.2
7.55	-7.737	49.817	46.3
7.56	-7.736	51.108	67.9
7.57	-7.736	51.139	95.4
7.58	-7.737	51.139	126.7
7.59	-7.738	51.139	149.6
7.6	-7.739	51.139	155.4
7.61	-7.741	51.139	143.8
7.62	-7.742	51.139	135.5
7.63	-7.743	51.134	82.6
7.64	-7.744	51.028	25.4
7.65	-7.746	48.550	-6.3
7.66	-7.746	37.667	-36.0
7.67	-7.746	17.623	-65.4
7.68	-7.747	-4.491	-70.0
7.69	-7.749	-24.122	-74.4
7.7	-7.751	-39.641	-72.8
7.71	-7.753	-48.427	-75.9
7.72	-7.753	-50.942	-72.4
7.73	-7.755	-51.133	-77.3
7.74	-7.757	-51.141	-74.6
7.75	-7.759	-51.141	-67.5
7.76	-7.761	-51.141	-69.0
7.77	-7.761	-51.141	-72.3
7.78	-7.761	-51.141	-63.9
7.79	-7.761	-51.141	-60.7
7.8	-7.763	-51.141	-61.3
7.81	-7.764	-51.141	-73.8
7.82	-7.767	-51.139	-62.0
7.83	-7.769	-51.123	-64.1
7.84	-7.773	-50.406	-56.5
7.85	-7.775	-45.914	-55.8
7.86	-7.777	-35.636	-65.3
7.87	-7.779	-22.344	-58.2
7.88	-7.780	-9.300	-59.1
7.89	-7.781	2.189	-63.0
7.9	-7.782	11.241	-61.2
7.91	-7.784	17.045	-65.2
7.92	-7.787	19.067	-49.6
7.93	-7.789	17.463	-59.6
7.94	-7.792	12.963	-66.4
7.95	-7.794	6.366	-53.3
7.96	-7.797	-1.589	-45.3
7.97	-7.799	-10.098	-49.0
7.98	-7.801	-18.458	-58.8
7.99	-7.803	-26.188	-58.2
8.0	-7.805	-33.070	-50.5
8.01	-7.808	-39.169	-54.3
8.02	-7.811	-44.428	-34.7
8.03	-7.813	-48.364	-57.1
8.04	-7.816	-50.466	-49.3
8.05	-7.819	-51.077	-32.6
8.06	-7.822	-51.139	-48.1
8.07	-7.826	-51.141	-33.4
8.08	-7.830	-51.141	-22.9
8.09	-7.835	-51.141	-18.0
8.1	-7.840	-51.141	-0.8
8.11	-7.846	-51.138	-21.3
8.12	-7.851	-51.036	-35.7
8.13	-7.856	-50.475	-56.4
8.14	-7.861	-49.373	-49.8
8.15	-7.864	-48.177	-50.1
8.16	-7.868	-47.145	-59.6
8.17	-7.871	-46.164	-47.2
8.18	-7.874	-45.027	-67.3
8.19	-7.881	-43.619	-15.6
8.2	-7.890	-42.045	-48.3
8.21	-7.895	-40.458	8.5
8.22	-7.892	-38.809	226.4
8.23	-7.886	-36.789	278.7
8.24	-7.883	-34.225	269.1
8.25	-7.886	-31.639	-10.8
8.26	-7.894	-29.905	-93.3
8.27	-7.907	-29.292	-26.1
8.28	-7.919	-29.284	-58.3
8.29	-7.924	-29.194	-36.6
8.3	-7.922	-28.603	-52.3
8.31	-7.913	-27.627	-42.5
8.32	-7.902	-26.873	-25.1
8.33	-7.892	-26.800	-39.3
8.34	-7.883	-27.341	-20.5
8.35	-7.874	-27.917	-11.5
8.36	-7.868	-26.966	-13.9
8.37	-7.864	-20.722	1.4
8.38	-7.862	-2.948	20.1
8.39	-7.860	24.480	23.0
8.4	-7.859	44.869	45.6
8.41	-7.860	50.803	73.9
8.42	-7.863	51.122	99.6
8.43	-7.868	51.139	123.3
8.44	-7.874	51.139	147.2
8.45	-7.883	51.139	157.5
8.46	-7.892	51.139	167.4
8.47	-7.901	51.139	142.9
8.48	-7.911	51.139	102.3
8.49	-7.922	51.125	55.9
8.5	-7.932	50.511	9.0
8.51	-7.942	44.919	-33.8
8.52	-7.953	29.298	-46.1
8.53	-7.963	7.111	-66.3
8.54	-7.974	-14.863	-85.2
8.55	-7.987	-33.638	-76.2
8.56	-7.999	-45.975	-74.5
8.57	-8.011	-50.547	-81.2
8.58	-8.021	-51.133	-71.3
8.59	-8.033	-51.139	-75.1
8.6	-8.044	-51.141	-71.7
8.61	-8.053	-51.141	-71.6
8.62	-8.062	-51.141	-63.3
8.63	-8.069	-51.141	-62.8
8.64	-8.077	-51.141	-58.3
8.65	-8.085	-51.141	-68.0
8.66	-8.094	-51.141	-67.0
8.67	-8.103	-51.141	-50.9
8.68	-8.113	-51.133	-57.3
8.69	-8.124	-50.831	-60.1
8.7	-8.136	-47.769	-47.7
8.71	-8.148	-38.556	-56.9
8.72	-8.159	-24.602	-51.1
8.73	-8.169	-10.064	-54.6
8.74	-8.179	2.978	-52.1
8.75	-8.189	13.517	-58.1
8.76	-8.198	20.698	-57.8
8.77	-8.207	24.013	-52.0
8.78	-8.218	23.502	-54.9
8.79	-8.230	19.702	-58.3
8.8	-8.242	13.408	-52.7
8.81	-8.254	5.405	-55.4
8.82	-8.264	-3.550	-51.5
8.83	-8.274	-12.639	-48.5
8.84	-8.286	-21.216	-44.3
8.85	-8.297	-28.978	-56.1
8.86	-8.311	-35.772	-50.9
8.87	-8.325	-41.477	-44.3
8.88	-8.339	-46.070	-36.9
8.89	-8.354	-49.314	-41.5
8.9	-8.367	-50.825	-36.5
8.91	-8.381	-51.130	-18.7
8.92	-8.396	-51.141	-0.5
8.93	-8.408	-51.141	-9.8
8.94	-8.421	-51.131	-10.8
8.95	-8.434	-51.006	-3.7
8.96	-8.447	-50.603	-33.0
8.97	-8.459	-49.975	-61.5
8.98	-8.473	-49.291	-49.4
8.99	-8.486	-48.538	-57.2
9.0	-8.499	-47.664	-56.9
9.01	-8.512	-46.661	-43.5
9.02	-8.525	-45.511	-52.5
9.03	-8.541	-44.217	-3.0
9.04	-8.561	-42.702	-61.3
9.05	-8.578	-40.856	-0.0
9.06	-8.588	-38.725	222.1
9.07	-8.595	-36.461	233.4
9.08	-8.607	-34.269	196.5
9.09	-8.624	-32.466	-41.2
9.1	-8.641	-31.408	-91.5
9.11	-8.662	-31.145	-22.1
9.12	-8.683	-31.013	-49.5
9.13	-8.700	-30.336	-28.2
9.14	-8.711	-29.286	-39.0
9.15	-8.717	-28.306	-32.3
9.16	-8.721	-27.683	-28.6
9.17	-8.724	-27.738	-28.3
9.18	-8.728	-28.614	-16.2
9.19	-8.731	-30.013	-9.5
9.2	-8.735	-31.047	0.9
9.21	-8.740	-29.636	3.4
9.22	-8.747	-21.272	18.3
9.23	-8.754	-0.009	35.8
9.24	-8.763	28.578	59.8
9.25	-8.772	46.698	65.4
9.26	-8.782	50.958	99.3
9.27	-8.791	51.130	119.5
9.28	-8.801	51.139	142.1
9.29	-8.811	51.139	156.3
9.3	-8.821	51.139	147.9
9.31	-8.830	51.139	125.2
9.32	-8.838	51.139	99.2
9.33	-8.846	51.134	49.6
9.34	-8.853	51.030	13.0
9.35	-8.860	48.427	-24.4
9.36	-8.869	36.538	-51.0
9.37	-8.881	14.011	-51.0
9.38	-8.895	-11.392	-75.8
9.39	-8.909	-33.080	-84.7
9.4	-8.922	-46.395	-66.3
9.41	-8.933	-50.702	-68.4
9.42	-8.944	-51.131	-67.3
9.43	-8.956	-51.141	-66.4
9.44	-8.967	-51.141	-63.8
9.45	-8.976	-51.141	-70.0
9.46	-8.985	-51.141	-60.8
9.47	-8.995	-51.141	-60.6
9.48	-9.004	-51.141	-57.2
9.49	-9.015	-51.141	-62.6
9.5	-9.027	-51.141	-45.5
9.51	-9.041	-51.141	-52.3
9.52	-9.058	-51.131	-50.3
9.53	-9.073	-50.819	-44.3
9.54	-9.088	-47.408	-59.2
9.55	-9.100	-36.769	-52.5
9.56	-9.111	-20.336	-43.2
9.57	-9.122	-3.028	-55.4
9.58	-9.132	12.653	-55.3
9.59	-9.142	25.431	-52.4
9.6	-9.152	34.181	-53.4
9.61	-9.163	38.258	-58.3
9.62	-9.175	37.661	-45.0
9.63	-9.188	32.964	-53.7
9.64	-9.202	25.052	-49.2
9.65	-9.217	14.945	-42.5
9.66	-9.230	3.750	-48.2
9.67	-9.242	-7.441	-56.1
9.68	-9.254	-17.813	-50.3
9.69	-9.268	-26.998	-45.2
9.7	-9.281	-34.941	-36.5
9.71	-9.295	-41.689	-31.9
9.72	-9.310	-46.969	-30.6
9.73	-9.326	-50.053	-20.1
9.74	-9.342	-51.039	-7.7
9.75	-9.357	-51.139	-19.5
9.76	-9.371	-51.141	-23.2
9.77	-9.383	-51.141	-20.7
9.78	-9.393	-51.141	-29.4
9.79	-9.402	-51.141	-52.8
9.8	-9.410	-51.136	-49.2
9.81	-9.418	-51.038	-53.5
9.82	-9.427	-50.541	-45.7
9.83	-9.436	-49.478	-50.9
9.84	-9.447	-48.056	-54.5
9.85	-9.463	-46.364	-7.9
9.86	-9.480	-44.380	-66.8
9.87	-9.493	-42.148	38.4
9.88	-9.504	-39.592	216.5
9.89	-9.516	-36.697	200.0
9.9	-9.533	-33.867	127.8
9.91	-9.553	-31.733	-78.8
9.92	-9.573	-30.525	-64.5
9.93	-9.592	-29.913	-21.2
9.94	-9.609	-29.373	-42.5
9.95	-9.620	-28.636	-23.6
9.96	-9.621	-27.836	-28.8
9.97	-9.614	-27.186	-23.1
9.98	-9.606	-26.923	-18.8
9.99	-9.599	-27.444	-18.9
10.0	-9.594	-28.972	-5.3
10.01	-9.590	-31.125	-1.3
10.02	-9.588	-32.831	8.0
10.03	-9.588	-32.389	16.3
10.04	-9.590	-26.742	20.6
10.05	-9.592	-10.442	35.3
10.06	-9.594	17.248	53.2
10.07	-9.596	41.342	72.5
10.08	-9.598	50.245	105.6
10.09	-9.599	51.105	119.4
10.1	-9.600	51.139	142.2
10.11	-9.601	51.139	147.1
10.12	-9.602	51.139	154.5
10.13	-9.603	51.139	129.4
10.14	-9.603	51.139	84.0
10.15	-9.601	51.134	32.0
10.16	-9.599	51.042	1.1
10.17	-9.598	48.575	-29.3
10.18	-9.601	36.819	-59.6
10.19	-9.606	13.963	-68.8
10.2	-9.611	-12.202	-61.7
10.21	-9.613	-34.275	-53.3
10.22	-9.611	-47.116	-64.8
10.23	-9.611	-50.839	-71.2
10.24	-9.611	-51.128	-57.8
10.25	-9.609	-51.141	-64.1
10.26	-9.606	-51.141	-58.5
10.27	-9.604	-51.141	-52.3
10.28	-9.601	-51.141	-61.4
10.29	-9.598	-51.141	-54.6
10.3	-9.594	-51.141	-45.1
10.31	-9.594	-51.141	-53.7
10.32	-9.596	-51.141	-45.3
10.33	-9.599	-51.141	-44.8
10.34	-9.603	-51.130	-49.3
10.35	-9.607	-50.853	-45.8
10.36	-9.609	-47.425	-28.7
10.37	-9.610	-36.069	-46.3
10.38	-9.611	-17.839	-45.3
10.39	-9.610	1.619	-36.6
10.4	-9.610	19.083	-41.0
10.41	-9.609	33.241	-44.8
10.42	-9.607	43.077	-35.9
10.43	-9.606	47.869	-52.3
10.44	-9.603	47.588	-48.4
10.45	-9.600	42.858	-43.3
10.46	-9.594	34.597	-43.0
10.47	-9.588	23.961	-42.9
10.48	-9.581	12.252	-42.2
10.49	-9.574	0.500	-28.8
10.5	-9.568	-10.739	-30.1
10.51	-9.561	-21.113	-26.5
10.52	-9.554	-30.323	-17.7
10.53	-9.546	-38.236	-21.1
10.54	-9.535	-44.741	-2.5
10.55	-9.522	-49.116	-30.4
10.56	-9.508	-50.875	-47.2
10.57	-9.494	-51.136	-50.4
10.58	-9.481	-51.141	-49.8
10.59	-9.468	-51.141	-59.8
10.6	-9.454	-51.141	-36.6
10.61	-9.439	-51.141	-55.8
10.62	-9.425	-51.139	-48.3
10.63	-9.412	-51.111	0.6
10.64	-9.396	-50.691	-68.8
10.65	-9.374	-49.203	67.5
10.66	-9.346	-46.667	192.8
10.67	-9.318	-43.688	161.6
10.68	-9.295	-40.689	73.8
10.69	-9.279	-37.936	-102.1
10.7	-9.268	-35.572	-56.3
10.71	-9.256	-33.538	-27.3
10.72	-9.238	-31.613	-45.3
10.73	-9.213	-29.808	-37.9
10.74	-9.179	-28.359	-26.9
10.75	-9.139	-27.322	-22.9
10.76	-9.099	-26.683	-24.7
10.77	-9.061	-26.650	-15.7
10.78	-9.024	-27.573	-4.4
10.79	-8.987	-29.345	-5.5
10.8	-8.951	-30.981	1.9
10.81	-8.916	-30.730	-0.9
10.82	-8.886	-25.411	23.0
10.83	-8.857	-9.469	43.8
10.84	-8.831	17.817	53.7
10.85	-8.808	41.538	72.3
10.86	-8.787	50.270	103.9
10.87	-8.768	51.105	117.3
10.88	-8.749	51.139	140.5
10.89	-8.730	51.139	145.2
10.9	-8.711	51.139	127.8
10.91	-8.693	51.139	111.6
10.92	-8.672	51.139	67.8
10.93	-8.651	51.130	19.0
10.94	-8.629	50.959	-11.9
10.95	-8.609	47.423	-49.7
10.96	-8.591	33.264	-55.7
10.97	-8.577	8.497	-68.4
10.98	-8.563	-18.091	-81.6
10.99	-8.548	-38.709	-77.7
11.0	-8.533	-48.845	-71.0
11.01	-8.518	-51.044	-70.0
11.02	-8.501	-51.136	-68.8
11.03	-8.482	-51.141	-69.3
11.04	-8.462	-51.141	-62.2
11.05	-8.444	-51.141	-71.1
11.06	-8.430	-51.141	-71.7
11.07	-8.418	-51.141	-69.9
11.08	-8.407	-51.141	-60.9
11.09	-8.397	-51.141	-60.5
11.1	-8.388	-51.141	-64.7
11.11	-8.379	-51.139	-65.1
11.12	-8.367	-51.128	-48.7
11.13	-8.353	-50.392	-55.9
11.14	-8.338	-45.113	-61.7
11.15	-8.321	-32.038	-62.8
11.16	-8.304	-14.369	-64.4
11.17	-8.289	3.089	-69.3
11.18	-8.273	18.120	-62.4
11.19	-8.259	29.411	-60.8
11.2	-8.244	36.189	-64.3
11.21	-8.231	38.263	-64.6
11.22	-8.217	36.020	-62.7
11.23	-8.204	30.342	-66.2
11.24	-8.190	22.217	-57.1
11.25	-8.176	12.395	-63.4
11.26	-8.161	1.597	-62.9
11.27	-8.148	-9.356	-61.8
11.28	-8.136	-19.827	-58.9
11.29	-8.126	-29.345	-52.3
11.3	-8.115	-37.472	-38.7
11.31	-8.104	-43.916	-48.1
11.32	-8.093	-48.373	-33.3
11.33	-8.082	-50.567	-25.9
11.34	-8.072	-51.109	-39.1
11.35	-8.061	-51.139	-20.2
11.36	-8.052	-51.141	-30.3
11.37	-8.042	-51.141	-61.1
11.38	-8.032	-51.141	-61.8
11.39	-8.021	-51.141	-63.0
11.4	-8.009	-51.141	-69.8
11.41	-7.999	-51.095	-60.5
11.42	-7.990	-50.733	-59.9
11.43	-7.984	-49.739	-47.0
11.44	-7.981	-48.294	-38.1
11.45	-7.976	-46.672	-70.6
11.46	-7.966	-44.820	133.7
11.47	-7.951	-42.583	196.8
11.48	-7.938	-39.864	199.0
11.49	-7.929	-36.855	75.8
11.5	-7.925	-34.183	-114.3
11.51	-7.924	-32.450	-50.0
11.52	-7.924	-31.686	-50.4
11.53	-7.919	-31.402	-57.5
11.54	-7.911	-30.963	-55.8
11.55	-7.899	-30.005	-56.5
11.56	-7.889	-28.748	-28.5
11.57	-7.880	-27.728	-35.1
11.58	-7.871	-27.334	-27.0
11.59	-7.860	-27.538	-36.0
11.6	-7.851	-27.475	-31.2
11.61	-7.843	-24.556	-17.3
11.62	-7.836	-13.303	-4.0
11.63	-7.831	10.689	6.7
11.64	-7.827	36.755	11.0
11.65	-7.824	49.270	41.9
11.66	-7.823	51.105	54.5
11.67	-7.822	51.134	72.6
11.68	-7.822	51.139	106.2
11.69	-7.822	51.139	115.8
11.7	-7.823	51.139	124.0
11.71	-7.824	51.139	113.1
11.72	-7.825	51.139	96.2
11.73	-7.825	51.134	44.6
11.74	-7.824	51.088	11.0
11.75	-7.823	49.441	-34.6
11.76	-7.821	40.256	-51.6
11.77	-7.817	20.914	-68.0
11.78	-7.815	-2.167	-80.7
11.79	-7.814	-23.388	-75.9
11.8	-7.816	-40.027	-80.0
11.81	-7.815	-48.838	-81.1
11.82	-7.812	-51.025	-81.3
11.83	-7.809	-51.136	-73.9
11.84	-7.808	-51.141	-71.2
11.85	-7.806	-51.141	-77.1
11.86	-7.803	-51.141	-63.9
11.87	-7.800	-51.141	-63.8
11.88	-7.797	-51.141	-60.7
11.89	-7.795	-51.141	-68.0
11.9	-7.794	-51.141	-58.8
11.91	-7.794	-51.141	-56.0
11.92	-7.794	-51.139	-60.5
11.93	-7.794	-51.131	-75.6
11.94	-7.794	-50.591	-64.6
11.95	-7.791	-46.463	-57.3
11.96	-7.789	-35.995	-59.2
11.97	-7.787	-21.736	-69.8
11.98	-7.785	-7.628	-53.4
11.99	-7.782	4.736	-54.0
12.0	-7.781	14.413	-61.6
12.01	-7.781	20.592	-63.0
12.02	-7.781	22.848	-60.2
12.03	-7.781	21.236	-58.3
12.04	-7.781	16.311	-57.2
12.05	-7.781	9.031	-58.8
12.06	-7.781	0.461	-61.9
12.07	-7.781	-8.589	-54.1
12.08	-7.781	-17.538	-48.0
12.09	-7.781	-25.883	-50.5
12.1	-7.781	-33.388	-47.0
12.11	-7.781	-39.948	-43.4
12.12	-7.781	-45.327	-30.4
12.13	-7.781	-49.052	-30.5
12.14	-7.782	-50.766	-12.5
12.15	-7.784	-51.125	-23.2
12.16	-7.786	-51.141	-51.8
12.17	-7.788	-51.141	-77.4
12.18	-7.790	-51.141	-59.3
12.19	-7.791	-51.141	-64.0
12.2	-7.791	-51.141	-56.9
12.21	-7.791	-51.141	-54.6
12.22	-7.792	-51.136	-54.7
12.23	-7.795	-51.039	-19.4
12.24	-7.799	-50.536	-67.5
12.25	-7.799	-49.320	88.0
12.26	-7.793	-47.483	210.4
12.27	-7.786	-45.261	214.0
12.28	-7.786	-42.808	144.7
12.29	-7.788	-40.441	-82.5
12.3	-7.793	-38.622	-55.8
12.31	-7.802	-37.475	-43.4
12.32	-7.808	-36.627	-47.2
12.33	-7.808	-35.620	-42.5
12.34	-7.801	-34.289	-55.7
12.35	-7.794	-32.911	-36.0
12.36	-7.788	-31.945	-37.7
12.37	-7.782	-31.597	-31.2
12.38	-7.776	-31.641	-20.8
12.39	-7.771	-31.286	-23.8
12.4	-7.765	-28.572	-6.1
12.41	-7.759	-19.014	-2.7
12.42	-7.756	3.116	12.1
12.43	-7.756	31.102	34.5
12.44	-7.757	47.573	48.0
12.45	-7.759	51.009	74.8
12.46	-7.761	51.128	93.9
12.47	-7.763	51.139	120.6
12.48	-7.764	51.139	147.6
12.49	-7.766	51.139	142.4
12.5	-7.768	51.139	147.4
12.51	-7.771	51.139	109.2
12.52	-7.773	51.134	71.8
12.53	-7.774	51.075	31.3
12.54	-7.777	49.280	-8.6
12.55	-7.779	39.825	-46.0
12.56	-7.780	20.402	-67.6
12.57	-7.782	-2.334	-73.8
12.58	-7.787	-22.827	-77.7
12.59	-7.792	-39.075	-74.8
12.6	-7.796	-48.291	-74.3
12.61	-7.798	-50.928	-85.9
12.62	-7.802	-51.133	-67.8
12.63	-7.807	-51.141	-67.3
12.64	-7.812	-51.141	-72.3
12.65	-7.815	-51.141	-72.0
12.66	-7.817	-51.141	-62.1
12.67	-7.819	-51.141	-63.0
12.68	-7.822	-51.141	-66.0
12.69	-7.826	-51.141	-73.3
12.7	-7.831	-51.141	-65.5
12.71	-7.837	-51.139	-64.6
12.72	-7.844	-51.133	-58.2
12.73	-7.851	-50.602	-64.7
12.74	-7.857	-46.653	-71.7
12.75	-7.862	-36.641	-63.6
12.76	-7.866	-22.911	-51.1
12.77	-7.866	-9.242	-57.5
12.78	-7.866	2.670	-63.5
12.79	-7.866	11.816	-61.6
12.8	-7.867	17.461	-60.4
12.81	-7.869	19.386	-52.8
12.82	-7.871	17.819	-48.8
12.83	-7.873	13.319	-72.2
12.84	-7.876	6.638	-48.0
12.85	-7.878	-1.398	-53.5
12.86	-7.881	-9.947	-65.0
12.87	-7.884	-18.359	-54.2
12.88	-7.888	-26.223	-52.9
12.89	-7.893	-33.244	-52.7
12.9	-7.898	-39.269	-51.6
12.91	-7.903	-44.241	-44.3
12.92	-7.908	-48.000	-35.8
12.93	-7.914	-50.244	-40.8
12.94	-7.920	-51.041	-23.0
12.95	-7.926	-51.139	-20.8
12.96	-7.933	-51.141	-10.8
12.97	-7.940	-51.141	-4.7
12.98	-7.947	-51.141	-24.9
12.99	-7.954	-51.139	-65.3
13.0	-7.961	-51.114	-49.8
13.01	-7.968	-50.872	-50.0
13.02	-7.974	-50.217	-60.5
13.03	-7.979	-49.241	-35.3
13.04	-7.985	-48.120	-64.7
13.05	-7.994	-46.853	-22.9
13.06	-8.006	-45.363	-45.5
13.07	-8.015	-43.628	-16.5
13.08	-8.017	-41.647	190.6
13.09	-8.014	-39.372	225.1
13.1	-8.014	-36.808	237.5
13.11	-8.019	-34.225	15.9
13.12	-8.030	-32.214	-88.8
13.13	-8.046	-31.123	-29.6
13.14	-8.065	-30.644	-53.0
13.15	-8.080	-30.200	-37.7
13.16	-8.088	-29.500	-44.1
13.17	-8.089	-28.669	-35.7
13.18	-8.086	-28.081	-25.6
13.19	-8.082	-28.025	-23.5
13.2	-8.078	-28.506	-20.7
13.21	-8.074	-29.205	-8.7
13.22	-8.073	-29.066	-13.2
13.23	-8.077	-25.164	2.4
13.24	-8.085	-11.495	22.9
13.25	-8.096	14.672	10.6
13.26	-8.107	39.688	50.5
13.27	-8.120	49.938	67.1
13.28	-8.133	51.108	88.0
13.29	-8.146	51.139	115.2
13.3	-8.159	51.139	138.0
13.31	-8.173	51.139	152.5
13.32	-8.188	51.139	153.1
13.33	-8.201	51.139	136.9
13.34	-8.216	51.139	99.2
13.35	-8.231	51.125	48.8
13.36	-8.247	50.494	16.1
13.37	-8.261	44.873	-29.0
13.38	-8.274	29.364	-45.2
13.39	-8.288	7.520	-57.3
13.4	-8.304	-13.956	-81.3
13.41	-8.321	-32.419	-65.4
13.42	-8.337	-45.125	-64.3
13.43	-8.353	-50.314	-82.2
13.44	-8.367	-51.120	-73.2
13.45	-8.383	-51.139	-72.7
13.46	-8.398	-51.141	-68.9
13.47	-8.412	-51.141	-69.6
13.48	-8.424	-51.141	-54.0
13.49	-8.436	-51.141	-64.6
13.5	-8.448	-51.141	-58.7
13.51	-8.461	-51.141	-60.8
13.52	-8.475	-51.141	-60.4
13.53	-8.490	-51.139	-59.6
13.54	-8.506	-51.122	-62.1
13.55	-8.523	-50.361	-50.8
13.56	-8.539	-45.505	-49.2
13.57	-8.555	-34.147	-59.0
13.58	-8.570	-19.280	-38.7
13.59	-8.584	-4.680	-56.8
13.6	-8.598	8.077	-63.4
13.61	-8.611	17.880	-51.1
13.62	-8.623	23.908	-53.9
13.63	-8.637	25.911	-49.4
13.64	-8.651	24.091	-48.5
13.65	-8.665	18.972	-54.8
13.66	-8.679	11.472	-46.8
13.67	-8.694	2.691	-52.5
13.68	-8.708	-6.488	-53.8
13.69	-8.723	-15.480	-48.2
13.7	-8.736	-23.852	-41.2
13.71	-8.750	-31.339	-49.2
13.72	-8.764	-37.866	-42.9
13.73	-8.778	-43.367	-39.3
13.74	-8.793	-47.633	-47.7
13.75	-8.809	-50.184	-42.0
13.76	-8.825	-51.045	-36.3
13.77	-8.841	-51.139	-28.5
13.78	-8.857	-51.141	-2.0
13.79	-8.874	-51.141	-11.2
13.8	-8.891	-51.141	4.5
13.81	-8.906	-51.138	-5.2
13.82	-8.922	-51.039	-39.5
13.83	-8.938	-50.530	-53.3
13.84	-8.952	-49.478	-53.4
13.85	-8.966	-48.064	-55.4
13.86	-8.979	-46.495	-35.8
13.87	-8.994	-44.998	-45.1
13.88	-9.009	-43.645	-60.4
13.89	-9.026	-42.298	0.2
13.9	-9.044	-40.786	-64.8
13.91	-9.058	-38.997	10.5
13.92	-9.064	-36.870	221.6
13.93	-9.069	-34.375	221.6
13.94	-9.078	-31.680	174.0
13.95	-9.093	-29.208	-45.6
13.96	-9.111	-27.497	-70.4
13.97	-9.133	-26.753	-5.0
13.98	-9.154	-26.492	-49.3
13.99	-9.169	-26.266	-41.0
14.0	-9.174	-26.116	-28.9
14.01	-9.174	-26.047	-26.6
14.02	-9.171	-26.030	-26.7
14.03	-9.168	-26.416	-10.4
14.04	-9.166	-27.598	-2.9
14.05	-9.166	-29.325	-7.0
14.06	-9.168	-30.589	12.8
14.07	-9.171	-29.389	7.8
14.08	-9.177	-21.353	18.7
14.09	-9.183	-0.330	38.1
14.1	-9.189	28.345	52.1
14.11	-9.196	46.645	81.5
14.12	-9.201	50.955	107.4
14.13	-9.207	51.130	125.1
14.14	-9.212	51.139	154.5
14.15	-9.217	51.139	148.2
14.16	-9.222	51.139	154.9
14.17	-9.227	51.139	127.6
14.18	-9.232	51.136	98.8
14.19	-9.238	51.109	52.8
14.2	-9.244	49.833	0.8
14.21	-9.252	41.748	-17.3
14.22	-9.262	23.450	-43.4
14.23	-9.271	0.667	-57.0
14.24	-9.281	-20.678	-62.3
14.25	-9.291	-38.041	-66.3
14.26	-9.299	-48.022	-55.2
14.27	-9.308	-50.903	-57.2
14.28	-9.316	-51.131	-59.9
14.29	-9.323	-51.141	-59.7
14.3	-9.330	-51.141	-44.5
14.31	-9.337	-51.141	-57.7
14.32	-9.344	-51.141	-68.2
14.33	-9.349	-51.141	-53.0
14.34	-9.354	-51.141	-52.5
14.35	-9.357	-51.141	-62.0
14.36	-9.361	-51.141	-43.2
14.37	-9.366	-51.138	-47.1
14.38	-9.372	-51.072	-43.1
14.39	-9.378	-49.456	-39.3
14.4	-9.383	-41.911	-38.3
14.41	-9.388	-26.833	-36.6
14.42	-9.390	-8.680	-31.9
14.43	-9.391	8.403	-47.9
14.44	-9.391	22.661	-42.7
14.45	-9.391	32.673	-33.8
14.46	-9.394	37.659	-34.3
14.47	-9.399	37.813	-46.7
14.48	-9.405	33.678	-47.5
14.49	-9.411	25.931	-33.3
14.5	-9.418	15.825	-44.5
14.51	-9.424	4.938	-49.8
14.52	-9.429	-5.672	-35.6
14.53	-9.433	-15.525	-35.9
14.54	-9.439	-24.409	-24.8
14.55	-9.447	-32.294	-18.2
14.56	-9.455	-39.145	-2.9
14.57	-9.463	-44.773	-14.0
14.58	-9.471	-48.739	-3.0
14.59	-9.480	-50.663	5.9
14.6	-9.489	-51.117	-13.5
14.61	-9.497	-51.139	-31.5
14.62	-9.501	-51.141	-40.8
14.63	-9.504	-51.139	-40.6
14.64	-9.504	-51.109	-40.0
14.65	-9.503	-50.763	-49.6
14.66	-9.501	-49.614	-35.6
14.67	-9.501	-47.638	-44.1
14.68	-9.503	-45.256	-5.3
14.69	-9.504	-42.725	-53.4
14.7	-9.502	-40.108	36.0
14.71	-9.494	-37.420	202.1
14.72	-9.487	-34.666	198.0
14.73	-9.483	-32.048	118.9
14.74	-9.485	-29.994	-73.8
14.75	-9.487	-28.747	-74.5
14.76	-9.486	-28.020	-5.3
14.77	-9.478	-27.211	-39.9
14.78	-9.461	-26.167	-20.3
14.79	-9.428	-25.239	-30.0
14.8	-9.384	-24.638	-16.8
14.81	-9.338	-24.538	-4.7
14.82	-9.297	-25.277	-10.0
14.83	-9.260	-26.942	-5.5
14.84	-9.226	-29.163	0.4
14.85	-9.194	-31.122	-1.5
14.86	-9.165	-31.556	21.8
14.87	-9.140	-28.009	30.1
14.88	-9.118	-15.561	41.9
14.89	-9.099	9.433	69.5
14.9	-9.082	36.178	82.0
14.91	-9.064	49.142	108.0
14.92	-9.048	51.105	135.0
14.93	-9.032	51.133	152.9
14.94	-9.016	51.139	154.0
14.95	-9.001	51.139	137.0
14.96	-8.984	51.139	135.1
14.97	-8.967	51.136	82.0
14.98	-8.949	51.123	38.6
14.99	-8.929	50.134	-0.8
15.0	-8.912	42.936	-19.3
15.01	-8.899	25.413	-39.2
15.02	-8.891	2.533	-60.1
15.03	-8.884	-19.261	-68.8
15.04	-8.875	-37.020	-68.5
15.05	-8.864	-47.538	-69.8
15.06	-8.853	-50.823	-60.1
15.07	-8.841	-51.131	-63.8
15.08	-8.826	-51.141	-63.7
15.09	-8.810	-51.141	-58.1
15.1	-8.794	-51.141	-61.0
15.11	-8.778	-51.141	-66.9
15.12	-8.761	-51.141	-58.9
15.13	-8.744	-51.141	-55.9
15.14	-8.728	-51.141	-49.2
15.15	-8.713	-51.141	-44.4
15.16	-8.698	-51.134	-47.3
15.17	-8.683	-51.000	-48.4
15.18	-8.668	-48.613	-49.5
15.19	-8.650	-39.531	-53.7
15.2	-8.633	-23.556	-51.3
15.21	-8.615	-5.264	-60.3
15.22	-8.598	11.975	-55.7
15.23	-8.579	26.208	-53.9
15.24	-8.559	35.869	-50.3
15.25	-8.539	40.255	-56.8
15.26	-8.520	39.613	-32.5
15.27	-8.501	34.763	-52.3
15.28	-8.483	26.858	-67.0
15.29	-8.464	17.148	-57.3
15.3	-8.445	6.591	-54.1
15.31	-8.425	-4.145	-45.9
15.32	-8.405	-14.398	-51.2
15.33	-8.385	-23.703	-60.5
15.34	-8.365	-31.898	-47.3
15.35	-8.346	-38.836	-53.3
15.36	-8.326	-44.470	-47.0
15.37	-8.308	-48.586	-37.6
15.38	-8.289	-50.647	-45.5
15.39	-8.273	-51.119	-23.1
15.4	-8.257	-51.139	-2.8
15.41	-8.242	-51.141	-30.1
15.42	-8.229	-51.139	-16.5
15.43	-8.217	-51.122	-15.3
15.44	-8.204	-50.830	-30.5
15.45	-8.193	-49.761	-56.1
15.46	-8.180	-48.045	-55.3
15.47	-8.167	-46.277	-46.9
15.48	-8.153	-44.681	-69.6
15.49	-8.138	-43.228	-46.6
15.5	-8.123	-41.794	-56.0
15.51	-8.110	-40.263	-33.9
15.52	-8.101	-38.528	-48.1
15.53	-8.089	-36.563	-36.1
15.54	-8.072	-34.472	181.3
15.55	-8.054	-32.294	232.6
15.56	-8.040	-30.016	214.7
15.57	-8.033	-27.778	-3.7
15.58	-8.027	-25.922	-118.3
15.59	-8.023	-24.778	-31.0
15.6	-8.018	-24.250	-49.4
15.61	-8.008	-24.009	-37.7
15.62	-7.990	-23.945	-41.7
15.63	-7.971	-23.998	-46.9
15.64	-7.951	-24.155	-43.8
15.65	-7.934	-24.591	-40.6
15.66	-7.918	-25.448	-26.8
15.67	-7.901	-26.558	-23.7
15.68	-7.886	-27.128	-11.6
15.69	-7.873	-24.797	-12.0
15.7	-7.862	-14.167	3.7
15.71	-7.853	9.566	10.5
15.72	-7.843	36.075	35.2
15.73	-7.835	49.128	54.8
15.74	-7.828	51.105	68.3
15.75	-7.821	51.133	92.7
15.76	-7.815	51.139	119.9
15.77	-7.811	51.139	130.2
15.78	-7.807	51.139	133.6
15.79	-7.803	51.139	123.0
15.8	-7.799	51.136	86.9
15.81	-7.795	51.056	40.7
15.82	-7.790	49.033	7.1
15.83	-7.786	39.656	-31.2
15.84	-7.782	21.588	-52.9
15.85	-7.780	0.883	-67.5
15.86	-7.777	-18.103	-70.8
15.87	-7.775	-34.342	-76.3
15.88	-7.771	-45.606	-68.1
15.89	-7.766	-50.330	-79.7
15.9	-7.762	-51.117	-73.2
15.91	-7.758	-51.139	-71.6
15.92	-7.754	-51.141	-76.1
15.93	-7.750	-51.141	-75.0
15.94	-7.747	-51.141	-69.5
15.95	-7.744	-51.141	-61.8
15.96	-7.742	-51.141	-61.7
15.97	-7.740	-51.141	-63.9
15.98	-7.739	-51.141	-57.3
15.99	-7.737	-51.136	-63.7
16.0	-7.738	-51.036	-59.1
16.01	-7.739	-49.178	-58.9
16.02	-7.740	-41.988	-57.4
16.03	-7.741	-29.161	-57.7
16.04	-7.739	-14.428	-58.3
16.05	-7.738	-0.561	-65.5
16.06	-7.736	11.111	-59.9
16.07	-7.734	19.503	-58.0
16.08	-7.734	23.986	-52.5
16.09	-7.732	24.650	-62.0
16.1	-7.732	22.048	-53.9
16.11	-7.732	16.819	-64.5
16.12	-7.732	9.680	-61.5
16.13	-7.731	1.445	-53.7
16.14	-7.732	-7.163	-64.1
16.15	-7.733	-15.614	-52.3
16.16	-7.734	-23.577	-48.9
16.17	-7.736	-30.781	-57.3
16.18	-7.737	-36.913	-54.7
16.19	-7.737	-41.766	-53.7
16.2	-7.738	-45.348	-46.4
16.21	-7.739	-47.773	-59.0
16.22	-7.741	-49.220	-51.7
16.23	-7.740	-49.919	-49.3
16.24	-7.739	-50.089	-46.4
16.25	-7.739	-49.870	-49.6
16.26	-7.741	-49.342	-39.8
16.27	-7.742	-48.616	-29.2
16.28	-7.744	-47.803	-24.4
16.29	-7.747	-46.928	-17.4
16.3	-7.750	-45.972	-18.3
16.31	-7.753	-44.975	-13.7
16.32	-7.756	-43.978	-20.8
16.33	-7.759	-42.973	-52.5
16.34	-7.761	-41.909	-56.3
16.35	-7.763	-40.678	-55.8
16.36	-7.764	-39.244	-56.3
16.37	-7.764	-37.686	-50.0
16.38	-7.764	-36.163	-49.5
16.39	-7.766	-34.781	-35.2
16.4	-7.769	-33.542	-17.3
16.41	-7.774	-32.394	-63.4
16.42	-7.772	-31.241	121.0
16.43	-7.765	-29.936	197.5
16.44	-7.761	-28.400	208.5
16.45	-7.763	-26.747	123.9
16.46	-7.768	-25.470	-80.7
16.47	-7.776	-25.034	-35.3
16.48	-7.786	-25.238	-42.1
16.49	-7.789	-25.536	-46.2
16.5	-7.786	-25.566	-20.2
16.51	-7.779	-25.220	-47.4
16.52	-7.772	-24.838	-34.8
16.53	-7.767	-24.923	-29.4
16.54	-7.762	-25.556	-29.2
16.55	-7.757	-26.345	-21.4
16.56	-7.753	-26.358	-3.7
16.57	-7.751	-23.098	-6.0
16.58	-7.750	-10.967	7.6
16.59	-7.749	13.714	16.2
16.6	-7.747	38.756	27.8
16.61	-7.744	49.719	48.8
16.62	-7.743	51.105	75.5
16.63	-7.744	51.138	95.0
16.64	-7.746	51.139	120.2
16.65	-7.748	51.139	134.6
16.66	-7.751	51.139	148.0
16.67	-7.754	51.139	143.5
16.68	-7.757	51.138	129.9
16.69	-7.759	51.125	86.1
16.7	-7.762	50.259	29.7
16.71	-7.764	44.102	-9.4
16.72	-7.765	29.198	-26.6
16.73	-7.766	9.753	-56.5
16.74	-7.769	-8.920	-69.3
16.75	-7.774	-25.336	-66.2
16.76	-7.780	-38.781	-68.5
16.77	-7.784	-47.472	-71.1
16.78	-7.787	-50.714	-65.5
16.79	-7.789	-51.134	-76.9
16.8	-7.794	-51.139	-68.8
16.81	-7.798	-51.141	-62.4
16.82	-7.799	-51.141	-67.2
16.83	-7.801	-51.141	-69.7
16.84	-7.802	-51.141	-64.7
16.85	-7.804	-51.141	-68.8
16.86	-7.808	-51.141	-56.4
16.87	-7.813	-51.139	-51.6
16.88	-7.820	-51.120	-55.4
16.89	-7.828	-50.455	-69.6
16.9	-7.836	-46.498	-59.8
16.91	-7.843	-37.331	-48.5
16.92	-7.849	-24.991	-58.2
16.93	-7.852	-12.203	-58.8
16.94	-7.853	-0.211	-54.8
16.95	-7.853	9.858	-53.3
16.96	-7.852	16.817	-49.0
16.97	-7.852	20.177	-58.3
16.98	-7.853	20.152	-49.8
16.99	-7.853	17.175	-49.3
17.0	-7.854	11.820	-51.4
17.01	-7.855	4.789	-53.9
17.02	-7.856	-3.106	-52.4
17.03	-7.857	-11.077	-58.2
17.04	-7.859	-18.727	-42.9
17.05	-7.860	-25.970	-48.6
17.06	-7.862	-32.594	-50.5
17.07	-7.866	-38.205	-46.9
17.08	-7.869	-42.573	-44.2
17.09	-7.872	-45.775	-48.5
17.1	-7.875	-47.966	-46.9
17.11	-7.878	-49.278	-43.2
17.12	-7.881	-49.880	-28.5
17.13	-7.885	-49.984	-33.5
17.14	-7.889	-49.791	-37.8
17.15	-7.895	-49.419	-3.0
17.16	-7.902	-48.891	-6.7
17.17	-7.909	-48.156	-26.7
17.18	-7.916	-47.275	0.5
17.19	-7.922	-46.358	-29.1
17.2	-7.928	-45.344	-50.3
17.21	-7.934	-44.092	-45.0
17.22	-7.939	-42.638	-45.0
17.23	-7.942	-41.194	-50.3
17.24	-7.946	-39.902	-36.1
17.25	-7.949	-38.719	-65.8
17.26	-7.953	-37.513	-35.9
17.27	-7.961	-36.234	-15.9
17.28	-7.967	-34.920	-63.4
17.29	-7.966	-33.563	128.7
17.3	-7.958	-32.028	209.3
17.31	-7.951	-30.098	220.7
17.32	-7.949	-27.991	126.4
17.33	-7.952	-26.508	-106.3
17.34	-7.962	-26.100	-42.9
17.35	-7.975	-26.320	-37.7
17.36	-7.984	-26.500	-52.0
17.37	-7.985	-26.311	-29.9
17.38	-7.979	-25.814	-45.3
17.39	-7.968	-25.313	-43.2
17.4	-7.958	-25.194	-22.3
17.41	-7.946	-25.720	-12.9
17.42	-7.934	-26.745	-17.8
17.43	-7.925	-27.369	-21.8
17.44	-7.918	-25.469	1.4
17.45	-7.914	-16.453	11.8
17.46	-7.911	5.347	16.8
17.47	-7.911	32.602	33.0
17.48	-7.913	48.056	56.3
17.49	-7.916	51.042	78.1
17.5	-7.922	51.128	103.5
17.51	-7.929	51.139	129.3
17.52	-7.938	51.139	153.1
17.53	-7.947	51.139	159.3
17.54	-7.957	51.139	147.1
17.55	-7.968	51.139	122.6
17.56	-7.979	51.127	81.6
17.57	-7.990	50.689	25.4
17.58	-8.001	46.291	3.1
17.59	-8.013	33.442	-32.0
17.6	-8.024	14.658	-52.1
17.61	-8.037	-4.413	-61.5
17.62	-8.051	-21.700	-63.4
17.63	-8.066	-36.442	-75.9
17.64	-8.080	-46.495	-69.8
17.65	-8.092	-50.525	-74.3
17.66	-8.103	-51.127	-74.4
17.67	-8.114	-51.139	-62.9
17.68	-8.126	-51.141	-58.2
17.69	-8.137	-51.141	-63.5
17.7	-8.148	-51.141	-58.1
17.71	-8.158	-51.141	-61.2
17.72	-8.170	-51.141	-61.5
17.73	-8.183	-51.141	-53.0
17.74	-8.195	-51.141	-56.5
17.75	-8.208	-51.133	-51.1
17.76	-8.223	-50.870	-43.5
17.77	-8.238	-48.188	-55.3
17.78	-8.253	-40.053	-49.6
17.79	-8.268	-27.370	-52.7
17.8	-8.282	-13.461	-48.5
17.81	-8.294	-0.228	-43.8
17.82	-8.306	11.044	-56.0
17.83	-8.318	19.120	-45.6
17.84	-8.330	23.198	-37.9
17.85	-8.343	23.333	-54.9
17.86	-8.357	20.316	-52.3
17.87	-8.371	15.191	-46.8
17.88	-8.386	8.898	-38.2
17.89	-8.399	1.839	-35.3
17.9	-8.413	-6.027	-50.5
17.91	-8.428	-14.378	-49.5
17.92	-8.442	-22.489	-49.2
17.93	-8.456	-29.748	-56.3
17.94	-8.471	-35.819	-35.8
17.95	-8.487	-40.564	-43.3
17.96	-8.502	-44.052	-44.2
17.97	-8.518	-46.469	-33.4
17.98	-8.535	-47.973	-31.7
17.99	-8.553	-48.733	-44.7
18.0	-8.571	-49.080	-27.6
18.01	-8.588	-49.263	-40.5
18.02	-8.606	-49.217	-29.0
18.03	-8.624	-48.786	-6.6
18.04	-8.643	-47.991	-3.0
18.05	-8.662	-46.975	-5.3
18.06	-8.683	-45.822	-6.8
18.07	-8.703	-44.611	-9.3
18.08	-8.723	-43.428	-27.0
18.09	-8.742	-42.184	-59.5
18.1	-8.762	-40.795	-33.6
18.11	-8.780	-39.342	-35.5
18.12	-8.798	-37.939	-47.1
18.13	-8.815	-36.619	-36.9
18.14	-8.833	-35.297	-35.2
18.15	-8.854	-33.927	2.9
18.16	-8.875	-32.600	-61.1
18.17	-8.891	-31.294	76.5
18.18	-8.899	-29.833	236.4
18.19	-8.908	-28.125	237.0
18.2	-8.923	-26.353	152.3
18.21	-8.943	-24.969	-80.6
18.22	-8.964	-24.353	-56.6
18.23	-8.987	-24.338	-26.7
18.24	-9.009	-24.316	-41.9
18.25	-9.023	-24.025	-27.1
18.26	-9.031	-23.644	-27.9
18.27	-9.034	-23.308	-20.9
18.28	-9.036	-23.253	-22.6
18.29	-9.037	-23.878	-12.1
18.3	-9.041	-25.338	9.7
18.31	-9.046	-27.188	5.6
18.32	-9.053	-28.230	-6.9
18.33	-9.062	-25.966	8.7
18.34	-9.071	-15.064	28.7
18.35	-9.082	9.152	45.4
18.36	-9.096	36.011	73.8
18.37	-9.109	49.138	85.0
18.38	-9.121	51.105	114.3
18.39	-9.133	51.134	138.9
18.4	-9.144	51.139	163.4
18.41	-9.156	51.139	162.6
18.42	-9.170	51.139	145.0
18.43	-9.184	51.139	129.4
18.44	-9.197	51.134	104.4
18.45	-9.209	51.103	59.9
18.46	-9.221	49.777	7.5
18.47	-9.232	41.758	-25.4
18.48	-9.244	24.008	-34.4
18.49	-9.261	2.167	-49.1
18.5	-9.281	-18.267	-60.2
18.51	-9.304	-35.558	-53.6
18.52	-9.329	-46.703	-47.6
18.53	-9.352	-50.661	-65.1
18.54	-9.373	-51.133	-56.7
18.55	-9.391	-51.139	-46.8
18.56	-9.410	-51.141	-48.4
18.57	-9.428	-51.141	-56.2
18.58	-9.443	-51.141	-43.5
18.59	-9.456	-51.141	-49.8
18.6	-9.470	-51.141	-49.7
18.61	-9.483	-51.141	-34.9
18.62	-9.498	-51.141	-39.5
18.63	-9.514	-51.138	-41.0
18.64	-9.533	-51.066	-35.7
18.65	-9.553	-49.413	-41.6
18.66	-9.571	-42.108	-35.9
18.67	-9.587	-27.909	-34.3
18.68	-9.600	-10.672	-35.3
18.69	-9.612	6.242	-35.5
18.7	-9.623	21.081	-38.8
18.71	-9.633	32.233	-47.7
18.72	-9.645	38.700	-40.9
18.73	-9.657	40.358	-38.3
18.74	-9.669	37.667	-35.0
18.75	-9.683	31.372	-32.2
18.76	-9.699	22.466	-43.7
18.77	-9.714	12.109	-38.0
18.78	-9.726	1.334	-27.4
18.79	-9.733	-9.120	-34.0
18.8	-9.736	-18.727	-39.3
18.81	-9.737	-27.067	-39.5
18.82	-9.738	-34.003	-20.2
18.83	-9.739	-39.689	-24.4
18.84	-9.742	-44.261	-22.8
18.85	-9.745	-47.736	-21.3
18.86	-9.748	-49.972	-2.2
18.87	-9.752	-50.933	2.4
18.88	-9.759	-51.131	-14.6
18.89	-9.764	-51.141	-1.7
18.9	-9.768	-51.134	-9.1
18.91	-9.771	-50.981	-23.6
18.92	-9.776	-50.297	-32.3
18.93	-9.784	-48.880	-42.9
18.94	-9.795	-47.070	-35.2
18.95	-9.808	-45.331	-35.4
18.96	-9.822	-43.853	-41.5
18.97	-9.836	-42.541	-21.2
18.98	-9.848	-41.202	14.7
18.99	-9.858	-39.706	-75.6
19.0	-9.866	-37.930	75.9
19.01	-9.873	-35.798	234.7
19.02	-9.884	-33.422	196.1
19.03	-9.900	-31.055	100.2
19.04	-9.921	-28.959	-87.5
19.05	-9.944	-27.338	-49.9
19.06	-9.966	-26.114	-4.0
19.07	-9.981	-24.978	-30.7
19.08	-9.989	-23.848	-17.0
19.09	-9.986	-22.873	-18.4
19.1	-9.976	-22.166	-12.8
19.11	-9.965	-21.898	-11.5
19.12	-9.956	-22.366	-9.5
19.13	-9.948	-23.714	-3.7
19.14	-9.942	-25.641	24.5
19.15	-9.938	-27.352	22.0
19.16	-9.934	-27.547	20.2
19.17	-9.931	-23.841	26.7
19.18	-9.929	-11.239	52.9
19.19	-9.928	13.497	72.4
19.2	-9.928	38.523	83.9
19.21	-9.928	49.644	109.2
19.22	-9.930	51.105	139.0
19.23	-9.932	51.136	144.9
19.24	-9.934	51.139	162.1
19.25	-9.934	51.139	154.0
19.26	-9.935	51.139	130.4
19.27	-9.934	51.139	97.3
19.28	-9.932	51.123	39.4
19.29	-9.929	50.781	0.8
19.3	-9.926	46.409	-13.3
19.31	-9.928	32.188	-41.7
19.32	-9.936	10.158	-61.0
19.33	-9.944	-12.567	-60.0
19.34	-9.948	-32.292	-41.6
19.35	-9.951	-45.486	-63.7
19.36	-9.954	-50.478	-62.9
19.37	-9.958	-51.131	-50.2
19.38	-9.960	-51.139	-62.6
19.39	-9.961	-51.141	-57.5
19.4	-9.963	-51.141	-57.2
19.41	-9.963	-51.141	-57.9
19.42	-9.959	-51.141	-53.4
19.43	-9.956	-51.141	-40.0
19.44	-9.954	-51.141	-29.9
19.45	-9.953	-51.141	-47.1
19.46	-9.951	-51.138	-47.5
19.47	-9.947	-51.097	-46.3
19.48	-9.941	-49.817	-33.0
19.49	-9.934	-42.802	-53.0
19.5	-9.929	-27.375	-47.7
19.51	-9.926	-7.305	-36.4
19.52	-9.922	12.742	-46.8
19.53	-9.917	30.203	-33.7
19.54	-9.912	42.930	-44.5
19.55	-9.906	49.373	-41.1
19.56	-9.899	50.761	-32.3
19.57	-9.891	48.739	-50.8
19.58	-9.881	42.655	-39.8
19.59	-9.866	32.947	-43.7
19.6	-9.848	21.444	-44.5
19.61	-9.826	9.375	-47.0
19.62	-9.806	-2.527	-32.6
19.63	-9.786	-13.744	-23.8
19.64	-9.769	-23.839	-20.0
19.65	-9.751	-32.652	-7.7
19.66	-9.734	-40.233	-22.1
19.67	-9.717	-46.272	-18.3
19.68	-9.701	-49.861	-12.8
19.69	-9.685	-51.017	-17.8
19.7	-9.668	-51.139	-1.1
19.71	-9.651	-51.141	-44.9
19.72	-9.632	-51.141	-54.9
19.73	-9.613	-51.141	-34.3
19.74	-9.592	-51.141	-54.2
19.75	-9.571	-51.139	-37.1
19.76	-9.548	-51.039	-51.5
19.77	-9.526	-50.336	-32.9
19.78	-9.505	-48.650	-16.7
19.79	-9.482	-46.275	-66.1
19.8	-9.451	-43.473	123.6
19.81	-9.412	-40.241	217.9
19.82	-9.371	-36.750	198.4
19.83	-9.332	-33.422	51.0
19.84	-9.304	-30.628	-108.6
19.85	-9.282	-28.552	-42.4
19.86	-9.263	-27.095	-33.1
19.87	-9.240	-25.903	-38.9
19.88	-9.211	-24.744	-36.6
19.89	-9.171	-23.647	-27.4
19.9	-9.126	-22.795	-21.5
19.91	-9.079	-22.516	-21.3
19.92	-9.033	-23.052	-20.0
19.93	-8.986	-24.309	-10.0
19.94	-8.940	-25.834	-1.3
19.95	-8.898	-26.747	-1.8
19.96	-8.860	-25.220	16.0
19.97	-8.827	-17.022	23.7
19.98	-8.798	3.564	40.2
19.99	-8.771	30.672	61.6
20.0	-8.748	47.286	85.9
20.01	-8.725	50.988	97.4
20.02	-8.704	51.130	124.2
20.03	-8.684	51.139	145.6
20.04	-8.664	51.139	146.0
20.05	-8.644	51.139	134.6
20.06	-8.623	51.139	111.8
20.07	-8.601	51.136	56.0
20.08	-8.576	51.123	3.2
20.09	-8.552	50.119	-24.4
20.1	-8.527	42.872	-37.2
20.11	-8.506	25.320	-60.7
20.12	-8.488	2.467	-71.8
20.13	-8.470	-19.448	-70.9
20.14	-8.451	-37.416	-65.5
20.15	-8.431	-47.830	-67.6
20.16	-8.412	-50.884	-74.3
20.17	-8.394	-51.131	-69.6
20.18	-8.375	-51.141	-69.0
20.19	-8.355	-51.141	-70.8
20.2	-8.335	-51.141	-61.7
20.21	-8.316	-51.141	-73.2
20.22	-8.297	-51.141	-63.0
20.23	-8.279	-51.141	-52.2
20.24	-8.262	-51.141	-52.0
20.25	-8.246	-51.141	-58.7
20.26	-8.229	-51.131	-64.7
20.27	-8.213	-50.898	-55.2
20.28	-8.197	-47.930	-53.9
20.29	-8.181	-37.983	-62.2
20.3	-8.164	-21.977	-49.0
20.31	-8.149	-4.823	-60.8
20.32	-8.135	10.784	-67.7
20.33	-8.123	23.500	-43.0
20.34	-8.113	32.164	-51.1
20.35	-8.104	36.277	-65.3
20.36	-8.095	36.084	-54.7
20.37	-8.088	32.320	-53.4
20.38	-8.081	25.858	-55.5
20.39	-8.072	17.539	-54.2
20.4	-8.064	8.128	-44.7
20.41	-8.058	-1.714	-55.1
20.42	-8.049	-11.414	-52.6
20.43	-8.041	-20.403	-45.9
20.44	-8.033	-28.283	-48.0
20.45	-8.025	-35.005	-49.8
20.46	-8.017	-40.675	-47.1
20.47	-8.008	-45.241	-52.7
20.48	-8.000	-48.523	-42.3
20.49	-7.992	-50.394	-31.7
20.5	-7.984	-51.053	-24.5
20.51	-7.976	-51.139	-18.7
20.52	-7.969	-51.136	-28.3
20.53	-7.962	-51.041	-17.6
20.54	-7.954	-50.563	-5.5
20.55	-7.947	-49.555	-28.8
20.56	-7.939	-48.297	-45.6
20.57	-7.929	-47.002	-59.9
20.58	-7.918	-45.627	-62.9
20.59	-7.905	-44.222	-51.4
20.6	-7.893	-42.914	-45.6
20.61	-7.883	-41.741	-69.0
20.62	-7.874	-40.573	-15.2
20.63	-7.868	-39.264	-58.3
20.64	-7.859	-37.847	13.1
20.65	-7.843	-36.313	187.7
20.66	-7.822	-34.506	189.0
20.67	-7.807	-32.486	181.4
20.68	-7.797	-30.517	-22.0
20.69	-7.791	-28.931	-88.0
20.7	-7.788	-27.981	-24.1
20.71	-7.784	-27.477	-53.9
20.72	-7.776	-26.892	-40.5
20.73	-7.763	-25.969	-42.6
20.74	-7.749	-25.008	-36.6
20.75	-7.736	-24.520	-32.9
20.76	-7.723	-24.706	-32.9
20.77	-7.709	-25.317	-26.3
20.78	-7.695	-25.733	-18.2
20.79	-7.683	-24.280	-4.3
20.8	-7.673	-16.620	-9.4
20.81	-7.665	3.445	-10.3
20.82	-7.657	30.519	21.2
20.83	-7.649	47.280	26.0
20.84	-7.640	50.989	53.7
20.85	-7.633	51.128	75.5
20.86	-7.629	51.139	102.4
20.87	-7.626	51.139	125.4
20.88	-7.623	51.139	130.6
20.89	-7.620	51.139	139.0
20.9	-7.617	51.139	129.3
20.91	-7.612	51.139	83.4
20.92	-7.607	51.127	35.6
20.93	-7.601	50.542	9.7
20.94	-7.596	45.280	-27.1
20.95	-7.591	30.783	-55.3
20.96	-7.586	10.464	-61.5
20.97	-7.581	-9.433	-70.4
20.98	-7.578	-26.813	-70.7
20.99	-7.576	-40.584	-75.6
21.0	-7.572	-48.550	-69.8
21.01	-7.568	-50.933	-72.4
21.02	-7.565	-51.134	-72.1
21.03	-7.563	-51.141	-72.9
21.04	-7.560	-51.141	-69.2
21.05	-7.556	-51.141	-57.2
21.06	-7.553	-51.141	-61.2
21.07	-7.551	-51.141	-68.3
21.08	-7.549	-51.141	-54.4
21.09	-7.547	-51.141	-69.8
21.1	-7.544	-51.139	-60.0
21.11	-7.543	-51.106	-47.7
21.12	-7.543	-50.163	-62.1
21.13	-7.543	-45.183	-53.8
21.14	-7.541	-34.639	-52.7
21.15	-7.539	-21.430	-63.5
21.16	-7.537	-8.464	-61.8
21.17	-7.534	2.978	-57.0
21.18	-7.529	11.981	-47.0
21.19	-7.526	17.914	-53.1
21.2	-7.523	20.408	-44.0
21.21	-7.518	19.394	-52.7
21.22	-7.514	15.189	-63.8
21.23	-7.511	8.539	-56.9
21.24	-7.509	0.441	-58.2
21.25	-7.507	-8.139	-63.7
21.26	-7.505	-16.520	-55.3
21.27	-7.503	-24.388	-51.0
21.28	-7.502	-31.583	-42.9
21.29	-7.501	-37.972	-51.2
21.3	-7.499	-43.403	-58.3
21.31	-7.496	-47.625	-42.5
21.32	-7.493	-50.164	-42.5
21.33	-7.492	-51.034	-42.3
21.34	-7.492	-51.139	-20.4
21.35	-7.492	-51.141	-12.0
21.36	-7.493	-51.141	-25.1
21.37	-7.494	-51.127	-17.5
21.38	-7.496	-50.963	-8.4
21.39	-7.497	-50.391	-42.5
21.4	-7.498	-49.403	-56.4
21.41	-7.499	-48.231	-49.5
21.42	-7.500	-47.013	-60.8
21.43	-7.501	-45.869	-55.4
21.44	-7.501	-44.786	-46.5
21.45	-7.504	-43.545	-42.6
21.46	-7.507	-41.983	-14.5
21.47	-7.511	-40.164	-67.8
21.48	-7.511	-38.233	101.5
21.49	-7.506	-36.248	248.0
21.5	-7.499	-34.055	269.4
21.51	-7.496	-31.652	161.3
21.52	-7.496	-29.594	-89.1
21.53	-7.501	-28.334	-50.7
21.54	-7.509	-27.797	-39.4
21.55	-7.515	-27.677	-55.3
21.56	-7.516	-27.598	-32.8
21.57	-7.511	-27.327	-47.5
21.58	-7.504	-27.084	-28.9
21.59	-7.498	-27.219	-29.9
21.6	-7.493	-27.734	-30.6
21.61	-7.489	-28.327	-16.5
21.62	-7.484	-28.208	-10.7
21.63	-7.481	-25.108	-11.0
21.64	-7.477	-13.881	9.0
21.65	-7.473	9.998	20.6
21.66	-7.469	36.291	28.7
21.67	-7.466	49.164	63.8
21.68	-7.466	51.105	86.5
21.69	-7.468	51.134	111.1
21.7	-7.470	51.139	134.4
21.71	-7.473	51.139	146.9
21.72	-7.476	51.139	163.3
21.73	-7.480	51.139	163.0
21.74	-7.484	51.139	145.4
21.75	-7.487	51.133	83.5
21.76	-7.491	51.003	46.5
21.77	-7.494	48.258	-2.3
21.78	-7.497	37.073	-41.0
21.79	-7.500	17.430	-56.1
21.8	-7.503	-3.617	-76.0
21.81	-7.507	-22.078	-67.8
21.82	-7.513	-37.147	-71.9
21.83	-7.518	-46.922	-83.4
21.84	-7.522	-50.630	-77.7
21.85	-7.526	-51.133	-71.6
21.86	-7.530	-51.139	-60.5
21.87	-7.534	-51.141	-59.8
21.88	-7.538	-51.141	-63.0
21.89	-7.541	-51.141	-70.9
21.9	-7.543	-51.141	-61.3
21.91	-7.545	-51.141	-45.4
21.92	-7.548	-51.141	-67.5
21.93	-7.552	-51.141	-62.6
21.94	-7.557	-51.133	-53.5
21.95	-7.563	-50.917	-58.3
21.96	-7.569	-48.505	-50.5
21.97	-7.576	-40.852	-58.4
21.98	-7.583	-28.864	-47.1
21.99	-7.587	-16.108	-57.8
22.0	-7.591	-4.405	-51.4
22.01	-7.593	5.339	-50.4
22.02	-7.596	12.316	-57.6
22.03	-7.598	16.073	-54.0
22.04	-7.600	16.552	-57.5
22.05	-7.603	14.022	-45.1
22.06	-7.606	8.920	-50.4
22.07	-7.609	1.892	-54.7
22.08	-7.612	-6.127	-45.8
22.09	-7.615	-14.302	-55.2
22.1	-7.618	-22.167	-44.9
22.11	-7.621	-29.442	-47.0
22.12	-7.624	-35.875	-56.6
22.13	-7.628	-41.250	-40.8
22.14	-7.632	-45.327	-43.6
22.15	-7.636	-48.034	-38.3
22.16	-7.639	-49.728	-40.5
22.17	-7.644	-50.711	-43.1
22.18	-7.648	-51.088	-27.9
22.19	-7.652	-51.139	-37.6
22.2	-7.659	-51.141	-21.2
22.21	-7.665	-51.133	-19.5
22.22	-7.672	-51.008	-15.4
22.23	-7.679	-50.480	-3.5
22.24	-7.686	-49.475	-15.1
22.25	-7.693	-48.302	-32.9
22.26	-7.700	-47.152	-49.1
22.27	-7.706	-45.981	-55.0
22.28	-7.711	-44.747	-46.5
22.29	-7.716	-43.461	-38.8
22.3	-7.721	-42.045	-47.2
22.31	-7.726	-40.445	-50.6
22.32	-7.734	-38.783	-10.9
22.33	-7.742	-37.177	-74.0
22.34	-7.745	-35.681	86.3
22.35	-7.741	-34.267	262.6
22.36	-7.736	-32.692	300.2
22.37	-7.733	-30.717	207.5
22.38	-7.735	-28.634	-81.2
22.39	-7.743	-27.081	-61.3
22.4	-7.754	-26.314	-36.8
22.41	-7.766	-26.061	-50.6
22.42	-7.771	-25.848	-32.5
22.43	-7.769	-25.523	-54.1
22.44	-7.759	-25.434	-28.3
22.45	-7.749	-25.909	-32.7
22.46	-7.741	-26.872	-26.0
22.47	-7.736	-27.980	-16.8
22.48	-7.730	-28.556	-11.7
22.49	-7.726	-26.764	-4.4
22.5	-7.723	-18.125	2.5
22.51	-7.721	3.177	26.5
22.52	-7.719	30.814	36.5
22.53	-7.719	47.434	52.5
22.54	-7.721	51.000	85.0
22.55	-7.723	51.128	109.9
22.56	-7.728	51.139	145.6
22.57	-7.732	51.139	164.2
22.58	-7.738	51.139	171.1
22.59	-7.743	51.139	173.6
22.6	-7.748	51.139	147.2
22.61	-7.753	51.134	99.1
22.62	-7.758	51.052	49.8
22.63	-7.764	48.877	4.6
22.64	-7.769	38.738	-29.4
22.65	-7.774	19.359	-48.0
22.66	-7.779	-2.494	-52.5
22.67	-7.787	-22.148	-70.9
22.68	-7.796	-38.087	-77.3
22.69	-7.805	-47.691	-72.9
22.7	-7.811	-50.814	-74.9
22.71	-7.817	-51.134	-69.8
22.72	-7.821	-51.141	-64.8
22.73	-7.826	-51.141	-69.2
22.74	-7.829	-51.141	-66.5
22.75	-7.830	-51.141	-64.0
22.76	-7.830	-51.141	-50.6
22.77	-7.831	-51.141	-58.0
22.78	-7.833	-51.141	-58.5
22.79	-7.839	-51.141	-57.1
22.8	-7.847	-51.133	-49.0
22.81	-7.857	-50.731	-45.0
22.82	-7.868	-47.289	-57.0
22.83	-7.879	-37.823	-56.2
22.84	-7.891	-24.239	-52.4
22.85	-7.902	-10.455	-50.3
22.86	-7.913	1.816	-50.1
22.87	-7.923	11.633	-54.2
22.88	-7.934	18.228	-44.8
22.89	-7.946	21.283	-38.6
22.9	-7.959	20.877	-51.5
22.91	-7.974	17.389	-51.2
22.92	-7.989	11.498	-41.7
22.93	-8.005	4.050	-40.7
22.94	-8.023	-4.133	-52.2
22.95	-8.041	-12.416	-48.7
22.96	-8.061	-20.472	-33.8
22.97	-8.081	-28.048	-47.2
22.98	-8.100	-34.819	-40.4
22.99	-8.119	-40.466	-53.5
23.0	-8.139	-44.847	-48.2
23.01	-8.160	-48.103	-28.6
23.02	-8.181	-50.175	-43.3
23.03	-8.202	-50.997	-43.2
23.04	-8.224	-51.136	-35.0
23.05	-8.246	-51.141	-20.7
23.06	-8.266	-51.141	-22.8
23.07	-8.286	-51.094	-11.9
23.08	-8.306	-50.767	-3.0
23.09	-8.326	-49.894	-13.5
23.1	-8.345	-48.577	-0.3
23.11	-8.365	-47.092	-18.3
23.12	-8.384	-45.548	-42.4
23.13	-8.401	-44.031	-44.1
23.14	-8.418	-42.466	-48.4
23.15	-8.434	-40.758	-50.2
23.16	-8.449	-39.077	-24.5
23.17	-8.464	-37.548	-59.0
23.18	-8.482	-36.097	-13.0
23.19	-8.502	-34.698	-24.5
23.2	-8.521	-33.344	-42.4
23.21	-8.534	-31.952	182.4
23.22	-8.542	-30.414	257.2
23.23	-8.549	-28.661	240.2
23.24	-8.562	-26.898	28.8
23.25	-8.576	-25.713	-107.2
23.26	-8.592	-25.431	-6.5
23.27	-8.611	-25.575	-39.8
23.28	-8.630	-25.667	-26.0
23.29	-8.644	-25.802	-21.8
23.3	-8.652	-26.016	-42.0
23.31	-8.656	-26.314	-25.2
23.32	-8.659	-27.023	-19.8
23.33	-8.661	-28.222	-9.1
23.34	-8.662	-29.484	-5.6
23.35	-8.665	-30.158	8.1
23.36	-8.669	-28.636	13.2
23.37	-8.675	-20.892	14.9
23.38	-8.683	-0.986	40.4
23.39	-8.691	27.073	44.6
23.4	-8.699	46.020	71.3
23.41	-8.709	50.900	94.5
23.42	-8.718	51.127	127.4
23.43	-8.728	51.139	155.9
23.44	-8.736	51.139	147.0
23.45	-8.744	51.139	159.0
23.46	-8.752	51.139	164.5
23.47	-8.761	51.139	120.4
23.48	-8.770	51.134	81.0
23.49	-8.779	51.038	33.9
23.5	-8.789	48.611	-5.5
23.51	-8.800	37.592	-24.5
23.52	-8.812	16.700	-52.0
23.53	-8.826	-6.961	-61.5
23.54	-8.842	-28.067	-53.3
23.55	-8.859	-43.238	-60.8
23.56	-8.874	-49.913	-63.7
23.57	-8.888	-51.102	-55.8
23.58	-8.902	-51.138	-58.7
23.59	-8.917	-51.141	-54.6
23.6	-8.931	-51.141	-55.4
23.61	-8.944	-51.141	-56.8
23.62	-8.958	-51.141	-60.2
23.63	-8.972	-51.141	-50.1
23.64	-8.987	-51.141	-51.4
23.65	-9.003	-51.141	-56.4
23.66	-9.021	-51.136	-44.2
23.67	-9.038	-51.048	-46.8
23.68	-9.055	-49.152	-39.6
23.69	-9.071	-41.175	-41.0
23.7	-9.086	-26.408	-40.6
23.71	-9.101	-9.453	-39.7
23.72	-9.113	6.122	-43.1
23.73	-9.126	18.919	-42.0
23.74	-9.137	28.122	-45.4
23.75	-9.148	33.250	-42.9
23.76	-9.162	34.183	-37.8
23.77	-9.178	31.222	-52.6
23.78	-9.196	24.972	-43.1
23.79	-9.213	16.270	-42.8
23.8	-9.232	6.117	-45.0
23.81	-9.252	-4.520	-40.4
23.82	-9.272	-14.823	-52.4
23.83	-9.291	-24.208	-50.4
23.84	-9.312	-32.384	-40.2
23.85	-9.334	-39.316	-34.0
23.86	-9.358	-44.938	-39.9
23.87	-9.383	-48.848	-39.2
23.88	-9.409	-50.706	-33.1
23.89	-9.434	-51.122	-34.1
23.9	-9.461	-51.139	-27.7
23.91	-9.489	-51.141	-15.2
23.92	-9.519	-51.141	-1.5
23.93	-9.550	-51.138	-13.2
23.94	-9.578	-51.045	-5.3
23.95	-9.604	-50.506	-6.2
23.96	-9.629	-49.298	-37.8
23.97	-9.656	-47.678	-47.8
23.98	-9.682	-45.913	-37.5
23.99	-9.708	-44.180	-38.3
24.0	-9.735	-42.619	-22.0
24.01	-9.762	-41.183	-43.4
24.02	-9.790	-39.667	-34.2
24.03	-9.820	-37.909	8.6
24.04	-9.850	-35.866	-73.0
24.05	-9.874	-33.572	89.9
24.06	-9.889	-31.131	235.9
24.07	-9.902	-28.684	209.1
24.08	-9.919	-26.469	112.6
24.09	-9.943	-24.855	-81.7
24.1	-9.971	-24.117	-29.6
24.11	-10.001	-24.039	-14.1
24.12	-10.026	-24.073	-42.2
24.13	-10.044	-24.025	-20.8
24.14	-10.051	-24.128	-27.8
24.15	-10.051	-24.538	-11.8
24.16	-10.045	-25.263	-4.1
24.17	-10.037	-26.466	-5.4
24.18	-10.027	-28.267	2.4
24.19	-10.014	-30.298	-3.7
24.2	-10.001	-31.697	10.8
24.21	-9.988	-30.719	24.5
24.22	-9.976	-23.295	24.9
24.23	-9.964	-3.316	54.1
24.24	-9.952	25.506	65.9
24.25	-9.941	45.508	85.1
24.26	-9.931	50.861	112.8
24.27	-9.921	51.123	141.5
24.28	-9.911	51.139	150.2
24.29	-9.901	51.139	161.9
24.3	-9.893	51.139	163.2
24.31	-9.884	51.139	132.6
24.32	-9.876	51.139	95.2
24.33	-9.867	51.122	35.1
24.34	-9.859	50.631	14.4
24.35	-9.849	45.256	-8.4
24.36	-9.843	28.825	-41.7
24.37	-9.844	4.469	-53.5
24.38	-9.851	-19.584	-55.5
24.39	-9.859	-38.475	-61.8
24.4	-9.863	-48.513	-55.5
24.41	-9.866	-51.008	-58.0
24.42	-9.869	-51.134	-52.4
24.43	-9.871	-51.141	-50.6
24.44	-9.869	-51.141	-66.1
24.45	-9.867	-51.141	-45.0
24.46	-9.864	-51.141	-45.4
24.47	-9.860	-51.141	-53.5
24.48	-9.857	-51.141	-26.1
24.49	-9.856	-51.141	-42.9
24.5	-9.856	-51.141	-43.6
24.51	-9.855	-51.130	-37.4
24.52	-9.853	-50.727	-36.3
24.53	-9.849	-46.647	-39.0
24.54	-9.844	-34.386	-28.0
24.55	-9.834	-15.636	-22.8
24.56	-9.819	4.188	-34.3
24.57	-9.798	21.997	-37.3
24.58	-9.772	35.984	-39.9
24.59	-9.742	44.741	-35.5
24.6	-9.713	47.709	-33.1
24.61	-9.686	45.378	-34.3
24.62	-9.662	38.827	-38.1
24.63	-9.640	29.273	-39.5
24.64	-9.618	18.002	-37.6
24.65	-9.595	6.041	-28.2
24.66	-9.574	-6.014	-45.4
24.67	-9.556	-17.648	-34.3
24.68	-9.541	-28.295	-34.1
24.69	-9.529	-37.580	-38.8
24.7	-9.521	-45.006	-20.1
24.71	-9.516	-49.483	-13.8
24.72	-9.510	-50.973	0.2
24.73	-9.504	-51.138	-9.8
24.74	-9.496	-51.141	-7.7
24.75	-9.485	-51.141	4.2
24.76	-9.474	-51.141	-2.5
24.77	-9.463	-51.141	-35.8
24.78	-9.453	-51.141	-50.0
24.79	-9.443	-51.131	-40.2
24.8	-9.433	-50.930	-37.6
24.81	-9.422	-50.013	-28.0
24.82	-9.411	-48.227	-46.0
24.83	-9.398	-45.953	-20.3
24.84	-9.387	-43.281	3.0
24.85	-9.375	-40.228	-34.0
24.86	-9.357	-37.030	129.2
24.87	-9.334	-33.858	204.0
24.88	-9.311	-30.711	165.8
24.89	-9.293	-27.783	58.6
24.9	-9.284	-25.600	-87.4
24.91	-9.279	-24.494	-35.4
24.92	-9.273	-24.239	-24.9
24.93	-9.261	-24.281	-25.3
24.94	-9.242	-24.305	-5.0
24.95	-9.214	-24.395	-19.7
24.96	-9.178	-24.722	-30.6
24.97	-9.141	-25.406	-6.7
24.98	-9.105	-26.642	2.3
24.99	-9.071	-28.580	-9.5
25.0	-9.037	-30.786	7.9
25.01	-9.005	-32.013	3.1
25.02	-8.975	-30.286	29.9
25.03	-8.947	-21.813	40.7
25.04	-8.921	-1.048	42.7
25.05	-8.896	27.375	85.0
25.06	-8.872	46.163	86.7
25.07	-8.850	50.911	108.2
25.08	-8.830	51.127	150.6
25.09	-8.811	51.139	156.8
25.1	-8.790	51.139	146.3
25.11	-8.769	51.139	155.5
25.12	-8.748	51.139	140.1
25.13	-8.727	51.139	79.4
25.14	-8.705	51.122	26.1
25.15	-8.683	50.342	-5.9
25.16	-8.663	43.575	-34.3
25.17	-8.646	25.325	-50.3
25.18	-8.633	0.175	-64.0
25.19	-8.621	-23.822	-60.6
25.2	-8.606	-41.486	-57.7
25.21	-8.589	-49.542	-64.9
25.22	-8.572	-51.084	-52.9
25.23	-8.554	-51.138	-64.9
25.24	-8.535	-51.141	-70.8
25.25	-8.514	-51.141	-65.7
25.26	-8.494	-51.141	-56.3
25.27	-8.475	-51.141	-60.5
25.28	-8.455	-51.141	-57.0
25.29	-8.436	-51.141	-46.2
25.3	-8.418	-51.141	-48.4
25.31	-8.401	-51.141	-56.8
25.32	-8.386	-51.131	-46.4
25.33	-8.372	-50.698	-28.7
25.34	-8.359	-46.614	-52.1
25.35	-8.344	-34.766	-56.8
25.36	-8.328	-17.256	-39.2
25.37	-8.313	0.492	-40.3
25.38	-8.297	15.738	-56.1
25.39	-8.284	27.223	-59.3
25.4	-8.269	34.259	-49.4
25.41	-8.255	36.783	-44.7
25.42	-8.241	35.152	-50.7
25.43	-8.226	29.958	-51.0
25.44	-8.210	21.994	-53.8
25.45	-8.194	12.219	-52.6
25.46	-8.180	1.581	-50.2
25.47	-8.166	-9.155	-57.9
25.48	-8.152	-19.411	-52.2
25.49	-8.139	-28.772	-51.1
25.5	-8.127	-37.025	-48.6
25.51	-8.116	-43.956	-39.9
25.52	-8.104	-48.742	-42.1
25.53	-8.092	-50.772	-53.3
25.54	-8.079	-51.128	-38.2
25.55	-8.066	-51.141	-40.4
25.56	-8.054	-51.141	-39.2
25.57	-8.042	-51.141	-33.6
25.58	-8.031	-51.141	-46.2
25.59	-8.019	-51.141	-17.9
25.6	-8.009	-51.139	-6.2
25.61	-7.999	-51.117	-21.8
25.62	-7.991	-50.853	-15.5
25.63	-7.981	-49.908	-7.9
25.64	-7.972	-48.277	-33.7
25.65	-7.962	-46.403	-56.3
25.66	-7.949	-44.461	-56.3
25.67	-7.936	-42.472	-47.7
25.68	-7.921	-40.517	-51.4
25.69	-7.906	-38.664	-56.3
25.7	-7.893	-36.986	-50.5
25.71	-7.883	-35.466	-5.2
25.72	-7.876	-34.014	-71.1
25.73	-7.865	-32.602	20.7
25.74	-7.847	-31.119	192.3
25.75	-7.828	-29.416	192.0
25.76	-7.815	-27.705	198.1
25.77	-7.808	-26.434	-19.8
25.78	-7.805	-25.866	-91.3
25.79	-7.806	-25.995	-34.5
25.8	-7.805	-26.488	-53.9
25.81	-7.799	-26.841	-38.8
25.82	-7.788	-26.828	-47.4
25.83	-7.774	-26.678	-46.8
25.84	-7.759	-26.747	-48.0
25.85	-7.745	-27.188	-47.4
25.86	-7.730	-27.909	-25.9
25.87	-7.716	-28.336	-18.2
25.88	-7.704	-26.680	-17.1
25.89	-7.696	-18.606	-4.8
25.9	-7.690	2.045	8.3
25.91	-7.686	29.827	22.5
25.92	-7.683	47.100	27.1
25.93	-7.679	50.980	51.6
25.94	-7.677	51.128	75.6
25.95	-7.676	51.139	102.9
25.96	-7.676	51.139	124.9
25.97	-7.676	51.139	127.3
25.98	-7.676	51.139	143.3
25.99	-7.676	51.139	128.8
26.0	-7.676	51.138	91.9
26.01	-7.675	51.123	59.3
26.02	-7.675	50.375	23.1
26.03	-7.676	44.109	-20.3
26.04	-7.676	27.448	-49.9
26.05	-7.675	4.633	-51.6
26.06	-7.674	-17.297	-64.5
26.07	-7.675	-35.423	-78.7
26.08	-7.676	-46.770	-66.1
26.09	-7.677	-50.686	-63.6
26.1	-7.677	-51.133	-70.2
26.11	-7.678	-51.141	-62.2
26.12	-7.679	-51.141	-53.7
26.13	-7.681	-51.141	-59.1
26.14	-7.681	-51.141	-68.8
26.15	-7.681	-51.141	-60.1
26.16	-7.680	-51.141	-58.8
26.17	-7.681	-51.141	-56.4
26.18	-7.681	-51.141	-60.2
26.19	-7.682	-51.139	-56.4
26.2	-7.683	-51.133	-50.8
26.21	-7.685	-50.677	-41.1
26.22	-7.687	-47.102	-48.8
26.23	-7.687	-37.720	-65.5
26.24	-7.686	-24.567	-48.9
26.25	-7.684	-11.334	-51.0
26.26	-7.682	0.414	-58.6
26.27	-7.681	9.864	-49.8
26.28	-7.680	16.219	-45.0
26.29	-7.679	18.945	-51.9
26.3	-7.678	18.003	-53.8
26.31	-7.678	13.845	-40.4
26.32	-7.678	7.238	-35.5
26.33	-7.678	-0.845	-48.4
26.34	-7.676	-9.463	-41.9
26.35	-7.674	-18.047	-42.8
26.36	-7.671	-26.302	-54.4
26.37	-7.668	-33.991	-53.8
26.38	-7.665	-40.878	-46.3
26.39	-7.664	-46.480	-47.1
26.4	-7.666	-49.886	-48.3
26.41	-7.666	-51.016	-43.3
26.42	-7.666	-51.139	-43.7
26.43	-7.666	-51.141	-36.0
26.44	-7.666	-51.141	-38.4
26.45	-7.664	-51.141	-42.0
26.46	-7.663	-51.141	-25.6
26.47	-7.662	-51.141	-36.5
26.48	-7.663	-51.139	-30.3
26.49	-7.663	-51.072	-13.1
26.5	-7.664	-50.708	-18.1
26.51	-7.665	-49.883	-6.4
26.52	-7.666	-48.717	-8.5
26.53	-7.665	-47.356	-27.7
26.54	-7.664	-45.831	-34.1
26.55	-7.663	-44.147	-45.3
26.56	-7.662	-42.303	-48.8
26.57	-7.661	-40.513	-47.5
26.58	-7.660	-39.022	-43.8
26.59	-7.659	-37.744	-49.6
26.6	-7.659	-36.469	-0.9
26.61	-7.661	-35.152	-53.8
26.62	-7.661	-33.736	-14.6
26.63	-7.658	-32.070	233.8
26.64	-7.652	-30.033	298.0
26.65	-7.649	-27.608	307.4
26.66	-7.647	-25.192	51.3
26.67	-7.646	-23.652	-95.0
26.68	-7.649	-23.419	-21.6
26.69	-7.652	-23.909	-54.8
26.7	-7.654	-24.327	-40.6
26.71	-7.653	-24.323	-40.0
26.72	-7.653	-24.003	-39.5
26.73	-7.656	-23.814	-42.4
26.74	-7.664	-24.142	-21.1
26.75	-7.674	-24.966	-21.5
26.76	-7.686	-25.766	-26.7
26.77	-7.703	-25.017	1.7
26.78	-7.724	-19.003	-1.5
26.79	-7.748	-1.586	3.3
26.8	-7.775	25.291	32.5
26.81	-7.803	45.138	43.7
26.82	-7.832	50.823	64.7
26.83	-7.864	51.122	89.9
26.84	-7.899	51.139	116.0
26.85	-7.939	51.139	151.1
26.86	-7.980	51.139	174.0
26.87	-8.021	51.139	166.0
26.88	-8.058	51.139	155.9
26.89	-8.091	51.139	138.9
26.9	-8.124	51.125	83.4
26.91	-8.159	50.841	31.1
26.92	-8.196	46.845	-13.4
26.93	-8.232	33.302	-44.3
26.94	-8.269	11.559	-55.5
26.95	-8.304	-11.644	-66.6
26.96	-8.341	-32.092	-77.8
26.97	-8.374	-45.581	-72.4
26.98	-8.404	-50.516	-57.7
26.99	-8.432	-51.130	-69.3
27.0	-8.462	-51.139	-75.9
27.01	-8.496	-51.141	-59.2
27.02	-8.531	-51.141	-68.1
27.03	-8.568	-51.141	-59.2
27.04	-8.604	-51.141	-46.6
27.05	-8.643	-51.141	-60.2
27.06	-8.681	-51.141	-58.8
27.07	-8.720	-51.141	-51.4
27.08	-8.758	-51.139	-54.8
27.09	-8.796	-51.128	-56.1
27.1	-8.833	-50.514	-49.7
27.11	-8.868	-45.572	-38.6
27.12	-8.899	-32.516	-49.0
27.13	-8.924	-13.744	-57.2
27.14	-8.946	6.356	-44.0
27.15	-8.965	25.094	-49.8
27.16	-8.979	39.563	-53.6
27.17	-8.991	47.752	-37.4
27.18	-8.999	49.947	-46.0
27.19	-9.006	47.147	-44.0
27.2	-9.010	40.038	-33.7
27.21	-9.013	29.489	-43.6
27.22	-9.012	16.588	-34.1
27.23	-9.009	3.163	-39.1
27.24	-9.004	-9.244	-35.8
27.25	-9.004	-20.348	-32.1
27.26	-9.007	-30.420	-39.5
27.27	-9.012	-39.236	-36.4
27.28	-9.018	-45.916	-39.0
27.29	-9.026	-49.720	-29.2
27.3	-9.031	-50.989	-25.2
27.31	-9.036	-51.138	-17.8
27.32	-9.040	-51.141	-27.3
27.33	-9.044	-51.141	-24.1
27.34	-9.047	-51.141	3.2
27.35	-9.050	-51.141	-5.5
27.36	-9.053	-51.141	-8.7
27.37	-9.055	-51.141	-15.0
27.38	-9.057	-51.139	-35.1
27.39	-9.059	-51.103	-50.5
27.4	-9.061	-50.644	-52.3
27.41	-9.065	-49.106	-48.3
27.42	-9.068	-46.761	-29.7
27.43	-9.071	-44.536	-42.9
27.44	-9.074	-42.650	-27.0
27.45	-9.081	-40.803	-11.9
27.46	-9.090	-38.630	-60.2
27.47	-9.099	-36.111	138.7
27.48	-9.115	-33.534	234.9
27.49	-9.146	-31.113	220.4
27.5	-9.191	-28.756	80.8
27.51	-9.239	-26.436	-105.3
27.52	-9.291	-25.400	-26.4
27.53	-9.343	-26.209	-20.8
27.54	-9.393	-26.936	-43.8
27.55	-9.435	-26.206	-21.0
27.56	-9.466	-24.942	-39.7
27.57	-9.490	-24.488	-38.6
27.58	-9.514	-24.878	12.7
27.59	-9.539	-26.139	-6.7
27.6	-9.566	-29.473	-26.2
27.61	-9.596	-35.022	2.5
27.62	-9.632	-40.975	23.0
27.63	-9.674	-45.355	40.1
27.64	-9.723	-45.589	49.3
27.65	-9.779	-36.520	47.3
27.66	-9.841	-12.255	69.8
27.67	-9.909	21.425	98.5
27.68	-9.982	44.522	115.4
27.69	-10.057	50.803	144.6
27.7	-10.135	51.120	163.6
27.71	-10.209	51.139	169.7
27.72	-10.278	51.139	164.9
27.73	-10.342	51.139	137.6
27.74	-10.401	51.139	90.9
27.75	-10.446	51.139	44.9
27.76	-10.474	51.131	12.7
27.77	-10.486	50.988	-23.3
27.78	-10.478	48.002	-31.3
27.79	-10.451	36.184	-39.3
27.8	-10.412	16.167	-63.0
27.81	-10.376	-3.692	-47.7
27.82	-10.351	-19.705	-40.1
27.83	-10.333	-33.888	-48.9
27.84	-10.321	-45.109	-46.5
27.85	-10.315	-50.222	-41.3
27.86	-10.309	-51.113	-55.3
27.87	-10.301	-51.139	-50.8
27.88	-10.288	-51.141	-35.3
27.89	-10.271	-51.141	-54.7
27.9	-10.250	-51.141	-53.4
27.91	-10.230	-51.141	-32.7
27.92	-10.214	-51.141	-48.7
27.93	-10.206	-51.141	-37.9
27.94	-10.204	-51.141	-29.8
27.95	-10.206	-51.136	-48.8
27.96	-10.211	-51.050	-42.2
27.97	-10.215	-49.348	-27.0
27.98	-10.219	-42.730	-29.8
27.99	-10.226	-31.020	-32.6
28.0	-10.234	-17.581	-41.8
28.01	-10.245	-4.595	-50.1
28.02	-10.259	6.884	-42.6
28.03	-10.274	15.555	-28.1
28.04	-10.291	20.242	-42.5
28.05	-10.306	20.591	-40.7
28.06	-10.321	17.106	-35.2
28.07	-10.334	10.820	-58.4
28.08	-10.344	2.858	-37.0
28.09	-10.354	-5.820	-25.1
28.1	-10.363	-14.397	-36.7
28.11	-10.373	-22.286	-6.3
28.12	-10.385	-29.261	-23.2
28.13	-10.398	-35.389	-24.6
28.14	-10.413	-40.652	8.5
28.15	-10.428	-44.794	-22.3
28.16	-10.442	-47.684	-34.3
28.17	-10.452	-49.481	-43.3
28.18	-10.459	-50.492	-31.9
28.19	-10.463	-50.966	-47.5
28.2	-10.465	-51.114	-39.3
28.21	-10.465	-51.131	-40.7
28.22	-10.468	-51.122	-40.3
28.23	-10.474	-50.945	-13.0
28.24	-10.476	-50.469	-51.6
28.25	-10.472	-49.847	118.0
28.26	-10.461	-49.130	195.1
28.27	-10.447	-48.269	194.4
28.28	-10.439	-47.302	71.3
28.29	-10.440	-46.339	-85.3
28.3	-10.448	-45.484	-32.9
28.31	-10.457	-44.730	-42.9
28.32	-10.464	-44.075	-30.3
28.33	-10.463	-43.419	-26.5
28.34	-10.452	-42.689	-39.4
28.35	-10.434	-41.970	-32.5
28.36	-10.416	-41.300	-23.4
28.37	-10.398	-40.728	-12.8
28.38	-10.379	-40.300	-12.5
28.39	-10.363	-39.745	-13.8
28.4	-10.351	-38.148	-14.1
28.41	-10.340	-33.452	2.8
28.42	-10.332	-21.427	32.0
28.43	-10.327	2.648	47.7
28.44	-10.324	31.278	52.3
28.45	-10.323	47.663	54.7
28.46	-10.321	51.016	80.1
28.47	-10.318	51.128	100.6
28.48	-10.311	51.139	123.3
28.49	-10.302	51.139	145.7
28.5	-10.290	51.139	119.1
28.51	-10.274	51.139	107.7
28.52	-10.251	51.139	72.8
28.53	-10.224	51.131	10.3
28.54	-10.194	50.969	-5.1
28.55	-10.164	47.670	-29.5
28.56	-10.131	34.636	-49.0
28.57	-10.095	11.995	-51.5
28.58	-10.054	-12.502	-46.2
28.59	-10.001	-33.419	-53.5
28.6	-9.935	-46.436	-58.5
28.61	-9.859	-50.703	-47.3
28.62	-9.782	-51.131	-58.4
28.63	-9.710	-51.141	-49.1
28.64	-9.646	-51.141	-43.0
28.65	-9.595	-51.141	-56.7
28.66	-9.555	-51.141	-42.9
28.67	-9.526	-51.141	-52.4
28.68	-9.506	-51.141	-59.2
28.69	-9.494	-51.141	-41.0
28.7	-9.490	-51.141	-45.2
28.71	-9.493	-51.141	-40.4
28.72	-9.501	-51.141	-51.5
28.73	-9.508	-51.128	-51.7
28.74	-9.514	-50.600	-34.9
28.75	-9.519	-45.828	-46.2
28.76	-9.524	-32.620	-53.0
28.77	-9.532	-13.916	-63.8
28.78	-9.548	4.633	-45.0
28.79	-9.574	20.891	-41.3
28.8	-9.603	33.714	-60.4
28.81	-9.633	41.572	-41.1
28.82	-9.659	43.964	-48.5
28.83	-9.683	41.786	-45.3
28.84	-9.707	36.120	-37.1
28.85	-9.731	27.947	-57.1
28.86	-9.757	18.472	-47.9
28.87	-9.781	8.808	-50.3
28.88	-9.800	-0.786	-61.1
28.89	-9.816	-10.403	-39.3
28.9	-9.829	-19.539	-33.2
28.91	-9.844	-27.386	-58.3
28.92	-9.856	-33.552	-25.5
28.93	-9.867	-38.228	4.6
28.94	-9.877	-41.784	-21.7
28.95	-9.886	-44.659	-25.3
28.96	-9.896	-47.155	-31.9
28.97	-9.909	-49.061	-58.6
28.98	-9.927	-50.198	-40.7
28.99	-9.945	-50.800	-51.0
29.0	-9.961	-51.006	-56.0
29.01	-9.976	-50.655	-43.0
29.02	-9.994	-49.631	-27.2
29.03	-10.012	-48.083	-6.9
29.04	-10.024	-46.369	-63.9
29.05	-10.025	-44.927	124.9
29.06	-10.021	-43.828	252.8
29.07	-10.021	-42.716	278.9
29.08	-10.032	-41.473	140.8
29.09	-10.051	-40.394	-93.3
29.1	-10.073	-39.653	-33.2
29.11	-10.090	-39.152	-34.1
29.12	-10.100	-38.775	-31.6
29.13	-10.098	-38.584	-33.9
29.14	-10.083	-38.670	-42.7
29.15	-10.051	-38.909	-30.6
29.16	-10.006	-39.209	-17.3
29.17	-9.950	-39.573	-1.5
29.18	-9.890	-39.778	-27.5
29.19	-9.832	-39.442	-0.1
29.2	-9.782	-37.839	14.9
29.21	-9.736	-32.605	16.8
29.22	-9.695	-18.238	26.5
29.23	-9.659	8.967	35.0
29.24	-9.627	36.684	54.3
29.25	-9.599	49.344	71.5
29.26	-9.573	51.102	109.2
29.27	-9.546	51.134	125.4
29.28	-9.516	51.139	143.3
29.29	-9.482	51.139	155.4
29.3	-9.446	51.139	135.2
29.31	-9.408	51.139	130.8
29.32	-9.369	51.136	76.6
29.33	-9.329	51.122	34.5
29.34	-9.287	50.033	15.3
29.35	-9.244	42.161	-35.9
29.36	-9.199	23.091	-38.4
29.37	-9.154	-1.575	-45.6
29.38	-9.111	-24.639	-61.4
29.39	-9.068	-41.716	-44.8
29.4	-9.024	-49.577	-61.7
29.41	-8.981	-51.086	-68.9
29.42	-8.939	-51.138	-47.3
29.43	-8.898	-51.141	-57.2
29.44	-8.857	-51.141	-55.7
29.45	-8.818	-51.141	-50.1
29.46	-8.781	-51.141	-59.7
29.47	-8.743	-51.141	-45.3
29.48	-8.705	-51.141	-36.2
29.49	-8.668	-51.141	-50.7
29.5	-8.633	-51.141	-48.5
29.51	-8.598	-51.141	-38.3
29.52	-8.563	-51.131	-51.5
29.53	-8.527	-50.830	-54.8
29.54	-8.491	-47.705	-35.7
29.55	-8.456	-38.200	-34.8
29.56	-8.422	-23.739	-64.3
29.57	-8.389	-8.664	-37.6
29.58	-8.356	4.933	-33.5
29.59	-8.323	16.141	-49.9
29.6	-8.292	24.300	-39.5
29.61	-8.262	28.686	-45.6
29.62	-8.232	28.645	-49.3
29.63	-8.202	24.328	-47.7
29.64	-8.169	16.869	-35.6
29.65	-8.135	7.842	-30.8
29.66	-8.103	-1.714	-31.9
29.67	-8.072	-11.348	-8.3
29.68	-8.043	-20.608	-3.3
29.69	-8.018	-29.066	-1.9
29.7	-7.996	-36.614	-13.9
29.71	-7.975	-43.473	-48.2
29.72	-7.956	-48.647	-50.6
29.73	-7.938	-50.825	-51.7
29.74	-7.919	-51.136	-50.3
29.75	-7.901	-51.139	-31.0
29.76	-7.884	-51.141	-50.3
29.77	-7.869	-51.141	-25.7
29.78	-7.856	-51.141	-23.7
29.79	-7.844	-51.141	-52.6
29.8	-7.830	-51.141	159.9
29.81	-7.813	-51.139	289.3
29.82	-7.796	-51.039	288.1
29.83	-7.784	-50.175	79.7
29.84	-7.775	-47.913	-97.0
29.85	-7.768	-45.063	-24.7
29.86	-7.763	-42.697	-57.1
29.87	-7.756	-40.767	-38.0
29.88	-7.745	-39.041	-31.8
29.89	-7.729	-37.544	-51.6
29.9	-7.713	-36.217	-25.8
29.91	-7.699	-35.123	-26.5
29.92	-7.684	-34.375	-31.2
29.93	-7.671	-33.939	-23.9
29.94	-7.657	-33.528	-8.5
29.95	-7.643	-31.783	9.0
29.96	-7.628	-25.166	-5.4
29.97	-7.616	-7.783	25.9
29.98	-7.606	20.155	39.3
29.99	-7.594	42.919	61.5
30.0	-7.584	50.536	87.4
30.01	-7.575	51.109	97.0
30.02	-7.565	51.139	149.2
30.03	-7.553	51.139	174.5
30.04	-7.539	51.139	163.6
30.05	-7.527	51.139	142.9
30.06	-7.516	51.139	116.7
30.07	-7.505	51.133	70.4
30.08	-7.493	51.014	24.9
30.09	-7.482	48.136	-10.1
30.1	-7.471	35.328	-51.3
30.11	-7.459	11.509	-36.6
30.12	-7.449	-14.816	-56.8
30.13	-7.440	-36.202	-79.5
30.14	-7.431	-47.927	-56.9
30.15	-7.424	-50.966	-71.2
30.16	-7.416	-51.133	-72.4
30.17	-7.407	-51.141	-64.2
30.18	-7.397	-51.141	-64.6
30.19	-7.388	-51.141	-59.0
30.2	-7.379	-51.141	-64.1
30.21	-7.371	-51.141	-68.3
30.22	-7.362	-51.141	-44.8
30.23	-7.355	-51.141	-46.7
30.24	-7.348	-51.141	-54.4
30.25	-7.342	-51.141	-55.3
30.26	-7.336	-51.138	-51.8
30.27	-7.330	-51.092	-41.0
30.28	-7.325	-49.791	-58.9
30.29	-7.321	-43.219	-52.5
30.3	-7.316	-29.802	-62.8
30.31	-7.308	-13.753	-59.5
30.32	-7.301	1.058	-49.5
30.33	-7.295	13.092	-62.0
30.34	-7.289	21.384	-52.6
30.35	-7.284	25.542	-54.4
30.36	-7.281	25.886	-58.3
30.37	-7.280	22.792	-50.4
30.38	-7.279	16.477	-48.8
30.39	-7.277	7.831	-54.5
30.4	-7.275	-1.808	-54.5
30.41	-7.273	-11.445	-33.9
30.42	-7.271	-20.683	-24.5
30.43	-7.271	-29.397	-14.8
30.44	-7.271	-37.272	-32.3
30.45	-7.269	-43.898	-75.0
30.46	-7.268	-48.577	-60.0
30.47	-7.265	-50.700	-41.6
30.48	-7.263	-51.123	-70.6
30.49	-7.259	-51.139	-45.0
30.5	-7.254	-51.141	-66.0
30.51	-7.251	-51.141	-56.3
30.52	-7.249	-51.141	-19.4
30.53	-7.249	-51.141	-68.6
30.54	-7.246	-51.130	153.0
30.55	-7.237	-50.909	301.3
30.56	-7.229	-49.980	283.7
30.57	-7.227	-48.258	115.3
30.58	-7.226	-46.405	-108.1
30.59	-7.225	-45.119	-55.5
30.6	-7.226	-44.547	-47.1
30.61	-7.226	-44.298	-57.1
30.62	-7.223	-43.883	-55.3
30.63	-7.216	-43.072	-49.8
30.64	-7.208	-42.013	-38.9
30.65	-7.201	-41.105	-39.2
30.66	-7.194	-40.584	-34.2
30.67	-7.187	-40.325	-16.0
30.68	-7.181	-39.819	-8.2
30.69	-7.174	-37.477	-14.5
30.7	-7.168	-29.169	6.5
30.71	-7.162	-8.359	23.9
30.72	-7.157	22.239	35.8
30.73	-7.154	44.442	60.5
30.74	-7.152	50.786	85.6
30.75	-7.150	51.120	110.3
30.76	-7.149	51.139	134.5
30.77	-7.149	51.139	164.1
30.78	-7.151	51.139	167.4
30.79	-7.152	51.139	153.2
30.8	-7.154	51.139	128.5
30.81	-7.156	51.133	79.8
30.82	-7.156	51.009	20.1
30.83	-7.157	48.045	-20.8
30.84	-7.157	35.055	-30.3
30.85	-7.159	11.970	-75.2
30.86	-7.163	-11.959	-87.4
30.87	-7.168	-31.972	-70.0
30.88	-7.171	-45.436	-78.5
30.89	-7.174	-50.498	-79.5
30.9	-7.177	-51.130	-88.5
30.91	-7.180	-51.139	-68.7
30.92	-7.184	-51.141	-62.3
30.93	-7.188	-51.141	-71.5
30.94	-7.191	-51.141	-73.3
30.95	-7.193	-51.141	-70.9
30.96	-7.196	-51.141	-71.4
30.97	-7.199	-51.141	-68.6
30.98	-7.203	-51.141	-64.3
30.99	-7.207	-51.141	-63.3
