Interval=	0.01 s
ExcelDateTime=	3.9773403000945640e+004	21/11/2008 9:40:19.281703
TimeFormat=	StartOfBlock
ChannelTitle=	Channel 1	Channel 2	Channel 3
Range=	20.000 mV	50.000 mV	500.0 µV
0.0	-6.811	-43.150	-25.4
0.01	-6.808	-42.083	-46.8
0.02	-6.804	-40.888	-38.0
0.03	-6.801	-39.631	-61.8
0.04	-6.800	-38.383	-27.1
0.05	-6.803	-37.175	0.5
0.06	-6.806	-35.986	-26.9
0.07	-6.805	-34.716	150.7
0.08	-6.799	-33.280	244.6
0.09	-6.794	-31.627	281.2
0.1	-6.798	-29.859	164.1
0.11	-6.811	-28.534	-57.6
0.12	-6.833	-28.116	-22.0
0.13	-6.866	-28.361	-24.7
0.14	-6.901	-28.681	-31.0
0.15	-6.931	-28.647	-21.2
0.16	-6.953	-28.283	-15.4
0.17	-6.969	-27.953	-8.7
0.18	-6.982	-28.105	-14.2
0.19	-6.990	-28.977	-23.2
0.2	-6.996	-30.122	-0.9
0.21	-7.002	-30.173	-0.3
0.22	-7.013	-26.267	9.1
0.23	-7.029	-13.109	13.5
0.24	-7.047	12.263	26.2
0.25	-7.067	37.916	52.3
0.26	-7.088	49.511	70.8
0.27	-7.108	51.106	77.8
0.28	-7.129	51.136	126.0
0.29	-7.150	51.139	143.0
0.3	-7.173	51.139	149.0
0.31	-7.196	51.139	166.7
0.32	-7.221	51.139	164.3
0.33	-7.247	51.133	146.2
0.34	-7.274	50.992	102.4
0.35	-7.303	48.280	26.3
0.36	-7.329	37.889	0.0
0.37	-7.355	20.361	-21.6
0.38	-7.379	1.961	-38.7
0.39	-7.403	-14.152	-55.2
0.4	-7.429	-27.747	-65.8
0.41	-7.456	-38.792	-69.8
0.42	-7.483	-46.584	-67.7
0.43	-7.509	-50.280	-64.0
0.44	-7.536	-51.102	-54.6
0.45	-7.564	-51.139	-58.7
0.46	-7.593	-51.141	-57.6
0.47	-7.621	-51.141	-62.7
0.48	-7.648	-51.141	-50.8
0.49	-7.673	-51.141	-53.2
0.5	-7.701	-51.141	-49.5
0.51	-7.729	-51.139	-46.4
0.52	-7.759	-51.134	-57.2
0.53	-7.788	-50.831	-45.5
0.54	-7.818	-48.727	-51.5
0.55	-7.848	-43.447	-59.8
0.56	-7.878	-35.891	-38.9
0.57	-7.906	-27.614	-50.3
0.58	-7.934	-19.411	-59.8
0.59	-7.961	-11.922	-48.7
0.6	-7.986	-5.766	-45.8
0.61	-8.011	-1.505	-49.5
0.62	-8.036	0.594	-35.7
0.63	-8.060	0.594	-49.2
0.64	-8.084	-1.373	-29.3
0.65	-8.108	-5.105	-43.2
0.66	-8.133	-10.016	-51.3
0.67	-8.158	-15.377	-47.6
0.68	-8.182	-20.731	-54.1
0.69	-8.206	-25.719	-34.7
0.7	-8.231	-30.023	-30.1
0.71	-8.255	-33.583	-41.5
0.72	-8.280	-36.564	-41.3
0.73	-8.306	-39.155	-42.8
0.74	-8.331	-41.309	-32.2
0.75	-8.356	-42.884	-40.1
0.76	-8.380	-43.930	-25.1
0.77	-8.404	-44.577	-7.2
0.78	-8.426	-44.869	-13.5
0.79	-8.446	-44.819	-9.1
0.8	-8.468	-44.494	-4.9
0.81	-8.490	-43.889	-0.6
0.82	-8.513	-42.998	10.0
0.83	-8.536	-42.006	1.1
0.84	-8.560	-41.063	-19.4
0.85	-8.582	-40.194	-36.1
0.86	-8.604	-39.386	-30.2
0.87	-8.625	-38.492	-39.9
0.88	-8.646	-37.398	-19.7
0.89	-8.666	-36.133	-18.0
0.9	-8.687	-34.820	-26.8
0.91	-8.709	-33.547	34.9
0.92	-8.731	-32.269	-39.0
0.93	-8.747	-31.028	25.5
0.94	-8.755	-29.875	228.4
0.95	-8.761	-28.584	218.6
0.96	-8.773	-27.109	172.2
0.97	-8.790	-25.859	-20.5
0.98	-8.810	-25.258	-44.7
0.99	-8.831	-25.273	1.4
1.0	-8.848	-25.463	-36.1
1.01	-8.858	-25.567	-10.3
1.02	-8.859	-25.670	1.9
1.03	-8.852	-25.797	2.6
1.04	-8.844	-26.063	2.4
1.05	-8.840	-26.802	7.3
1.06	-8.839	-28.061	22.7
1.07	-8.842	-29.417	18.4
1.08	-8.846	-30.128	23.6
1.09	-8.853	-28.531	29.4
1.1	-8.861	-20.792	32.0
1.11	-8.869	-1.803	56.5
1.12	-8.876	25.319	69.8
1.13	-8.883	44.994	95.9
1.14	-8.891	50.786	129.6
1.15	-8.901	51.120	146.8
1.16	-8.911	51.139	171.0
1.17	-8.922	51.139	162.5
1.18	-8.934	51.138	186.5
1.19	-8.947	51.128	152.6
1.2	-8.963	50.381	122.0
1.21	-8.978	44.858	77.7
1.22	-8.992	31.197	13.6
1.23	-9.006	13.334	-9.5
1.24	-9.018	-3.388	-42.7
1.25	-9.031	-17.581	-44.3
1.26	-9.048	-29.348	-41.2
1.27	-9.068	-38.906	-51.3
1.28	-9.086	-45.977	-55.8
1.29	-9.103	-49.859	-54.3
1.3	-9.118	-51.027	-36.3
1.31	-9.134	-51.138	-48.1
1.32	-9.146	-51.141	-52.0
1.33	-9.157	-51.141	-43.7
1.34	-9.168	-51.141	-47.3
1.35	-9.179	-51.141	-43.1
1.36	-9.191	-51.139	-35.2
1.37	-9.206	-51.080	-48.6
1.38	-9.223	-50.305	-31.8
1.39	-9.243	-47.413	-31.8
1.4	-9.263	-41.970	-33.3
1.41	-9.279	-34.836	-41.1
1.42	-9.295	-26.683	-42.3
1.43	-9.309	-17.898	-14.8
1.44	-9.322	-9.092	-25.8
1.45	-9.333	-1.119	-36.0
1.46	-9.344	5.294	-27.6
1.47	-9.355	9.559	-16.6
1.48	-9.369	11.292	-29.7
1.49	-9.385	10.611	-38.1
1.5	-9.402	7.842	-28.1
1.51	-9.418	3.356	-33.2
1.52	-9.430	-2.189	-20.2
1.53	-9.439	-8.177	-29.6
1.54	-9.449	-14.177	-24.9
1.55	-9.459	-19.728	-24.1
1.56	-9.472	-24.528	-25.8
1.57	-9.488	-28.581	-28.2
1.58	-9.506	-31.983	-22.3
1.59	-9.524	-34.672	-25.7
1.6	-9.543	-36.561	-25.7
1.61	-9.558	-37.730	-9.8
1.62	-9.570	-38.325	8.5
1.63	-9.581	-38.425	9.4
1.64	-9.591	-38.078	-6.1
1.65	-9.599	-37.416	-15.0
1.66	-9.605	-36.622	11.8
1.67	-9.611	-35.825	-21.4
1.68	-9.617	-34.962	-36.7
1.69	-9.626	-33.881	-25.2
1.7	-9.635	-32.695	-21.7
1.71	-9.644	-31.581	-27.5
1.72	-9.651	-30.544	-19.3
1.73	-9.657	-29.672	-38.9
1.74	-9.663	-28.942	-8.7
1.75	-9.672	-28.094	-15.5
1.76	-9.683	-27.047	-39.7
1.77	-9.689	-25.886	159.1
1.78	-9.693	-24.663	218.9
1.79	-9.701	-23.528	171.1
1.8	-9.716	-22.728	10.9
1.81	-9.735	-22.358	-73.2
1.82	-9.751	-22.331	-1.8
1.83	-9.762	-22.286	-25.7
1.84	-9.769	-21.936	-15.8
1.85	-9.766	-21.470	-16.6
1.86	-9.754	-21.153	-10.4
1.87	-9.737	-21.127	-14.5
1.88	-9.719	-21.523	0.3
1.89	-9.700	-22.352	-4.9
1.9	-9.681	-23.427	6.6
1.91	-9.660	-24.348	25.8
1.92	-9.636	-24.609	22.6
1.93	-9.610	-23.313	20.0
1.94	-9.582	-18.006	45.7
1.95	-9.551	-4.575	56.2
1.96	-9.518	18.072	72.3
1.97	-9.482	39.825	100.6
1.98	-9.446	49.681	115.5
1.99	-9.412	51.116	148.4
2.0	-9.380	51.136	155.3
2.01	-9.350	51.138	150.4
2.02	-9.322	51.128	156.6
2.03	-9.296	50.541	111.9
2.04	-9.270	45.939	79.9
2.05	-9.244	34.050	27.8
2.06	-9.219	17.606	-13.7
2.07	-9.197	1.123	-31.8
2.08	-9.181	-13.381	-59.1
2.09	-9.171	-25.234	-57.2
2.1	-9.164	-34.695	-56.8
2.11	-9.152	-42.131	-57.6
2.12	-9.137	-47.408	-60.5
2.13	-9.125	-50.209	-50.4
2.14	-9.115	-51.053	-50.4
2.15	-9.104	-51.139	-53.0
2.16	-9.092	-51.141	-54.8
2.17	-9.082	-51.141	-64.5
2.18	-9.071	-51.139	-53.5
2.19	-9.056	-51.094	-64.9
2.2	-9.039	-50.489	-50.9
2.21	-9.024	-48.222	-42.9
2.22	-9.008	-43.894	-52.5
2.23	-8.993	-37.941	-52.8
2.24	-8.978	-30.672	-36.8
2.25	-8.959	-22.531	-31.4
2.26	-8.938	-13.997	-48.2
2.27	-8.914	-5.467	-45.7
2.28	-8.889	2.356	-27.5
2.29	-8.864	8.689	-47.6
2.3	-8.840	13.044	-45.2
2.31	-8.818	15.166	-43.3
2.32	-8.798	14.992	-43.5
2.33	-8.780	12.730	-36.2
2.34	-8.762	8.822	-44.8
2.35	-8.742	3.772	-51.0
2.36	-8.722	-1.966	-33.5
2.37	-8.699	-7.859	-33.9
2.38	-8.675	-13.422	-46.5
2.39	-8.652	-18.425	-41.8
2.4	-8.630	-22.780	-35.9
2.41	-8.609	-26.395	-35.5
2.42	-8.589	-29.273	-35.1
2.43	-8.568	-31.517	-45.8
2.44	-8.547	-33.159	-32.6
2.45	-8.527	-34.111	-22.1
2.46	-8.507	-34.364	-10.4
2.47	-8.488	-34.013	-3.2
2.48	-8.469	-33.061	-7.2
2.49	-8.452	-31.600	-9.0
2.5	-8.436	-30.011	-3.6
2.51	-8.419	-28.622	-24.5
2.52	-8.402	-27.508	-45.8
2.53	-8.384	-26.605	-46.1
2.54	-8.366	-25.769	-47.9
2.55	-8.346	-24.888	-37.6
2.56	-8.321	-23.913	-34.3
2.57	-8.294	-22.922	-46.4
2.58	-8.267	-22.077	-47.4
2.59	-8.241	-21.423	0.4
2.6	-8.217	-20.863	-61.5
2.61	-8.191	-20.269	35.2
2.62	-8.161	-19.538	221.7
2.63	-8.132	-18.520	222.2
2.64	-8.109	-17.202	166.7
2.65	-8.093	-15.956	-53.6
2.66	-8.081	-15.364	-65.8
2.67	-8.069	-15.638	-17.8
2.68	-8.056	-16.352	-36.1
2.69	-8.036	-16.931	-28.3
2.7	-8.008	-17.202	-31.3
2.71	-7.975	-17.250	-28.2
2.72	-7.943	-17.269	-34.9
2.73	-7.913	-17.559	-10.5
2.74	-7.882	-18.214	-13.0
2.75	-7.852	-18.930	-0.5
2.76	-7.821	-18.920	6.3
2.77	-7.793	-16.236	-0.8
2.78	-7.765	-7.386	20.0
2.79	-7.740	10.902	18.8
2.8	-7.718	33.473	48.4
2.81	-7.696	47.552	71.3
2.82	-7.674	50.980	73.3
2.83	-7.656	51.131	95.3
2.84	-7.639	51.139	122.2
2.85	-7.622	51.133	145.4
2.86	-7.606	51.014	139.6
2.87	-7.591	48.839	124.2
2.88	-7.575	40.616	94.5
2.89	-7.559	26.677	34.2
2.9	-7.542	11.736	1.4
2.91	-7.524	-1.780	-30.0
2.92	-7.507	-13.505	-46.0
2.93	-7.492	-23.264	-57.5
2.94	-7.479	-31.167	-62.1
2.95	-7.468	-37.225	-62.5
2.96	-7.455	-41.344	-59.5
2.97	-7.440	-43.684	-67.8
2.98	-7.423	-44.483	-67.8
2.99	-7.404	-44.109	-57.4
3.0	-7.388	-43.319	-62.0
3.01	-7.373	-42.814	-49.4
3.02	-7.359	-42.817	-42.5
3.03	-7.346	-43.284	-39.5
3.04	-7.334	-43.823	-44.8
3.05	-7.324	-43.547	-62.1
3.06	-7.314	-41.748	-49.0
3.07	-7.307	-38.272	-46.9
3.08	-7.301	-33.400	-35.2
3.09	-7.294	-27.684	-43.3
3.1	-7.289	-21.727	-39.4
3.11	-7.282	-16.056	-38.7
3.12	-7.276	-10.991	-53.7
3.13	-7.267	-6.558	-42.9
3.14	-7.258	-2.898	-46.6
3.15	-7.249	-0.425	-52.2
3.16	-7.242	0.548	-56.8
3.17	-7.235	-0.072	-60.9
3.18	-7.228	-2.091	-44.5
3.19	-7.219	-5.008	-48.1
3.2	-7.210	-8.427	-49.4
3.21	-7.201	-12.202	-48.8
3.22	-7.194	-16.175	-49.3
3.23	-7.188	-20.009	-51.8
3.24	-7.182	-23.209	-51.9
3.25	-7.176	-25.544	-49.3
3.26	-7.171	-27.167	-40.4
3.27	-7.167	-28.197	-47.1
3.28	-7.164	-28.738	-46.2
3.29	-7.160	-29.027	-39.8
3.3	-7.155	-29.241	-55.2
3.31	-7.149	-29.377	-46.9
3.32	-7.144	-29.398	-37.4
3.33	-7.138	-29.331	-39.9
3.34	-7.133	-29.067	-31.2
3.35	-7.128	-28.563	-44.8
3.36	-7.124	-28.025	-43.6
3.37	-7.120	-27.455	-22.4
3.38	-7.116	-26.694	-3.6
3.39	-7.111	-25.847	-12.4
3.4	-7.107	-25.031	-7.3
3.41	-7.106	-24.102	-5.4
3.42	-7.104	-22.997	-27.4
3.43	-7.103	-21.791	-42.8
3.44	-7.100	-20.467	-44.7
3.45	-7.098	-19.152	-38.2
3.46	-7.096	-18.011	-44.7
3.47	-7.094	-17.003	-36.2
3.48	-7.091	-16.259	-26.0
3.49	-7.088	-15.945	-67.5
3.5	-7.087	-15.880	-14.5
3.51	-7.087	-15.947	-43.3
3.52	-7.083	-16.106	8.1
3.53	-7.072	-16.114	182.8
3.54	-7.059	-15.906	193.0
3.55	-7.050	-15.677	241.3
3.56	-7.048	-15.569	39.7
3.57	-7.049	-15.922	-82.5
3.58	-7.054	-16.973	-18.1
3.59	-7.058	-18.319	-47.7
3.6	-7.055	-19.500	-34.3
3.61	-7.046	-20.258	-49.8
3.62	-7.036	-20.405	-27.9
3.63	-7.026	-20.173	-20.3
3.64	-7.017	-20.153	-38.0
3.65	-7.005	-20.569	-25.5
3.66	-6.993	-20.914	-11.6
3.67	-6.981	-19.825	-13.4
3.68	-6.972	-14.413	-6.4
3.69	-6.964	-0.539	9.9
3.7	-6.959	21.869	14.9
3.71	-6.953	41.884	36.1
3.72	-6.947	50.095	68.9
3.73	-6.942	51.117	93.3
3.74	-6.937	51.138	122.3
3.75	-6.933	51.136	139.1
3.76	-6.930	51.091	153.5
3.77	-6.928	49.822	149.7
3.78	-6.926	43.655	159.5
3.79	-6.924	31.356	130.0
3.8	-6.923	16.913	74.7
3.81	-6.923	3.589	37.4
3.82	-6.920	-7.872	-10.0
3.83	-6.917	-17.320	-46.8
3.84	-6.913	-24.748	-61.6
3.85	-6.908	-30.261	-68.1
3.86	-6.902	-34.077	-60.2
3.87	-6.896	-36.444	-70.7
3.88	-6.890	-37.600	-77.5
3.89	-6.884	-37.678	-69.7
3.9	-6.880	-36.784	-66.2
3.91	-6.878	-35.266	-72.5
3.92	-6.878	-33.747	-67.8
3.93	-6.877	-32.852	-60.5
3.94	-6.879	-32.827	-68.4
3.95	-6.883	-33.445	-71.0
3.96	-6.892	-33.931	-58.5
3.97	-6.905	-33.258	-49.6
3.98	-6.925	-31.331	-64.8
3.99	-6.954	-28.813	-75.9
4.0	-6.990	-25.813	-59.4
4.01	-7.030	-22.230	-42.1
4.02	-7.069	-18.323	-67.2
4.03	-7.104	-14.284	-67.6
4.04	-7.133	-10.302	-39.5
4.05	-7.157	-6.755	-64.3
4.06	-7.176	-3.988	-51.3
4.07	-7.193	-2.191	-49.1
4.08	-7.208	-1.477	-52.9
4.09	-7.223	-1.905	-59.1
4.1	-7.237	-3.356	-66.1
4.11	-7.252	-5.598	-37.9
4.12	-7.269	-8.366	-58.0
4.13	-7.286	-11.303	-60.8
4.14	-7.304	-14.166	-39.8
4.15	-7.324	-16.894	-47.0
4.16	-7.343	-19.491	-46.6
4.17	-7.364	-21.900	-42.9
4.18	-7.385	-23.917	-59.8
4.19	-7.407	-25.372	-46.3
4.2	-7.429	-26.339	-40.6
4.21	-7.450	-26.977	-54.6
4.22	-7.472	-27.364	-42.1
4.23	-7.494	-27.498	-46.9
4.24	-7.518	-27.305	-46.5
4.25	-7.541	-26.778	-34.4
4.26	-7.564	-26.055	-39.0
4.27	-7.588	-25.327	-35.1
4.28	-7.612	-24.730	-27.4
4.29	-7.636	-24.305	-35.5
4.3	-7.659	-24.034	-25.7
4.31	-7.684	-23.823	-11.6
4.32	-7.708	-23.550	-16.7
4.33	-7.733	-23.167	-26.3
4.34	-7.756	-22.723	-14.9
4.35	-7.779	-22.252	-36.7
4.36	-7.804	-21.761	-55.0
4.37	-7.829	-21.239	-47.6
4.38	-7.856	-20.581	-45.1
4.39	-7.884	-19.778	-35.7
4.4	-7.911	-18.959	-35.8
4.41	-7.939	-18.272	-43.3
4.42	-7.968	-17.858	-2.0
4.43	-7.996	-17.645	-63.8
4.44	-8.019	-17.458	30.1
4.45	-8.034	-17.206	216.4
4.46	-8.047	-16.738	236.6
4.47	-8.067	-16.083	211.0
4.48	-8.091	-15.688	-34.6
4.49	-8.116	-15.995	-72.6
4.5	-8.144	-16.908	-5.6
4.51	-8.171	-17.892	-46.9
4.52	-8.193	-18.584	-41.0
4.53	-8.206	-18.903	-30.9
4.54	-8.216	-18.902	-21.4
4.55	-8.223	-18.831	-25.5
4.56	-8.231	-19.005	-19.1
4.57	-8.239	-19.500	-9.6
4.58	-8.249	-20.170	-2.4
4.59	-8.261	-20.266	3.9
4.6	-8.275	-17.797	17.6
4.61	-8.289	-9.397	8.0
4.62	-8.304	8.308	17.2
4.63	-8.317	31.234	57.3
4.64	-8.330	46.666	81.6
4.65	-8.342	50.905	95.3
4.66	-8.354	51.128	113.9
4.67	-8.367	51.139	149.4
4.68	-8.382	51.131	160.4
4.69	-8.399	50.745	151.7
4.7	-8.416	47.309	142.5
4.71	-8.434	37.759	109.2
4.72	-8.453	24.014	72.4
4.73	-8.473	10.044	13.6
4.74	-8.494	-2.488	-32.1
4.75	-8.513	-13.120	-34.5
4.76	-8.533	-21.761	-42.3
4.77	-8.553	-28.505	-49.9
4.78	-8.574	-33.627	-67.5
4.79	-8.598	-37.411	-67.0
4.8	-8.620	-39.866	-59.7
4.81	-8.642	-40.777	-63.7
4.82	-8.662	-40.144	-68.3
4.83	-8.684	-38.425	-61.7
4.84	-8.705	-36.445	-59.2
4.85	-8.724	-34.877	-47.7
4.86	-8.742	-33.978	-51.4
4.87	-8.761	-33.633	-56.0
4.88	-8.779	-33.188	-48.0
4.89	-8.799	-31.934	-51.6
4.9	-8.820	-29.567	-44.9
4.91	-8.843	-25.983	-44.5
4.92	-8.865	-21.433	-46.2
4.93	-8.888	-16.555	-46.8
4.94	-8.911	-11.761	-42.3
4.95	-8.933	-7.016	-37.9
4.96	-8.953	-2.397	-38.5
4.97	-8.971	1.584	-45.3
4.98	-8.989	4.505	-43.2
4.99	-9.007	6.091	-36.2
5.0	-9.026	5.948	-46.0
5.01	-9.045	4.000	-41.5
5.02	-9.068	0.627	-48.0
5.03	-9.092	-3.539	-44.3
5.04	-9.115	-7.784	-41.9
5.05	-9.135	-11.675	-47.4
5.06	-9.153	-15.170	-45.8
5.07	-9.171	-18.319	-48.7
5.08	-9.188	-21.086	-40.0
5.09	-9.206	-23.344	-37.8
5.1	-9.226	-25.041	-27.6
5.11	-9.248	-26.309	-24.6
5.12	-9.272	-27.202	-30.6
5.13	-9.298	-27.681	-27.1
5.14	-9.326	-27.775	-10.0
5.15	-9.356	-27.481	-0.8
5.16	-9.383	-26.978	-11.4
5.17	-9.409	-26.591	-11.8
5.18	-9.437	-26.384	-2.8
5.19	-9.464	-26.233	-15.1
5.2	-9.488	-26.080	-39.3
5.21	-9.510	-25.823	-41.1
5.22	-9.531	-25.370	-45.6
5.23	-9.552	-24.830	-40.8
5.24	-9.573	-24.222	-35.7
5.25	-9.594	-23.438	-33.7
5.26	-9.616	-22.586	-36.6
5.27	-9.639	-21.719	-4.3
5.28	-9.661	-20.670	-69.0
5.29	-9.678	-19.420	48.0
5.3	-9.690	-18.102	223.8
5.31	-9.701	-16.870	177.7
5.32	-9.715	-15.931	91.7
5.33	-9.732	-15.497	-41.4
5.34	-9.749	-15.603	-41.2
5.35	-9.764	-15.856	-17.6
5.36	-9.777	-15.763	-29.8
5.37	-9.785	-15.494	-37.5
5.38	-9.785	-15.539	-19.3
5.39	-9.779	-15.967	-15.8
5.4	-9.771	-16.684	-21.2
5.41	-9.767	-17.613	-6.1
5.42	-9.764	-18.670	-20.4
5.43	-9.765	-19.894	1.8
5.44	-9.767	-21.075	22.5
5.45	-9.769	-21.413	20.1
5.46	-9.771	-19.377	34.1
5.47	-9.774	-12.270	48.8
5.48	-9.776	2.973	60.6
5.49	-9.777	24.883	80.6
5.5	-9.779	43.084	91.5
5.51	-9.778	50.247	131.1
5.52	-9.777	51.122	145.4
5.53	-9.777	51.128	143.6
5.54	-9.779	50.920	171.1
5.55	-9.784	48.447	127.3
5.56	-9.789	40.569	86.1
5.57	-9.794	28.214	54.2
5.58	-9.798	15.613	-2.4
5.59	-9.801	5.088	-27.9
5.6	-9.803	-4.200	-55.2
5.61	-9.808	-13.786	-56.5
5.62	-9.816	-23.138	-64.4
5.63	-9.821	-30.369	-65.8
5.64	-9.816	-34.616	-58.1
5.65	-9.804	-36.558	-75.3
5.66	-9.791	-37.133	-79.6
5.67	-9.773	-37.373	-58.5
5.68	-9.748	-38.064	-57.0
5.69	-9.720	-39.147	-65.5
5.7	-9.692	-40.214	-73.5
5.71	-9.662	-40.944	-55.7
5.72	-9.633	-41.022	-67.9
5.73	-9.607	-40.050	-48.5
5.74	-9.585	-37.698	-43.2
5.75	-9.563	-33.831	-53.8
5.76	-9.539	-28.519	-34.7
5.77	-9.511	-22.250	-49.9
5.78	-9.484	-15.583	-64.0
5.79	-9.456	-8.814	-42.8
5.8	-9.430	-2.272	-54.8
5.81	-9.403	3.644	-58.5
5.82	-9.375	8.537	-41.0
5.83	-9.346	11.902	-53.0
5.84	-9.316	13.328	-42.5
5.85	-9.287	12.873	-33.5
5.86	-9.257	10.919	-55.4
5.87	-9.227	7.806	-54.6
5.88	-9.197	3.892	-58.8
5.89	-9.166	-0.433	-44.0
5.9	-9.136	-4.845	-32.8
5.91	-9.106	-9.058	-41.5
5.92	-9.078	-12.869	-41.0
5.93	-9.051	-16.264	-60.3
5.94	-9.028	-19.272	-45.3
5.95	-9.006	-21.767	-16.5
5.96	-8.984	-23.595	-37.5
5.97	-8.961	-24.803	-32.8
5.98	-8.938	-25.633	-15.7
5.99	-8.915	-26.245	5.9
6.0	-8.891	-26.611	-16.9
6.01	-8.867	-26.770	-25.2
6.02	-8.844	-26.722	-17.2
6.03	-8.819	-26.273	-49.6
6.04	-8.795	-25.463	-51.2
6.05	-8.772	-24.572	-63.1
6.06	-8.749	-23.747	-71.9
6.07	-8.727	-22.977	-34.8
6.08	-8.704	-22.311	-40.7
6.09	-8.683	-21.775	-58.9
6.1	-8.662	-21.181	-9.7
6.11	-8.640	-20.411	-80.9
6.12	-8.612	-19.583	33.5
6.13	-8.576	-18.784	209.1
6.14	-8.536	-17.977	211.2
6.15	-8.501	-17.161	111.5
6.16	-8.475	-16.442	-86.4
6.17	-8.456	-16.031	-57.0
6.18	-8.440	-15.952	-35.8
6.19	-8.424	-15.867	-42.1
6.2	-8.402	-15.622	-36.9
6.21	-8.374	-15.425	-48.2
6.22	-8.340	-15.428	-37.3
6.23	-8.305	-15.684	-21.6
6.24	-8.271	-16.248	-21.9
6.25	-8.239	-17.120	-32.7
6.26	-8.206	-18.148	-29.0
6.27	-8.174	-18.794	-3.8
6.28	-8.144	-17.781	-4.4
6.29	-8.119	-12.583	3.3
6.3	-8.094	0.500	25.7
6.31	-8.071	21.750	37.0
6.32	-8.048	41.338	65.6
6.33	-8.028	49.909	86.5
6.34	-8.011	51.120	97.4
6.35	-7.994	51.136	117.8
6.36	-7.979	51.136	131.9
6.37	-7.963	51.066	137.1
6.38	-7.947	49.642	136.8
6.39	-7.929	43.952	67.8
6.4	-7.911	33.766	6.8
6.41	-7.891	22.055	-4.2
6.42	-7.871	10.847	-39.4
6.43	-7.852	0.814	-31.0
6.44	-7.834	-7.844	-67.3
6.45	-7.821	-15.227	-91.6
6.46	-7.808	-21.461	-80.8
6.47	-7.794	-26.431	-70.9
6.48	-7.778	-29.930	-64.1
6.49	-7.762	-31.966	-77.3
6.5	-7.746	-32.861	-84.0
6.51	-7.730	-33.366	-73.9
6.52	-7.713	-34.089	-75.2
6.53	-7.697	-35.052	-68.6
6.54	-7.686	-36.105	-70.3
6.55	-7.676	-36.898	-69.6
6.56	-7.665	-36.858	-66.8
6.57	-7.654	-35.555	-63.9
6.58	-7.644	-32.791	-65.5
6.59	-7.634	-28.641	-47.2
6.6	-7.625	-23.420	-49.3
6.61	-7.615	-17.572	-60.8
6.62	-7.602	-11.575	-57.6
6.63	-7.587	-5.852	-60.7
6.64	-7.572	-0.750	-59.5
6.65	-7.559	3.377	-51.9
6.66	-7.545	6.173	-62.4
6.67	-7.532	7.559	-43.1
6.68	-7.519	7.544	-57.3
6.69	-7.508	6.078	-58.5
6.7	-7.496	3.544	-53.6
6.71	-7.484	0.525	-77.1
6.72	-7.473	-2.800	-47.6
6.73	-7.462	-6.330	-54.1
6.74	-7.453	-9.734	-60.9
6.75	-7.443	-12.861	-42.5
6.76	-7.433	-15.820	-49.4
6.77	-7.422	-18.703	-47.0
6.78	-7.411	-21.386	-44.5
6.79	-7.402	-23.363	-47.5
6.8	-7.395	-24.264	-53.6
6.81	-7.388	-24.478	-38.9
6.82	-7.380	-24.506	-53.7
6.83	-7.373	-24.589	-39.8
6.84	-7.365	-24.805	-45.8
6.85	-7.357	-24.994	-36.6
6.86	-7.351	-25.077	-18.2
6.87	-7.347	-25.077	-11.7
6.88	-7.343	-25.020	-11.8
6.89	-7.341	-24.992	-29.4
6.9	-7.338	-24.800	-16.6
6.91	-7.334	-24.097	-31.9
6.92	-7.331	-23.002	-50.0
6.93	-7.329	-21.959	-46.8
6.94	-7.326	-21.183	-60.4
6.95	-7.321	-20.683	-44.4
6.96	-7.316	-20.364	-33.4
6.97	-7.313	-20.103	-41.9
6.98	-7.312	-19.894	-17.0
6.99	-7.312	-19.733	-26.6
7.0	-7.310	-19.542	-19.8
7.01	-7.303	-19.256	140.6
7.02	-7.293	-18.834	176.7
7.03	-7.286	-18.267	223.3
7.04	-7.281	-17.600	81.2
7.05	-7.278	-17.025	-88.7
7.06	-7.278	-16.898	-31.2
7.07	-7.281	-17.353	-37.7
7.08	-7.279	-17.928	-31.1
7.09	-7.273	-18.136	-38.8
7.1	-7.263	-17.991	-48.5
7.11	-7.253	-17.788	-23.7
7.12	-7.243	-17.970	-21.6
7.13	-7.232	-18.797	-19.9
7.14	-7.222	-19.783	-16.2
7.15	-7.213	-19.744	-10.0
7.16	-7.205	-16.673	-1.0
7.17	-7.199	-6.752	-1.0
7.18	-7.195	13.214	20.6
7.19	-7.192	35.972	41.9
7.2	-7.189	48.519	47.8
7.21	-7.187	51.047	87.2
7.22	-7.184	51.133	105.5
7.23	-7.183	51.139	128.8
7.24	-7.181	51.138	149.1
7.25	-7.181	51.131	159.0
7.26	-7.181	50.719	161.5
7.27	-7.181	47.561	141.8
7.28	-7.179	39.553	99.5
7.29	-7.179	28.698	44.0
7.3	-7.178	18.012	-3.1
7.31	-7.176	8.412	-31.9
7.32	-7.173	-0.006	-56.8
7.33	-7.171	-7.267	-55.2
7.34	-7.172	-13.305	-71.7
7.35	-7.174	-18.063	-74.3
7.36	-7.175	-21.663	-79.3
7.37	-7.174	-24.194	-60.2
7.38	-7.174	-25.656	-61.9
7.39	-7.174	-26.141	-73.7
7.4	-7.175	-26.108	-63.6
7.41	-7.176	-26.383	-63.2
7.42	-7.176	-27.456	-61.9
7.43	-7.174	-29.159	-54.8
7.44	-7.173	-30.842	-60.5
7.45	-7.173	-31.655	-70.0
7.46	-7.173	-30.978	-63.1
7.47	-7.174	-28.734	-41.3
7.48	-7.174	-25.348	-63.3
7.49	-7.174	-21.359	-58.1
7.5	-7.176	-17.028	-48.9
7.51	-7.178	-12.456	-54.5
7.52	-7.179	-7.939	-50.0
7.53	-7.181	-3.855	-64.5
7.54	-7.181	-0.498	-48.4
7.55	-7.182	1.791	-45.7
7.56	-7.183	2.822	-65.8
7.57	-7.184	2.586	-39.1
7.58	-7.185	1.058	-54.1
7.59	-7.186	-1.558	-49.5
7.6	-7.188	-4.681	-38.0
7.61	-7.189	-7.811	-59.5
7.62	-7.192	-10.872	-64.7
7.63	-7.196	-13.828	-29.0
7.64	-7.200	-16.498	-41.0
7.65	-7.204	-18.883	-46.4
7.66	-7.211	-20.995	-45.3
7.67	-7.223	-22.722	-54.2
7.68	-7.241	-24.145	-45.9
7.69	-7.264	-25.461	-43.0
7.7	-7.289	-26.609	-53.2
7.71	-7.315	-27.406	-52.5
7.72	-7.339	-27.800	-30.3
7.73	-7.361	-27.880	-30.6
7.74	-7.384	-27.753	-28.0
7.75	-7.407	-27.498	6.5
7.76	-7.432	-27.245	-24.6
7.77	-7.456	-27.084	-19.8
7.78	-7.481	-26.942	-4.3
7.79	-7.509	-26.783	-30.2
7.8	-7.538	-26.686	-47.8
7.81	-7.564	-26.567	-48.5
7.82	-7.589	-26.183	-59.0
7.83	-7.610	-25.500	-59.9
7.84	-7.629	-24.681	-20.5
7.85	-7.645	-23.850	-52.5
7.86	-7.661	-23.081	-46.3
7.87	-7.680	-22.438	-46.4
7.88	-7.697	-21.847	-31.4
7.89	-7.708	-21.103	203.8
7.9	-7.713	-20.116	250.8
7.91	-7.721	-18.942	282.5
7.92	-7.734	-17.694	94.8
7.93	-7.751	-16.722	-102.5
7.94	-7.771	-16.641	-14.4
7.95	-7.793	-17.428	-57.5
7.96	-7.812	-18.236	-53.4
7.97	-7.825	-18.553	-35.3
7.98	-7.830	-18.520	-48.8
7.99	-7.829	-18.394	-21.2
8.0	-7.826	-18.492	-24.1
8.01	-7.823	-19.095	-13.5
8.02	-7.819	-20.064	-20.6
8.03	-7.817	-20.672	-10.4
8.04	-7.819	-19.223	13.2
8.05	-7.826	-12.430	22.5
8.06	-7.836	3.830	33.2
8.07	-7.848	27.303	52.6
8.08	-7.861	45.027	56.0
8.09	-7.875	50.691	80.3
8.1	-7.891	51.119	108.4
8.11	-7.908	51.139	141.9
8.12	-7.926	51.139	153.9
8.13	-7.946	51.139	168.3
8.14	-7.966	51.133	159.9
8.15	-7.986	51.008	120.3
8.16	-8.006	49.202	84.0
8.17	-8.025	42.878	59.3
8.18	-8.043	32.453	7.4
8.19	-8.059	21.102	-55.5
8.2	-8.075	10.300	-70.4
8.21	-8.091	0.173	-57.2
8.22	-8.109	-9.011	-71.4
8.23	-8.127	-16.970	-77.4
8.24	-8.146	-23.536	-78.8
8.25	-8.163	-28.541	-70.5
8.26	-8.179	-32.023	-77.2
8.27	-8.196	-34.211	-63.5
8.28	-8.213	-35.516	-81.9
8.29	-8.229	-36.505	-65.8
8.3	-8.245	-37.653	-60.2
8.31	-8.261	-39.020	-77.8
8.32	-8.279	-39.970	-54.8
8.33	-8.297	-39.719	-55.5
8.34	-8.317	-37.967	-59.8
8.35	-8.337	-34.712	-49.8
8.36	-8.358	-30.138	-54.2
8.37	-8.381	-24.656	-51.7
8.38	-8.403	-18.611	-58.2
8.39	-8.426	-12.369	-58.0
8.4	-8.448	-6.531	-57.7
8.41	-8.469	-1.583	-47.8
8.42	-8.490	2.264	-47.7
8.43	-8.509	4.784	-61.9
8.44	-8.528	5.814	-51.8
8.45	-8.547	5.402	-47.5
8.46	-8.567	3.677	-62.4
8.47	-8.586	0.755	-31.4
8.48	-8.606	-3.141	-51.3
8.49	-8.627	-7.405	-44.6
8.5	-8.648	-11.319	-41.1
8.51	-8.669	-14.717	-51.9
8.52	-8.689	-17.802	-41.5
8.53	-8.709	-20.636	-48.5
8.54	-8.729	-23.214	-45.8
8.55	-8.749	-25.456	-37.0
8.56	-8.768	-27.253	-37.6
8.57	-8.788	-28.642	-30.2
8.58	-8.809	-29.709	-20.1
8.59	-8.832	-30.397	-17.0
8.6	-8.856	-30.689	-10.0
8.61	-8.877	-30.775	-3.1
8.62	-8.898	-30.709	-10.2
8.63	-8.916	-30.484	-1.2
8.64	-8.934	-30.225	-33.3
8.65	-8.951	-29.952	-47.5
8.66	-8.967	-29.578	-43.2
8.67	-8.984	-29.080	-47.8
8.68	-9.003	-28.469	-31.8
8.69	-9.023	-27.611	-37.6
8.7	-9.045	-26.430	-21.7
8.71	-9.068	-25.083	-2.0
8.72	-9.089	-23.820	-69.9
8.73	-9.104	-22.861	128.0
8.74	-9.117	-22.078	228.0
8.75	-9.131	-21.208	212.4
8.76	-9.152	-20.363	89.0
8.77	-9.178	-19.863	-103.8
8.78	-9.204	-19.720	-29.2
8.79	-9.231	-19.392	-19.3
8.8	-9.256	-18.578	-32.0
8.81	-9.274	-17.827	-22.4
8.82	-9.286	-17.656	-36.7
8.83	-9.293	-18.017	-10.8
8.84	-9.300	-18.770	-12.7
8.85	-9.308	-19.870	-11.8
8.86	-9.318	-21.250	-9.5
8.87	-9.329	-22.763	1.0
8.88	-9.341	-24.000	15.2
8.89	-9.354	-23.798	25.0
8.9	-9.366	-19.202	23.0
8.91	-9.375	-5.498	43.2
8.92	-9.383	18.103	51.5
8.93	-9.389	40.225	80.6
8.94	-9.397	49.819	132.1
8.95	-9.406	51.116	142.6
8.96	-9.414	51.136	153.8
8.97	-9.422	51.139	176.4
8.98	-9.429	51.136	168.0
8.99	-9.436	51.069	147.5
9.0	-9.443	49.580	88.4
9.01	-9.450	43.289	52.0
9.02	-9.456	31.903	-1.2
9.03	-9.461	19.191	-20.7
9.04	-9.467	7.223	-44.3
9.05	-9.478	-4.083	-70.2
9.06	-9.492	-14.761	-44.8
9.07	-9.509	-24.089	-31.7
9.08	-9.522	-31.094	-68.5
9.09	-9.534	-35.741	-69.3
9.1	-9.547	-38.689	-52.8
9.11	-9.561	-40.469	-58.5
9.12	-9.572	-41.550	-63.3
9.13	-9.583	-42.641	-45.8
9.14	-9.594	-44.169	-68.6
9.15	-9.602	-45.825	-53.0
9.16	-9.608	-47.005	-47.9
9.17	-9.614	-47.023	-60.6
9.18	-9.623	-45.234	-13.5
9.19	-9.632	-41.598	-46.3
9.2	-9.643	-36.405	-54.5
9.21	-9.653	-29.758	-27.9
9.22	-9.662	-22.081	-57.8
9.23	-9.671	-14.042	-36.9
9.24	-9.677	-6.008	-41.3
9.25	-9.679	1.470	-34.9
9.26	-9.681	7.619	-44.3
9.27	-9.681	11.941	-59.3
9.28	-9.683	14.075	-30.3
9.29	-9.685	13.881	-19.7
9.3	-9.688	11.738	-60.1
9.31	-9.691	8.194	-40.2
9.32	-9.694	3.770	-45.4
9.33	-9.697	-0.978	-39.5
9.34	-9.699	-5.655	-40.7
9.35	-9.701	-10.084	-54.8
9.36	-9.702	-14.255	-38.0
9.37	-9.704	-18.142	-30.6
9.38	-9.705	-21.583	-14.9
9.39	-9.703	-24.450	-5.9
9.4	-9.696	-26.716	-24.7
9.41	-9.685	-28.347	-4.6
9.42	-9.672	-29.395	-14.6
9.43	-9.657	-29.922	-34.4
9.44	-9.641	-30.005	-29.1
9.45	-9.626	-29.863	-51.5
9.46	-9.611	-29.619	-56.0
9.47	-9.598	-29.248	-32.2
9.48	-9.584	-28.800	-54.2
9.49	-9.572	-28.355	-47.3
9.5	-9.563	-27.781	-16.7
9.51	-9.556	-26.858	-20.4
9.52	-9.546	-25.664	-53.6
9.53	-9.527	-24.402	99.4
9.54	-9.498	-23.163	207.6
9.55	-9.463	-22.084	184.0
9.56	-9.431	-21.172	32.4
9.57	-9.411	-20.313	-93.6
9.58	-9.398	-19.567	-37.2
9.59	-9.383	-19.059	-21.1
9.6	-9.363	-18.698	-37.0
9.61	-9.334	-18.384	-41.2
9.62	-9.293	-18.267	-6.1
9.63	-9.239	-18.386	-25.7
9.64	-9.182	-18.600	-33.2
9.65	-9.126	-18.942	-0.5
9.66	-9.072	-19.566	-13.1
9.67	-9.021	-20.484	9.8
9.68	-8.974	-21.272	0.1
9.69	-8.930	-20.978	9.3
9.7	-8.890	-17.694	21.8
9.71	-8.854	-7.961	44.0
9.72	-8.821	11.116	63.0
9.73	-8.791	33.833	65.8
9.74	-8.762	47.669	87.8
9.75	-8.736	50.986	137.4
9.76	-8.709	51.131	143.1
9.77	-8.684	51.139	134.7
9.78	-8.660	51.139	151.5
9.79	-8.636	51.133	124.2
9.8	-8.613	51.013	60.6
9.81	-8.588	49.053	38.3
9.82	-8.563	42.003	-22.2
9.83	-8.539	30.108	-42.7
9.84	-8.519	16.820	-61.0
9.85	-8.503	4.033	-78.5
9.86	-8.489	-7.652	-58.7
9.87	-8.474	-17.822	-63.6
9.88	-8.456	-26.278	-85.3
9.89	-8.439	-32.964	-62.3
9.9	-8.422	-38.042	-79.9
9.91	-8.404	-42.011	-80.6
9.92	-8.383	-45.495	-74.9
9.93	-8.360	-48.572	-76.4
9.94	-8.338	-50.502	-64.9
9.95	-8.318	-51.094	-63.2
9.96	-8.297	-51.136	-81.8
9.97	-8.279	-51.094	-71.0
9.98	-8.261	-50.233	-43.9
9.99	-8.246	-46.734	-60.7
10.0	-8.232	-40.023	-73.4
10.01	-8.219	-31.442	-54.2
10.02	-8.204	-22.213	-65.7
10.03	-8.188	-13.183	-60.6
10.04	-8.172	-5.059	-69.1
10.05	-8.156	1.759	-63.6
10.06	-8.139	6.925	-71.4
10.07	-8.123	10.044	-63.8
10.08	-8.107	10.916	-65.5
10.09	-8.091	9.738	-66.8
10.1	-8.075	7.028	-63.3
10.11	-8.059	3.384	-63.6
10.12	-8.043	-0.722	-76.0
10.13	-8.027	-4.942	-71.6
10.14	-8.012	-9.116	-66.0
10.15	-7.999	-13.239	-66.0
10.16	-7.988	-17.134	-57.0
10.17	-7.979	-20.533	-56.9
10.18	-7.969	-23.306	-67.5
10.19	-7.958	-25.478	-50.6
10.2	-7.946	-27.078	-54.3
10.21	-7.933	-28.302	-59.5
10.22	-7.921	-29.453	-52.5
10.23	-7.908	-30.498	-53.4
10.24	-7.896	-31.295	-58.4
10.25	-7.883	-31.895	-53.9
10.26	-7.869	-32.328	-52.3
10.27	-7.855	-32.545	-32.3
10.28	-7.842	-32.569	-28.5
10.29	-7.831	-32.416	-23.5
10.3	-7.821	-32.050	-27.2
10.31	-7.812	-31.464	-13.9
10.32	-7.804	-30.600	-49.1
10.33	-7.796	-29.506	-71.6
10.34	-7.789	-28.400	-65.0
10.35	-7.781	-27.338	-61.6
10.36	-7.773	-26.064	-61.1
10.37	-7.763	-24.456	-42.8
10.38	-7.755	-22.984	-58.9
10.39	-7.750	-22.070	-29.7
10.4	-7.746	-21.595	-66.5
10.41	-7.737	-21.400	14.0
10.42	-7.723	-21.291	168.2
10.43	-7.706	-21.022	176.5
10.44	-7.691	-20.555	188.9
10.45	-7.678	-20.055	-11.1
10.46	-7.669	-19.870	-94.0
10.47	-7.665	-20.158	-13.8
10.48	-7.659	-20.661	-56.3
10.49	-7.649	-21.130	-66.0
10.5	-7.635	-21.398	-50.1
10.51	-7.619	-21.423	-41.9
10.52	-7.604	-21.423	-47.1
10.53	-7.590	-21.638	-29.2
10.54	-7.575	-22.141	-28.9
10.55	-7.561	-22.633	-22.5
10.56	-7.549	-21.933	-18.1
10.57	-7.541	-17.053	-6.1
10.58	-7.532	-2.811	7.6
10.59	-7.524	21.402	9.4
10.6	-7.516	42.469	29.7
10.61	-7.509	50.327	58.3
10.62	-7.501	51.113	66.0
10.63	-7.494	51.139	105.7
10.64	-7.489	51.139	116.3
10.65	-7.485	51.139	146.0
10.66	-7.481	51.139	146.8
10.67	-7.478	51.134	127.4
10.68	-7.475	51.047	112.5
10.69	-7.472	49.286	75.3
10.7	-7.469	42.434	10.4
10.71	-7.466	30.583	-18.3
10.72	-7.464	17.713	-41.0
10.73	-7.461	6.005	-78.4
10.74	-7.459	-4.431	-83.1
10.75	-7.458	-13.644	-71.9
10.76	-7.457	-21.525	-78.5
10.77	-7.454	-27.908	-76.9
10.78	-7.451	-32.398	-84.1
10.79	-7.447	-34.712	-69.2
10.8	-7.446	-35.511	-69.0
10.81	-7.443	-36.052	-79.3
10.82	-7.438	-37.150	-80.7
10.83	-7.433	-38.911	-51.4
10.84	-7.429	-40.964	-65.8
10.85	-7.426	-42.575	-76.4
10.86	-7.423	-42.872	-71.8
10.87	-7.421	-41.297	-60.2
10.88	-7.420	-37.822	-73.8
10.89	-7.421	-32.647	-76.6
10.9	-7.422	-26.123	-60.9
10.91	-7.423	-19.211	-76.7
10.92	-7.424	-12.797	-61.0
10.93	-7.425	-7.038	-54.1
10.94	-7.426	-2.175	-64.4
10.95	-7.426	1.372	-52.8
10.96	-7.426	3.438	-65.0
10.97	-7.428	3.956	-67.8
10.98	-7.429	2.986	-57.2
10.99	-7.430	0.748	-39.4
11.0	-7.431	-2.397	-69.1
11.01	-7.431	-5.727	-62.0
11.02	-7.433	-8.897	-55.7
11.03	-7.434	-12.273	-54.0
11.04	-7.435	-15.947	-62.5
11.05	-7.437	-19.684	-68.7
11.06	-7.438	-23.227	-62.2
11.07	-7.439	-26.336	-52.1
11.08	-7.441	-28.941	-56.5
11.09	-7.441	-31.061	-48.6
11.1	-7.441	-32.781	-53.2
11.11	-7.442	-34.119	-50.1
11.12	-7.443	-35.025	-36.3
11.13	-7.445	-35.589	-37.3
11.14	-7.447	-35.884	-38.1
11.15	-7.450	-35.920	-27.3
11.16	-7.453	-35.767	-26.4
11.17	-7.456	-35.406	-16.6
11.18	-7.459	-34.831	-17.9
11.19	-7.463	-34.217	-37.8
11.2	-7.467	-33.547	-45.6
11.21	-7.471	-32.623	-38.1
11.22	-7.475	-31.570	-62.9
11.23	-7.479	-30.519	-66.9
11.24	-7.484	-29.444	-32.4
11.25	-7.491	-28.545	-55.4
11.26	-7.500	-27.816	-39.7
11.27	-7.515	-26.969	-39.8
11.28	-7.531	-26.020	-53.6
11.29	-7.545	-25.053	181.2
11.3	-7.556	-23.980	251.2
11.31	-7.571	-22.739	275.3
11.32	-7.593	-21.473	107.2
11.33	-7.620	-20.720	-104.7
11.34	-7.652	-20.828	-37.3
11.35	-7.685	-21.491	-52.2
11.36	-7.715	-22.248	-58.0
11.37	-7.737	-22.734	-34.5
11.38	-7.751	-22.730	-46.9
11.39	-7.761	-22.558	-35.4
11.4	-7.769	-22.695	-41.3
11.41	-7.779	-23.127	-17.4
11.42	-7.788	-23.722	-8.8
11.43	-7.799	-24.017	-24.1
11.44	-7.812	-22.477	-23.7
11.45	-7.827	-15.770	-3.2
11.46	-7.843	1.047	12.0
11.47	-7.860	26.070	44.0
11.48	-7.878	44.941	56.4
11.49	-7.898	50.747	84.2
11.5	-7.918	51.119	110.2
11.51	-7.941	51.139	136.3
11.52	-7.965	51.139	151.3
11.53	-7.989	51.139	153.4
11.54	-8.013	51.139	143.2
11.55	-8.037	51.130	127.3
11.56	-8.062	50.920	83.9
11.57	-8.086	48.308	38.6
11.58	-8.108	39.914	-9.0
11.59	-8.130	26.944	-34.4
11.6	-8.152	13.402	-55.9
11.61	-8.174	0.864	-86.3
11.62	-8.198	-10.452	-84.2
11.63	-8.223	-20.222	-83.6
11.64	-8.246	-28.066	-82.1
11.65	-8.266	-33.867	-66.7
11.66	-8.287	-37.725	-80.8
11.67	-8.308	-39.933	-74.4
11.68	-8.329	-41.264	-64.8
11.69	-8.349	-42.606	-71.5
11.7	-8.367	-44.323	-88.8
11.71	-8.385	-46.359	-60.0
11.72	-8.403	-48.114	-49.6
11.73	-8.422	-48.573	-53.4
11.74	-8.442	-47.108	-83.0
11.75	-8.463	-43.589	-57.7
11.76	-8.482	-38.281	-53.9
11.77	-8.502	-31.850	-75.0
11.78	-8.521	-24.842	-58.6
11.79	-8.541	-17.647	-54.0
11.8	-8.559	-10.617	-51.7
11.81	-8.576	-3.877	-48.3
11.82	-8.591	2.009	-60.6
11.83	-8.604	6.139	-39.5
11.84	-8.617	8.189	-49.6
11.85	-8.631	8.100	-63.8
11.86	-8.645	5.995	-51.7
11.87	-8.659	2.408	-34.6
11.88	-8.674	-2.000	-52.3
11.89	-8.689	-6.709	-59.0
11.9	-8.705	-11.445	-39.6
11.91	-8.721	-15.938	-37.2
11.92	-8.736	-20.002	-45.0
11.93	-8.752	-23.811	-39.6
11.94	-8.769	-27.409	-43.5
11.95	-8.787	-30.567	-22.5
11.96	-8.804	-33.186	-35.5
11.97	-8.821	-35.292	-25.5
11.98	-8.838	-36.822	4.9
11.99	-8.855	-37.769	-6.6
12.0	-8.873	-38.183	-8.5
12.01	-8.891	-38.055	-8.2
12.02	-8.909	-37.594	-22.3
12.03	-8.928	-37.092	-38.3
12.04	-8.947	-36.622	-56.4
12.05	-8.966	-36.164	-41.1
12.06	-8.984	-35.652	-48.0
12.07	-9.002	-35.077	-28.3
12.08	-9.023	-34.478	-31.0
12.09	-9.047	-33.709	3.1
12.1	-9.072	-32.659	-57.8
12.11	-9.091	-31.405	34.9
12.12	-9.104	-29.836	217.0
12.13	-9.116	-27.666	210.5
12.14	-9.130	-25.191	157.3
12.15	-9.152	-23.283	-52.1
12.16	-9.179	-22.348	-63.6
12.17	-9.209	-22.067	-8.5
12.18	-9.241	-21.911	-44.2
12.19	-9.267	-21.623	-14.5
12.2	-9.284	-21.241	-11.7
12.21	-9.294	-20.880	-20.6
12.22	-9.299	-20.722	-14.2
12.23	-9.303	-21.077	-17.8
12.24	-9.309	-22.216	-29.3
12.25	-9.317	-24.030	22.6
12.26	-9.326	-25.870	3.3
12.27	-9.337	-26.555	5.5
12.28	-9.350	-23.792	38.3
12.29	-9.364	-13.530	50.4
12.3	-9.377	7.702	60.0
12.31	-9.389	32.923	91.1
12.32	-9.401	47.725	112.5
12.33	-9.413	51.006	128.3
12.34	-9.425	51.133	141.5
12.35	-9.436	51.139	162.1
12.36	-9.446	51.139	167.5
12.37	-9.454	51.139	155.3
12.38	-9.460	51.130	112.0
12.39	-9.464	50.792	61.9
12.4	-9.464	47.356	29.3
12.41	-9.463	37.128	-2.9
12.42	-9.464	21.997	-39.2
12.43	-9.471	6.636	-49.7
12.44	-9.484	-7.261	-60.8
12.45	-9.501	-19.469	-62.8
12.46	-9.516	-29.828	-47.2
12.47	-9.530	-38.053	-44.9
12.48	-9.547	-43.966	-55.0
12.49	-9.566	-47.861	-57.8
12.5	-9.588	-50.125	-51.8
12.51	-9.607	-51.008	-55.4
12.52	-9.625	-51.139	-56.8
12.53	-9.638	-51.141	-34.3
12.54	-9.649	-51.141	-62.4
12.55	-9.661	-51.139	-34.9
12.56	-9.674	-51.122	-36.8
12.57	-9.688	-50.597	-59.0
12.58	-9.703	-47.713	-31.3
12.59	-9.720	-41.180	-36.1
12.6	-9.740	-32.092	-51.1
12.61	-9.761	-21.947	-28.0
12.62	-9.779	-11.639	-36.5
12.63	-9.792	-1.953	-27.5
12.64	-9.803	6.236	-18.2
12.65	-9.816	12.177	-47.8
12.66	-9.831	15.631	-46.1
12.67	-9.849	16.647	-20.1
12.68	-9.866	15.286	-34.3
12.69	-9.884	11.823	-37.5
12.7	-9.904	6.900	-24.4
12.71	-9.926	1.334	-24.0
12.72	-9.946	-4.269	-31.0
12.73	-9.965	-9.588	-18.0
12.74	-9.982	-14.434	-16.4
12.75	-9.998	-18.859	0.8
12.76	-10.012	-22.980	-8.2
12.77	-10.026	-26.622	-25.5
12.78	-10.043	-29.714	15.4
12.79	-10.058	-32.391	7.2
12.8	-10.069	-34.500	-44.4
12.81	-10.078	-35.853	-54.8
12.82	-10.084	-36.495	-45.6
12.83	-10.088	-36.544	-31.6
12.84	-10.091	-36.194	-36.8
12.85	-10.094	-35.563	-39.2
12.86	-10.098	-34.655	-17.5
12.87	-10.103	-33.666	-5.8
12.88	-10.105	-32.750	-69.4
12.89	-10.103	-31.822	95.1
12.9	-10.097	-30.761	224.6
12.91	-10.091	-29.414	171.3
12.92	-10.089	-27.758	31.9
12.93	-10.092	-26.156	-90.7
12.94	-10.093	-24.995	-26.2
12.95	-10.089	-24.030	-4.4
12.96	-10.081	-22.884	-28.0
12.97	-10.064	-21.966	-9.7
12.98	-10.034	-21.611	-14.0
12.99	-9.992	-21.552	-24.8
13.0	-9.947	-21.641	-3.7
13.01	-9.906	-21.870	-7.0
13.02	-9.871	-22.248	1.3
13.03	-9.836	-22.836	14.9
13.04	-9.801	-23.473	-1.9
13.05	-9.764	-23.459	31.2
13.06	-9.729	-21.206	33.2
13.07	-9.698	-13.730	52.9
13.08	-9.669	2.630	71.7
13.09	-9.641	25.958	93.4
13.1	-9.614	44.208	122.6
13.11	-9.586	50.531	147.4
13.12	-9.561	51.119	152.4
13.13	-9.539	51.139	162.6
13.14	-9.518	51.139	165.8
13.15	-9.496	51.139	120.5
13.16	-9.474	51.131	83.1
13.17	-9.451	50.797	34.2
13.18	-9.428	47.573	5.2
13.19	-9.406	38.148	-11.8
13.2	-9.390	24.192	-45.1
13.21	-9.381	9.803	-61.9
13.22	-9.373	-3.506	-71.3
13.23	-9.361	-15.295	-46.8
13.24	-9.346	-25.073	-58.6
13.25	-9.333	-32.709	-73.4
13.26	-9.321	-38.634	-67.0
13.27	-9.308	-43.325	-54.3
13.28	-9.294	-47.106	-61.7
13.29	-9.281	-49.792	-62.5
13.3	-9.267	-50.948	-55.8
13.31	-9.251	-51.136	-49.7
13.32	-9.234	-51.136	-43.0
13.33	-9.219	-51.064	-25.0
13.34	-9.207	-50.027	-49.0
13.35	-9.194	-46.334	-42.6
13.36	-9.179	-39.680	-32.8
13.37	-9.161	-31.188	-55.2
13.38	-9.140	-21.763	-44.2
13.39	-9.117	-11.938	-36.4
13.4	-9.094	-2.400	-44.2
13.41	-9.068	5.827	-63.3
13.42	-9.041	11.850	-40.5
13.43	-9.015	15.298	-26.0
13.44	-8.991	16.305	-58.4
13.45	-8.967	15.342	-40.8
13.46	-8.946	12.981	-38.8
13.47	-8.924	9.594	-49.3
13.48	-8.902	5.227	-53.0
13.49	-8.881	0.064	-53.1
13.5	-8.861	-5.327	-51.9
13.51	-8.840	-10.606	-42.7
13.52	-8.822	-15.702	-36.0
13.53	-8.804	-20.441	-35.2
13.54	-8.786	-24.720	-27.4
13.55	-8.767	-28.478	-15.6
13.56	-8.747	-31.548	-15.5
13.57	-8.726	-33.861	-12.7
13.58	-8.702	-35.441	-20.4
13.59	-8.676	-36.342	-34.3
13.6	-8.648	-36.752	-60.8
13.61	-8.619	-36.828	-58.3
13.62	-8.591	-36.564	-42.6
13.63	-8.564	-35.983	-64.9
13.64	-8.537	-35.005	-54.8
13.65	-8.512	-33.536	-62.9
13.66	-8.488	-31.855	-29.9
13.67	-8.465	-30.264	-64.7
13.68	-8.441	-28.875	-35.1
13.69	-8.412	-27.731	195.7
13.7	-8.383	-26.553	228.8
13.71	-8.356	-25.142	184.5
13.72	-8.336	-23.803	-36.5
13.73	-8.320	-22.844	-95.6
13.74	-8.307	-22.397	-37.3
13.75	-8.294	-22.447	-65.6
13.76	-8.276	-22.672	-38.1
13.77	-8.252	-22.798	-47.8
13.78	-8.222	-22.705	-32.0
13.79	-8.189	-22.342	-27.8
13.8	-8.156	-21.995	-28.2
13.81	-8.124	-22.014	-34.3
13.82	-8.091	-22.331	-17.0
13.83	-8.058	-22.388	-6.8
13.84	-8.026	-20.825	-21.5
13.85	-7.996	-14.455	1.8
13.86	-7.966	1.214	11.2
13.87	-7.938	24.886	28.8
13.88	-7.910	43.880	53.9
13.89	-7.884	50.508	70.1
13.9	-7.861	51.116	87.2
13.91	-7.840	51.139	114.4
13.92	-7.821	51.139	113.5
13.93	-7.804	51.139	130.0
13.94	-7.789	51.139	129.0
13.95	-7.775	51.130	83.0
13.96	-7.759	50.798	48.1
13.97	-7.743	47.513	10.4
13.98	-7.728	38.017	-29.9
13.99	-7.715	24.303	-52.3
14.0	-7.704	10.503	-50.1
14.01	-7.696	-2.128	-71.3
14.02	-7.688	-13.453	-83.9
14.03	-7.679	-23.167	-67.6
14.04	-7.668	-30.956	-78.4
14.05	-7.657	-36.814	-73.7
14.06	-7.646	-41.025	-67.0
14.07	-7.634	-44.086	-75.3
14.08	-7.623	-46.661	-79.6
14.09	-7.613	-48.978	-63.2
14.1	-7.605	-50.528	-56.9
14.11	-7.598	-51.075	-53.2
14.12	-7.592	-51.063	-62.0
14.13	-7.587	-50.214	-53.0
14.14	-7.583	-47.214	-64.2
14.15	-7.580	-41.677	-55.1
14.16	-7.576	-34.592	-60.8
14.17	-7.572	-26.967	-64.4
14.18	-7.566	-19.408	-49.9
14.19	-7.559	-12.323	-59.3
14.2	-7.551	-6.092	-56.5
14.21	-7.543	-1.009	-73.7
14.22	-7.536	2.609	-50.1
14.23	-7.528	4.348	-46.8
14.24	-7.522	4.181	-66.4
14.25	-7.517	2.483	-52.8
14.26	-7.513	-0.438	-65.0
14.27	-7.508	-4.245	-59.6
14.28	-7.503	-8.527	-57.1
14.29	-7.499	-13.019	-55.9
14.3	-7.495	-17.545	-53.5
14.31	-7.492	-21.773	-50.1
14.32	-7.491	-25.292	-48.6
14.33	-7.490	-28.036	-49.8
14.34	-7.490	-30.831	-49.8
14.35	-7.491	-34.183	-46.2
14.36	-7.491	-36.302	-43.9
14.37	-7.492	-35.995	-29.5
14.38	-7.493	-35.472	-31.8
14.39	-7.494	-36.587	-22.0
14.4	-7.493	-38.023	-6.5
14.41	-7.492	-37.941	-20.9
14.42	-7.491	-36.625	-41.3
14.43	-7.488	-35.366	-62.3
14.44	-7.486	-34.780	-61.4
14.45	-7.483	-34.772	-67.4
14.46	-7.481	-34.661	-51.3
14.47	-7.479	-33.916	-43.7
14.48	-7.477	-32.697	-51.4
14.49	-7.477	-31.323	-13.2
14.5	-7.477	-29.970	-78.0
14.51	-7.473	-28.584	108.1
14.52	-7.463	-27.078	206.3
14.53	-7.454	-25.667	188.8
14.54	-7.450	-24.477	142.3
14.55	-7.452	-23.405	-76.5
14.56	-7.458	-22.611	-57.2
14.57	-7.466	-22.230	-42.7
14.58	-7.472	-22.114	-52.8
14.59	-7.471	-22.097	-43.0
14.6	-7.462	-21.992	-46.7
14.61	-7.451	-21.823	-49.8
14.62	-7.442	-21.841	-50.6
14.63	-7.434	-22.152	-21.7
14.64	-7.427	-22.605	-31.5
14.65	-7.419	-22.439	-18.5
14.66	-7.410	-19.439	-2.3
14.67	-7.401	-9.455	-9.8
14.68	-7.393	10.855	8.6
14.69	-7.385	34.517	27.9
14.7	-7.377	48.098	43.8
14.71	-7.371	51.023	83.1
14.72	-7.366	51.133	98.9
14.73	-7.362	51.139	115.7
14.74	-7.359	51.139	147.3
14.75	-7.356	51.139	148.5
14.76	-7.353	51.139	160.8
14.77	-7.350	51.130	154.0
14.78	-7.347	50.963	88.2
14.79	-7.343	48.425	46.1
14.8	-7.338	39.742	-9.5
14.81	-7.333	26.036	-30.6
14.82	-7.329	11.978	-47.5
14.83	-7.324	-0.452	-80.6
14.84	-7.320	-11.111	-78.4
14.85	-7.319	-19.900	-88.8
14.86	-7.318	-26.731	-81.2
14.87	-7.316	-31.520	-52.6
14.88	-7.313	-34.322	-79.6
14.89	-7.311	-35.805	-81.3
14.9	-7.309	-36.962	-61.7
14.91	-7.307	-38.480	-73.7
14.92	-7.304	-40.594	-68.4
14.93	-7.301	-43.008	-64.3
14.94	-7.296	-45.020	-68.4
14.95	-7.291	-45.880	-76.7
14.96	-7.286	-44.991	-73.7
14.97	-7.279	-42.205	-65.1
14.98	-7.271	-37.992	-66.8
14.99	-7.264	-32.814	-58.3
15.0	-7.254	-26.880	-65.9
15.01	-7.246	-20.713	-74.9
15.02	-7.242	-14.881	-65.8
15.03	-7.243	-9.703	-62.3
15.04	-7.249	-5.386	-66.0
15.05	-7.261	-2.158	-49.4
15.06	-7.281	-0.459	-62.3
15.07	-7.309	-0.588	-58.6
15.08	-7.341	-2.530	-52.2
15.09	-7.371	-5.945	-70.2
15.1	-7.398	-9.958	-52.8
15.11	-7.421	-13.963	-62.8
15.12	-7.441	-17.991	-67.1
15.13	-7.458	-21.866	-47.2
15.14	-7.474	-25.084	-53.6
15.15	-7.491	-27.495	-58.1
15.16	-7.508	-29.478	-50.4
15.17	-7.524	-31.302	-51.3
15.18	-7.542	-32.759	-50.9
15.19	-7.560	-33.680	-23.0
15.2	-7.579	-34.198	-45.6
15.21	-7.598	-34.434	-39.6
15.22	-7.617	-34.408	-8.4
15.23	-7.636	-34.238	-25.9
15.24	-7.656	-34.006	-13.7
15.25	-7.674	-33.731	-17.4
15.26	-7.694	-33.452	-42.5
15.27	-7.712	-33.153	-39.1
15.28	-7.730	-32.702	-53.3
15.29	-7.748	-32.020	-62.2
15.3	-7.766	-31.267	-52.0
15.31	-7.784	-30.619	-49.0
15.32	-7.804	-29.934	-33.3
15.33	-7.827	-29.086	-8.6
15.34	-7.851	-28.138	-80.8
15.35	-7.871	-27.058	66.2
15.36	-7.885	-25.820	257.6
15.37	-7.897	-24.469	287.4
15.38	-7.914	-23.063	211.1
15.39	-7.936	-21.913	-49.3
15.4	-7.959	-21.434	-55.0
15.41	-7.983	-21.563	-17.3
15.42	-8.008	-21.827	-52.8
15.43	-8.028	-21.931	-30.0
15.44	-8.042	-21.822	-40.8
15.45	-8.050	-21.698	-40.9
15.46	-8.056	-21.978	-20.1
15.47	-8.063	-22.756	-11.9
15.48	-8.070	-23.789	-21.6
15.49	-8.079	-24.736	-8.5
15.5	-8.091	-24.541	-1.0
15.51	-8.106	-20.542	14.3
15.52	-8.122	-8.383	25.3
15.53	-8.139	14.142	41.8
15.54	-8.157	37.603	61.3
15.55	-8.174	49.177	83.5
15.56	-8.192	51.092	108.5
15.57	-8.210	51.133	124.1
15.58	-8.229	51.139	148.5
15.59	-8.248	51.139	172.0
15.6	-8.268	51.139	178.7
15.61	-8.287	51.136	142.0
15.62	-8.306	51.091	103.2
15.63	-8.325	49.806	75.8
15.64	-8.344	43.398	26.4
15.65	-8.363	30.525	-7.2
15.66	-8.383	15.392	-39.5
15.67	-8.402	1.498	-66.0
15.68	-8.424	-10.511	-61.0
15.69	-8.447	-20.700	-52.5
15.7	-8.471	-29.039	-70.8
15.71	-8.494	-35.325	-69.8
15.72	-8.514	-39.483	-63.3
15.73	-8.534	-41.675	-58.3
15.74	-8.555	-42.497	-59.1
15.75	-8.576	-42.961	-47.6
15.76	-8.598	-43.919	-56.2
15.77	-8.618	-45.545	-83.1
15.78	-8.639	-47.106	-41.5
15.79	-8.660	-47.428	-46.3
15.8	-8.681	-45.747	-53.7
15.81	-8.701	-42.039	-40.3
15.82	-8.721	-36.773	-51.8
15.83	-8.742	-30.509	-51.4
15.84	-8.763	-23.725	-39.9
15.85	-8.783	-16.942	-25.8
15.86	-8.800	-10.603	-48.0
15.87	-8.816	-4.950	-45.3
15.88	-8.829	-0.283	-36.7
15.89	-8.842	2.994	-50.5
15.9	-8.855	4.420	-48.4
15.91	-8.868	3.889	-25.2
15.92	-8.883	1.844	-40.9
15.93	-8.898	-1.620	-60.0
15.94	-8.914	-6.347	-36.7
15.95	-8.931	-11.531	-36.9
15.96	-8.948	-16.492	-41.7
15.97	-8.964	-20.802	-33.5
15.98	-8.981	-24.291	-30.8
15.99	-8.998	-27.131	-20.8
16.0	-9.016	-29.588	-31.7
16.01	-9.033	-31.706	-26.9
16.02	-9.051	-33.363	-3.7
16.03	-9.071	-34.509	-5.7
16.04	-9.091	-35.022	-7.2
16.05	-9.111	-34.863	-9.3
16.06	-9.129	-34.509	-19.8
16.07	-9.144	-34.363	-39.8
16.08	-9.160	-34.222	-46.6
16.09	-9.177	-33.883	-43.5
16.1	-9.194	-33.495	-27.6
16.11	-9.213	-33.131	-28.9
16.12	-9.230	-32.661	-55.1
16.13	-9.248	-32.138	-3.1
16.14	-9.268	-31.559	-8.3
16.15	-9.286	-30.702	-60.3
16.16	-9.299	-29.497	145.5
16.17	-9.309	-28.086	239.0
16.18	-9.321	-26.647	217.4
16.19	-9.337	-25.417	51.0
16.2	-9.356	-24.577	-107.3
16.21	-9.375	-24.095	-25.3
16.22	-9.393	-23.770	-19.5
16.23	-9.408	-23.333	-23.6
16.24	-9.413	-22.828	-13.5
16.25	-9.409	-22.634	-13.1
16.26	-9.398	-22.920	-10.4
16.27	-9.383	-23.552	-2.7
16.28	-9.369	-24.398	1.2
16.29	-9.358	-25.305	-1.6
16.3	-9.350	-25.958	5.7
16.31	-9.346	-25.784	29.6
16.32	-9.344	-23.239	26.3
16.33	-9.344	-15.023	41.0
16.34	-9.344	2.523	51.5
16.35	-9.344	26.614	70.9
16.36	-9.346	44.683	103.0
16.37	-9.347	50.623	128.6
16.38	-9.349	51.117	144.7
16.39	-9.354	51.139	151.6
16.4	-9.360	51.139	185.3
16.41	-9.366	51.139	157.6
16.42	-9.371	51.130	126.2
16.43	-9.375	50.703	90.3
16.44	-9.378	46.988	37.7
16.45	-9.381	36.736	22.6
16.46	-9.384	21.984	-33.8
16.47	-9.389	6.861	-50.1
16.48	-9.399	-6.970	-57.8
16.49	-9.412	-18.805	-67.1
16.5	-9.427	-28.245	-58.0
16.51	-9.438	-35.252	-59.5
16.52	-9.449	-39.994	-45.5
16.53	-9.461	-42.939	-55.9
16.54	-9.471	-44.847	-64.8
16.55	-9.479	-46.334	-58.5
16.56	-9.484	-47.761	-49.4
16.57	-9.487	-49.305	-49.3
16.58	-9.489	-50.542	-58.3
16.59	-9.490	-50.988	-46.9
16.6	-9.492	-50.223	-43.8
16.61	-9.498	-47.361	-52.4
16.62	-9.505	-42.020	-37.4
16.63	-9.512	-34.747	-27.1
16.64	-9.518	-26.467	-42.4
16.65	-9.523	-17.983	-44.0
16.66	-9.525	-9.673	-39.8
16.67	-9.525	-1.963	-31.4
16.68	-9.522	4.436	-33.5
16.69	-9.518	8.930	-55.5
16.7	-9.514	11.267	-42.5
16.71	-9.509	11.505	-44.6
16.72	-9.504	9.919	-34.7
16.73	-9.499	6.892	-40.7
16.74	-9.491	2.778	-36.8
16.75	-9.482	-2.044	-30.2
16.76	-9.471	-7.167	-30.7
16.77	-9.459	-12.377	-37.5
16.78	-9.447	-17.448	-54.1
16.79	-9.438	-21.983	-27.0
16.8	-9.430	-25.767	-24.6
16.81	-9.423	-28.863	-13.8
16.82	-9.414	-31.320	3.0
16.83	-9.401	-33.070	-11.1
16.84	-9.384	-34.156	-7.8
16.85	-9.367	-34.748	-4.0
16.86	-9.349	-34.847	-26.7
16.87	-9.333	-34.411	-32.1
16.88	-9.319	-33.600	-56.4
16.89	-9.307	-32.581	-46.5
16.9	-9.297	-31.541	-33.1
16.91	-9.287	-30.616	-56.0
16.92	-9.277	-29.708	-40.4
16.93	-9.269	-28.698	-42.0
16.94	-9.264	-27.452	-12.5
16.95	-9.257	-25.956	-74.5
16.96	-9.242	-24.553	56.0
16.97	-9.219	-23.383	217.7
16.98	-9.191	-22.167	204.1
16.99	-9.165	-20.866	130.0
17.0	-9.146	-19.875	-83.2
17.01	-9.133	-19.488	-65.4
17.02	-9.118	-19.558	-34.3
17.03	-9.099	-19.678	-49.3
17.04	-9.072	-19.727	-22.7
17.05	-9.031	-20.097	-39.0
17.06	-8.979	-20.734	-2.2
17.07	-8.921	-20.942	-17.9
17.08	-8.864	-20.738	-29.8
17.09	-8.810	-20.886	-4.7
17.1	-8.759	-21.689	-16.0
17.11	-8.711	-22.458	-9.8
17.12	-8.670	-21.353	1.0
17.13	-8.633	-15.166	23.7
17.14	-8.598	-0.428	39.7
17.15	-8.567	21.891	36.8
17.16	-8.537	41.572	74.2
17.17	-8.508	49.963	93.2
17.18	-8.479	51.122	109.0
17.19	-8.451	51.136	142.0
17.2	-8.422	51.139	150.7
17.21	-8.394	51.138	141.8
17.22	-8.370	51.131	123.0
17.23	-8.346	50.648	86.3
17.24	-8.322	46.950	44.1
17.25	-8.297	37.445	-9.4
17.26	-8.274	24.266	-47.2
17.27	-8.254	10.805	-57.5
17.28	-8.238	-1.766	-59.3
17.29	-8.224	-12.994	-76.9
17.3	-8.211	-22.669	-83.9
17.31	-8.195	-30.508	-65.4
17.32	-8.178	-36.148	-60.2
17.33	-8.161	-39.841	-85.8
17.34	-8.143	-42.375	-79.9
17.35	-8.123	-44.450	-67.3
17.36	-8.101	-46.438	-66.8
17.37	-8.081	-48.448	-64.1
17.38	-8.061	-50.098	-72.0
17.39	-8.041	-50.650	-70.1
17.4	-8.022	-49.375	-64.0
17.41	-8.004	-45.839	-52.6
17.42	-7.987	-40.264	-54.9
17.43	-7.973	-33.294	-68.5
17.44	-7.958	-25.636	-46.4
17.45	-7.942	-17.967	-52.4
17.46	-7.926	-10.852	-69.0
17.47	-7.909	-4.800	-57.6
17.48	-7.893	-0.244	-62.7
17.49	-7.876	2.602	-51.3
17.5	-7.861	3.747	-48.3
17.51	-7.848	3.253	-69.0
17.52	-7.835	1.338	-54.9
17.53	-7.823	-1.606	-58.8
17.54	-7.814	-5.294	-67.7
17.55	-7.806	-9.436	-50.1
17.56	-7.798	-13.688	-57.6
17.57	-7.789	-17.892	-67.4
17.58	-7.782	-21.881	-57.4
17.59	-7.776	-25.348	-44.4
17.6	-7.769	-28.119	-47.5
17.61	-7.764	-30.197	-54.9
17.62	-7.759	-31.667	-52.6
17.63	-7.754	-32.684	-58.6
17.64	-7.749	-33.370	-54.1
17.65	-7.745	-33.763	-66.2
17.66	-7.741	-33.839	-50.8
17.67	-7.738	-33.577	-50.4
17.68	-7.734	-33.148	-53.4
17.69	-7.729	-32.755	-34.0
17.7	-7.725	-32.305	-40.8
17.71	-7.721	-31.656	-31.9
17.72	-7.718	-30.805	-18.7
17.73	-7.716	-29.872	-28.8
17.74	-7.715	-28.986	-18.7
17.75	-7.714	-28.175	-22.6
17.76	-7.714	-27.391	-40.1
17.77	-7.713	-26.541	-55.1
17.78	-7.712	-25.620	-51.5
17.79	-7.711	-24.697	-44.5
17.8	-7.708	-23.886	-47.6
17.81	-7.704	-23.248	-57.7
17.82	-7.701	-22.736	-67.4
17.83	-7.701	-22.316	-3.9
17.84	-7.703	-21.980	-52.0
17.85	-7.701	-21.670	8.9
17.86	-7.693	-21.269	177.6
17.87	-7.683	-20.752	185.9
17.88	-7.676	-20.258	223.7
17.89	-7.674	-19.906	12.2
17.9	-7.676	-19.900	-68.3
17.91	-7.683	-20.405	-19.6
17.92	-7.689	-21.202	-65.0
17.93	-7.689	-21.953	-44.1
17.94	-7.682	-22.378	-49.0
17.95	-7.673	-22.339	-32.8
17.96	-7.665	-22.100	-32.2
17.97	-7.658	-22.075	-40.7
17.98	-7.651	-22.359	-31.6
17.99	-7.643	-22.439	-15.3
18.0	-7.635	-20.648	-8.7
18.01	-7.628	-13.428	-5.8
18.02	-7.623	3.481	12.9
18.03	-7.621	27.375	23.2
18.04	-7.617	45.120	43.5
18.05	-7.612	50.711	61.7
18.06	-7.607	51.119	86.4
18.07	-7.604	51.139	109.3
18.08	-7.601	51.139	138.5
18.09	-7.599	51.139	161.8
18.1	-7.599	51.139	162.8
18.11	-7.598	51.130	152.1
18.12	-7.598	50.709	126.8
18.13	-7.598	47.130	80.9
18.14	-7.598	37.597	27.5
18.15	-7.598	24.563	-17.1
18.16	-7.597	11.897	-49.1
18.17	-7.597	0.728	-67.7
18.18	-7.598	-8.652	-76.2
18.19	-7.601	-16.117	-79.5
18.2	-7.603	-21.675	-77.3
18.21	-7.606	-25.392	-84.9
18.22	-7.608	-27.488	-78.9
18.23	-7.613	-28.288	-73.5
18.24	-7.619	-28.398	-65.5
18.25	-7.622	-28.786	-71.8
18.26	-7.622	-30.106	-62.8
18.27	-7.621	-32.183	-55.9
18.28	-7.619	-34.339	-79.4
18.29	-7.619	-35.755	-70.5
18.3	-7.619	-35.820	-62.5
18.31	-7.619	-34.350	-65.0
18.32	-7.619	-31.427	-64.2
18.33	-7.618	-27.411	-71.6
18.34	-7.619	-22.855	-62.2
18.35	-7.619	-18.047	-56.9
18.36	-7.619	-13.133	-64.7
18.37	-7.618	-8.494	-64.6
18.38	-7.616	-4.553	-59.5
18.39	-7.614	-1.638	-68.5
18.4	-7.612	-0.041	-56.5
18.41	-7.611	0.133	-57.5
18.42	-7.610	-1.002	-59.4
18.43	-7.607	-3.288	-55.4
18.44	-7.604	-6.489	-67.1
18.45	-7.603	-10.203	-59.1
18.46	-7.600	-14.041	-50.4
18.47	-7.596	-17.739	-52.7
18.48	-7.593	-21.030	-57.1
18.49	-7.590	-23.784	-64.6
18.5	-7.589	-26.159	-58.3
18.51	-7.588	-28.228	-64.0
18.52	-7.587	-29.880	-48.7
18.53	-7.588	-31.064	-34.3
18.54	-7.589	-31.758	-53.2
18.55	-7.591	-32.005	-54.4
18.56	-7.595	-31.967	-47.0
18.57	-7.600	-31.711	-50.2
18.58	-7.605	-31.269	-32.2
18.59	-7.610	-30.811	-44.7
18.6	-7.614	-30.391	-41.3
18.61	-7.616	-29.966	-46.4
18.62	-7.617	-29.598	-37.5
18.63	-7.617	-29.163	-17.9
18.64	-7.619	-28.519	-38.4
18.65	-7.621	-27.825	-28.3
18.66	-7.624	-27.209	-7.9
18.67	-7.631	-26.788	-13.5
18.68	-7.641	-26.667	-1.3
18.69	-7.653	-26.691	8.7
18.7	-7.669	-26.648	-28.7
18.71	-7.688	-26.453	-40.3
18.72	-7.708	-26.033	-48.5
18.73	-7.730	-25.388	-64.6
18.74	-7.754	-24.758	-38.8
18.75	-7.778	-24.316	-45.2
18.76	-7.803	-24.036	-58.2
18.77	-7.826	-23.888	-26.8
18.78	-7.848	-23.634	-10.3
18.79	-7.868	-23.014	-79.0
18.8	-7.883	-22.209	147.0
18.81	-7.895	-21.494	305.3
18.82	-7.908	-20.834	347.5
18.83	-7.926	-20.188	246.5
18.84	-7.947	-19.773	-82.4
18.85	-7.969	-19.983	-61.9
18.86	-7.994	-20.933	-26.6
18.87	-8.018	-22.198	-57.7
18.88	-8.038	-23.189	-34.0
18.89	-8.051	-23.772	-41.3
18.9	-8.058	-24.184	-35.8
18.91	-8.061	-24.598	-27.4
18.92	-8.062	-25.192	-22.5
18.93	-8.064	-25.953	-23.9
18.94	-8.068	-26.108	-21.4
18.95	-8.073	-23.841	-5.2
18.96	-8.080	-15.686	3.9
18.97	-8.088	2.559	22.9
18.98	-8.097	27.603	57.9
18.99	-8.105	45.500	51.3
19.0	-8.113	50.797	72.4
19.01	-8.120	51.122	111.1
19.02	-8.128	51.139	146.8
19.03	-8.137	51.139	176.7
19.04	-8.148	51.139	177.0
19.05	-8.159	51.138	181.5
19.06	-8.169	51.130	173.2
19.07	-8.179	50.569	120.1
19.08	-8.187	46.359	66.5
19.09	-8.194	35.813	17.9
19.1	-8.199	21.761	-21.6
19.11	-8.202	8.227	-51.9
19.12	-8.202	-3.714	-61.1
19.13	-8.202	-13.798	-65.4
19.14	-8.203	-21.761	-82.1
19.15	-8.203	-27.619	-76.6
19.16	-8.201	-31.534	-70.3
19.17	-8.197	-33.688	-82.4
19.18	-8.195	-34.358	-74.1
19.19	-8.194	-34.177	-60.3
19.2	-8.194	-34.098	-66.4
19.21	-8.193	-34.841	-60.6
19.22	-8.192	-36.391	-37.5
19.23	-8.193	-38.072	-65.3
19.24	-8.196	-39.014	-57.7
19.25	-8.201	-38.570	-55.2
19.26	-8.209	-36.495	-66.3
19.27	-8.219	-32.936	-54.6
19.28	-8.229	-28.272	-51.2
19.29	-8.241	-22.916	-51.9
19.3	-8.253	-17.291	-42.7
19.31	-8.266	-11.847	-46.6
19.32	-8.278	-7.067	-53.8
19.33	-8.290	-3.191	-48.4
19.34	-8.302	-0.225	-33.6
19.35	-8.314	1.477	-61.6
19.36	-8.326	1.567	-40.0
19.37	-8.339	0.261	-46.0
19.38	-8.353	-2.219	-56.0
19.39	-8.367	-5.627	-37.5
19.4	-8.382	-9.497	-51.4
19.41	-8.395	-13.500	-38.9
19.42	-8.408	-17.381	-59.2
19.43	-8.421	-20.953	-41.7
19.44	-8.433	-24.166	-35.0
19.45	-8.445	-26.953	-59.9
19.46	-8.459	-29.239	-33.3
19.47	-8.473	-31.005	-39.5
19.48	-8.488	-32.345	-32.3
19.49	-8.503	-33.319	-4.4
19.5	-8.519	-33.900	-0.6
19.51	-8.535	-34.217	-18.1
19.52	-8.551	-34.330	5.9
19.53	-8.568	-34.083	-13.3
19.54	-8.583	-33.513	-30.7
19.55	-8.597	-32.820	-34.7
19.56	-8.611	-32.142	-63.6
19.57	-8.623	-31.573	-33.8
19.58	-8.634	-31.097	-33.5
19.59	-8.645	-30.633	-42.4
19.6	-8.657	-30.061	-42.8
19.61	-8.671	-29.306	-31.9
19.62	-8.689	-28.386	-9.3
19.63	-8.707	-27.330	-69.5
19.64	-8.721	-26.198	131.2
19.65	-8.729	-25.030	238.5
19.66	-8.738	-23.902	213.1
19.67	-8.752	-22.981	95.0
19.68	-8.768	-22.398	-91.3
19.69	-8.784	-22.192	-32.5
19.7	-8.802	-22.147	-26.9
19.71	-8.819	-21.995	-41.2
19.72	-8.832	-21.838	-26.6
19.73	-8.838	-21.959	-29.4
19.74	-8.836	-22.409	-16.9
19.75	-8.832	-22.984	-6.2
19.76	-8.831	-23.602	-8.5
19.77	-8.831	-24.317	-4.8
19.78	-8.834	-24.947	5.2
19.79	-8.838	-24.839	8.9
19.8	-8.844	-22.419	36.5
19.81	-8.849	-14.433	30.4
19.82	-8.854	2.889	44.4
19.83	-8.859	26.873	66.7
19.84	-8.864	44.838	92.7
19.85	-8.870	50.659	124.7
19.86	-8.877	51.117	142.1
19.87	-8.885	51.139	165.1
19.88	-8.894	51.139	186.4
19.89	-8.904	51.139	173.0
19.9	-8.915	51.136	152.7
19.91	-8.926	51.063	108.2
19.92	-8.935	49.423	47.4
19.93	-8.943	42.302	2.6
19.94	-8.949	28.981	-21.5
19.95	-8.956	13.792	-47.3
19.96	-8.965	-0.284	-56.9
19.97	-8.976	-12.708	-52.9
19.98	-8.988	-23.178	-57.5
19.99	-8.998	-31.392	-60.6
20.0	-9.005	-37.267	-63.0
20.01	-9.011	-40.877	-64.1
20.02	-9.019	-42.581	-48.1
20.03	-9.027	-43.259	-59.8
20.04	-9.035	-43.870	-58.4
20.05	-9.042	-44.948	-66.5
20.06	-9.047	-46.514	-64.6
20.07	-9.053	-47.928	-62.4
20.08	-9.059	-48.153	-51.5
20.09	-9.064	-46.508	-44.8
20.1	-9.071	-42.883	-54.5
20.11	-9.079	-37.547	-47.1
20.12	-9.088	-30.914	-41.4
20.13	-9.096	-23.367	-44.5
20.14	-9.103	-15.458	-49.1
20.15	-9.109	-7.898	-52.6
20.16	-9.115	-1.195	-45.1
20.17	-9.121	4.330	-42.3
20.18	-9.127	8.244	-36.0
20.19	-9.133	10.158	-49.5
20.2	-9.138	10.022	-48.8
20.21	-9.143	8.028	-42.3
20.22	-9.149	4.445	-53.1
20.23	-9.156	-0.158	-49.7
20.24	-9.163	-5.175	-47.8
20.25	-9.170	-10.319	-49.2
20.26	-9.178	-15.253	-44.1
20.27	-9.187	-19.703	-44.5
20.28	-9.196	-23.691	-39.0
20.29	-9.205	-27.184	-27.8
20.3	-9.213	-29.989	-2.1
20.31	-9.218	-32.048	-19.7
20.32	-9.223	-33.480	-28.2
20.33	-9.227	-34.388	-16.7
20.34	-9.230	-34.781	-15.0
20.35	-9.232	-34.670	-11.8
20.36	-9.235	-34.236	-30.8
20.37	-9.238	-33.623	-56.4
20.38	-9.238	-32.811	-42.6
20.39	-9.236	-31.958	-48.5
20.4	-9.234	-31.263	-53.6
20.41	-9.229	-30.650	-37.1
20.42	-9.224	-29.916	-57.4
20.43	-9.221	-28.964	-18.0
20.44	-9.218	-27.841	-26.5
20.45	-9.211	-26.608	-26.6
20.46	-9.196	-25.289	185.1
20.47	-9.177	-23.939	207.7
20.48	-9.159	-22.659	141.6
20.49	-9.149	-21.564	-35.2
20.5	-9.147	-20.825	-89.1
20.51	-9.145	-20.458	-1.9
20.52	-9.139	-20.161	-34.6
20.53	-9.123	-19.798	-21.3
20.54	-9.095	-19.639	-22.4
20.55	-9.056	-19.914	-23.1
20.56	-9.010	-20.498	-20.7
20.57	-8.966	-21.172	-18.9
20.58	-8.928	-21.883	4.8
20.59	-8.894	-22.728	-9.7
20.6	-8.866	-23.570	5.9
20.61	-8.842	-23.623	13.5
20.62	-8.821	-21.203	11.2
20.63	-8.802	-13.169	51.8
20.64	-8.782	4.061	62.4
20.65	-8.759	27.627	76.0
20.66	-8.733	45.083	105.5
20.67	-8.706	50.683	112.6
20.68	-8.676	51.119	164.0
20.69	-8.648	51.139	164.5
20.7	-8.619	51.139	152.6
20.71	-8.590	51.139	156.7
20.72	-8.561	51.130	110.0
20.73	-8.534	50.927	58.5
20.74	-8.506	48.291	22.3
20.75	-8.479	39.500	-11.3
20.76	-8.454	25.453	-41.8
20.77	-8.433	10.603	-65.8
20.78	-8.413	-3.014	-64.6
20.79	-8.393	-15.239	-72.3
20.8	-8.373	-25.869	-77.5
20.81	-8.350	-34.502	-79.4
20.82	-8.327	-40.986	-75.0
20.83	-8.304	-45.447	-64.0
20.84	-8.279	-48.322	-52.2
20.85	-8.254	-50.125	-86.0
20.86	-8.228	-50.961	-70.8
20.87	-8.203	-51.134	-58.2
20.88	-8.177	-51.139	-61.3
20.89	-8.152	-51.125	-56.8
20.9	-8.131	-50.677	-68.1
20.91	-8.111	-48.208	-54.6
20.92	-8.094	-42.544	-49.2
20.93	-8.079	-34.553	-52.0
20.94	-8.063	-25.691	-46.1
20.95	-8.048	-16.847	-54.7
20.96	-8.033	-8.722	-61.0
20.97	-8.020	-1.989	-62.2
20.98	-8.008	2.977	-50.8
20.99	-7.995	5.983	-62.7
21.0	-7.984	6.928	-58.3
21.01	-7.975	6.023	-52.1
21.02	-7.967	3.736	-62.1
21.03	-7.959	0.541	-67.8
21.04	-7.952	-3.178	-64.2
21.05	-7.944	-7.092	-58.2
21.06	-7.938	-11.047	-67.3
21.07	-7.931	-15.000	-68.1
21.08	-7.926	-18.808	-51.5
21.09	-7.922	-22.341	-60.1
21.1	-7.918	-25.520	-52.5
21.11	-7.913	-28.184	-49.3
21.12	-7.909	-30.245	-56.3
21.13	-7.904	-31.822	-66.5
21.14	-7.900	-33.041	-62.8
21.15	-7.898	-33.891	-49.6
21.16	-7.895	-34.373	-47.2
21.17	-7.893	-34.609	-46.9
21.18	-7.889	-34.688	-44.5
21.19	-7.885	-34.608	-53.6
21.2	-7.882	-34.359	-31.2
21.21	-7.879	-33.872	-28.5
21.22	-7.878	-33.103	-14.4
21.23	-7.878	-32.236	-4.0
21.24	-7.877	-31.497	-16.4
21.25	-7.877	-30.773	-30.0
21.26	-7.876	-29.903	-43.5
21.27	-7.876	-28.936	-47.0
21.28	-7.876	-27.995	-47.9
21.29	-7.874	-27.259	-58.7
21.3	-7.871	-26.788	-41.6
21.31	-7.868	-26.472	-64.2
21.32	-7.866	-26.173	-40.6
21.33	-7.867	-25.736	-18.8
21.34	-7.866	-25.119	-50.5
21.35	-7.859	-24.327	126.0
21.36	-7.848	-23.306	174.0
21.37	-7.839	-22.170	191.6
21.38	-7.836	-21.202	102.3
21.39	-7.834	-20.670	-89.1
21.4	-7.835	-20.780	-34.8
21.41	-7.838	-21.402	-43.4
21.42	-7.837	-22.098	-50.7
21.43	-7.830	-22.564	-48.1
21.44	-7.819	-22.647	-38.4
21.45	-7.808	-22.505	-29.8
21.46	-7.798	-22.645	-33.5
21.47	-7.789	-23.305	-48.5
21.48	-7.778	-24.175	-27.1
21.49	-7.768	-24.236	-5.3
21.5	-7.758	-21.073	-6.0
21.51	-7.749	-10.297	1.9
21.52	-7.740	11.380	23.9
21.53	-7.732	35.644	30.4
21.54	-7.726	48.609	50.2
21.55	-7.721	51.058	70.9
21.56	-7.717	51.131	98.3
21.57	-7.713	51.139	126.9
21.58	-7.710	51.139	147.7
21.59	-7.708	51.139	161.8
21.6	-7.707	51.139	150.8
21.61	-7.705	51.130	118.3
21.62	-7.703	50.802	91.3
21.63	-7.702	47.552	20.3
21.64	-7.702	38.156	-9.8
21.65	-7.701	24.641	-20.4
21.66	-7.700	11.234	-58.9
21.67	-7.699	-0.573	-62.0
21.68	-7.701	-10.644	-70.0
21.69	-7.704	-19.089	-89.7
21.7	-7.706	-25.839	-73.5
21.71	-7.706	-30.744	-75.4
21.72	-7.705	-33.852	-78.6
21.73	-7.706	-35.469	-64.4
21.74	-7.707	-36.316	-64.4
21.75	-7.708	-37.422	-80.9
21.76	-7.707	-39.386	-61.4
21.77	-7.706	-41.761	-63.0
21.78	-7.706	-43.633	-62.9
21.79	-7.707	-44.267	-55.6
21.8	-7.708	-43.192	-56.0
21.81	-7.710	-40.328	-65.0
21.82	-7.711	-35.828	-51.8
21.83	-7.711	-30.125	-59.9
21.84	-7.713	-23.955	-64.5
21.85	-7.714	-17.852	-50.9
21.86	-7.716	-12.077	-61.5
21.87	-7.716	-6.892	-58.3
21.88	-7.716	-2.620	-56.0
21.89	-7.716	0.383	-51.2
21.9	-7.715	1.842	-50.5
21.91	-7.714	1.659	-53.3
21.92	-7.713	-0.039	-60.6
21.93	-7.712	-2.972	-65.2
21.94	-7.711	-6.725	-57.7
21.95	-7.708	-10.786	-54.3
21.96	-7.704	-14.831	-42.8
21.97	-7.701	-18.664	-50.4
21.98	-7.699	-22.113	-61.0
21.99	-7.699	-25.241	-59.0
22.0	-7.699	-28.030	-41.7
22.01	-7.699	-30.269	-43.8
22.02	-7.699	-31.966	-44.3
22.03	-7.700	-33.264	-64.5
22.04	-7.701	-34.219	-41.2
22.05	-7.700	-34.853	-49.6
22.06	-7.699	-35.180	-59.2
22.07	-7.697	-35.108	-41.6
22.08	-7.695	-34.667	-31.0
22.09	-7.692	-34.073	-19.0
22.1	-7.692	-33.483	-18.7
22.11	-7.697	-32.952	-12.0
22.12	-7.706	-32.423	-13.1
22.13	-7.711	-31.855	-35.5
22.14	-7.713	-31.288	-51.8
22.15	-7.715	-30.705	-58.2
22.16	-7.718	-30.100	-47.3
22.17	-7.721	-29.566	-57.6
22.18	-7.724	-29.144	-49.2
22.19	-7.727	-28.664	-64.6
22.2	-7.732	-27.997	-23.7
22.21	-7.738	-27.291	-34.8
22.22	-7.743	-26.608	-32.7
22.23	-7.740	-25.795	163.1
22.24	-7.732	-24.864	235.8
22.25	-7.726	-23.841	283.8
22.26	-7.726	-22.780	78.5
22.27	-7.730	-22.113	-103.6
22.28	-7.739	-22.220	-22.4
22.29	-7.755	-22.828	-49.0
22.3	-7.769	-23.313	-30.7
22.31	-7.778	-23.450	-48.3
22.32	-7.780	-23.427	-45.2
22.33	-7.777	-23.347	-31.0
22.34	-7.773	-23.353	-37.1
22.35	-7.768	-23.716	-19.4
22.36	-7.763	-24.355	-17.1
22.37	-7.758	-24.486	-14.1
22.38	-7.756	-22.098	3.3
22.39	-7.757	-13.194	30.2
22.4	-7.762	6.223	24.5
22.41	-7.769	30.938	18.0
22.42	-7.779	46.861	81.8
22.43	-7.793	50.934	87.0
22.44	-7.810	51.128	106.8
22.45	-7.828	51.139	143.3
22.46	-7.848	51.139	167.7
22.47	-7.869	51.139	178.8
22.48	-7.891	51.139	182.8
22.49	-7.914	51.131	137.5
22.5	-7.938	50.975	86.1
22.51	-7.961	48.538	44.3
22.52	-7.987	40.009	6.7
22.53	-8.013	26.313	-36.9
22.54	-8.039	11.959	-72.3
22.55	-8.064	-1.181	-67.7
22.56	-8.092	-12.891	-80.0
22.57	-8.119	-22.825	-82.6
22.58	-8.146	-30.678	-68.3
22.59	-8.172	-36.281	-69.7
22.6	-8.197	-39.683	-78.7
22.61	-8.224	-41.378	-68.9
22.62	-8.250	-42.334	-57.6
22.63	-8.276	-43.486	-61.3
22.64	-8.301	-45.148	-64.6
22.65	-8.327	-47.055	-81.1
22.66	-8.351	-48.430	-52.1
22.67	-8.376	-48.281	-58.9
22.68	-8.401	-46.114	-60.7
22.69	-8.426	-42.034	-57.0
22.7	-8.451	-36.397	-61.3
22.71	-8.473	-29.675	-48.0
22.72	-8.496	-22.472	-48.9
22.73	-8.516	-15.395	-55.8
22.74	-8.534	-8.902	-60.1
22.75	-8.551	-3.316	-61.5
22.76	-8.565	1.078	-40.0
22.77	-8.579	4.067	-53.6
22.78	-8.596	5.423	-41.6
22.79	-8.613	5.069	-49.6
22.8	-8.630	3.264	-65.7
22.81	-8.649	0.269	-45.3
22.82	-8.667	-3.644	-40.9
22.83	-8.685	-8.084	-41.4
22.84	-8.703	-12.813	-48.4
22.85	-8.718	-17.567	-49.8
22.86	-8.734	-21.998	-43.8
22.87	-8.749	-25.928	-43.9
22.88	-8.765	-29.298	-44.8
22.89	-8.782	-32.030	-56.6
22.9	-8.800	-34.087	-21.4
22.91	-8.818	-35.619	-30.9
22.92	-8.837	-36.738	-33.3
22.93	-8.855	-37.375	-9.0
22.94	-8.873	-37.561	-14.7
22.95	-8.890	-37.419	-12.5
22.96	-8.907	-36.964	-7.6
22.97	-8.923	-36.241	-12.2
22.98	-8.939	-35.473	-23.0
22.99	-8.956	-34.827	-40.3
23.0	-8.974	-34.138	-58.1
23.01	-8.993	-33.284	-53.9
23.02	-9.013	-32.341	-28.0
23.03	-9.032	-31.217	-32.7
23.04	-9.051	-29.906	-33.6
23.05	-9.072	-28.652	9.2
23.06	-9.093	-27.675	-53.5
23.07	-9.111	-27.050	18.7
23.08	-9.124	-26.488	216.1
23.09	-9.134	-25.467	217.9
23.1	-9.148	-23.813	174.0
23.11	-9.167	-21.870	-42.5
23.12	-9.189	-20.442	-67.6
23.13	-9.213	-20.227	-17.9
23.14	-9.239	-21.053	-51.6
23.15	-9.262	-22.102	-8.0
23.16	-9.279	-22.831	-16.7
23.17	-9.287	-23.363	-18.0
23.18	-9.289	-23.908	-9.8
23.19	-9.291	-24.431	-11.9
23.2	-9.294	-25.009	-5.8
23.21	-9.299	-25.755	-12.5
23.22	-9.308	-26.391	-0.1
23.23	-9.318	-25.953	17.3
23.24	-9.330	-22.008	29.4
23.25	-9.342	-10.105	42.3
23.26	-9.354	12.533	70.4
23.27	-9.366	36.705	78.8
23.28	-9.380	48.961	101.5
23.29	-9.394	51.081	126.0
23.3	-9.408	51.133	148.9
23.31	-9.421	51.139	167.8
23.32	-9.433	51.139	170.2
23.33	-9.444	51.139	146.6
23.34	-9.454	51.136	132.3
23.35	-9.463	51.073	84.4
23.36	-9.474	49.505	22.3
23.37	-9.486	42.308	0.2
23.38	-9.499	28.459	-40.1
23.39	-9.516	12.525	-61.1
23.4	-9.536	-2.184	-50.8
23.41	-9.559	-15.136	-68.5
23.42	-9.580	-26.125	-66.1
23.43	-9.598	-34.798	-43.1
23.44	-9.617	-41.013	-42.0
23.45	-9.639	-45.238	-75.2
23.46	-9.661	-48.216	-56.9
23.47	-9.682	-50.183	-40.9
23.48	-9.702	-51.006	-68.7
23.49	-9.722	-51.138	-61.7
23.5	-9.742	-51.141	-37.5
23.51	-9.762	-51.138	-32.0
23.52	-9.784	-51.080	-49.2
23.53	-9.808	-50.078	-53.8
23.54	-9.834	-46.122	-40.8
23.55	-9.862	-38.617	-45.8
23.56	-9.889	-29.242	-40.6
23.57	-9.916	-19.503	-41.6
23.58	-9.942	-10.050	-30.1
23.59	-9.970	-1.255	-39.5
23.6	-9.999	6.367	-44.8
23.61	-10.028	12.156	-32.3
23.62	-10.053	15.613	-50.0
23.63	-10.078	16.600	-61.5
23.64	-10.103	15.341	-26.0
23.65	-10.130	12.242	-41.5
23.66	-10.158	7.781	-35.6
23.67	-10.184	2.441	-35.2
23.68	-10.211	-3.295	-36.5
23.69	-10.237	-8.945	-31.7
23.7	-10.266	-14.289	-42.2
23.71	-10.297	-19.298	-28.4
23.72	-10.326	-24.105	-9.9
23.73	-10.349	-28.561	-12.0
23.74	-10.371	-31.889	-11.5
23.75	-10.394	-33.805	-6.4
23.76	-10.419	-34.966	-24.5
23.77	-10.444	-35.909	-35.4
23.78	-10.467	-36.630	-28.9
23.79	-10.486	-37.041	-35.3
23.8	-10.504	-37.031	-45.8
23.81	-10.523	-36.608	-60.9
23.82	-10.541	-35.894	-26.1
23.83	-10.559	-34.923	-47.5
23.84	-10.581	-33.813	-21.7
23.85	-10.603	-32.686	-39.5
23.86	-10.623	-31.470	-28.2
23.87	-10.636	-29.972	164.6
23.88	-10.647	-28.180	197.4
23.89	-10.657	-26.367	134.5
23.9	-10.671	-24.841	-35.0
23.91	-10.687	-23.816	-91.8
23.92	-10.703	-23.180	-17.6
23.93	-10.716	-22.491	-31.4
23.94	-10.725	-21.692	-28.5
23.95	-10.724	-21.036	-23.3
23.96	-10.709	-20.566	-8.7
23.97	-10.683	-20.391	-31.4
23.98	-10.653	-20.719	-18.4
23.99	-10.626	-21.486	1.5
24.0	-10.603	-22.500	-10.3
24.01	-10.579	-23.545	-5.9
24.02	-10.555	-24.220	31.8
24.03	-10.532	-23.578	22.5
24.04	-10.509	-19.258	45.5
24.05	-10.486	-7.434	48.9
24.06	-10.462	13.913	50.0
24.07	-10.433	36.714	103.2
24.08	-10.401	48.755	109.1
24.09	-10.366	51.059	151.0
24.1	-10.331	51.131	160.9
24.11	-10.299	51.139	148.6
24.12	-10.270	51.139	159.1
24.13	-10.242	51.139	96.0
24.14	-10.213	51.130	60.4
24.15	-10.181	50.756	15.3
24.16	-10.149	47.198	-7.4
24.17	-10.118	36.953	-38.7
24.18	-10.096	21.994	-62.7
24.19	-10.080	6.830	-65.2
24.2	-10.064	-6.919	-67.9
24.21	-10.042	-18.897	-68.2
24.22	-10.014	-28.769	-68.4
24.23	-9.983	-36.498	-64.3
24.24	-9.948	-42.555	-55.0
24.25	-9.906	-47.269	-73.2
24.26	-9.857	-50.108	-73.8
24.27	-9.806	-51.038	-61.1
24.28	-9.753	-51.139	-62.4
24.29	-9.699	-51.141	-53.5
24.3	-9.648	-51.138	-43.9
24.31	-9.599	-51.070	-55.1
24.32	-9.556	-49.819	-32.9
24.33	-9.517	-44.975	-51.3
24.34	-9.482	-36.266	-53.7
24.35	-9.449	-25.827	-38.9
24.36	-9.416	-15.094	-43.7
24.37	-9.382	-4.870	-44.5
24.38	-9.347	3.836	-45.4
24.39	-9.312	10.208	-49.2
24.4	-9.276	14.063	-58.7
24.41	-9.240	15.711	-52.4
24.42	-9.205	15.205	-44.3
24.43	-9.171	12.431	-48.7
24.44	-9.136	8.242	-57.5
24.45	-9.103	3.795	-59.3
24.46	-9.072	-0.839	-26.3
24.47	-9.044	-6.036	-47.9
24.48	-9.017	-11.569	-62.7
24.49	-8.992	-16.900	-40.3
24.5	-8.968	-21.638	-22.5
24.51	-8.944	-25.541	-16.8
24.52	-8.922	-28.783	-31.9
24.53	-8.901	-31.698	-28.7
24.54	-8.881	-34.264	-3.2
24.55	-8.860	-36.217	-39.4
24.56	-8.839	-37.480	-57.9
24.57	-8.817	-38.147	-54.8
24.58	-8.794	-38.278	-65.1
24.59	-8.769	-38.044	-59.1
24.6	-8.744	-37.653	-34.9
24.61	-8.718	-37.044	-56.7
24.62	-8.695	-36.172	-38.7
24.63	-8.674	-35.130	-42.4
24.64	-8.653	-33.805	-63.0
24.65	-8.627	-32.113	140.4
24.66	-8.599	-30.203	216.8
24.67	-8.569	-28.153	180.6
24.68	-8.542	-26.039	22.5
24.69	-8.520	-24.155	-99.0
24.7	-8.503	-22.970	-33.4
24.71	-8.489	-22.686	-58.3
24.72	-8.472	-22.903	-37.6
24.73	-8.448	-23.172	-50.9
24.74	-8.418	-23.373	-41.3
24.75	-8.383	-23.509	-37.1
24.76	-8.349	-23.677	-38.9
24.77	-8.316	-24.058	-18.0
24.78	-8.284	-24.566	-26.6
24.79	-8.251	-24.666	-22.8
24.8	-8.219	-23.072	-7.0
24.81	-8.188	-16.872	3.2
24.82	-8.160	-1.695	19.3
24.83	-8.131	22.184	17.7
24.84	-8.104	42.563	47.4
24.85	-8.078	50.295	69.0
24.86	-8.055	51.117	83.8
24.87	-8.034	51.139	108.5
24.88	-8.016	51.139	124.4
24.89	-8.001	51.139	142.8
24.9	-7.987	51.139	135.8
24.91	-7.974	51.136	100.7
24.92	-7.960	51.108	76.3
24.93	-7.946	50.078	18.0
24.94	-7.933	44.147	-30.2
24.95	-7.920	31.380	-48.5
24.96	-7.908	15.944	-58.5
24.97	-7.899	1.709	-81.3
24.98	-7.893	-10.631	-75.1
24.99	-7.885	-21.011	-72.3
25.0	-7.876	-29.358	-81.9
25.01	-7.867	-35.388	-71.6
25.02	-7.857	-39.192	-50.3
25.03	-7.848	-41.794	-86.6
25.04	-7.836	-44.161	-76.5
25.05	-7.825	-46.711	-61.8
25.06	-7.814	-49.197	-85.4
25.07	-7.806	-50.719	-72.9
25.08	-7.801	-51.117	-70.0
25.09	-7.796	-51.078	-60.2
25.1	-7.792	-50.141	-50.2
25.11	-7.787	-46.584	-58.7
25.12	-7.781	-40.100	-50.1
25.13	-7.775	-32.175	-60.1
25.14	-7.771	-24.125	-57.2
25.15	-7.768	-16.545	-47.9
25.16	-7.764	-9.813	-58.5
25.17	-7.759	-4.313	-59.7
25.18	-7.755	-0.227	-50.4
25.19	-7.750	2.244	-63.5
25.2	-7.745	2.889	-56.6
25.21	-7.741	1.816	-55.4
25.22	-7.734	-0.713	-57.6
25.23	-7.729	-4.253	-38.4
25.24	-7.724	-8.289	-45.8
25.25	-7.720	-12.609	-59.0
25.26	-7.714	-17.070	-59.0
25.27	-7.708	-21.309	-58.4
25.28	-7.701	-25.066	-41.6
25.29	-7.695	-28.266	-51.3
25.3	-7.689	-30.914	-40.6
25.31	-7.681	-33.070	-37.3
25.32	-7.674	-34.745	-47.5
25.33	-7.668	-35.883	-38.2
25.34	-7.663	-36.480	-16.3
25.35	-7.657	-36.633	-17.9
25.36	-7.654	-36.520	-28.9
25.37	-7.651	-36.334	-17.0
25.38	-7.648	-36.192	-27.1
25.39	-7.643	-36.019	-75.2
25.4	-7.639	-35.727	-58.7
25.41	-7.634	-35.377	-44.6
25.42	-7.629	-34.922	-52.7
25.43	-7.624	-34.292	-60.1
25.44	-7.620	-33.553	-45.7
25.45	-7.618	-32.703	-17.7
25.46	-7.617	-31.763	-68.8
25.47	-7.613	-30.831	103.3
25.48	-7.604	-29.869	223.4
25.49	-7.593	-28.697	235.0
25.5	-7.586	-27.292	160.4
25.51	-7.583	-25.997	-83.8
25.52	-7.583	-25.300	-48.2
25.53	-7.586	-25.273	-30.0
25.54	-7.589	-25.563	-53.2
25.55	-7.587	-25.808	-45.9
25.56	-7.579	-25.764	-41.0
25.57	-7.570	-25.380	-37.6
25.58	-7.563	-25.023	-36.3
25.59	-7.556	-25.114	-26.9
25.6	-7.548	-25.500	-19.1
25.61	-7.536	-25.303	-14.0
25.62	-7.523	-22.402	6.1
25.63	-7.511	-12.633	3.5
25.64	-7.501	7.909	12.8
25.65	-7.493	32.769	35.8
25.66	-7.488	47.620	46.7
25.67	-7.482	50.998	91.1
25.68	-7.475	51.133	115.2
25.69	-7.469	51.139	128.4
25.7	-7.464	51.139	167.4
25.71	-7.459	51.139	169.3
25.72	-7.454	51.139	176.5
25.73	-7.451	51.136	159.0
25.74	-7.447	51.072	120.4
25.75	-7.442	49.484	39.6
25.76	-7.439	42.400	-7.9
25.77	-7.437	29.248	-23.9
25.78	-7.434	14.473	-60.4
25.79	-7.429	0.923	-73.6
25.8	-7.425	-10.728	-78.5
25.81	-7.423	-20.033	-73.6
25.82	-7.422	-26.961	-64.2
25.83	-7.420	-31.936	-85.8
25.84	-7.419	-35.525	-79.4
25.85	-7.419	-38.108	-61.9
25.86	-7.419	-40.223	-79.2
25.87	-7.420	-42.636	-71.3
25.88	-7.419	-45.611	-52.7
25.89	-7.418	-48.572	-80.9
25.9	-7.417	-50.473	-61.7
25.91	-7.416	-50.994	-37.0
25.92	-7.414	-50.155	-63.0
25.93	-7.414	-47.208	-52.7
25.94	-7.414	-42.109	-54.8
25.95	-7.416	-35.775	-83.7
25.96	-7.419	-28.909	-65.5
25.97	-7.423	-21.989	-50.9
25.98	-7.430	-15.388	-58.2
25.99	-7.439	-9.456	-61.0
26.0	-7.451	-4.591	-60.2
26.01	-7.467	-1.028	-59.2
26.02	-7.487	1.159	-44.7
26.03	-7.511	2.011	-64.2
26.04	-7.536	1.559	-50.1
26.05	-7.561	-0.294	-50.1
26.06	-7.585	-3.423	-59.0
26.07	-7.607	-7.270	-59.7
26.08	-7.627	-11.239	-56.0
26.09	-7.646	-15.006	-59.9
26.1	-7.663	-18.131	-56.9
26.11	-7.678	-20.130	-39.1
26.12	-7.696	-21.563	-39.5
26.13	-7.714	-23.647	-58.3
26.14	-7.734	-26.597	-51.9
26.15	-7.756	-29.697	-41.8
26.16	-7.779	-32.623	-46.5
26.17	-7.804	-34.988	-55.0
26.18	-7.834	-36.000	-43.6
26.19	-7.867	-35.870	-19.0
26.2	-7.904	-35.378	-11.5
26.21	-7.943	-34.722	-24.4
26.22	-7.983	-33.856	-22.8
26.23	-8.023	-32.767	5.3
26.24	-8.061	-31.177	-0.7
26.25	-8.094	-28.423	-68.3
26.26	-8.124	-24.219	-69.4
26.27	-8.151	-18.902	-59.0
26.28	-8.177	-12.870	-69.7
26.29	-8.203	-6.844	-39.4
26.3	-8.230	-1.747	-54.1
26.31	-8.262	2.170	-0.7
26.32	-8.298	4.789	-42.8
26.33	-8.333	5.894	-28.8
26.34	-8.362	5.795	232.9
26.35	-8.387	4.791	287.0
26.36	-8.415	2.648	266.8
26.37	-8.446	-0.863	12.3
26.38	-8.479	-5.556	-93.4
26.39	-8.513	-10.959	2.1
26.4	-8.549	-16.197	-37.3
26.41	-8.579	-20.255	-33.0
26.42	-8.603	-23.108	-49.4
26.43	-8.618	-25.205	-44.3
26.44	-8.629	-26.491	-31.3
26.45	-8.641	-27.095	-19.0
26.46	-8.652	-27.311	1.8
26.47	-8.664	-26.964	4.5
26.48	-8.679	-25.041	-11.8
26.49	-8.695	-18.928	-15.0
26.5	-8.713	-4.348	25.3
26.51	-8.731	19.563	27.4
26.52	-8.751	41.248	42.9
26.53	-8.772	50.073	89.7
26.54	-8.794	51.114	91.7
26.55	-8.816	51.139	106.4
26.56	-8.839	51.139	161.9
26.57	-8.862	51.139	178.6
26.58	-8.886	51.139	161.7
26.59	-8.908	51.139	140.4
26.6	-8.929	51.134	132.6
26.61	-8.949	51.048	72.1
26.62	-8.969	49.167	36.0
26.63	-8.989	41.288	-2.9
26.64	-9.009	27.205	-32.7
26.65	-9.030	12.116	-59.7
26.66	-9.052	-0.903	-86.4
26.67	-9.076	-11.777	-31.5
26.68	-9.098	-20.739	-39.4
26.69	-9.119	-27.941	-79.7
26.7	-9.138	-33.547	-60.5
26.71	-9.157	-37.333	-66.8
26.72	-9.178	-39.147	-38.3
26.73	-9.199	-39.963	-64.5
26.74	-9.221	-41.136	-67.7
26.75	-9.243	-42.916	-27.7
26.76	-9.268	-44.595	-34.6
26.77	-9.293	-45.200	-43.6
26.78	-9.318	-43.827	-54.8
26.79	-9.342	-40.125	-52.5
26.8	-9.366	-34.239	-39.0
26.81	-9.389	-26.669	-35.2
26.82	-9.411	-18.272	-56.3
26.83	-9.433	-9.942	-51.9
26.84	-9.456	-2.534	-39.5
26.85	-9.479	3.331	-8.6
26.86	-9.499	7.759	-33.0
26.87	-9.518	10.984	-70.2
26.88	-9.536	12.461	-40.3
26.89	-9.554	11.661	-45.3
26.9	-9.571	8.783	-34.5
26.91	-9.586	4.327	-43.5
26.92	-9.601	-1.086	-55.1
26.93	-9.616	-7.073	-22.6
26.94	-9.631	-13.550	-43.0
26.95	-9.646	-20.070	-60.8
26.96	-9.660	-26.041	-26.1
26.97	-9.673	-31.397	-30.5
26.98	-9.687	-36.361	-38.3
26.99	-9.701	-40.911	-28.6
27.0	-9.716	-44.683	-8.4
27.01	-9.731	-47.333	-2.3
27.02	-9.746	-49.163	-15.7
27.03	-9.760	-50.473	-7.4
27.04	-9.773	-51.056	15.3
27.05	-9.784	-51.138	-41.5
27.06	-9.794	-51.138	-51.3
27.07	-9.802	-51.139	-33.8
27.08	-9.811	-51.141	-56.6
27.09	-9.822	-51.141	-49.1
27.1	-9.837	-51.130	-11.2
27.11	-9.854	-51.022	-48.9
27.12	-9.876	-50.316	-4.6
27.13	-9.897	-48.603	-27.3
27.14	-9.912	-47.047	-49.8
27.15	-9.919	-46.328	177.8
27.16	-9.922	-45.009	233.9
27.17	-9.928	-42.753	187.0
27.18	-9.938	-40.731	9.6
27.19	-9.954	-39.045	-94.5
27.2	-9.975	-37.000	-27.2
27.21	-10.001	-34.828	-26.9
27.22	-10.027	-33.292	-4.6
27.23	-10.046	-32.184	-39.3
27.24	-10.054	-30.872	-14.7
27.25	-10.054	-29.628	-36.7
27.26	-10.052	-29.152	-33.1
27.27	-10.052	-29.575	-5.0
27.28	-10.055	-30.094	-15.8
27.29	-10.061	-29.533	18.9
27.3	-10.070	-27.022	14.4
27.31	-10.081	-20.177	1.5
27.32	-10.094	-7.689	43.2
27.33	-10.107	9.745	38.5
27.34	-10.123	30.856	64.3
27.35	-10.143	46.338	90.2
27.36	-10.163	50.883	110.5
27.37	-10.181	51.125	150.4
27.38	-10.198	51.139	149.4
27.39	-10.216	51.139	174.9
27.4	-10.233	51.139	139.7
27.41	-10.250	51.136	128.7
27.42	-10.266	51.102	80.3
27.43	-10.283	49.947	-16.0
27.44	-10.302	43.581	-7.4
27.45	-10.321	30.027	-31.9
27.46	-10.343	13.786	-23.1
27.47	-10.370	-0.583	-47.8
27.48	-10.398	-12.389	-68.9
27.49	-10.421	-22.361	-69.4
27.5	-10.442	-30.825	-82.0
27.51	-10.463	-37.945	-44.9
27.52	-10.484	-44.095	-27.9
27.53	-10.505	-48.689	-57.9
27.54	-10.523	-50.759	-74.1
27.55	-10.542	-51.128	-39.9
27.56	-10.565	-51.141	-56.8
27.57	-10.589	-51.141	-82.6
27.58	-10.614	-51.141	-43.4
27.59	-10.637	-51.139	-39.9
27.6	-10.658	-51.117	-53.3
27.61	-10.682	-50.483	-59.8
27.62	-10.707	-47.133	-33.3
27.63	-10.736	-39.878	-32.3
27.64	-10.767	-30.508	-16.2
27.65	-10.799	-21.078	-57.4
27.66	-10.828	-12.538	-63.4
27.67	-10.851	-5.088	-29.0
27.68	-10.871	1.392	-56.9
27.69	-10.893	6.564	-62.4
27.7	-10.917	9.570	-30.2
27.71	-10.941	10.072	-12.7
27.72	-10.967	8.556	-23.4
27.73	-10.996	5.298	-57.1
27.74	-11.026	0.558	-46.6
27.75	-11.055	-5.006	-33.2
27.76	-11.084	-10.991	-45.9
27.77	-11.111	-17.025	-40.0
27.78	-11.131	-22.520	-51.2
27.79	-11.151	-27.067	-20.8
27.8	-11.179	-30.417	0.0
27.81	-11.213	-32.780	-55.7
27.82	-11.247	-34.703	-7.0
27.83	-11.281	-36.202	-36.4
27.84	-11.314	-36.989	-24.4
27.85	-11.348	-37.003	15.5
27.86	-11.381	-36.119	-38.6
27.87	-11.417	-34.392	19.6
27.88	-11.454	-31.898	23.0
27.89	-11.484	-28.583	-49.1
27.9	-11.511	-25.188	-57.2
27.91	-11.546	-22.945	7.4
27.92	-11.590	-22.350	-19.0
27.93	-11.637	-22.789	-48.5
27.94	-11.688	-23.684	-29.4
27.95	-11.746	-27.405	-65.6
27.96	-11.811	-32.219	-23.4
27.97	-11.877	-32.647	-63.8
27.98	-11.932	-30.969	-1.9
27.99	-11.978	-28.884	142.6
28.0	-12.023	-25.545	170.4
28.01	-12.070	-24.392	168.0
28.02	-12.126	-27.503	26.6
28.03	-12.189	-33.272	-70.1
28.04	-12.256	-37.930	-59.1
28.05	-12.319	-38.427	-30.5
28.06	-12.372	-36.212	-50.8
28.07	-12.411	-30.661	-43.2
28.08	-12.437	-19.889	25.7
28.09	-12.456	-12.775	-27.3
28.1	-12.471	-12.341	-49.9
28.11	-12.481	-11.533	-15.5
28.12	-12.496	-10.227	-39.5
28.13	-12.519	-12.238	-60.0
28.14	-12.549	-16.380	59.1
28.15	-12.584	-16.713	48.2
28.16	-12.624	-10.625	41.0
28.17	-12.662	4.586	60.3
28.18	-12.695	27.689	49.1
28.19	-12.724	45.222	71.1
28.2	-12.755	50.709	113.5
28.21	-12.786	51.120	101.8
28.22	-12.814	51.139	151.7
28.23	-12.826	51.139	141.7
28.24	-12.836	51.127	57.0
28.25	-12.855	50.728	75.2
28.26	-12.883	46.850	100.0
28.27	-12.916	35.628	36.1
28.28	-12.950	19.225	-44.1
28.29	-12.991	2.731	-9.2
28.3	-13.044	-11.602	-39.1
28.31	-13.099	-23.248	-79.9
28.32	-13.139	-32.831	-66.3
28.33	-13.171	-41.445	-29.9
28.34	-13.204	-47.975	-55.8
28.35	-13.229	-50.733	-104.1
28.36	-13.248	-51.134	0.9
28.37	-13.266	-51.139	-27.0
28.38	-13.283	-51.141	-91.3
28.39	-13.296	-51.141	-27.5
28.4	-13.308	-51.141	-17.2
28.41	-13.320	-51.141	-51.6
28.42	-13.336	-51.141	-68.0
28.43	-13.353	-51.139	-50.1
28.44	-13.368	-51.133	-46.2
28.45	-13.371	-50.553	17.6
28.46	-13.369	-46.211	-59.2
28.47	-13.374	-36.180	-65.4
28.48	-13.383	-25.300	-24.8
28.49	-13.384	-16.738	-52.8
28.5	-13.374	-6.523	-31.5
28.51	-13.355	7.084	-42.1
28.52	-13.336	18.395	-56.4
28.53	-13.318	22.697	-34.4
28.54	-13.294	24.247	-24.7
28.55	-13.261	27.591	-60.4
28.56	-13.214	27.692	-51.0
28.57	-13.148	19.852	-34.3
28.58	-13.061	9.013	-61.1
28.59	-12.959	-0.830	-41.2
28.6	-12.849	-11.981	-55.2
28.61	-12.740	-23.941	-61.0
28.62	-12.635	-34.245	-36.5
28.63	-12.540	-42.825	-76.5
28.64	-12.461	-48.623	-34.1
28.65	-12.393	-50.825	-46.7
28.66	-12.323	-51.064	-64.9
28.67	-12.249	-49.603	-55.4
28.68	-12.177	-43.780	-55.9
28.69	-12.111	-33.573	-32.7
28.7	-12.051	-21.909	-60.6
28.71	-11.995	-11.591	-82.7
28.72	-11.944	-4.880	-67.6
28.73	-11.898	-0.511	-44.2
28.74	-11.856	2.459	-42.8
28.75	-11.824	1.313	-83.9
28.76	-11.801	-4.128	-17.7
28.77	-11.780	-10.798	-74.9
28.78	-11.754	-16.637	-78.5
28.79	-11.719	-21.081	197.5
28.8	-11.678	-24.339	165.8
28.81	-11.638	-26.867	115.1
28.82	-11.605	-26.339	-26.1
28.83	-11.585	-22.448	-122.6
28.84	-11.568	-23.158	-4.4
28.85	-11.538	-27.483	-26.3
28.86	-11.488	-24.445	-27.4
28.87	-11.418	-18.731	-51.0
28.88	-11.328	-22.845	-37.6
28.89	-11.221	-33.459	5.5
28.9	-11.103	-40.344	11.5
28.91	-10.983	-41.836	19.0
28.92	-10.864	-42.242	-1.4
28.93	-10.751	-43.133	8.2
28.94	-10.648	-41.775	32.3
28.95	-10.554	-36.837	26.9
28.96	-10.468	-28.175	40.7
28.97	-10.389	-20.352	52.3
28.98	-10.317	-18.655	67.0
28.99	-10.254	-13.533	107.1
29.0	-10.198	0.155	135.8
29.01	-10.149	17.838	160.0
29.02	-10.103	37.006	140.7
29.03	-10.055	48.647	152.9
29.04	-10.004	51.055	179.3
29.05	-9.953	51.133	109.7
29.06	-9.902	51.139	83.0
29.07	-9.854	51.131	57.0
29.08	-9.811	50.948	2.2
29.09	-9.781	48.727	-22.2
29.1	-9.763	41.669	-49.1
29.11	-9.746	30.602	-10.8
29.12	-9.719	17.934	-43.4
29.13	-9.684	4.508	-49.2
29.14	-9.644	-9.250	-49.8
29.15	-9.600	-23.159	-64.9
29.16	-9.552	-35.611	-52.5
29.17	-9.504	-44.680	-52.2
29.18	-9.459	-49.589	-47.3
29.19	-9.418	-51.025	-44.4
29.2	-9.380	-51.134	-51.0
29.21	-9.344	-51.141	-38.5
29.22	-9.311	-51.141	-33.7
29.23	-9.277	-51.141	-40.0
29.24	-9.240	-51.141	-33.5
29.25	-9.200	-51.139	-34.5
29.26	-9.156	-51.111	-25.8
29.27	-9.109	-50.384	-26.2
29.28	-9.060	-46.786	-34.6
29.29	-9.014	-38.872	-27.8
29.3	-8.972	-28.325	-14.9
29.31	-8.931	-17.670	-22.4
29.32	-8.892	-7.848	-33.8
29.33	-8.852	0.136	-15.2
29.34	-8.810	4.264	-34.5
29.35	-8.768	4.481	-25.4
29.36	-8.726	2.419	-8.9
29.37	-8.685	-1.500	-16.1
29.38	-8.650	-6.600	-18.5
29.39	-8.624	-10.958	-5.2
29.4	-8.600	-15.244	7.1
29.41	-8.568	-21.884	-16.5
29.42	-8.533	-28.872	-15.8
29.43	-8.498	-32.998	-52.3
29.44	-8.461	-35.753	-39.2
29.45	-8.427	-39.197	-13.5
29.46	-8.396	-42.231	-20.5
29.47	-8.366	-43.211	-11.5
29.48	-8.336	-43.297	-6.2
29.49	-8.305	-43.794	-11.8
29.5	-8.277	-42.208	-2.1
29.51	-8.261	-38.269	-13.0
29.52	-8.251	-36.175	-43.5
29.53	-8.230	-35.864	-44.5
29.54	-8.200	-33.948	-49.1
29.55	-8.168	-30.933	-37.5
29.56	-8.136	-28.913	-49.2
29.57	-8.105	-26.911	-50.6
29.58	-8.078	-23.269	18.1
29.59	-8.048	-19.797	-55.4
29.6	-8.011	-18.884	53.3
29.61	-7.966	-19.716	192.7
29.62	-7.933	-19.944	157.1
29.63	-7.907	-18.323	131.4
29.64	-7.882	-16.986	-53.2
29.65	-7.860	-18.691	-60.9
29.66	-7.844	-21.644	4.3
29.67	-7.827	-23.127	-33.8
29.68	-7.799	-24.261	-22.3
29.69	-7.763	-27.605	-33.1
29.7	-7.725	-33.508	-32.3
29.71	-7.691	-37.761	-14.0
29.72	-7.663	-36.675	-23.1
29.73	-7.639	-35.172	-2.9
29.74	-7.620	-37.717	-0.3
29.75	-7.601	-37.056	2.4
29.76	-7.580	-28.238	21.8
29.77	-7.558	-16.853	23.6
29.78	-7.534	-2.169	39.6
29.79	-7.509	20.822	40.8
29.8	-7.484	41.881	58.3
29.81	-7.459	50.195	106.6
29.82	-7.447	51.117	108.9
29.83	-7.454	51.139	125.0
29.84	-7.458	51.139	149.8
29.85	-7.449	51.139	130.4
29.86	-7.436	51.138	111.1
29.87	-7.421	51.130	87.8
29.88	-7.404	50.528	51.6
29.89	-7.389	46.177	11.4
29.9	-7.375	35.922	-23.3
29.91	-7.363	23.325	-38.0
29.92	-7.352	11.142	-47.6
29.93	-7.341	-0.517	-70.5
29.94	-7.331	-10.055	-73.2
29.95	-7.319	-17.544	-59.7
29.96	-7.301	-22.984	-61.4
29.97	-7.279	-25.903	-64.6
29.98	-7.253	-30.555	-67.2
29.99	-7.226	-38.417	-73.2
30.0	-7.197	-45.480	-49.1
30.01	-7.171	-49.597	-59.2
30.02	-7.152	-51.000	-66.8
30.03	-7.144	-51.133	-63.3
30.04	-7.136	-51.141	-55.2
30.05	-7.119	-51.141	-52.1
30.06	-7.102	-51.141	-53.1
30.07	-7.085	-51.139	-65.7
30.08	-7.068	-51.111	-67.6
30.09	-7.051	-50.481	-54.5
30.1	-7.034	-47.844	-57.1
30.11	-7.016	-42.866	-70.5
30.12	-6.998	-36.203	-70.3
30.13	-6.978	-27.605	-55.4
30.14	-6.958	-16.953	-72.9
30.15	-6.938	-7.089	-77.1
30.16	-6.918	-1.791	-68.3
30.17	-6.900	-0.772	-70.4
30.18	-6.882	-2.670	-67.2
30.19	-6.864	-8.605	-65.0
30.2	-6.846	-17.308	-62.5
30.21	-6.822	-24.339	-63.8
30.22	-6.798	-26.653	-59.8
30.23	-6.788	-25.070	-50.7
30.24	-6.786	-23.783	-57.8
30.25	-6.777	-25.591	-42.0
30.26	-6.763	-27.594	-48.1
30.27	-6.750	-25.598	-44.1
30.28	-6.739	-19.941	-37.0
30.29	-6.731	-12.216	-76.7
30.3	-6.726	-2.863	-78.9
30.31	-6.723	5.859	-82.9
30.32	-6.719	10.406	-94.4
30.33	-6.715	11.548	-54.1
30.34	-6.711	14.978	-81.2
30.35	-6.707	25.114	-44.9
30.36	-6.704	39.020	-32.7
30.37	-6.697	48.384	-35.1
30.38	-6.683	50.980	168.8
30.39	-6.659	51.111	189.0
30.4	-6.633	49.758	189.3
30.41	-6.610	39.663	24.8
30.42	-6.593	14.984	-116.6
30.43	-6.591	-15.214	-28.3
30.44	-6.603	-37.653	-56.8
30.45	-6.609	-48.289	-48.6
30.46	-6.596	-50.931	-61.4
30.47	-6.571	-50.948	-45.5
30.48	-6.543	-50.077	-35.1
30.49	-6.517	-48.031	-45.1
30.5	-6.496	-44.567	-42.7
30.51	-6.480	-40.130	-43.6
30.52	-6.468	-35.856	-25.5
30.53	-6.458	-31.133	-22.4
30.54	-6.447	-22.531	-2.7
30.55	-6.438	-4.513	11.9
30.56	-6.428	22.430	31.3
30.57	-6.419	43.634	51.3
30.58	-6.414	50.586	66.6
30.59	-6.408	51.113	105.2
30.6	-6.400	51.139	128.8
30.61	-6.391	51.139	143.1
30.62	-6.378	51.134	143.2
30.63	-6.361	51.095	138.9
30.64	-6.343	49.766	107.9
30.65	-6.331	42.638	56.0
30.66	-6.323	28.247	18.1
30.67	-6.311	11.269	-21.8
30.68	-6.296	-5.328	-46.9
30.69	-6.282	-19.759	-64.4
30.7	-6.269	-30.034	-79.2
30.71	-6.259	-36.500	-83.9
30.72	-6.254	-40.064	-95.2
30.73	-6.251	-41.242	-94.5
30.74	-6.250	-41.000	-87.8
30.75	-6.251	-40.650	-92.8
30.76	-6.256	-40.967	-88.6
30.77	-6.265	-41.941	-74.2
30.78	-6.276	-43.491	-87.0
30.79	-6.287	-45.853	-80.9
30.8	-6.298	-48.620	-65.1
30.81	-6.309	-50.509	-75.1
30.82	-6.321	-51.092	-70.8
30.83	-6.333	-50.969	-65.2
30.84	-6.346	-49.434	-69.9
30.85	-6.358	-44.702	-70.1
30.86	-6.369	-37.000	-67.3
30.87	-6.379	-28.588	-66.5
30.88	-6.388	-21.372	-59.5
30.89	-6.393	-15.894	-58.3
30.9	-6.395	-11.809	-64.4
30.91	-6.394	-8.698	-63.8
30.92	-6.390	-6.045	-62.0
30.93	-6.384	-3.742	-67.1
30.94	-6.376	-1.995	-60.4
