Interval=	0.01 s
ExcelDateTime=	3.9773397900089156e+004	21/11/2008 9:32:58.567703
TimeFormat=	StartOfBlock
ChannelTitle=	Channel 1	Channel 2	Channel 3
Range=	20.000 mV	50.000 mV	500.0 µV
0.0	-9.673	-40.172	7.5
0.01	-9.689	-38.053	-67.1
0.02	-9.701	-35.931	101.0
0.03	-9.704	-33.706	243.6
0.04	-9.706	-31.409	221.8
0.05	-9.715	-29.264	101.9
0.06	-9.731	-27.545	-88.3
0.07	-9.749	-26.431	-27.5
0.08	-9.765	-25.809	-9.2
0.09	-9.777	-25.269	-34.3
0.1	-9.783	-24.691	-13.2
0.11	-9.777	-24.395	-16.0
0.12	-9.767	-24.536	-10.7
0.13	-9.756	-25.103	-18.5
0.14	-9.749	-26.169	-4.1
0.15	-9.746	-27.655	6.7
0.16	-9.744	-29.286	15.4
0.17	-9.742	-30.513	12.7
0.18	-9.742	-29.905	31.5
0.19	-9.742	-24.050	38.7
0.2	-9.744	-7.169	53.0
0.21	-9.748	20.419	77.6
0.22	-9.753	42.975	94.3
0.23	-9.764	50.538	122.2
0.24	-9.779	51.109	159.6
0.25	-9.793	51.139	179.1
0.26	-9.803	51.139	181.5
0.27	-9.814	51.139	169.2
0.28	-9.829	51.139	162.6
0.29	-9.846	51.139	121.0
0.3	-9.863	51.134	59.1
0.31	-9.876	51.030	26.8
0.32	-9.889	48.330	-3.7
0.33	-9.904	35.784	-44.7
0.34	-9.926	11.691	-51.3
0.35	-9.952	-15.528	-55.4
0.36	-9.976	-37.273	-56.7
0.37	-9.995	-48.433	-58.9
0.38	-10.013	-51.017	-60.5
0.39	-10.032	-51.134	-60.4
0.4	-10.050	-51.141	-50.9
0.41	-10.068	-51.141	-55.9
0.42	-10.083	-51.141	-53.1
0.43	-10.097	-51.141	-49.3
0.44	-10.110	-51.141	-40.8
0.45	-10.121	-51.141	-47.0
0.46	-10.128	-51.141	-50.6
0.47	-10.135	-51.141	-42.9
0.48	-10.141	-51.139	-39.5
0.49	-10.147	-51.128	-45.0
0.5	-10.153	-50.528	-44.0
0.51	-10.156	-45.488	-33.9
0.52	-10.158	-31.741	-35.1
0.53	-10.159	-11.873	-49.6
0.54	-10.158	8.578	-43.6
0.55	-10.157	26.758	-47.0
0.56	-10.157	40.611	-46.4
0.57	-10.157	48.372	-49.0
0.58	-10.158	50.663	-36.6
0.59	-10.158	49.055	-38.9
0.6	-10.157	43.108	-46.3
0.61	-10.154	33.138	-43.5
0.62	-10.150	21.083	-46.3
0.63	-10.144	8.238	-34.4
0.64	-10.138	-4.623	-36.1
0.65	-10.131	-16.825	-50.1
0.66	-10.124	-27.800	-39.0
0.67	-10.116	-37.148	-34.8
0.68	-10.108	-44.570	-31.0
0.69	-10.099	-49.248	-34.9
0.7	-10.089	-50.933	-3.8
0.71	-10.076	-51.138	-1.6
0.72	-10.060	-51.141	-17.4
0.73	-10.041	-51.141	-13.1
0.74	-10.018	-51.141	-8.0
0.75	-9.994	-51.141	-20.0
0.76	-9.969	-51.141	-46.4
0.77	-9.946	-51.139	-50.4
0.78	-9.924	-51.061	-43.0
0.79	-9.901	-50.481	-51.7
0.8	-9.876	-49.000	-28.9
0.81	-9.851	-46.861	-51.2
0.82	-9.828	-44.541	-14.7
0.83	-9.809	-42.205	-31.9
0.84	-9.790	-39.859	-37.0
0.85	-9.765	-37.491	169.6
0.86	-9.733	-35.156	225.7
0.87	-9.700	-33.045	164.7
0.88	-9.674	-31.367	-19.2
0.89	-9.658	-30.233	-98.6
0.9	-9.644	-29.597	-4.3
0.91	-9.628	-29.075	-31.9
0.92	-9.606	-28.294	-28.7
0.93	-9.576	-27.422	-22.9
0.94	-9.535	-26.823	-19.8
0.95	-9.488	-26.680	-16.5
0.96	-9.441	-27.020	-17.1
0.97	-9.396	-27.839	-14.6
0.98	-9.355	-29.098	2.5
0.99	-9.316	-30.483	6.8
1.0	-9.281	-31.291	18.5
1.01	-9.247	-30.077	22.7
1.02	-9.214	-23.364	33.8
1.03	-9.181	-5.328	45.9
1.04	-9.150	22.605	67.6
1.05	-9.120	44.084	99.3
1.06	-9.092	50.713	124.4
1.07	-9.064	51.116	142.1
1.08	-9.037	51.139	151.0
1.09	-9.011	51.139	158.8
1.1	-8.986	51.139	158.0
1.11	-8.963	51.139	125.8
1.12	-8.939	51.139	82.8
1.13	-8.915	51.130	27.0
1.14	-8.892	50.930	1.1
1.15	-8.871	46.944	-30.8
1.16	-8.854	31.491	-60.6
1.17	-8.838	5.139	-68.0
1.18	-8.821	-22.269	-51.8
1.19	-8.799	-41.819	-61.4
1.2	-8.776	-49.880	-79.2
1.21	-8.755	-51.113	-68.8
1.22	-8.735	-51.138	-59.0
1.23	-8.713	-51.141	-69.7
1.24	-8.689	-51.141	-65.5
1.25	-8.667	-51.141	-67.4
1.26	-8.644	-51.141	-56.5
1.27	-8.621	-51.141	-54.0
1.28	-8.596	-51.141	-56.3
1.29	-8.571	-51.141	-44.7
1.3	-8.547	-51.141	-53.9
1.31	-8.523	-51.138	-56.4
1.32	-8.500	-51.119	-47.8
1.33	-8.476	-50.145	-46.4
1.34	-8.453	-43.802	-44.7
1.35	-8.429	-28.925	-52.7
1.36	-8.406	-9.600	-49.6
1.37	-8.383	8.922	-45.9
1.38	-8.361	24.308	-44.3
1.39	-8.341	35.288	-51.5
1.4	-8.320	41.328	-51.4
1.41	-8.299	42.534	-57.8
1.42	-8.279	39.453	-56.3
1.43	-8.259	32.986	-58.6
1.44	-8.242	24.153	-49.3
1.45	-8.224	13.700	-49.7
1.46	-8.207	2.252	-47.4
1.47	-8.190	-9.333	-59.5
1.48	-8.175	-20.175	-54.9
1.49	-8.161	-29.797	-48.1
1.5	-8.148	-38.145	-46.1
1.51	-8.136	-44.967	-45.8
1.52	-8.124	-49.306	-39.1
1.53	-8.113	-50.916	-42.5
1.54	-8.102	-51.138	-50.1
1.55	-8.090	-51.141	-46.2
1.56	-8.079	-51.141	-38.1
1.57	-8.068	-51.141	-39.9
1.58	-8.055	-51.141	-28.8
1.59	-8.043	-51.141	-17.5
1.6	-8.030	-51.141	-14.7
1.61	-8.018	-51.141	-17.3
1.62	-8.008	-51.116	-8.8
1.63	-7.996	-50.875	-24.8
1.64	-7.984	-50.081	-42.9
1.65	-7.971	-48.681	-59.7
1.66	-7.958	-47.034	-50.0
1.67	-7.946	-45.381	-58.1
1.68	-7.931	-43.750	-46.2
1.69	-7.917	-42.147	-60.6
1.7	-7.902	-40.613	-39.0
1.71	-7.890	-39.167	-28.9
1.72	-7.877	-37.778	-53.8
1.73	-7.859	-36.325	133.8
1.74	-7.836	-34.672	208.2
1.75	-7.815	-32.850	229.6
1.76	-7.799	-31.048	98.7
1.77	-7.788	-29.230	-110.6
1.78	-7.779	-27.288	-39.3
1.79	-7.769	-25.764	-46.4
1.8	-7.756	-24.923	-40.3
1.81	-7.735	-24.398	-28.1
1.82	-7.711	-24.289	-43.2
1.83	-7.687	-24.402	-37.8
1.84	-7.663	-24.314	-34.0
1.85	-7.639	-24.478	-23.5
1.86	-7.616	-25.055	-14.2
1.87	-7.594	-25.025	-20.5
1.88	-7.573	-22.031	-10.2
1.89	-7.554	-10.750	-0.4
1.9	-7.539	13.048	12.4
1.91	-7.526	38.103	28.5
1.92	-7.516	49.550	53.2
1.93	-7.508	51.103	69.1
1.94	-7.500	51.136	89.7
1.95	-7.494	51.139	121.0
1.96	-7.488	51.139	140.9
1.97	-7.484	51.139	141.3
1.98	-7.481	51.139	142.9
1.99	-7.477	51.139	126.0
2.0	-7.473	51.134	93.1
2.01	-7.468	51.108	43.5
2.02	-7.463	49.698	8.8
2.03	-7.456	40.733	-27.8
2.04	-7.450	20.486	-48.2
2.05	-7.444	-4.530	-65.2
2.06	-7.438	-27.234	-71.3
2.07	-7.434	-43.277	-66.6
2.08	-7.429	-50.022	-64.8
2.09	-7.423	-51.111	-70.5
2.1	-7.416	-51.138	-59.3
2.11	-7.412	-51.141	-58.6
2.12	-7.408	-51.141	-65.9
2.13	-7.403	-51.141	-62.8
2.14	-7.398	-51.141	-54.3
2.15	-7.393	-51.141	-56.5
2.16	-7.389	-51.141	-55.2
2.17	-7.385	-51.141	-53.0
2.18	-7.381	-51.141	-54.4
2.19	-7.376	-51.141	-65.4
2.2	-7.373	-51.136	-54.1
2.21	-7.371	-51.044	-53.3
2.22	-7.370	-49.148	-54.5
2.23	-7.369	-41.650	-57.8
2.24	-7.366	-28.358	-53.8
2.25	-7.363	-13.369	-55.3
2.26	-7.361	0.395	-53.0
2.27	-7.360	11.511	-53.6
2.28	-7.359	18.958	-48.8
2.29	-7.360	22.277	-53.0
2.3	-7.363	21.575	-54.5
2.31	-7.366	17.520	-51.9
2.32	-7.368	11.000	-46.4
2.33	-7.368	2.798	-51.1
2.34	-7.366	-6.358	-46.9
2.35	-7.364	-15.795	-51.2
2.36	-7.360	-24.992	-52.6
2.37	-7.356	-33.577	-49.8
2.38	-7.354	-41.167	-48.2
2.39	-7.353	-47.034	-48.4
2.4	-7.351	-50.208	-43.8
2.41	-7.348	-51.073	-46.7
2.42	-7.346	-51.138	-40.7
2.43	-7.346	-51.141	-40.8
2.44	-7.346	-51.141	-37.8
2.45	-7.348	-51.141	-36.3
2.46	-7.348	-51.141	-19.5
2.47	-7.349	-51.141	-9.1
2.48	-7.349	-51.141	-14.5
2.49	-7.351	-51.141	-16.3
2.5	-7.352	-51.141	-14.3
2.51	-7.353	-51.128	-36.1
2.52	-7.354	-50.920	-49.0
2.53	-7.354	-50.077	-55.9
2.54	-7.356	-48.444	-44.9
2.55	-7.356	-46.373	-39.3
2.56	-7.356	-44.378	-46.0
2.57	-7.357	-42.733	-65.9
2.58	-7.361	-41.359	-6.5
2.59	-7.364	-40.067	-58.1
2.6	-7.365	-38.738	25.5
2.61	-7.359	-37.270	218.9
2.62	-7.350	-35.542	247.0
2.63	-7.345	-33.523	247.6
2.64	-7.344	-31.494	-5.3
2.65	-7.346	-29.997	-90.5
2.66	-7.354	-29.273	-19.3
2.67	-7.362	-28.964	-58.9
2.68	-7.364	-28.698	-35.3
2.69	-7.361	-28.472	-40.1
2.7	-7.353	-28.381	-34.8
2.71	-7.346	-28.536	-30.1
2.72	-7.340	-29.028	-18.1
2.73	-7.336	-29.755	-21.2
2.74	-7.333	-30.233	-12.7
2.75	-7.329	-29.128	0.8
2.76	-7.326	-23.034	1.3
2.77	-7.324	-5.672	7.3
2.78	-7.324	22.244	31.1
2.79	-7.324	44.017	50.8
2.8	-7.322	50.719	79.6
2.81	-7.320	51.117	100.7
2.82	-7.320	51.139	131.8
2.83	-7.323	51.139	157.8
2.84	-7.327	51.139	173.5
2.85	-7.330	51.139	177.7
2.86	-7.334	51.139	172.8
2.87	-7.336	51.139	131.8
2.88	-7.340	51.122	83.9
2.89	-7.343	50.647	28.7
2.9	-7.346	45.448	-11.5
2.91	-7.348	29.619	-45.4
2.92	-7.350	6.144	-64.8
2.93	-7.353	-17.228	-74.0
2.94	-7.357	-36.350	-78.1
2.95	-7.364	-47.539	-81.8
2.96	-7.368	-50.861	-77.0
2.97	-7.372	-51.130	-73.3
2.98	-7.376	-51.141	-74.7
2.99	-7.380	-51.141	-71.0
3.0	-7.385	-51.141	-69.0
3.01	-7.389	-51.141	-70.5
3.02	-7.391	-51.141	-57.5
3.03	-7.394	-51.141	-68.3
3.04	-7.396	-51.141	-65.0
3.05	-7.400	-51.141	-61.5
3.06	-7.404	-51.141	-67.2
3.07	-7.409	-51.139	-68.7
3.08	-7.413	-51.130	-52.6
3.09	-7.418	-50.478	-62.3
3.1	-7.423	-45.927	-63.0
3.11	-7.426	-34.822	-66.1
3.12	-7.428	-19.897	-63.1
3.13	-7.429	-5.041	-55.9
3.14	-7.429	7.920	-62.0
3.15	-7.429	17.781	-66.2
3.16	-7.429	23.763	-57.5
3.17	-7.431	25.506	-55.8
3.18	-7.433	23.125	-58.0
3.19	-7.434	17.387	-67.9
3.2	-7.434	9.556	-57.7
3.21	-7.434	0.694	-54.3
3.22	-7.435	-8.686	-55.4
3.23	-7.436	-18.136	-57.7
3.24	-7.438	-27.070	-51.6
3.25	-7.439	-35.113	-52.8
3.26	-7.442	-42.100	-51.6
3.27	-7.444	-47.484	-55.6
3.28	-7.447	-50.347	-49.3
3.29	-7.451	-51.091	-52.2
3.3	-7.454	-51.139	-46.6
3.31	-7.459	-51.141	-50.7
3.32	-7.463	-51.141	-51.9
3.33	-7.468	-51.141	-45.9
3.34	-7.474	-51.141	-35.4
3.35	-7.479	-51.141	-35.7
3.36	-7.486	-51.141	-29.6
3.37	-7.492	-51.141	-22.0
3.38	-7.499	-51.127	-10.9
3.39	-7.507	-50.944	-8.5
3.4	-7.515	-50.283	-20.4
3.41	-7.523	-49.072	-42.9
3.42	-7.531	-47.552	-57.1
3.43	-7.537	-45.852	-64.4
3.44	-7.543	-44.081	-49.8
3.45	-7.548	-42.481	-51.3
3.46	-7.553	-41.136	-43.0
3.47	-7.558	-39.844	-61.1
3.48	-7.564	-38.420	-8.8
3.49	-7.572	-36.873	-58.2
3.5	-7.575	-35.311	33.7
3.51	-7.571	-33.795	252.5
3.52	-7.564	-32.192	297.3
3.53	-7.563	-30.266	271.7
3.54	-7.569	-28.266	-15.0
3.55	-7.579	-26.873	-96.1
3.56	-7.596	-26.367	-25.9
3.57	-7.613	-26.383	-61.0
3.58	-7.626	-26.423	-40.6
3.59	-7.629	-26.200	-46.9
3.6	-7.626	-25.831	-35.5
3.61	-7.617	-25.850	-30.6
3.62	-7.607	-26.680	-23.0
3.63	-7.596	-28.208	-27.3
3.64	-7.586	-29.761	-12.3
3.65	-7.578	-29.947	-1.6
3.66	-7.574	-25.870	6.4
3.67	-7.574	-11.722	17.4
3.68	-7.576	14.975	29.7
3.69	-7.581	40.033	50.9
3.7	-7.587	50.019	82.2
3.71	-7.595	51.105	102.3
3.72	-7.606	51.139	137.3
3.73	-7.618	51.139	155.2
3.74	-7.633	51.139	177.7
3.75	-7.650	51.139	183.5
3.76	-7.669	51.139	171.0
3.77	-7.688	51.139	139.3
3.78	-7.706	51.123	87.1
3.79	-7.725	50.408	36.7
3.8	-7.743	44.122	-1.8
3.81	-7.759	27.016	-39.2
3.82	-7.775	3.250	-51.7
3.83	-7.793	-19.789	-77.8
3.84	-7.813	-38.194	-79.1
3.85	-7.833	-48.314	-73.8
3.86	-7.854	-50.978	-71.5
3.87	-7.873	-51.133	-73.3
3.88	-7.894	-51.141	-72.9
3.89	-7.914	-51.141	-69.7
3.9	-7.935	-51.141	-67.9
3.91	-7.954	-51.141	-66.8
3.92	-7.973	-51.141	-62.6
3.93	-7.992	-51.141	-61.7
3.94	-8.012	-51.141	-47.6
3.95	-8.034	-51.141	-58.8
3.96	-8.057	-51.141	-59.0
3.97	-8.079	-51.136	-57.1
3.98	-8.102	-51.041	-58.5
3.99	-8.124	-49.128	-55.2
4.0	-8.144	-41.498	-56.0
4.01	-8.163	-27.766	-59.9
4.02	-8.181	-12.100	-54.3
4.03	-8.198	2.511	-63.5
4.04	-8.215	14.858	-60.8
4.05	-8.230	23.923	-60.9
4.06	-8.246	28.844	-52.9
4.07	-8.262	29.297	-56.8
4.08	-8.279	25.733	-60.3
4.09	-8.297	19.105	-55.3
4.1	-8.316	10.578	-56.2
4.11	-8.334	1.197	-63.1
4.12	-8.354	-8.327	-54.2
4.13	-8.373	-17.417	-59.4
4.14	-8.393	-25.678	-56.1
4.15	-8.413	-33.052	-55.1
4.16	-8.434	-39.608	-47.1
4.17	-8.454	-45.191	-49.7
4.18	-8.475	-49.089	-50.0
4.19	-8.496	-50.802	-38.2
4.2	-8.518	-51.128	-38.6
4.21	-8.538	-51.141	-42.1
4.22	-8.558	-51.141	-30.2
4.23	-8.577	-51.141	-29.1
4.24	-8.596	-51.141	-9.1
4.25	-8.614	-51.141	-10.0
4.26	-8.633	-51.136	-19.4
4.27	-8.652	-51.011	-16.3
4.28	-8.672	-50.405	-24.4
4.29	-8.691	-49.138	-49.8
4.3	-8.709	-47.586	-51.1
4.31	-8.726	-46.042	-53.3
4.32	-8.742	-44.453	-46.3
4.33	-8.760	-42.778	-41.4
4.34	-8.778	-41.163	-65.8
4.35	-8.797	-39.827	-17.6
4.36	-8.818	-38.739	-41.9
4.37	-8.835	-37.528	-30.7
4.38	-8.846	-35.939	208.1
4.39	-8.853	-34.081	257.3
4.4	-8.860	-32.041	216.4
4.41	-8.873	-29.931	-3.7
4.42	-8.888	-28.223	-106.1
4.43	-8.907	-27.263	-26.6
4.44	-8.928	-26.717	-45.7
4.45	-8.947	-26.058	-34.9
4.46	-8.958	-25.233	-36.0
4.47	-8.963	-24.534	-38.7
4.48	-8.966	-24.258	-28.9
4.49	-8.967	-24.644	-27.7
4.5	-8.970	-25.798	-12.4
4.51	-8.974	-27.511	-9.8
4.52	-8.980	-29.139	-6.1
4.53	-8.988	-29.350	5.7
4.54	-8.996	-25.280	23.6
4.55	-9.006	-11.059	32.9
4.56	-9.015	15.609	58.3
4.57	-9.025	40.359	74.0
4.58	-9.036	50.075	93.0
4.59	-9.049	51.105	130.6
4.6	-9.063	51.139	147.0
4.61	-9.077	51.139	155.0
4.62	-9.091	51.139	180.4
4.63	-9.105	51.139	155.5
4.64	-9.117	51.139	124.6
4.65	-9.128	51.134	82.5
4.66	-9.138	51.089	36.3
4.67	-9.148	49.430	-6.1
4.68	-9.158	39.863	-36.7
4.69	-9.171	19.305	-51.4
4.7	-9.188	-5.536	-61.7
4.71	-9.209	-27.995	-69.7
4.72	-9.229	-43.692	-68.7
4.73	-9.246	-50.128	-76.7
4.74	-9.263	-51.117	-63.1
4.75	-9.279	-51.138	-67.4
4.76	-9.293	-51.141	-66.0
4.77	-9.305	-51.141	-60.9
4.78	-9.316	-51.141	-55.8
4.79	-9.328	-51.141	-54.8
4.8	-9.338	-51.141	-59.7
4.81	-9.348	-51.141	-60.3
4.82	-9.357	-51.141	-46.6
4.83	-9.368	-51.141	-54.7
4.84	-9.379	-51.138	-42.7
4.85	-9.389	-51.088	-49.0
4.86	-9.399	-49.661	-54.0
4.87	-9.410	-42.403	-41.8
4.88	-9.421	-27.380	-39.6
4.89	-9.430	-8.917	-41.2
4.9	-9.437	8.828	-48.8
4.91	-9.442	24.152	-59.6
4.92	-9.447	35.706	-49.9
4.93	-9.452	42.439	-49.0
4.94	-9.457	44.011	-42.1
4.95	-9.460	40.813	-46.6
4.96	-9.461	33.636	-41.5
4.97	-9.463	23.714	-45.6
4.98	-9.461	12.511	-44.6
4.99	-9.456	1.108	-46.7
5.0	-9.451	-9.809	-35.7
5.01	-9.446	-19.758	-36.0
5.02	-9.445	-28.531	-32.5
5.03	-9.447	-36.063	-23.9
5.04	-9.451	-42.350	-20.7
5.05	-9.456	-47.253	-14.8
5.06	-9.462	-50.131	-1.4
5.07	-9.468	-51.044	-2.7
5.08	-9.474	-51.139	-12.9
5.09	-9.481	-51.141	-39.1
5.1	-9.488	-51.141	-44.6
5.11	-9.498	-51.141	-49.5
5.12	-9.507	-51.141	-48.7
5.13	-9.518	-51.139	-43.5
5.14	-9.529	-51.088	-29.4
5.15	-9.541	-50.688	-45.8
5.16	-9.553	-49.619	1.2
5.17	-9.561	-47.880	-54.7
5.18	-9.566	-45.647	3.3
5.19	-9.568	-43.081	219.1
5.2	-9.569	-40.258	226.2
5.21	-9.572	-37.325	142.7
5.22	-9.581	-34.672	-50.1
5.23	-9.592	-32.628	-82.0
5.24	-9.601	-31.175	-11.0
5.25	-9.605	-29.933	-42.0
5.26	-9.604	-28.525	-18.8
5.27	-9.595	-27.022	-22.2
5.28	-9.579	-25.748	-20.0
5.29	-9.558	-24.875	-18.9
5.3	-9.541	-24.581	-10.6
5.31	-9.529	-25.100	-2.4
5.32	-9.523	-26.325	-0.3
5.33	-9.518	-27.667	8.1
5.34	-9.513	-28.389	21.4
5.35	-9.508	-27.241	32.8
5.36	-9.504	-20.966	52.9
5.37	-9.499	-3.747	60.5
5.38	-9.493	23.328	93.7
5.39	-9.488	44.273	110.8
5.4	-9.483	50.728	134.3
5.41	-9.481	51.117	157.0
5.42	-9.478	51.139	173.0
5.43	-9.476	51.139	175.5
5.44	-9.474	51.139	167.3
5.45	-9.470	51.139	129.5
5.46	-9.464	51.138	68.9
5.47	-9.458	51.122	21.9
5.48	-9.453	50.252	-0.8
5.49	-9.451	43.209	-41.4
5.5	-9.456	24.848	-57.3
5.51	-9.465	-0.050	-63.3
5.52	-9.471	-23.781	-66.0
5.53	-9.472	-41.392	-64.3
5.54	-9.469	-49.513	-73.8
5.55	-9.467	-51.083	-77.9
5.56	-9.464	-51.138	-64.2
5.57	-9.456	-51.141	-74.8
5.58	-9.449	-51.141	-61.2
5.59	-9.443	-51.141	-61.1
5.6	-9.436	-51.141	-54.0
5.61	-9.427	-51.141	-42.3
5.62	-9.420	-51.141	-60.1
5.63	-9.415	-51.141	-60.7
5.64	-9.412	-51.141	-48.6
5.65	-9.408	-51.134	-51.6
5.66	-9.401	-51.008	-50.2
5.67	-9.389	-48.553	-51.0
5.68	-9.375	-38.903	-40.6
5.69	-9.359	-21.516	-48.0
5.7	-9.341	-1.352	-47.2
5.71	-9.321	17.773	-52.8
5.72	-9.301	33.719	-53.0
5.73	-9.283	44.608	-51.3
5.74	-9.265	49.702	-49.1
5.75	-9.247	49.884	-57.8
5.76	-9.228	45.889	-41.9
5.77	-9.207	38.130	-42.2
5.78	-9.187	27.778	-45.7
5.79	-9.168	16.108	-43.0
5.8	-9.151	4.158	-42.7
5.81	-9.139	-7.300	-23.5
5.82	-9.128	-17.855	-13.7
5.83	-9.119	-27.341	-21.9
5.84	-9.110	-35.517	-14.0
5.85	-9.101	-42.161	-30.9
5.86	-9.092	-47.173	-35.4
5.87	-9.082	-50.111	-48.0
5.88	-9.070	-51.048	-57.2
5.89	-9.057	-51.138	-66.0
5.9	-9.044	-51.141	-49.5
5.91	-9.033	-51.141	-44.6
5.92	-9.021	-51.141	-64.5
5.93	-9.012	-51.128	-8.0
5.94	-9.002	-50.845	-58.6
5.95	-8.989	-49.558	3.1
5.96	-8.970	-47.114	219.0
5.97	-8.947	-44.263	202.1
5.98	-8.925	-41.531	130.3
5.99	-8.912	-38.948	-55.8
6.0	-8.909	-36.502	-78.6
6.01	-8.906	-34.347	-30.3
6.02	-8.901	-32.600	-47.1
6.03	-8.888	-31.102	-30.1
6.04	-8.867	-29.722	-38.4
6.05	-8.839	-28.705	-25.5
6.06	-8.807	-28.298	-19.9
6.07	-8.776	-28.419	-28.4
6.08	-8.746	-28.936	-15.4
6.09	-8.719	-29.755	-3.6
6.1	-8.693	-30.534	9.9
6.11	-8.668	-30.509	7.8
6.12	-8.646	-27.828	25.7
6.13	-8.626	-17.941	39.3
6.14	-8.606	4.669	51.5
6.15	-8.588	32.384	75.2
6.16	-8.573	48.009	106.8
6.17	-8.559	51.039	118.8
6.18	-8.546	51.128	135.9
6.19	-8.534	51.139	163.1
6.2	-8.523	51.139	174.9
6.21	-8.510	51.139	143.1
6.22	-8.497	51.139	105.0
6.23	-8.481	51.134	63.4
6.24	-8.465	51.089	10.0
6.25	-8.449	49.413	-32.3
6.26	-8.434	39.759	-54.8
6.27	-8.424	19.009	-77.4
6.28	-8.417	-6.052	-85.1
6.29	-8.410	-28.556	-76.7
6.3	-8.401	-44.023	-67.4
6.31	-8.391	-50.209	-86.5
6.32	-8.381	-51.122	-76.4
6.33	-8.370	-51.138	-75.8
6.34	-8.357	-51.141	-82.2
6.35	-8.343	-51.141	-73.4
6.36	-8.331	-51.141	-71.8
6.37	-8.320	-51.141	-76.4
6.38	-8.311	-51.141	-63.6
6.39	-8.303	-51.141	-61.6
6.4	-8.296	-51.141	-65.9
6.41	-8.291	-51.139	-73.4
6.42	-8.287	-51.130	-58.6
6.43	-8.282	-50.556	-65.0
6.44	-8.276	-45.952	-62.1
6.45	-8.268	-33.753	-68.4
6.46	-8.258	-16.539	-69.5
6.47	-8.249	0.884	-59.6
6.48	-8.239	16.155	-65.9
6.49	-8.229	27.923	-66.1
6.5	-8.220	35.364	-57.5
6.51	-8.209	38.206	-79.4
6.52	-8.199	36.784	-68.6
6.53	-8.186	31.911	-62.8
6.54	-8.172	24.528	-68.7
6.55	-8.157	15.495	-73.9
6.56	-8.141	5.570	-65.7
6.57	-8.126	-4.570	-57.7
6.58	-8.111	-14.447	-69.2
6.59	-8.097	-23.680	-68.6
6.6	-8.083	-31.897	-54.3
6.61	-8.071	-38.822	-68.4
6.62	-8.058	-44.334	-51.9
6.63	-8.046	-48.323	-54.9
6.64	-8.034	-50.475	-47.3
6.65	-8.023	-51.086	-32.5
6.66	-8.013	-51.139	-35.5
6.67	-8.004	-51.141	-28.8
6.68	-7.994	-51.141	-19.0
6.69	-7.984	-51.136	-34.9
6.7	-7.974	-51.003	-46.6
6.71	-7.964	-50.409	-66.3
6.72	-7.953	-49.350	-66.3
6.73	-7.941	-48.180	-67.1
6.74	-7.928	-46.986	-53.3
6.75	-7.916	-45.602	-67.6
6.76	-7.907	-43.984	-22.5
6.77	-7.900	-42.303	-56.3
6.78	-7.891	-40.636	-19.1
6.79	-7.876	-38.808	166.5
6.8	-7.858	-36.695	187.8
6.81	-7.843	-34.402	196.9
6.82	-7.833	-32.138	5.3
6.83	-7.826	-30.241	-102.2
6.84	-7.824	-28.933	-32.1
6.85	-7.822	-28.033	-66.4
6.86	-7.814	-27.244	-48.9
6.87	-7.799	-26.414	-49.6
6.88	-7.781	-25.527	-46.5
6.89	-7.764	-24.798	-40.2
6.9	-7.749	-24.548	-36.9
6.91	-7.734	-24.744	-32.6
6.92	-7.718	-24.877	-16.4
6.93	-7.702	-23.636	-28.3
6.94	-7.688	-17.305	-10.0
6.95	-7.675	0.734	0.7
6.96	-7.663	27.597	11.8
6.97	-7.652	46.130	24.8
6.98	-7.644	50.908	46.6
6.99	-7.636	51.127	72.9
7.0	-7.628	51.139	98.9
7.01	-7.621	51.139	121.2
7.02	-7.616	51.139	144.8
7.03	-7.610	51.139	150.5
7.04	-7.605	51.139	139.5
7.05	-7.599	51.139	110.6
7.06	-7.593	51.123	78.8
7.07	-7.587	50.673	19.4
7.08	-7.583	45.939	-23.1
7.09	-7.581	31.808	-51.6
7.1	-7.579	11.008	-69.3
7.11	-7.578	-9.819	-77.8
7.12	-7.578	-28.117	-81.7
7.13	-7.579	-42.111	-87.7
7.14	-7.579	-49.322	-83.5
7.15	-7.576	-51.053	-76.0
7.16	-7.574	-51.136	-72.7
7.17	-7.574	-51.141	-85.9
7.18	-7.573	-51.141	-68.0
7.19	-7.571	-51.141	-70.0
7.2	-7.569	-51.141	-72.4
7.21	-7.567	-51.141	-65.1
7.22	-7.567	-51.141	-61.2
7.23	-7.567	-51.141	-70.8
7.24	-7.567	-51.141	-68.4
7.25	-7.567	-51.133	-58.4
7.26	-7.568	-50.895	-54.2
7.27	-7.569	-48.325	-76.5
7.28	-7.571	-40.325	-64.5
7.29	-7.572	-27.778	-62.2
7.3	-7.572	-14.211	-71.7
7.31	-7.572	-1.597	-58.5
7.32	-7.571	9.002	-60.0
7.33	-7.571	16.697	-59.3
7.34	-7.572	20.864	-58.0
7.35	-7.574	21.309	-63.9
7.36	-7.577	18.422	-58.0
7.37	-7.579	12.972	-62.0
7.38	-7.580	5.834	-61.2
7.39	-7.581	-2.144	-64.2
7.4	-7.583	-10.341	-56.7
7.41	-7.584	-18.402	-66.6
7.42	-7.586	-26.136	-57.4
7.43	-7.588	-33.392	-56.2
7.44	-7.591	-39.944	-51.7
7.45	-7.593	-45.423	-45.6
7.46	-7.597	-49.164	-47.2
7.47	-7.601	-50.803	-55.2
7.48	-7.604	-51.128	-23.3
7.49	-7.609	-51.141	-19.8
7.5	-7.614	-51.141	-24.3
7.51	-7.619	-51.141	-14.9
7.52	-7.624	-51.141	-29.1
7.53	-7.629	-51.130	-51.9
7.54	-7.634	-50.917	-53.5
7.55	-7.638	-50.094	-67.7
7.56	-7.641	-48.723	-61.8
7.57	-7.644	-47.275	-46.3
7.58	-7.646	-45.839	-54.8
7.59	-7.651	-44.241	-54.2
7.6	-7.657	-42.519	-11.1
7.61	-7.664	-40.827	-64.8
7.62	-7.666	-39.152	94.4
7.63	-7.660	-37.506	242.3
7.64	-7.654	-35.939	267.9
7.65	-7.652	-34.394	185.3
7.66	-7.656	-32.958	-71.0
7.67	-7.663	-31.953	-67.2
7.68	-7.676	-31.473	-33.8
7.69	-7.687	-31.094	-57.0
7.7	-7.690	-30.441	-41.9
7.71	-7.685	-29.575	-38.8
7.72	-7.676	-28.769	-36.4
7.73	-7.670	-28.358	-39.2
7.74	-7.666	-28.517	-22.3
7.75	-7.661	-29.102	-27.2
7.76	-7.656	-29.361	-14.2
7.77	-7.654	-27.228	-13.2
7.78	-7.652	-18.067	-2.8
7.79	-7.652	4.000	18.4
7.8	-7.652	31.873	34.2
7.81	-7.654	47.891	51.6
7.82	-7.654	51.033	77.2
7.83	-7.655	51.128	103.9
7.84	-7.656	51.139	139.8
7.85	-7.656	51.139	157.4
7.86	-7.657	51.139	173.1
7.87	-7.660	51.139	178.3
7.88	-7.663	51.139	156.5
7.89	-7.667	51.133	112.4
7.9	-7.671	51.023	62.0
7.91	-7.676	48.517	6.6
7.92	-7.681	37.756	-21.6
7.93	-7.684	18.163	-55.1
7.94	-7.688	-3.455	-71.5
7.95	-7.694	-22.823	-74.7
7.96	-7.704	-38.461	-73.8
7.97	-7.713	-47.825	-85.0
7.98	-7.719	-50.834	-73.7
7.99	-7.725	-51.134	-74.8
8.0	-7.732	-51.141	-76.9
8.01	-7.740	-51.141	-74.5
8.02	-7.747	-51.141	-69.9
8.03	-7.751	-51.141	-66.4
8.04	-7.754	-51.141	-69.3
8.05	-7.756	-51.141	-64.1
8.06	-7.761	-51.141	-60.4
8.07	-7.766	-51.141	-75.6
8.08	-7.772	-51.138	-60.7
8.09	-7.780	-51.086	-58.4
8.1	-7.789	-49.823	-65.7
8.11	-7.798	-44.117	-68.9
8.12	-7.807	-33.098	-54.4
8.13	-7.814	-19.945	-62.5
8.14	-7.819	-7.259	-58.1
8.15	-7.824	3.739	-57.6
8.16	-7.828	12.069	-65.8
8.17	-7.831	17.075	-63.5
8.18	-7.837	18.494	-57.1
8.19	-7.844	16.544	-64.1
8.2	-7.853	11.783	-54.8
8.21	-7.862	4.948	-58.7
8.22	-7.873	-3.047	-59.6
8.23	-7.883	-11.317	-53.2
8.24	-7.893	-19.361	-48.0
8.25	-7.902	-26.947	-55.3
8.26	-7.913	-33.844	-57.7
8.27	-7.923	-39.798	-54.5
8.28	-7.934	-44.577	-54.7
8.29	-7.944	-48.041	-51.2
8.3	-7.955	-50.125	-39.5
8.31	-7.966	-50.972	-54.1
8.32	-7.978	-51.134	-39.5
8.33	-7.991	-51.141	-31.7
8.34	-8.005	-51.136	-27.8
8.35	-8.021	-51.047	-31.6
8.36	-8.040	-50.675	-11.0
8.37	-8.061	-49.953	-5.8
8.38	-8.082	-49.063	-15.0
8.39	-8.104	-48.114	-5.9
8.4	-8.125	-47.091	-18.8
8.41	-8.145	-45.917	-49.6
8.42	-8.166	-44.536	-56.1
8.43	-8.186	-43.033	-42.9
8.44	-8.206	-41.584	-46.6
8.45	-8.224	-40.289	-41.4
8.46	-8.240	-39.059	-53.4
8.47	-8.256	-37.869	-18.2
8.48	-8.275	-36.816	-16.7
8.49	-8.292	-35.831	-46.2
8.5	-8.303	-34.763	183.8
8.51	-8.306	-33.506	264.1
8.52	-8.312	-31.989	283.4
8.53	-8.321	-30.388	86.4
8.54	-8.334	-29.027	-99.6
8.55	-8.349	-28.072	-17.8
8.56	-8.367	-27.511	-36.2
8.57	-8.382	-27.109	-37.6
8.58	-8.391	-26.698	-30.7
8.59	-8.393	-26.381	-34.5
8.6	-8.389	-26.339	-28.0
8.61	-8.386	-26.753	-25.1
8.62	-8.383	-27.675	-15.3
8.63	-8.379	-28.745	-10.7
8.64	-8.378	-29.164	1.2
8.65	-8.380	-26.966	4.5
8.66	-8.384	-17.211	17.8
8.67	-8.390	5.753	29.5
8.68	-8.397	33.438	46.3
8.69	-8.404	48.417	60.5
8.7	-8.413	51.070	101.7
8.71	-8.422	51.130	127.1
8.72	-8.433	51.139	152.9
8.73	-8.444	51.139	171.3
8.74	-8.456	51.139	178.7
8.75	-8.467	51.139	174.7
8.76	-8.480	51.138	144.5
8.77	-8.492	51.123	111.1
8.78	-8.504	50.384	64.2
8.79	-8.515	44.378	3.0
8.8	-8.527	28.727	-18.3
8.81	-8.539	7.577	-49.0
8.82	-8.554	-12.747	-53.2
8.83	-8.571	-30.288	-56.9
8.84	-8.588	-43.261	-69.3
8.85	-8.604	-49.630	-61.2
8.86	-8.619	-51.072	-57.5
8.87	-8.633	-51.138	-62.8
8.88	-8.649	-51.141	-45.6
8.89	-8.663	-51.141	-64.6
8.9	-8.676	-51.141	-54.4
8.91	-8.689	-51.141	-51.0
8.92	-8.702	-51.141	-62.9
8.93	-8.716	-51.141	-46.6
8.94	-8.729	-51.141	-46.2
8.95	-8.744	-51.136	-51.6
8.96	-8.761	-51.044	-40.8
8.97	-8.778	-49.328	-45.9
8.98	-8.797	-42.706	-43.5
8.99	-8.816	-30.902	-49.5
9.0	-8.834	-17.248	-42.1
9.01	-8.851	-4.144	-39.3
9.02	-8.866	7.242	-41.8
9.03	-8.880	15.958	-51.4
9.04	-8.894	21.313	-36.0
9.05	-8.908	23.028	-38.0
9.06	-8.923	21.306	-39.4
9.07	-8.938	16.608	-43.0
9.08	-8.954	9.653	-44.6
9.09	-8.969	1.484	-45.0
9.1	-8.986	-6.911	-34.6
9.11	-9.002	-14.973	-34.3
9.12	-9.019	-22.519	-38.6
9.13	-9.036	-29.323	-37.2
9.14	-9.051	-35.087	-31.2
9.15	-9.066	-39.797	-38.3
9.16	-9.082	-43.611	-31.1
9.17	-9.099	-46.511	-33.5
9.18	-9.117	-48.406	-32.0
9.19	-9.136	-49.389	-22.3
9.2	-9.156	-49.711	-17.4
9.21	-9.177	-49.628	-21.1
9.22	-9.199	-49.342	-7.8
9.23	-9.220	-48.947	1.3
9.24	-9.239	-48.378	3.2
9.25	-9.259	-47.553	-2.6
9.26	-9.278	-46.456	5.8
9.27	-9.296	-45.155	-11.0
9.28	-9.313	-43.780	-44.2
9.29	-9.328	-42.398	-48.4
9.3	-9.343	-40.936	-26.8
9.31	-9.358	-39.309	-42.8
9.32	-9.374	-37.613	-26.5
9.33	-9.392	-35.958	-33.8
9.34	-9.412	-34.334	-2.6
9.35	-9.434	-32.658	-20.9
9.36	-9.454	-30.900	-28.5
9.37	-9.469	-29.223	198.3
9.38	-9.479	-27.697	267.3
9.39	-9.491	-26.133	214.0
9.4	-9.509	-24.666	34.2
9.41	-9.531	-23.830	-86.5
9.42	-9.553	-23.809	-1.5
9.43	-9.576	-24.166	-25.4
9.44	-9.596	-24.398	-11.1
9.45	-9.606	-24.458	-11.4
9.46	-9.605	-24.611	-19.4
9.47	-9.599	-25.044	-11.0
9.48	-9.592	-25.852	-7.7
9.49	-9.588	-27.067	5.8
9.5	-9.588	-28.575	7.6
9.51	-9.588	-30.038	-0.1
9.52	-9.591	-30.380	25.7
9.53	-9.594	-26.844	36.2
9.54	-9.598	-13.983	45.9
9.55	-9.601	11.623	61.9
9.56	-9.603	37.780	82.5
9.57	-9.604	49.533	106.7
9.58	-9.606	51.103	138.6
9.59	-9.610	51.136	158.7
9.6	-9.614	51.139	183.1
9.61	-9.618	51.139	179.5
9.62	-9.623	51.139	170.3
9.63	-9.626	51.139	147.7
9.64	-9.629	51.123	102.8
9.65	-9.629	50.722	44.5
9.66	-9.629	46.120	8.9
9.67	-9.628	31.791	-14.5
9.68	-9.631	10.111	-30.8
9.69	-9.637	-11.961	-48.7
9.7	-9.647	-31.263	-46.2
9.71	-9.654	-44.752	-57.9
9.72	-9.660	-50.283	-56.8
9.73	-9.668	-51.122	-57.5
9.74	-9.676	-51.138	-47.0
9.75	-9.683	-51.141	-43.3
9.76	-9.688	-51.141	-54.8
9.77	-9.694	-51.141	-53.7
9.78	-9.701	-51.141	-54.3
9.79	-9.706	-51.141	-44.6
9.8	-9.711	-51.141	-37.0
9.81	-9.717	-51.141	-44.7
9.82	-9.726	-51.136	-34.0
9.83	-9.737	-51.052	-35.8
9.84	-9.749	-49.216	-22.8
9.85	-9.761	-41.538	-44.1
9.86	-9.774	-27.233	-43.1
9.87	-9.786	-10.275	-30.6
9.88	-9.797	6.169	-41.5
9.89	-9.805	20.431	-39.0
9.9	-9.812	31.183	-36.2
9.91	-9.818	37.520	-55.7
9.92	-9.823	39.047	-38.1
9.93	-9.826	36.084	-33.3
9.94	-9.827	29.577	-47.4
9.95	-9.828	20.708	-40.8
9.96	-9.829	10.592	-32.9
9.97	-9.829	0.194	-39.1
9.98	-9.828	-9.778	-33.7
9.99	-9.826	-18.961	-41.6
10.0	-9.824	-27.144	-40.0
10.01	-9.820	-34.184	-43.6
10.02	-9.814	-40.059	-37.2
10.03	-9.806	-44.784	-25.8
10.04	-9.797	-48.267	-26.2
10.05	-9.789	-50.314	-8.3
10.06	-9.782	-51.045	-6.3
10.07	-9.774	-51.138	-14.0
10.08	-9.766	-51.072	-2.0
10.09	-9.755	-50.591	1.3
10.1	-9.741	-49.427	-11.7
10.11	-9.726	-47.827	-47.5
10.12	-9.713	-46.152	-47.5
10.13	-9.702	-44.508	-44.7
10.14	-9.691	-42.894	-39.2
10.15	-9.678	-41.280	-38.5
10.16	-9.663	-39.631	-37.5
10.17	-9.648	-37.970	-42.8
10.18	-9.635	-36.306	-3.3
10.19	-9.623	-34.641	-50.0
10.2	-9.604	-32.966	74.9
10.21	-9.576	-31.194	214.6
10.22	-9.545	-29.250	203.3
10.23	-9.518	-27.292	103.2
10.24	-9.505	-25.711	-79.2
10.25	-9.501	-24.797	-46.2
10.26	-9.496	-24.458	-8.7
10.27	-9.486	-24.209	-35.8
10.28	-9.466	-23.706	-23.6
10.29	-9.434	-23.203	-25.3
10.3	-9.391	-23.105	-13.3
10.31	-9.344	-23.539	-17.0
10.32	-9.298	-24.442	-15.2
10.33	-9.257	-25.702	-5.7
10.34	-9.219	-27.169	5.6
10.35	-9.185	-28.409	15.4
10.36	-9.154	-28.292	18.3
10.37	-9.128	-24.139	25.4
10.38	-9.104	-10.564	54.4
10.39	-9.082	14.934	70.7
10.4	-9.060	39.517	92.0
10.41	-9.039	49.858	101.7
10.42	-9.018	51.109	135.1
10.43	-8.998	51.139	160.7
10.44	-8.979	51.139	164.3
10.45	-8.962	51.139	168.7
10.46	-8.945	51.139	153.4
10.47	-8.928	51.136	106.2
10.48	-8.909	51.125	57.4
10.49	-8.890	50.156	10.1
10.5	-8.871	43.089	-17.8
10.51	-8.855	25.839	-48.0
10.52	-8.843	3.273	-53.4
10.53	-8.831	-18.316	-62.4
10.54	-8.817	-36.227	-67.0
10.55	-8.797	-47.188	-71.0
10.56	-8.776	-50.770	-61.8
10.57	-8.755	-51.133	-66.2
10.58	-8.732	-51.141	-60.6
10.59	-8.707	-51.141	-60.3
10.6	-8.682	-51.141	-58.0
10.61	-8.659	-51.141	-46.9
10.62	-8.637	-51.141	-53.6
10.63	-8.616	-51.141	-59.3
10.64	-8.596	-51.141	-54.8
10.65	-8.577	-51.139	-52.6
10.66	-8.559	-51.131	-47.6
10.67	-8.542	-50.639	-51.0
10.68	-8.524	-46.548	-44.7
10.69	-8.504	-35.489	-47.0
10.7	-8.486	-19.717	-33.6
10.71	-8.469	-3.603	-57.1
10.72	-8.451	10.856	-56.7
10.73	-8.434	22.416	-52.9
10.74	-8.416	30.120	-62.3
10.75	-8.396	33.598	-51.3
10.76	-8.376	32.992	-53.3
10.77	-8.357	28.897	-57.2
10.78	-8.338	22.231	-62.2
10.79	-8.319	13.995	-62.4
10.8	-8.301	5.027	-43.5
10.81	-8.283	-4.064	-62.4
10.82	-8.265	-12.856	-58.9
10.83	-8.249	-21.044	-58.3
10.84	-8.234	-28.384	-54.1
10.85	-8.221	-34.720	-57.5
10.86	-8.209	-40.016	-53.1
10.87	-8.198	-44.211	-57.0
10.88	-8.188	-47.192	-51.8
10.89	-8.178	-48.973	-33.2
10.9	-8.168	-49.708	-37.2
10.91	-8.157	-49.673	-54.6
10.92	-8.146	-49.233	-39.6
10.93	-8.134	-48.628	-44.8
10.94	-8.125	-48.019	-30.0
10.95	-8.116	-47.441	-6.9
10.96	-8.108	-46.636	-17.1
10.97	-8.101	-45.420	-25.8
10.98	-8.092	-43.927	-5.7
10.99	-8.084	-42.302	-13.9
11.0	-8.074	-40.611	-45.1
11.01	-8.064	-38.934	-63.3
11.02	-8.053	-37.397	-54.1
11.03	-8.041	-36.119	-49.2
11.04	-8.027	-35.075	-38.6
11.05	-8.013	-34.122	-52.0
11.06	-8.001	-33.183	-53.3
11.07	-7.991	-32.206	0.0
11.08	-7.984	-31.138	-61.3
11.09	-7.973	-29.997	47.1
11.1	-7.957	-28.800	199.4
11.11	-7.940	-27.458	204.6
11.12	-7.930	-25.975	182.7
11.13	-7.924	-24.678	-60.8
11.14	-7.921	-24.031	-67.8
11.15	-7.922	-24.106	-14.5
11.16	-7.920	-24.438	-56.0
11.17	-7.912	-24.552	-41.8
11.18	-7.896	-24.384	-39.0
11.19	-7.876	-24.163	-38.9
11.2	-7.857	-24.259	-32.2
11.21	-7.839	-24.966	-30.9
11.22	-7.821	-26.111	-24.9
11.23	-7.803	-27.003	-16.8
11.24	-7.786	-26.217	-5.0
11.25	-7.771	-20.197	-10.5
11.26	-7.759	-2.575	8.4
11.27	-7.748	24.803	30.6
11.28	-7.736	45.030	37.9
11.29	-7.724	50.817	51.9
11.3	-7.713	51.122	93.3
11.31	-7.703	51.139	107.1
11.32	-7.696	51.139	131.7
11.33	-7.691	51.139	153.6
11.34	-7.685	51.139	148.5
11.35	-7.679	51.139	131.1
11.36	-7.674	51.134	106.0
11.37	-7.669	51.097	66.1
11.38	-7.665	49.725	18.4
11.39	-7.661	41.809	-34.0
11.4	-7.659	24.722	-48.0
11.41	-7.656	4.073	-56.3
11.42	-7.654	-14.963	-74.4
11.43	-7.653	-31.347	-83.8
11.44	-7.652	-43.561	-77.0
11.45	-7.648	-49.655	-83.2
11.46	-7.643	-51.072	-81.3
11.47	-7.638	-51.138	-81.0
11.48	-7.636	-51.141	-60.7
11.49	-7.633	-51.141	-73.6
11.5	-7.631	-51.141	-83.3
11.51	-7.628	-51.141	-64.1
11.52	-7.626	-51.141	-60.3
11.53	-7.624	-51.141	-78.4
11.54	-7.625	-51.141	-70.7
11.55	-7.625	-51.138	-68.5
11.56	-7.625	-51.083	-66.6
11.57	-7.626	-49.806	-72.6
11.58	-7.627	-44.145	-57.0
11.59	-7.628	-33.120	-65.0
11.6	-7.628	-19.748	-62.0
11.61	-7.629	-6.620	-52.9
11.62	-7.628	5.114	-65.7
11.63	-7.628	14.467	-66.4
11.64	-7.628	20.661	-63.0
11.65	-7.629	23.348	-60.0
11.66	-7.631	22.572	-61.9
11.67	-7.633	18.686	-63.8
11.68	-7.634	12.472	-49.0
11.69	-7.634	4.883	-61.9
11.7	-7.634	-3.422	-58.2
11.71	-7.630	-11.959	-46.1
11.72	-7.627	-20.202	-51.8
11.73	-7.624	-27.719	-56.2
11.74	-7.623	-34.352	-46.3
11.75	-7.621	-40.017	-59.5
11.76	-7.621	-44.528	-55.7
11.77	-7.621	-47.780	-55.1
11.78	-7.623	-49.845	-52.6
11.79	-7.624	-50.850	-46.6
11.8	-7.624	-51.120	-50.2
11.81	-7.624	-51.131	-49.2
11.82	-7.625	-51.011	-38.6
11.83	-7.626	-50.516	-43.2
11.84	-7.628	-49.586	-31.8
11.85	-7.629	-48.380	-21.4
11.86	-7.631	-47.075	-7.2
11.87	-7.633	-45.838	-23.3
11.88	-7.634	-44.663	-17.9
11.89	-7.634	-43.384	-13.9
11.9	-7.635	-41.970	-43.9
11.91	-7.635	-40.545	-63.3
11.92	-7.635	-39.106	-55.1
11.93	-7.635	-37.683	-55.4
11.94	-7.634	-36.472	-46.2
11.95	-7.634	-35.462	-47.7
11.96	-7.635	-34.447	-59.5
11.97	-7.638	-33.353	-2.5
11.98	-7.641	-32.245	-61.9
11.99	-7.641	-31.103	25.8
12.0	-7.636	-29.789	247.5
12.01	-7.629	-28.208	280.1
12.02	-7.628	-26.394	258.3
12.03	-7.633	-24.652	-29.4
12.04	-7.641	-23.513	-84.4
12.05	-7.651	-23.153	-22.9
12.06	-7.661	-23.156	-59.4
12.07	-7.664	-23.186	-35.9
12.08	-7.657	-23.397	-47.3
12.09	-7.648	-23.848	-41.4
12.1	-7.638	-24.434	-33.6
12.11	-7.633	-25.341	-28.6
12.12	-7.628	-26.623	-21.2
12.13	-7.624	-27.758	-20.6
12.14	-7.620	-27.597	-6.5
12.15	-7.617	-23.180	2.3
12.16	-7.615	-8.383	15.2
12.17	-7.611	18.277	16.7
12.18	-7.606	41.773	44.3
12.19	-7.601	50.334	69.9
12.2	-7.599	51.103	97.8
12.21	-7.599	51.139	136.2
12.22	-7.600	51.139	154.6
12.23	-7.602	51.139	164.0
12.24	-7.604	51.139	182.8
12.25	-7.607	51.139	164.8
12.26	-7.611	51.138	139.1
12.27	-7.615	51.125	87.8
12.28	-7.619	50.209	22.6
12.29	-7.623	43.556	-9.2
12.3	-7.626	27.345	-38.9
12.31	-7.629	6.294	-72.0
12.32	-7.631	-13.716	-71.0
12.33	-7.634	-31.055	-76.0
12.34	-7.638	-43.759	-78.1
12.35	-7.640	-49.794	-89.2
12.36	-7.642	-51.084	-82.0
12.37	-7.643	-51.138	-84.8
12.38	-7.645	-51.141	-82.2
12.39	-7.648	-51.141	-71.5
12.4	-7.648	-51.141	-68.7
12.41	-7.648	-51.141	-70.3
12.42	-7.647	-51.141	-71.3
12.43	-7.646	-51.141	-77.6
12.44	-7.647	-51.141	-57.1
12.45	-7.648	-51.139	-65.4
12.46	-7.649	-51.125	-65.9
12.47	-7.651	-50.475	-67.7
12.48	-7.652	-46.330	-63.9
12.49	-7.655	-36.466	-61.8
12.5	-7.657	-23.138	-62.7
12.51	-7.658	-9.586	-53.9
12.52	-7.658	2.536	-43.1
12.53	-7.658	12.236	-66.6
12.54	-7.659	18.948	-62.5
12.55	-7.659	22.306	-57.6
12.56	-7.661	22.167	-70.2
12.57	-7.662	18.823	-62.3
12.58	-7.664	12.973	-56.5
12.59	-7.665	5.541	-62.6
12.6	-7.666	-2.539	-54.3
12.61	-7.667	-10.591	-61.0
12.62	-7.668	-18.314	-59.6
12.63	-7.669	-25.538	-57.4
12.64	-7.671	-32.081	-61.5
12.65	-7.674	-37.861	-63.1
12.66	-7.676	-42.850	-55.2
12.67	-7.678	-46.828	-58.7
12.68	-7.680	-49.459	-51.3
12.69	-7.683	-50.736	-53.1
12.7	-7.686	-51.105	-45.2
12.71	-7.690	-51.141	-43.5
12.72	-7.695	-51.141	-47.5
12.73	-7.701	-51.141	-35.9
12.74	-7.706	-51.128	-14.0
12.75	-7.711	-50.977	-20.0
12.76	-7.717	-50.494	-19.9
12.77	-7.722	-49.705	-15.1
12.78	-7.727	-48.809	-26.6
12.79	-7.731	-47.808	-51.3
12.8	-7.734	-46.608	-64.4
12.81	-7.735	-45.231	-53.3
12.82	-7.736	-43.689	-53.2
12.83	-7.738	-42.023	-45.4
12.84	-7.740	-40.363	-55.2
12.85	-7.744	-38.811	-28.7
12.86	-7.749	-37.316	-33.6
12.87	-7.752	-35.714	-48.5
12.88	-7.751	-33.953	210.6
12.89	-7.745	-31.936	305.9
12.9	-7.741	-29.609	332.3
12.91	-7.740	-27.323	109.6
12.92	-7.740	-25.589	-116.5
12.93	-7.741	-24.661	-27.4
12.94	-7.745	-24.431	-47.8
12.95	-7.747	-24.405	-50.8
12.96	-7.744	-24.188	-40.0
12.97	-7.737	-23.866	-51.6
12.98	-7.730	-23.813	-36.3
12.99	-7.725	-24.380	-31.1
13.0	-7.722	-25.625	-27.2
13.01	-7.719	-27.239	-20.2
13.02	-7.714	-28.473	-8.1
13.03	-7.711	-27.575	-1.4
13.04	-7.708	-20.566	14.2
13.05	-7.706	-1.420	21.3
13.06	-7.708	26.416	46.8
13.07	-7.711	45.738	68.8
13.08	-7.716	50.875	93.8
13.09	-7.723	51.125	122.0
13.1	-7.732	51.139	147.6
13.11	-7.743	51.139	177.5
13.12	-7.756	51.139	189.4
13.13	-7.771	51.139	193.0
13.14	-7.787	51.139	155.9
13.15	-7.805	51.133	101.2
13.16	-7.824	51.014	63.5
13.17	-7.846	48.391	7.3
13.18	-7.868	37.322	-15.9
13.19	-7.891	17.347	-45.2
13.2	-7.915	-4.711	-54.6
13.21	-7.941	-24.620	-66.5
13.22	-7.968	-40.292	-60.8
13.23	-7.993	-48.788	-75.6
13.24	-8.016	-51.006	-69.1
13.25	-8.039	-51.134	-61.7
13.26	-8.061	-51.141	-72.3
13.27	-8.082	-51.141	-60.1
13.28	-8.102	-51.141	-55.8
13.29	-8.121	-51.141	-52.1
13.3	-8.139	-51.141	-52.2
13.31	-8.158	-51.141	-56.7
13.32	-8.176	-51.141	-36.1
13.33	-8.196	-51.141	-52.3
13.34	-8.216	-51.139	-50.1
13.35	-8.238	-51.089	-46.5
13.36	-8.261	-49.798	-53.4
13.37	-8.284	-43.691	-48.1
13.38	-8.307	-31.513	-38.8
13.39	-8.329	-16.684	-47.8
13.4	-8.349	-2.163	-49.5
13.41	-8.367	10.777	-38.3
13.42	-8.386	20.920	-40.8
13.43	-8.403	27.345	-53.6
13.44	-8.421	29.722	-44.8
13.45	-8.441	28.156	-43.8
13.46	-8.460	23.203	-40.3
13.47	-8.480	15.897	-50.0
13.48	-8.501	7.306	-44.1
13.49	-8.521	-1.770	-51.0
13.5	-8.540	-10.786	-48.8
13.51	-8.559	-19.359	-42.6
13.52	-8.579	-27.192	-35.5
13.53	-8.599	-34.069	-38.8
13.54	-8.619	-39.858	-37.5
13.55	-8.638	-44.548	-43.4
13.56	-8.658	-48.120	-33.2
13.57	-8.677	-50.288	-29.4
13.58	-8.697	-51.050	-14.1
13.59	-8.719	-51.139	-0.3
13.6	-8.740	-51.141	-8.5
13.61	-8.762	-51.139	-9.9
13.62	-8.783	-51.116	-13.1
13.63	-8.803	-50.873	-31.5
13.64	-8.822	-50.177	-31.0
13.65	-8.839	-49.103	-36.1
13.66	-8.856	-47.898	-48.7
13.67	-8.873	-46.616	-39.1
13.68	-8.889	-45.202	-36.6
13.69	-8.906	-43.722	-53.0
13.7	-8.926	-42.236	12.3
13.71	-8.946	-40.623	-58.0
13.72	-8.962	-38.789	59.7
13.73	-8.971	-36.820	246.6
13.74	-8.978	-34.750	238.4
13.75	-8.988	-32.570	153.4
13.76	-9.003	-30.547	-68.3
13.77	-9.021	-29.077	-53.4
13.78	-9.041	-28.209	-16.5
13.79	-9.059	-27.484	-45.3
13.8	-9.073	-26.611	-8.0
13.81	-9.079	-25.892	-27.6
13.82	-9.081	-25.628	-19.0
13.83	-9.083	-25.780	-8.6
13.84	-9.086	-26.355	-7.7
13.85	-9.090	-27.483	-4.7
13.86	-9.095	-28.925	-2.8
13.87	-9.100	-29.873	5.5
13.88	-9.106	-28.908	23.9
13.89	-9.114	-22.806	24.6
13.9	-9.121	-5.686	52.4
13.91	-9.129	21.833	67.4
13.92	-9.139	43.683	86.1
13.93	-9.149	50.658	112.6
13.94	-9.161	51.114	146.4
13.95	-9.174	51.139	165.3
13.96	-9.188	51.139	179.2
13.97	-9.201	51.139	168.4
13.98	-9.215	51.139	162.4
13.99	-9.228	51.139	122.4
14.0	-9.238	51.134	65.7
14.01	-9.248	51.030	25.4
14.02	-9.259	48.523	-11.4
14.03	-9.271	37.303	-40.7
14.04	-9.285	16.194	-47.9
14.05	-9.303	-7.650	-53.6
14.06	-9.322	-28.905	-62.3
14.07	-9.341	-43.895	-60.7
14.08	-9.359	-50.136	-52.8
14.09	-9.376	-51.116	-64.6
14.1	-9.393	-51.138	-60.1
14.11	-9.406	-51.141	-65.0
14.12	-9.418	-51.141	-60.1
14.13	-9.428	-51.141	-45.7
14.14	-9.440	-51.141	-47.4
14.15	-9.452	-51.141	-61.9
14.16	-9.464	-51.141	-45.6
14.17	-9.478	-51.141	-43.6
14.18	-9.492	-51.141	-48.3
14.19	-9.513	-51.131	-34.8
14.2	-9.533	-50.798	-27.6
14.21	-9.551	-47.341	-50.6
14.22	-9.568	-36.809	-36.5
14.23	-9.584	-20.538	-40.6
14.24	-9.599	-3.092	-46.8
14.25	-9.614	13.159	-44.0
14.26	-9.630	26.898	-47.8
14.27	-9.648	36.789	-47.3
14.28	-9.669	42.002	-40.6
14.29	-9.692	42.409	-47.8
14.3	-9.716	38.417	-52.7
14.31	-9.737	31.016	-47.2
14.32	-9.758	21.423	-49.8
14.33	-9.779	10.622	-39.2
14.34	-9.804	-0.472	-30.5
14.35	-9.833	-11.003	-35.2
14.36	-9.865	-20.566	-4.3
14.37	-9.895	-29.091	-18.3
14.38	-9.922	-36.483	-22.0
14.39	-9.946	-42.550	-8.0
14.4	-9.970	-47.152	-33.9
14.41	-9.996	-49.978	-41.9
14.42	-10.024	-51.009	-45.6
14.43	-10.048	-51.139	-56.3
14.44	-10.071	-51.141	-54.7
14.45	-10.093	-51.141	-50.0
14.46	-10.117	-51.138	-45.5
14.47	-10.142	-51.033	-33.7
14.48	-10.167	-50.327	-11.0
14.49	-10.190	-48.569	-61.7
14.5	-10.206	-46.131	113.8
14.51	-10.216	-43.461	208.6
14.52	-10.223	-40.595	175.5
14.53	-10.236	-37.747	59.5
14.54	-10.254	-35.263	-112.3
14.55	-10.273	-33.355	-38.3
14.56	-10.290	-31.936	-14.5
14.57	-10.303	-30.694	-35.5
14.58	-10.309	-29.550	-23.8
14.59	-10.305	-28.692	-33.1
14.6	-10.293	-28.230	-20.1
14.61	-10.274	-28.220	-22.3
14.62	-10.256	-28.719	-5.4
14.63	-10.238	-29.623	-6.3
14.64	-10.223	-30.719	-5.7
14.65	-10.208	-31.617	15.5
14.66	-10.194	-31.517	23.4
14.67	-10.184	-28.481	35.7
14.68	-10.176	-18.123	50.8
14.69	-10.168	4.559	51.5
14.7	-10.159	32.138	100.7
14.71	-10.149	47.872	115.9
14.72	-10.138	51.027	129.4
14.73	-10.126	51.128	157.9
14.74	-10.114	51.139	172.3
14.75	-10.098	51.139	165.6
14.76	-10.079	51.139	134.1
14.77	-10.056	51.139	90.5
14.78	-10.028	51.134	53.7
14.79	-9.999	51.078	-0.5
14.8	-9.972	49.278	-39.2
14.81	-9.949	39.466	-60.7
14.82	-9.935	18.836	-66.6
14.83	-9.926	-5.825	-63.5
14.84	-9.914	-28.048	-67.0
14.85	-9.894	-43.652	-68.1
14.86	-9.872	-50.113	-74.1
14.87	-9.849	-51.116	-72.8
14.88	-9.823	-51.138	-53.5
14.89	-9.795	-51.141	-78.3
14.9	-9.768	-51.141	-72.2
14.91	-9.741	-51.141	-58.5
14.92	-9.713	-51.141	-60.4
14.93	-9.684	-51.141	-46.2
14.94	-9.656	-51.141	-45.4
14.95	-9.628	-51.141	-51.8
14.96	-9.600	-51.138	-42.8
14.97	-9.571	-51.109	-56.1
14.98	-9.541	-50.039	-54.4
14.99	-9.510	-43.716	-58.2
15.0	-9.481	-29.558	-46.1
15.01	-9.452	-11.291	-43.8
15.02	-9.422	6.811	-60.8
15.03	-9.393	22.709	-47.8
15.04	-9.364	34.758	-37.9
15.05	-9.335	41.916	-59.6
15.06	-9.308	43.969	-58.1
15.07	-9.283	41.339	-51.2
15.08	-9.259	34.953	-48.9
15.09	-9.238	25.928	-48.6
15.1	-9.218	15.289	-38.4
15.11	-9.199	4.020	-36.2
15.12	-9.180	-7.008	-22.0
15.13	-9.161	-17.273	-24.5
15.14	-9.142	-26.697	-27.6
15.15	-9.121	-35.180	-10.8
15.16	-9.098	-42.341	-22.7
15.17	-9.076	-47.609	-53.1
15.18	-9.054	-50.366	-50.2
15.19	-9.033	-51.089	-73.7
15.2	-9.012	-51.139	-54.9
15.21	-8.991	-51.141	-40.0
15.22	-8.971	-51.141	-51.7
15.23	-8.953	-51.139	-58.8
15.24	-8.938	-51.072	-8.6
15.25	-8.924	-50.505	-75.0
15.26	-8.904	-48.991	29.4
15.27	-8.877	-46.745	220.0
15.28	-8.846	-44.133	226.8
15.29	-8.818	-41.294	154.6
15.3	-8.796	-38.430	-78.9
15.31	-8.781	-35.883	-83.2
15.32	-8.769	-33.989	-22.2
15.33	-8.759	-32.680	-61.3
15.34	-8.744	-31.620	-49.1
15.35	-8.721	-30.705	-39.9
15.36	-8.693	-29.991	-31.5
15.37	-8.662	-29.548	-38.5
15.38	-8.634	-29.534	-27.2
15.39	-8.604	-30.047	-22.9
15.4	-8.574	-30.759	-11.6
15.41	-8.543	-30.838	-21.3
15.42	-8.514	-28.761	-1.9
15.43	-8.487	-20.942	14.2
15.44	-8.461	-1.534	20.1
15.45	-8.435	26.261	35.0
15.46	-8.411	45.631	70.4
15.47	-8.389	50.864	93.5
15.48	-8.369	51.123	119.4
15.49	-8.351	51.139	143.2
15.5	-8.335	51.139	155.4
15.51	-8.319	51.139	148.5
15.52	-8.302	51.139	136.5
15.53	-8.283	51.139	99.8
15.54	-8.266	51.127	45.6
15.55	-8.247	50.878	4.3
15.56	-8.229	46.928	-30.7
15.57	-8.212	33.059	-52.4
15.58	-8.198	10.716	-60.9
15.59	-8.186	-12.613	-85.9
15.6	-8.174	-32.675	-78.2
15.61	-8.161	-45.783	-82.4
15.62	-8.145	-50.547	-71.8
15.63	-8.130	-51.131	-74.3
15.64	-8.114	-51.139	-76.4
15.65	-8.096	-51.141	-64.0
15.66	-8.081	-51.141	-64.8
15.67	-8.066	-51.141	-67.9
15.68	-8.050	-51.141	-65.0
15.69	-8.034	-51.141	-70.0
15.7	-8.019	-51.141	-56.6
15.71	-8.006	-51.141	-64.3
15.72	-7.994	-51.138	-59.9
15.73	-7.984	-51.102	-56.0
15.74	-7.974	-49.969	-58.2
15.75	-7.964	-43.855	-54.1
15.76	-7.953	-30.942	-53.7
15.77	-7.939	-15.136	-61.8
15.78	-7.925	-0.183	-60.8
15.79	-7.911	12.530	-57.0
15.8	-7.898	21.955	-42.5
15.81	-7.885	27.358	-58.6
15.82	-7.874	28.600	-60.5
15.83	-7.863	26.097	-52.5
15.84	-7.853	20.588	-58.9
15.85	-7.843	12.991	-59.4
15.86	-7.833	4.205	-52.5
15.87	-7.822	-5.011	-60.8
15.88	-7.811	-14.052	-47.9
15.89	-7.801	-22.528	-41.1
15.9	-7.790	-30.202	-47.2
15.91	-7.779	-36.814	-37.4
15.92	-7.768	-42.213	-23.8
15.93	-7.757	-46.383	-35.2
15.94	-7.748	-49.233	-15.7
15.95	-7.738	-50.686	-6.8
15.96	-7.730	-51.103	-26.3
15.97	-7.723	-51.131	-61.2
15.98	-7.718	-51.077	-66.6
15.99	-7.712	-50.855	-62.0
16.0	-7.705	-50.425	-60.4
16.01	-7.698	-49.777	-47.5
16.02	-7.691	-48.873	-61.8
16.03	-7.686	-47.800	-37.9
16.04	-7.683	-46.639	-25.5
16.05	-7.678	-45.352	-57.1
16.06	-7.666	-43.909	148.9
16.07	-7.651	-42.258	216.2
16.08	-7.637	-40.250	225.6
16.09	-7.627	-37.969	89.9
16.1	-7.621	-35.884	-97.2
16.11	-7.621	-34.436	-41.0
16.12	-7.624	-33.683	-53.1
16.13	-7.623	-33.216	-49.8
16.14	-7.616	-32.542	-38.3
16.15	-7.605	-31.547	-48.1
16.16	-7.593	-30.531	-39.2
16.17	-7.583	-29.883	-38.7
16.18	-7.573	-29.763	-29.0
16.19	-7.563	-29.913	-21.0
16.2	-7.551	-29.331	-13.1
16.21	-7.542	-25.431	-6.8
16.22	-7.535	-12.581	10.3
16.23	-7.527	12.859	22.2
16.24	-7.518	38.478	46.4
16.25	-7.510	49.681	59.8
16.26	-7.506	51.105	83.1
16.27	-7.505	51.138	104.5
16.28	-7.505	51.139	133.2
16.29	-7.505	51.139	149.2
16.3	-7.506	51.139	160.5
16.31	-7.506	51.139	150.4
16.32	-7.507	51.138	132.2
16.33	-7.508	51.123	95.7
16.34	-7.508	50.273	43.1
16.35	-7.508	43.775	-6.3
16.36	-7.508	27.500	-44.5
16.37	-7.506	6.223	-68.4
16.38	-7.505	-13.588	-66.5
16.39	-7.506	-30.228	-77.9
16.4	-7.507	-42.675	-77.8
16.41	-7.506	-49.275	-78.9
16.42	-7.504	-51.023	-71.8
16.43	-7.503	-51.136	-72.5
16.44	-7.503	-51.141	-71.3
16.45	-7.503	-51.141	-73.9
16.46	-7.501	-51.141	-62.7
16.47	-7.499	-51.141	-62.2
16.48	-7.496	-51.141	-70.6
16.49	-7.492	-51.141	-66.9
16.5	-7.489	-51.141	-56.6
16.51	-7.488	-51.139	-66.6
16.52	-7.488	-51.097	-67.7
16.53	-7.489	-50.052	-72.1
16.54	-7.490	-45.095	-64.3
16.55	-7.491	-35.066	-60.6
16.56	-7.490	-22.692	-56.5
16.57	-7.487	-10.559	-64.9
16.58	-7.485	0.144	-61.9
16.59	-7.481	8.477	-57.5
16.6	-7.476	13.811	-61.0
16.61	-7.473	15.905	-58.8
16.62	-7.472	14.853	-57.7
16.63	-7.471	10.953	-63.3
16.64	-7.470	4.713	-59.3
16.65	-7.469	-3.025	-57.6
16.66	-7.469	-11.305	-54.8
16.67	-7.468	-19.323	-56.5
16.68	-7.468	-26.550	-58.2
16.69	-7.467	-32.752	-56.9
16.7	-7.466	-37.866	-46.2
16.71	-7.466	-41.933	-56.7
16.72	-7.468	-45.006	-47.3
16.73	-7.469	-47.086	-39.1
16.74	-7.469	-48.353	-35.0
16.75	-7.469	-49.089	-46.4
16.76	-7.469	-49.384	-24.2
16.77	-7.471	-49.269	-18.5
16.78	-7.474	-48.877	-15.0
16.79	-7.478	-48.334	-3.8
16.8	-7.484	-47.641	-26.1
16.81	-7.491	-46.850	-39.9
16.82	-7.502	-46.048	-54.6
16.83	-7.515	-45.197	-60.1
16.84	-7.528	-44.286	-51.2
16.85	-7.541	-43.363	-46.5
16.86	-7.553	-42.409	-62.4
16.87	-7.567	-41.363	-34.8
16.88	-7.583	-40.184	-34.5
16.89	-7.597	-38.834	-43.2
16.9	-7.603	-37.284	199.1
16.91	-7.604	-35.520	286.2
16.92	-7.604	-33.467	302.5
16.93	-7.609	-31.222	88.1
16.94	-7.617	-29.284	-108.5
16.95	-7.628	-28.117	-36.2
16.96	-7.640	-27.609	-57.3
16.97	-7.648	-27.219	-50.3
16.98	-7.646	-26.611	-41.4
16.99	-7.635	-25.905	-57.3
17.0	-7.619	-25.452	-49.1
17.01	-7.604	-25.519	-42.5
17.02	-7.591	-26.031	-36.3
17.03	-7.581	-26.469	-24.4
17.04	-7.572	-25.439	-16.3
17.05	-7.566	-19.578	-13.0
17.06	-7.561	-3.058	9.8
17.07	-7.558	23.395	25.9
17.08	-7.557	44.194	41.1
17.09	-7.556	50.714	58.4
17.1	-7.554	51.116	94.1
17.11	-7.555	51.139	126.1
17.12	-7.556	51.139	156.4
17.13	-7.559	51.139	173.5
17.14	-7.564	51.139	190.0
17.15	-7.570	51.138	182.3
17.16	-7.578	51.125	154.9
17.17	-7.585	50.434	98.4
17.18	-7.594	44.763	46.2
17.19	-7.602	30.013	-4.4
17.2	-7.610	10.239	-43.0
17.21	-7.616	-8.486	-62.0
17.22	-7.624	-24.566	-77.9
17.23	-7.635	-37.744	-93.3
17.24	-7.646	-46.681	-92.7
17.25	-7.654	-50.453	-88.6
17.26	-7.659	-51.119	-88.1
17.27	-7.665	-51.139	-90.0
17.28	-7.671	-51.141	-80.1
17.29	-7.678	-51.141	-83.9
17.3	-7.682	-51.141	-69.4
17.31	-7.684	-51.141	-62.3
17.32	-7.684	-51.141	-68.7
17.33	-7.686	-51.141	-79.3
17.34	-7.689	-51.138	-67.4
17.35	-7.693	-51.072	-63.5
17.36	-7.699	-49.745	-65.2
17.37	-7.706	-44.378	-68.5
17.38	-7.714	-34.587	-63.7
17.39	-7.723	-23.116	-71.0
17.4	-7.732	-11.942	-63.5
17.41	-7.742	-1.911	-71.8
17.42	-7.753	6.238	-71.4
17.43	-7.763	11.792	-71.2
17.44	-7.773	14.336	-66.4
17.45	-7.783	13.922	-59.2
17.46	-7.794	10.928	-54.2
17.47	-7.807	5.930	-61.5
17.48	-7.819	-0.491	-60.8
17.49	-7.833	-7.717	-54.4
17.5	-7.844	-15.009	-55.3
17.51	-7.854	-21.841	-62.3
17.52	-7.864	-27.981	-61.7
17.53	-7.872	-33.292	-70.0
17.54	-7.879	-37.728	-57.3
17.55	-7.886	-41.280	-63.7
17.56	-7.894	-43.906	-58.5
17.57	-7.902	-45.609	-51.0
17.58	-7.913	-46.577	-54.4
17.59	-7.924	-47.048	-46.3
17.6	-7.937	-47.131	-49.7
17.61	-7.951	-46.819	-41.2
17.62	-7.967	-46.227	-31.8
17.63	-7.983	-45.627	-39.3
17.64	-8.000	-45.086	-24.0
17.65	-8.017	-44.442	-26.6
17.66	-8.036	-43.666	-15.5
17.67	-8.056	-42.781	-16.5
17.68	-8.078	-41.730	-34.9
17.69	-8.101	-40.509	-43.1
17.7	-8.126	-39.128	-57.9
17.71	-8.151	-37.561	-64.9
17.72	-8.177	-35.841	-64.9
17.73	-8.203	-34.147	-48.9
17.74	-8.231	-32.723	-61.1
17.75	-8.261	-31.606	-39.7
17.76	-8.295	-30.586	-39.8
17.77	-8.329	-29.405	-58.5
17.78	-8.358	-28.047	207.1
17.79	-8.382	-26.548	330.2
17.8	-8.405	-24.864	327.3
17.81	-8.431	-23.231	83.8
17.82	-8.458	-22.170	-114.3
17.83	-8.485	-22.064	-35.7
17.84	-8.514	-22.656	-58.0
17.85	-8.539	-23.308	-52.0
17.86	-8.560	-23.847	-40.0
17.87	-8.574	-24.420	-42.5
17.88	-8.582	-25.138	-33.8
17.89	-8.591	-26.167	-36.6
17.9	-8.600	-27.559	-26.1
17.91	-8.607	-28.842	-28.3
17.92	-8.614	-28.945	-15.0
17.93	-8.621	-26.123	-4.2
17.94	-8.629	-16.488	0.6
17.95	-8.638	5.227	20.4
17.96	-8.648	32.255	47.8
17.97	-8.658	47.875	54.9
17.98	-8.668	51.027	100.5
17.99	-8.678	51.128	122.8
18.0	-8.686	51.139	129.6
18.01	-8.694	51.139	161.7
18.02	-8.701	51.139	179.7
18.03	-8.706	51.139	177.5
18.04	-8.711	51.127	151.6
18.05	-8.714	50.578	95.7
18.06	-8.719	45.575	47.8
18.07	-8.726	31.747	-2.4
18.08	-8.734	12.427	-23.3
18.09	-8.742	-6.363	-57.6
18.1	-8.752	-22.828	-67.3
18.11	-8.763	-36.688	-81.2
18.12	-8.771	-46.319	-84.1
18.13	-8.779	-50.414	-72.2
18.14	-8.784	-51.117	-68.3
18.15	-8.788	-51.139	-73.4
18.16	-8.793	-51.141	-78.7
18.17	-8.798	-51.141	-65.2
18.18	-8.802	-51.141	-61.0
18.19	-8.805	-51.141	-72.3
18.2	-8.809	-51.141	-61.4
18.21	-8.814	-51.141	-66.3
18.22	-8.819	-51.138	-58.8
18.23	-8.828	-51.059	-51.7
18.24	-8.838	-49.569	-60.7
18.25	-8.849	-43.667	-56.4
18.26	-8.861	-32.975	-44.9
18.27	-8.873	-20.338	-59.3
18.28	-8.883	-7.842	-57.7
18.29	-8.894	3.417	-54.8
18.3	-8.903	12.475	-53.5
18.31	-8.912	18.577	-52.8
18.32	-8.921	21.377	-53.5
18.33	-8.933	20.984	-60.6
18.34	-8.944	17.752	-49.3
18.35	-8.956	12.108	-61.2
18.36	-8.969	4.659	-59.4
18.37	-8.980	-3.723	-43.6
18.38	-8.991	-12.141	-49.0
18.39	-9.001	-19.891	-55.9
18.4	-9.009	-26.572	-47.6
18.41	-9.019	-32.119	-56.2
18.42	-9.030	-36.598	-46.1
18.43	-9.042	-40.086	-49.4
18.44	-9.054	-42.648	-53.5
18.45	-9.067	-44.336	-48.3
18.46	-9.080	-45.266	-51.4
18.47	-9.093	-45.636	-45.1
18.48	-9.107	-45.597	-27.7
18.49	-9.123	-45.150	-22.4
18.5	-9.138	-44.375	-16.4
18.51	-9.152	-43.597	-21.2
18.52	-9.165	-43.006	-20.5
18.53	-9.178	-42.434	-1.6
18.54	-9.191	-41.628	-19.1
18.55	-9.204	-40.536	-61.1
18.56	-9.216	-39.330	-49.8
18.57	-9.230	-38.244	-54.3
18.58	-9.244	-37.283	-48.6
18.59	-9.259	-36.177	-38.4
18.6	-9.274	-34.837	-57.8
18.61	-9.291	-33.398	-22.1
18.62	-9.308	-31.855	-37.3
18.63	-9.321	-30.152	-49.0
18.64	-9.327	-28.386	179.4
18.65	-9.328	-26.597	243.3
18.66	-9.333	-24.766	209.8
18.67	-9.346	-23.163	28.4
18.68	-9.364	-22.233	-101.5
18.69	-9.384	-22.072	-31.6
18.7	-9.404	-22.314	-41.2
18.71	-9.420	-22.461	-32.8
18.72	-9.428	-22.438	-36.0
18.73	-9.426	-22.500	-27.2
18.74	-9.420	-22.763	-21.0
18.75	-9.412	-23.369	-29.2
18.76	-9.406	-24.522	-10.5
18.77	-9.401	-26.056	-13.2
18.78	-9.397	-27.363	1.5
18.79	-9.395	-27.236	6.3
18.8	-9.395	-22.850	24.5
18.81	-9.398	-8.713	36.4
18.82	-9.401	16.975	51.4
18.83	-9.406	40.672	72.1
18.84	-9.411	50.075	99.2
18.85	-9.418	51.111	112.5
18.86	-9.426	51.139	148.1
18.87	-9.433	51.139	179.2
18.88	-9.441	51.139	163.5
18.89	-9.448	51.139	156.2
18.9	-9.455	51.130	138.7
18.91	-9.461	50.961	83.3
18.92	-9.466	47.859	43.6
18.93	-9.470	36.400	5.4
18.94	-9.476	17.392	-30.6
18.95	-9.484	-2.613	-51.3
18.96	-9.498	-20.383	-58.1
18.97	-9.516	-35.334	-70.9
18.98	-9.535	-45.758	-59.1
18.99	-9.551	-50.286	-65.3
19.0	-9.564	-51.113	-64.5
19.01	-9.578	-51.139	-65.9
19.02	-9.589	-51.141	-72.2
19.03	-9.598	-51.141	-64.2
19.04	-9.607	-51.141	-61.9
19.05	-9.616	-51.141	-62.9
19.06	-9.626	-51.141	-46.7
19.07	-9.635	-51.141	-58.9
19.08	-9.644	-51.136	-53.5
19.09	-9.655	-51.031	-46.5
19.1	-9.666	-49.367	-54.6
19.11	-9.678	-43.116	-47.0
19.12	-9.692	-31.869	-45.4
19.13	-9.706	-18.213	-57.0
19.14	-9.719	-4.167	-47.7
19.15	-9.729	8.955	-46.2
19.16	-9.738	19.942	-47.2
19.17	-9.749	27.745	-53.5
19.18	-9.762	31.667	-47.9
19.19	-9.774	31.597	-58.8
19.2	-9.785	27.931	-37.1
19.21	-9.796	21.367	-39.9
19.22	-9.809	12.822	-60.4
19.23	-9.824	3.383	-57.0
19.24	-9.842	-5.994	-38.9
19.25	-9.866	-14.664	-44.8
19.26	-9.891	-22.269	-52.1
19.27	-9.912	-28.759	-41.5
19.28	-9.934	-34.238	-30.4
19.29	-9.957	-38.652	-27.6
19.3	-9.979	-41.922	-28.8
19.31	-9.997	-44.083	-25.0
19.32	-10.014	-45.228	-6.0
19.33	-10.032	-45.542	-11.3
19.34	-10.048	-45.281	-18.7
19.35	-10.063	-44.642	-12.9
19.36	-10.076	-43.727	-21.7
19.37	-10.088	-42.622	-41.3
19.38	-10.097	-41.489	-40.8
19.39	-10.104	-40.464	-48.3
19.4	-10.111	-39.592	-43.6
19.41	-10.116	-38.822	-48.2
19.42	-10.118	-37.933	-44.8
19.43	-10.118	-36.672	-50.4
19.44	-10.119	-34.989	-8.4
19.45	-10.118	-33.052	-70.4
19.46	-10.114	-31.058	36.0
19.47	-10.104	-29.025	209.8
19.48	-10.090	-26.948	205.6
19.49	-10.081	-25.058	109.8
19.5	-10.079	-23.680	-72.9
19.51	-10.079	-22.923	-53.3
19.52	-10.071	-22.513	-21.4
19.53	-10.052	-21.931	-39.6
19.54	-10.019	-21.130	-20.8
19.55	-9.971	-20.628	-29.8
19.56	-9.913	-20.739	-6.1
19.57	-9.853	-21.472	-18.9
19.58	-9.798	-22.763	-10.0
19.59	-9.748	-24.336	4.7
19.6	-9.702	-25.789	-4.7
19.61	-9.660	-26.622	7.4
19.62	-9.624	-25.880	24.1
19.63	-9.592	-21.172	22.9
19.64	-9.565	-7.639	47.4
19.65	-9.539	16.761	62.0
19.66	-9.516	40.045	85.9
19.67	-9.493	49.891	100.6
19.68	-9.471	51.111	134.1
19.69	-9.447	51.138	155.4
19.7	-9.424	51.139	153.6
19.71	-9.400	51.139	167.4
19.72	-9.377	51.139	156.3
19.73	-9.353	51.127	115.1
19.74	-9.328	50.619	65.7
19.75	-9.302	45.791	9.7
19.76	-9.277	32.016	-18.2
19.77	-9.254	12.264	-43.5
19.78	-9.236	-7.331	-62.2
19.79	-9.223	-24.705	-59.1
19.8	-9.209	-38.917	-58.9
19.81	-9.191	-47.750	-66.6
19.82	-9.171	-50.791	-61.9
19.83	-9.152	-51.134	-67.5
19.84	-9.131	-51.141	-63.1
19.85	-9.107	-51.141	-65.8
19.86	-9.084	-51.141	-55.0
19.87	-9.061	-51.141	-54.2
19.88	-9.039	-51.141	-60.8
19.89	-9.018	-51.141	-64.7
19.9	-8.996	-51.141	-52.4
19.91	-8.974	-51.133	-51.9
19.92	-8.954	-50.906	-67.0
19.93	-8.935	-48.414	-48.0
19.94	-8.915	-40.508	-45.3
19.95	-8.894	-27.695	-47.8
19.96	-8.872	-13.159	-38.7
19.97	-8.849	1.109	-56.7
19.98	-8.827	13.864	-47.1
19.99	-8.805	23.903	-54.3
20.0	-8.784	30.209	-52.5
20.01	-8.763	32.355	-53.0
20.02	-8.741	30.606	-58.7
20.03	-8.718	25.620	-56.7
20.04	-8.696	18.222	-45.4
20.05	-8.672	9.345	-52.1
20.06	-8.649	-0.080	-55.3
20.07	-8.627	-9.330	-49.3
20.08	-8.604	-17.959	-51.7
20.09	-8.584	-25.688	-42.5
20.1	-8.565	-32.336	-60.0
20.11	-8.547	-37.745	-62.5
20.12	-8.529	-41.852	-38.4
20.13	-8.512	-44.786	-57.8
20.14	-8.496	-46.738	-46.6
20.15	-8.481	-47.850	-50.3
20.16	-8.465	-48.180	-37.8
20.17	-8.450	-47.775	-37.7
20.18	-8.436	-46.831	-43.0
20.19	-8.423	-45.592	-17.1
20.2	-8.411	-44.219	-18.4
20.21	-8.399	-42.836	-29.8
20.22	-8.386	-41.520	-6.7
20.23	-8.373	-40.214	-20.1
20.24	-8.357	-38.850	-41.5
20.25	-8.342	-37.495	-61.6
20.26	-8.328	-36.203	-58.0
20.27	-8.312	-34.906	-50.5
20.28	-8.296	-33.495	-50.7
20.29	-8.280	-31.947	-65.3
20.3	-8.266	-30.380	-57.8
20.31	-8.254	-28.928	-9.7
20.32	-8.243	-27.636	-66.0
20.33	-8.226	-26.486	45.5
20.34	-8.204	-25.464	206.0
20.35	-8.180	-24.472	212.3
20.36	-8.161	-23.395	159.6
20.37	-8.148	-22.395	-69.3
20.38	-8.137	-21.869	-66.5
20.39	-8.129	-21.977	-38.2
20.4	-8.119	-22.402	-56.5
20.41	-8.104	-22.742	-40.9
20.42	-8.082	-22.867	-50.2
20.43	-8.058	-22.828	-31.0
20.44	-8.034	-22.839	-34.6
20.45	-8.012	-23.145	-35.2
20.46	-7.991	-23.727	-21.8
20.47	-7.970	-24.027	-34.2
20.48	-7.950	-22.597	-13.6
20.49	-7.934	-15.992	-4.8
20.5	-7.919	1.600	3.4
20.51	-7.906	27.567	30.6
20.52	-7.896	45.898	36.4
20.53	-7.887	50.877	53.8
20.54	-7.879	51.125	79.0
20.55	-7.873	51.139	100.2
20.56	-7.868	51.139	138.3
20.57	-7.863	51.139	130.5
20.58	-7.861	51.139	144.5
20.59	-7.859	51.136	135.6
20.6	-7.856	51.123	103.6
20.61	-7.852	50.247	63.7
20.62	-7.847	44.222	5.8
20.63	-7.841	30.148	-25.0
20.64	-7.836	12.406	-38.2
20.65	-7.830	-4.167	-62.0
20.66	-7.826	-18.520	-76.0
20.67	-7.822	-30.522	-69.7
20.68	-7.817	-40.052	-59.4
20.69	-7.810	-46.758	-75.5
20.7	-7.799	-50.173	-76.1
20.71	-7.789	-51.072	-61.7
20.72	-7.781	-51.139	-58.2
20.73	-7.774	-51.141	-63.7
20.74	-7.768	-51.141	-61.6
20.75	-7.761	-51.141	-76.6
20.76	-7.754	-51.141	-51.5
20.77	-7.749	-51.141	-47.6
20.78	-7.744	-51.138	-64.3
20.79	-7.739	-51.061	-58.2
20.8	-7.734	-49.764	-60.6
20.81	-7.730	-44.830	-55.1
20.82	-7.724	-36.006	-48.4
20.83	-7.718	-25.400	-56.2
20.84	-7.711	-14.381	-48.9
20.85	-7.701	-3.780	-61.5
20.86	-7.691	5.398	-53.2
20.87	-7.681	12.225	-46.1
20.88	-7.671	16.128	-49.0
20.89	-7.663	16.923	-57.3
20.9	-7.656	14.761	-54.3
20.91	-7.650	10.167	-57.8
20.92	-7.645	3.941	-52.3
20.93	-7.639	-3.102	-45.0
20.94	-7.634	-10.305	-48.6
20.95	-7.628	-17.172	-54.3
20.96	-7.622	-23.409	-51.6
20.97	-7.615	-28.988	-53.2
20.98	-7.609	-33.913	-45.8
20.99	-7.604	-38.053	-46.6
21.0	-7.601	-41.333	-49.0
21.01	-7.597	-43.714	-49.1
21.02	-7.593	-45.183	-37.3
21.03	-7.588	-45.888	-36.5
21.04	-7.582	-46.036	-42.4
21.05	-7.576	-45.795	-45.4
21.06	-7.570	-45.422	-34.0
21.07	-7.564	-45.073	-38.6
21.08	-7.560	-44.647	-35.9
21.09	-7.556	-44.100	-28.3
21.1	-7.553	-43.470	-31.6
21.11	-7.549	-42.603	-17.3
21.12	-7.546	-41.416	2.0
21.13	-7.544	-40.080	-6.4
21.14	-7.542	-38.719	-8.9
21.15	-7.540	-37.363	-6.5
21.16	-7.538	-36.045	-9.1
21.17	-7.536	-34.711	-38.7
21.18	-7.534	-33.223	-51.0
21.19	-7.532	-31.742	-43.4
21.2	-7.530	-30.558	-40.4
21.21	-7.527	-29.645	-37.2
21.22	-7.524	-28.844	-42.8
21.23	-7.524	-28.059	-24.3
21.24	-7.526	-27.313	-14.5
21.25	-7.526	-26.702	-47.1
21.26	-7.523	-26.230	148.4
21.27	-7.512	-25.775	247.6
21.28	-7.503	-25.183	284.6
21.29	-7.500	-24.367	164.4
21.3	-7.502	-23.566	-75.7
21.31	-7.506	-23.295	-29.8
21.32	-7.511	-23.733	-22.4
21.33	-7.512	-24.523	-41.4
21.34	-7.508	-25.263	-37.3
21.35	-7.499	-25.733	-43.9
21.36	-7.491	-25.983	-27.4
21.37	-7.485	-26.295	-34.0
21.38	-7.479	-26.852	-24.6
21.39	-7.472	-27.433	-18.5
21.4	-7.464	-27.067	-5.5
21.41	-7.457	-23.231	7.4
21.42	-7.452	-10.542	16.3
21.43	-7.448	14.266	29.2
21.44	-7.445	39.014	45.9
21.45	-7.444	49.755	63.7
21.46	-7.446	51.106	95.0
21.47	-7.449	51.138	113.4
21.48	-7.453	51.139	147.3
21.49	-7.458	51.139	169.3
21.5	-7.464	51.139	185.5
21.51	-7.471	51.139	175.6
21.52	-7.477	51.134	163.5
21.53	-7.482	51.084	127.7
21.54	-7.486	49.602	70.4
21.55	-7.490	41.981	30.1
21.56	-7.492	26.564	-15.5
21.57	-7.492	8.645	-50.8
21.58	-7.494	-7.620	-52.3
21.59	-7.497	-21.605	-74.7
21.6	-7.501	-33.089	-74.5
21.61	-7.503	-41.900	-69.5
21.62	-7.504	-47.747	-64.1
21.63	-7.504	-50.473	-66.9
21.64	-7.504	-51.108	-71.9
21.65	-7.506	-51.139	-65.7
21.66	-7.507	-51.141	-61.2
21.67	-7.507	-51.141	-62.7
21.68	-7.506	-51.141	-62.2
21.69	-7.506	-51.141	-59.4
21.7	-7.506	-51.141	-51.0
21.71	-7.508	-51.136	-54.5
21.72	-7.509	-50.952	-58.8
21.73	-7.511	-49.067	-58.5
21.74	-7.514	-43.272	-49.3
21.75	-7.517	-33.923	-52.0
21.76	-7.519	-23.134	-52.4
21.77	-7.521	-12.192	-60.3
21.78	-7.523	-1.955	-51.0
21.79	-7.523	6.602	-48.8
21.8	-7.524	12.603	-53.8
21.81	-7.525	15.541	-59.4
21.82	-7.526	15.338	-50.2
21.83	-7.527	12.378	-48.4
21.84	-7.529	7.338	-36.4
21.85	-7.531	0.972	-47.0
21.86	-7.534	-6.034	-55.6
21.87	-7.535	-13.163	-43.4
21.88	-7.537	-20.020	-43.8
21.89	-7.538	-26.347	-50.7
21.9	-7.538	-32.023	-39.9
21.91	-7.539	-36.975	-50.7
21.92	-7.540	-41.056	-43.5
21.93	-7.542	-44.084	-33.7
21.94	-7.545	-46.088	-41.6
21.95	-7.549	-47.228	-42.8
21.96	-7.553	-47.670	-27.7
21.97	-7.557	-47.627	-39.0
21.98	-7.561	-47.275	-47.2
21.99	-7.564	-46.773	-41.8
22.0	-7.569	-46.211	-38.1
22.01	-7.572	-45.592	-31.2
22.02	-7.577	-44.948	-38.7
22.03	-7.582	-44.220	-35.0
22.04	-7.586	-43.316	-19.4
22.05	-7.591	-42.177	-23.5
22.06	-7.596	-40.798	8.3
22.07	-7.600	-39.317	-0.3
22.08	-7.604	-37.995	-22.3
22.09	-7.609	-36.980	-9.5
22.1	-7.616	-36.119	2.3
22.11	-7.624	-35.205	-28.8
22.12	-7.631	-34.195	-56.2
22.13	-7.637	-33.058	-42.1
22.14	-7.642	-31.827	-34.8
22.15	-7.646	-30.598	-46.1
22.16	-7.651	-29.473	-23.8
22.17	-7.656	-28.577	-44.3
22.18	-7.665	-27.942	-12.7
22.19	-7.675	-27.352	-61.0
22.2	-7.681	-26.608	35.8
22.21	-7.681	-25.767	250.3
22.22	-7.678	-24.859	318.9
22.23	-7.679	-23.828	294.5
22.24	-7.686	-22.920	-4.8
22.25	-7.699	-22.608	-70.5
22.26	-7.716	-22.991	-18.1
22.27	-7.732	-23.644	-56.8
22.28	-7.743	-24.131	-33.6
22.29	-7.745	-24.309	-48.5
22.3	-7.740	-24.363	-27.6
22.31	-7.729	-24.742	-31.5
22.32	-7.717	-25.725	-24.9
22.33	-7.703	-27.103	-11.6
22.34	-7.690	-28.241	-4.3
22.35	-7.679	-27.872	-1.4
22.36	-7.673	-23.225	6.7
22.37	-7.669	-8.723	15.7
22.38	-7.667	17.447	39.3
22.39	-7.668	41.150	58.1
22.4	-7.673	50.195	73.2
22.41	-7.681	51.105	95.8
22.42	-7.694	51.139	126.4
22.43	-7.711	51.139	152.3
22.44	-7.730	51.139	179.3
22.45	-7.750	51.139	179.1
22.46	-7.769	51.139	176.3
22.47	-7.789	51.134	150.1
22.48	-7.807	51.080	101.9
22.49	-7.824	49.441	42.4
22.5	-7.841	41.045	0.0
22.51	-7.857	24.128	-32.4
22.52	-7.873	4.406	-47.0
22.53	-7.889	-13.788	-64.5
22.54	-7.909	-29.777	-74.8
22.55	-7.928	-42.316	-75.9
22.56	-7.947	-49.177	-67.9
22.57	-7.965	-51.014	-61.4
22.58	-7.983	-51.134	-71.1
22.59	-8.004	-51.141	-76.5
22.6	-8.024	-51.141	-57.4
22.61	-8.043	-51.141	-69.1
22.62	-8.059	-51.141	-60.1
22.63	-8.076	-51.141	-59.3
22.64	-8.092	-51.141	-65.6
22.65	-8.107	-51.141	-57.8
22.66	-8.125	-51.134	-61.9
22.67	-8.143	-50.958	-64.4
22.68	-8.162	-48.856	-60.5
22.69	-8.183	-41.917	-60.4
22.7	-8.203	-30.556	-53.0
22.71	-8.223	-17.725	-58.9
22.72	-8.242	-5.125	-50.7
22.73	-8.259	6.205	-56.1
22.74	-8.274	15.308	-51.5
22.75	-8.289	21.411	-51.1
22.76	-8.304	23.920	-57.5
22.77	-8.321	22.794	-57.0
22.78	-8.338	18.566	-68.1
22.79	-8.357	11.986	-57.7
22.8	-8.376	3.992	-48.4
22.81	-8.396	-4.448	-66.6
22.82	-8.416	-12.639	-36.3
22.83	-8.436	-20.239	-53.6
22.84	-8.455	-27.194	-71.1
22.85	-8.474	-33.447	-46.2
22.86	-8.493	-38.813	-50.8
22.87	-8.512	-43.200	-49.0
22.88	-8.529	-46.583	-48.4
22.89	-8.544	-48.761	-59.7
22.9	-8.559	-49.639	-47.1
22.91	-8.572	-49.631	-42.8
22.92	-8.586	-49.317	-44.4
22.93	-8.599	-48.903	-43.6
22.94	-8.613	-48.350	-39.0
22.95	-8.627	-47.628	-40.8
22.96	-8.644	-46.748	-23.5
22.97	-8.661	-45.703	-16.2
22.98	-8.679	-44.533	-16.0
22.99	-8.697	-43.305	-7.5
23.0	-8.714	-41.995	-7.7
23.01	-8.729	-40.602	-37.6
23.02	-8.744	-39.211	-45.7
23.03	-8.758	-37.898	-62.3
23.04	-8.773	-36.708	-50.3
23.05	-8.786	-35.622	-46.8
23.06	-8.801	-34.575	-46.7
23.07	-8.816	-33.517	-63.3
23.08	-8.834	-32.467	-20.2
23.09	-8.852	-31.448	-48.9
23.1	-8.866	-30.402	-18.7
23.11	-8.874	-29.242	195.9
23.12	-8.879	-27.917	245.7
23.13	-8.888	-26.469	207.2
23.14	-8.902	-25.144	-8.2
23.15	-8.919	-24.267	-92.8
23.16	-8.938	-23.895	-27.8
23.17	-8.959	-23.656	-52.7
23.18	-8.977	-23.170	-30.9
23.19	-8.987	-22.531	-43.5
23.2	-8.989	-22.053	-36.2
23.21	-8.989	-21.936	-36.0
23.22	-8.989	-22.378	-25.6
23.23	-8.990	-23.573	-15.4
23.24	-8.993	-25.327	-6.3
23.25	-8.997	-26.914	-10.4
23.26	-9.001	-27.183	4.0
23.27	-9.008	-23.597	19.8
23.28	-9.014	-10.808	27.6
23.29	-9.021	14.144	49.6
23.3	-9.026	38.947	64.7
23.31	-9.033	49.734	89.2
23.32	-9.041	51.106	125.5
23.33	-9.051	51.138	146.7
23.34	-9.063	51.139	164.7
23.35	-9.074	51.139	169.1
23.36	-9.088	51.139	169.4
23.37	-9.103	51.139	129.7
23.38	-9.117	51.133	99.5
23.39	-9.131	51.023	43.5
23.4	-9.142	48.481	-20.7
23.41	-9.152	37.472	-35.7
23.42	-9.165	17.205	-42.8
23.43	-9.181	-5.377	-66.6
23.44	-9.200	-25.727	-65.7
23.45	-9.221	-41.373	-64.5
23.46	-9.239	-49.269	-63.8
23.47	-9.254	-51.058	-61.1
23.48	-9.269	-51.136	-67.5
23.49	-9.283	-51.141	-67.5
23.5	-9.296	-51.141	-71.5
23.51	-9.308	-51.141	-63.7
23.52	-9.321	-51.141	-66.1
23.53	-9.334	-51.141	-76.3
23.54	-9.348	-51.141	-47.7
23.55	-9.363	-51.141	-52.8
23.56	-9.378	-51.141	-53.9
23.57	-9.393	-51.131	-53.1
23.58	-9.408	-50.922	-47.5
23.59	-9.423	-48.231	-56.0
23.6	-9.439	-39.269	-55.2
23.61	-9.454	-24.714	-48.4
23.62	-9.467	-8.730	-55.7
23.63	-9.478	6.339	-65.3
23.64	-9.489	19.436	-48.3
23.65	-9.501	29.572	-52.4
23.66	-9.512	35.869	-58.8
23.67	-9.522	37.789	-58.7
23.68	-9.533	35.355	-58.7
23.69	-9.546	29.284	-45.4
23.7	-9.559	20.716	-49.6
23.71	-9.570	10.773	-51.9
23.72	-9.578	0.516	-40.7
23.73	-9.584	-9.258	-57.0
23.74	-9.591	-18.158	-52.8
23.75	-9.599	-26.048	-50.8
23.76	-9.607	-32.902	-43.6
23.77	-9.616	-38.636	-42.2
23.78	-9.625	-43.236	-42.9
23.79	-9.634	-46.803	-43.1
23.8	-9.645	-49.308	-29.8
23.81	-9.655	-50.656	-2.6
23.82	-9.666	-51.091	-14.4
23.83	-9.678	-51.138	-32.8
23.84	-9.688	-51.045	-11.5
23.85	-9.697	-50.531	-25.0
23.86	-9.705	-49.431	-41.8
23.87	-9.714	-47.980	-52.5
23.88	-9.726	-46.464	-35.0
23.89	-9.741	-45.086	-50.6
23.9	-9.757	-43.823	-44.0
23.91	-9.771	-42.520	-41.6
23.92	-9.783	-41.047	-51.5
23.93	-9.796	-39.323	-3.9
23.94	-9.809	-37.370	-63.5
23.95	-9.818	-35.367	58.8
23.96	-9.824	-33.416	225.2
23.97	-9.830	-31.442	210.9
23.98	-9.840	-29.589	116.7
23.99	-9.856	-28.128	-84.2
24.0	-9.876	-27.116	-54.9
24.01	-9.896	-26.383	-25.4
24.02	-9.914	-25.564	-39.8
24.03	-9.923	-24.488	-21.6
24.04	-9.921	-23.391	-29.2
24.05	-9.907	-22.536	-20.7
24.06	-9.887	-22.117	-17.9
24.07	-9.869	-22.438	-7.3
24.08	-9.853	-23.670	-1.8
24.09	-9.840	-25.497	-6.4
24.1	-9.828	-27.194	9.2
24.11	-9.818	-27.763	9.0
24.12	-9.807	-25.433	33.5
24.13	-9.795	-16.270	39.2
24.14	-9.784	4.791	59.2
24.15	-9.774	31.506	95.4
24.16	-9.766	47.514	104.5
24.17	-9.759	51.000	127.6
24.18	-9.752	51.130	160.8
24.19	-9.747	51.139	172.2
24.2	-9.744	51.139	168.2
24.21	-9.744	51.139	155.8
24.22	-9.746	51.139	114.2
24.23	-9.749	51.134	58.5
24.24	-9.751	51.050	17.1
24.25	-9.751	48.797	-25.1
24.26	-9.750	38.059	-33.1
24.27	-9.752	17.136	-58.7
24.28	-9.758	-7.091	-70.9
24.29	-9.762	-28.941	-68.6
24.3	-9.761	-44.130	-81.3
24.31	-9.758	-50.219	-81.8
24.32	-9.756	-51.120	-72.6
24.33	-9.753	-51.138	-59.8
24.34	-9.747	-51.141	-58.8
24.35	-9.741	-51.141	-62.2
24.36	-9.736	-51.141	-57.2
24.37	-9.729	-51.141	-68.0
24.38	-9.721	-51.141	-63.8
24.39	-9.713	-51.141	-58.0
24.4	-9.705	-51.141	-52.1
24.41	-9.696	-51.141	-50.2
24.42	-9.685	-51.133	-44.4
24.43	-9.670	-50.814	-50.0
24.44	-9.650	-47.530	-40.6
24.45	-9.627	-37.369	-48.1
24.46	-9.602	-21.270	-52.3
24.47	-9.576	-3.477	-54.2
24.48	-9.549	13.383	-53.4
24.49	-9.523	27.650	-55.7
24.5	-9.499	38.092	-57.6
24.51	-9.476	43.995	-57.6
24.52	-9.454	45.227	-53.1
24.53	-9.434	42.217	-58.8
24.54	-9.413	35.702	-58.3
24.55	-9.392	26.545	-53.4
24.56	-9.370	15.806	-63.3
24.57	-9.348	4.600	-65.0
24.58	-9.328	-6.266	-43.5
24.59	-9.311	-16.413	-39.1
24.6	-9.296	-25.642	-26.5
24.61	-9.283	-33.642	-33.6
24.62	-9.268	-40.242	-24.0
24.63	-9.253	-45.514	-14.6
24.64	-9.236	-49.136	-24.0
24.65	-9.218	-50.777	-31.6
24.66	-9.200	-51.125	-53.7
24.67	-9.181	-51.139	-66.5
24.68	-9.162	-51.139	-52.8
24.69	-9.143	-51.089	-55.8
24.7	-9.123	-50.678	-49.6
24.71	-9.103	-49.566	-63.5
24.72	-9.084	-48.017	-18.4
24.73	-9.067	-46.334	-63.7
24.74	-9.047	-44.369	-16.9
24.75	-9.023	-42.019	197.0
24.76	-8.996	-39.280	214.3
24.77	-8.969	-36.320	162.7
24.78	-8.949	-33.573	-37.4
24.79	-8.936	-31.406	-106.0
24.8	-8.926	-29.952	-36.8
24.81	-8.916	-29.166	-63.9
24.82	-8.899	-28.780	-47.4
24.83	-8.873	-28.395	-42.3
24.84	-8.839	-27.872	-32.1
24.85	-8.802	-27.422	-35.7
24.86	-8.766	-27.342	-32.4
24.87	-8.733	-27.745	-36.2
24.88	-8.702	-28.439	-15.1
24.89	-8.672	-28.891	-13.1
24.9	-8.646	-28.136	-7.2
24.91	-8.623	-23.867	8.9
24.92	-8.601	-11.077	18.9
24.93	-8.580	13.475	36.7
24.94	-8.561	38.375	60.7
24.95	-8.543	49.591	75.8
24.96	-8.527	51.105	111.6
24.97	-8.514	51.136	131.3
24.98	-8.501	51.139	141.2
24.99	-8.489	51.139	153.1
25.0	-8.477	51.139	139.9
25.01	-8.464	51.139	105.4
25.02	-8.451	51.134	69.4
25.03	-8.436	51.100	29.0
25.04	-8.421	49.698	-21.3
25.05	-8.408	41.447	-58.3
25.06	-8.397	23.383	-63.2
25.07	-8.389	1.164	-70.2
25.08	-8.383	-19.817	-69.2
25.09	-8.375	-37.292	-66.3
25.1	-8.366	-47.703	-63.3
25.11	-8.356	-50.859	-74.3
25.12	-8.346	-51.131	-74.3
25.13	-8.334	-51.141	-71.9
25.14	-8.319	-51.141	-72.8
25.15	-8.303	-51.141	-75.0
25.16	-8.288	-51.141	-65.8
25.17	-8.274	-51.141	-67.9
25.18	-8.261	-51.141	-70.9
25.19	-8.249	-51.141	-66.9
25.2	-8.238	-51.141	-48.0
25.21	-8.228	-51.136	-57.4
25.22	-8.218	-51.045	-64.4
25.23	-8.206	-49.164	-61.3
25.24	-8.193	-41.536	-52.0
25.25	-8.178	-27.763	-51.8
25.26	-8.160	-12.089	-52.2
25.27	-8.141	2.486	-54.3
25.28	-8.123	14.719	-52.2
25.29	-8.105	23.614	-55.5
25.3	-8.087	28.603	-52.6
25.31	-8.069	29.641	-52.9
25.32	-8.051	27.077	-52.3
25.33	-8.032	21.581	-59.3
25.34	-8.016	14.022	-57.3
25.35	-8.000	5.297	-57.3
25.36	-7.984	-3.794	-53.8
25.37	-7.969	-12.709	-52.0
25.38	-7.956	-21.091	-55.9
25.39	-7.944	-28.598	-52.3
25.4	-7.932	-34.980	-40.3
25.41	-7.921	-40.017	-47.3
25.42	-7.912	-43.642	-35.6
25.43	-7.903	-46.017	-13.5
25.44	-7.895	-47.400	-18.3
25.45	-7.888	-48.178	-29.8
25.46	-7.880	-48.669	-13.4
25.47	-7.874	-48.883	-24.4
25.48	-7.867	-48.783	-50.2
25.49	-7.862	-48.445	-63.2
25.5	-7.857	-47.947	-57.4
25.51	-7.855	-47.342	-57.0
25.52	-7.853	-46.628	-50.8
25.53	-7.851	-45.700	-66.7
25.54	-7.850	-44.536	-25.4
25.55	-7.850	-43.211	-31.0
25.56	-7.849	-41.742	-29.8
25.57	-7.841	-40.173	169.7
25.58	-7.828	-38.492	203.3
25.59	-7.815	-36.508	221.8
25.6	-7.808	-34.231	66.4
25.61	-7.803	-32.100	-105.1
25.62	-7.800	-30.642	-32.0
25.63	-7.798	-29.952	-56.4
25.64	-7.792	-29.561	-49.3
25.65	-7.780	-29.011	-44.7
25.66	-7.765	-28.213	-37.6
25.67	-7.751	-27.445	-37.7
25.68	-7.736	-27.070	-21.3
25.69	-7.719	-27.089	-24.0
25.7	-7.704	-27.083	-6.6
25.71	-7.690	-26.130	-0.8
25.72	-7.679	-21.834	-14.5
25.73	-7.669	-8.820	4.6
25.74	-7.659	15.906	14.6
25.75	-7.649	39.894	33.1
25.76	-7.640	49.920	60.9
25.77	-7.631	51.109	89.6
25.78	-7.621	51.139	122.0
25.79	-7.612	51.139	141.2
25.8	-7.604	51.139	169.2
25.81	-7.595	51.139	158.5
25.82	-7.587	51.139	160.0
25.83	-7.578	51.139	151.9
25.84	-7.571	51.133	94.4
25.85	-7.566	51.016	45.8
25.86	-7.563	48.428	9.4
25.87	-7.557	37.592	-41.0
25.88	-7.550	18.158	-61.9
25.89	-7.542	-2.908	-69.1
25.9	-7.534	-21.325	-71.3
25.91	-7.528	-36.286	-78.3
25.92	-7.524	-46.266	-74.5
25.93	-7.519	-50.408	-71.7
25.94	-7.514	-51.117	-75.0
25.95	-7.511	-51.139	-84.2
25.96	-7.507	-51.141	-60.7
25.97	-7.501	-51.141	-58.2
25.98	-7.492	-51.141	-53.7
25.99	-7.483	-51.141	-59.5
26.0	-7.473	-51.141	-64.1
26.01	-7.462	-51.138	-54.9
26.02	-7.453	-51.058	-67.6
26.03	-7.446	-49.319	-76.9
26.04	-7.441	-41.688	-50.4
26.05	-7.442	-26.177	-37.0
26.06	-7.448	-6.767	-51.1
26.07	-7.456	11.281	-38.6
26.08	-7.465	26.406	-54.9
26.09	-7.474	39.028	-66.0
26.1	-7.482	47.477	-47.5
26.11	-7.487	50.644	-66.2
26.12	-7.492	50.409	-59.6
26.13	-7.496	47.558	-43.8
26.14	-7.501	41.180	-49.7
26.15	-7.505	31.402	-47.9
26.16	-7.509	19.402	-57.6
26.17	-7.511	6.633	-66.3
26.18	-7.513	-5.830	-54.3
26.19	-7.511	-17.363	-86.1
26.2	-7.506	-27.255	-56.0
26.21	-7.500	-34.623	-26.4
26.22	-7.497	-38.958	-60.3
26.23	-7.498	-40.670	-40.6
26.24	-7.503	-40.209	-30.1
26.25	-7.509	-37.914	-61.3
26.26	-7.518	-35.567	-8.7
26.27	-7.527	-35.034	6.7
26.28	-7.536	-35.613	-25.2
26.29	-7.543	-35.977	-26.0
26.3	-7.549	-36.638	-26.2
26.31	-7.553	-37.572	-57.0
26.32	-7.554	-37.211	-39.1
26.33	-7.556	-36.288	-49.4
26.34	-7.557	-37.448	-77.0
26.35	-7.558	-40.197	-40.2
26.36	-7.560	-41.927	-54.0
26.37	-7.564	-42.369	-37.9
26.38	-7.569	-42.859	-103.7
26.39	-7.572	-43.630	4.9
26.4	-7.572	-43.820	295.6
26.41	-7.570	-42.759	364.3
26.42	-7.571	-41.173	322.3
26.43	-7.576	-39.684	5.5
26.44	-7.584	-37.827	-100.8
26.45	-7.595	-36.323	-28.2
26.46	-7.608	-35.663	-57.1
26.47	-7.616	-34.566	-37.5
26.48	-7.616	-32.503	-62.6
26.49	-7.609	-30.498	-75.7
26.5	-7.601	-29.288	-22.0
26.51	-7.598	-28.077	-23.2
26.52	-7.596	-25.853	-30.4
26.53	-7.596	-22.419	-22.6
26.54	-7.595	-17.450	-13.4
26.55	-7.594	-9.097	14.7
26.56	-7.594	7.073	7.1
26.57	-7.594	29.803	41.3
26.58	-7.596	46.202	62.2
26.59	-7.599	50.878	54.2
26.6	-7.603	51.125	116.2
26.61	-7.605	51.139	135.9
26.62	-7.609	51.139	183.3
26.63	-7.615	51.139	185.0
26.64	-7.621	51.139	179.7
26.65	-7.627	51.139	181.4
26.66	-7.633	51.133	140.3
26.67	-7.639	51.083	116.3
26.68	-7.647	49.263	65.0
26.69	-7.654	38.928	2.1
26.7	-7.662	17.058	-21.3
26.71	-7.670	-7.823	-57.6
26.72	-7.680	-28.409	-67.3
26.73	-7.692	-42.952	-90.2
26.74	-7.705	-49.764	-73.3
26.75	-7.716	-51.092	-76.6
26.76	-7.725	-51.138	-94.5
26.77	-7.736	-51.141	-47.4
26.78	-7.749	-51.141	-59.2
26.79	-7.764	-51.141	-63.9
26.8	-7.780	-51.141	-48.2
26.81	-7.796	-51.141	-72.1
26.82	-7.813	-51.141	-37.9
26.83	-7.831	-51.141	-61.8
26.84	-7.852	-51.141	-84.0
26.85	-7.877	-51.141	-39.6
26.86	-7.902	-51.138	-43.7
26.87	-7.926	-51.102	-47.3
26.88	-7.945	-50.033	-41.7
26.89	-7.960	-44.592	-42.2
26.9	-7.971	-33.859	-47.3
26.91	-7.978	-21.352	-56.4
26.92	-7.982	-9.438	-56.2
26.93	-7.985	0.244	-46.8
26.94	-7.981	6.150	-48.0
26.95	-7.970	9.169	-37.0
26.96	-7.954	10.152	-32.0
26.97	-7.936	7.922	-41.6
26.98	-7.918	2.230	-32.4
26.99	-7.900	-4.866	-47.8
27.0	-7.884	-11.928	-36.4
27.01	-7.871	-19.345	-55.8
27.02	-7.862	-27.425	-38.1
27.03	-7.854	-35.236	-14.5
27.04	-7.846	-42.045	-45.3
27.05	-7.841	-47.486	-34.1
27.06	-7.838	-50.428	-6.6
27.07	-7.838	-51.109	-19.0
27.08	-7.843	-51.139	-7.6
27.09	-7.849	-51.141	-2.7
27.1	-7.856	-51.141	11.0
27.11	-7.862	-51.141	-0.2
27.12	-7.869	-51.141	-30.8
27.13	-7.876	-51.141	-44.1
27.14	-7.878	-51.141	-39.9
27.15	-7.877	-51.141	-57.6
27.16	-7.872	-51.141	-40.6
27.17	-7.866	-51.139	-47.7
27.18	-7.860	-51.067	-30.7
27.19	-7.854	-50.309	-19.0
27.2	-7.849	-47.858	-48.6
27.21	-7.844	-43.995	194.8
27.22	-7.839	-40.602	376.6
27.23	-7.836	-38.598	401.2
27.24	-7.836	-36.675	150.5
27.25	-7.839	-34.470	-128.7
27.26	-7.840	-33.469	-46.0
27.27	-7.843	-33.492	-47.7
27.28	-7.844	-33.666	-57.9
27.29	-7.841	-34.620	-54.8
27.3	-7.832	-36.681	-49.0
27.31	-7.821	-39.406	-50.8
27.32	-7.810	-42.016	-46.3
27.33	-7.800	-43.519	-31.8
27.34	-7.791	-45.241	-27.8
27.35	-7.782	-47.428	-16.6
27.36	-7.774	-46.595	1.1
27.37	-7.766	-42.469	8.6
27.38	-7.758	-29.705	17.3
27.39	-7.751	0.628	40.3
27.4	-7.746	33.745	73.0
27.41	-7.742	48.967	100.8
27.42	-7.739	51.103	138.6
27.43	-7.736	51.134	170.8
27.44	-7.732	51.139	195.9
27.45	-7.728	51.139	201.0
27.46	-7.723	51.139	205.6
27.47	-7.718	51.139	178.2
27.48	-7.712	51.128	132.7
27.49	-7.704	50.934	72.1
27.5	-7.694	47.620	18.3
27.51	-7.686	35.802	-24.8
27.52	-7.679	16.606	-51.0
27.53	-7.676	-3.523	-72.6
27.54	-7.673	-21.625	-79.9
27.55	-7.671	-36.953	-86.9
27.56	-7.669	-47.034	-89.3
27.57	-7.668	-50.695	-72.6
27.58	-7.667	-51.131	-80.2
27.59	-7.666	-51.141	-75.2
27.6	-7.664	-51.141	-70.1
27.61	-7.662	-51.141	-79.2
27.62	-7.660	-51.141	-79.1
27.63	-7.660	-51.141	-60.9
27.64	-7.662	-51.141	-77.6
27.65	-7.665	-51.141	-83.5
27.66	-7.669	-51.141	-30.3
27.67	-7.673	-51.134	-44.5
27.68	-7.679	-51.014	-54.4
27.69	-7.686	-48.663	-55.3
27.7	-7.692	-40.045	-55.4
27.71	-7.697	-26.295	-98.0
27.72	-7.703	-11.005	-106.7
27.73	-7.709	5.120	-33.9
27.74	-7.717	18.873	-67.1
27.75	-7.723	27.152	-76.4
27.76	-7.728	31.922	-57.7
27.77	-7.734	36.114	-66.8
27.78	-7.738	38.984	-65.8
27.79	-7.740	37.625	-42.2
27.8	-7.741	31.889	-59.0
27.81	-7.742	25.013	-19.9
27.82	-7.743	18.456	-43.7
27.83	-7.745	10.678	-71.2
27.84	-7.748	1.814	-7.6
27.85	-7.751	-6.997	-84.7
27.86	-7.754	-16.809	-32.5
27.87	-7.760	-27.942	21.3
27.88	-7.766	-37.584	27.6
27.89	-7.773	-44.236	-47.9
27.9	-7.778	-48.614	-25.6
27.91	-7.784	-50.689	-3.7
27.92	-7.788	-51.122	-74.7
27.93	-7.792	-51.139	-3.5
27.94	-7.795	-51.141	-23.0
27.95	-7.796	-51.138	-37.0
27.96	-7.796	-50.939	6.3
27.97	-7.795	-49.597	37.9
27.98	-7.796	-46.742	2.0
27.99	-7.795	-43.517	94.1
28.0	-7.791	-40.278	324.8
28.01	-7.786	-36.520	335.6
28.02	-7.784	-32.317	251.0
28.03	-7.786	-27.984	-53.0
28.04	-7.791	-23.900	-110.9
28.05	-7.800	-20.494	-35.8
28.06	-7.815	-17.573	-30.8
28.07	-7.832	-15.034	5.0
28.08	-7.846	-13.131	-51.0
28.09	-7.854	-11.555	-27.5
28.1	-7.856	-10.606	-13.7
28.11	-7.856	-11.292	-19.0
28.12	-7.852	-13.544	-11.1
28.13	-7.846	-16.294	0.7
28.14	-7.841	-18.536	19.1
28.15	-7.838	-19.602	16.4
28.16	-7.837	-17.637	42.6
28.17	-7.839	-6.770	61.5
28.18	-7.845	16.744	76.3
28.19	-7.854	40.186	117.4
28.2	-7.866	49.970	130.1
28.21	-7.880	51.111	150.4
28.22	-7.894	51.139	210.2
28.23	-7.907	51.139	209.4
28.24	-7.923	51.139	199.2
28.25	-7.940	51.139	193.5
28.26	-7.958	51.139	158.0
28.27	-7.977	51.131	98.7
28.28	-7.996	50.997	29.6
28.29	-8.013	48.177	-17.5
28.3	-8.030	36.558	-38.8
28.31	-8.047	15.188	-64.4
28.32	-8.065	-8.102	-75.0
28.33	-8.082	-26.555	-71.0
28.34	-8.098	-39.892	-66.3
28.35	-8.109	-48.127	-76.7
28.36	-8.117	-50.878	-77.8
28.37	-8.124	-51.131	-72.7
28.38	-8.129	-51.141	-55.5
28.39	-8.134	-51.141	-75.5
28.4	-8.141	-51.141	-50.3
28.41	-8.149	-51.141	-35.0
28.42	-8.158	-51.141	-58.1
28.43	-8.169	-51.141	-40.5
28.44	-8.181	-51.141	-44.5
28.45	-8.192	-51.141	-42.0
28.46	-8.204	-51.134	-40.6
28.47	-8.214	-50.869	-18.5
28.48	-8.224	-48.103	-39.3
28.49	-8.232	-39.594	-33.1
28.5	-8.239	-26.961	-24.4
28.51	-8.244	-14.400	-38.7
28.52	-8.249	-2.286	-16.3
28.53	-8.252	9.452	-48.3
28.54	-8.254	18.858	-29.9
28.55	-8.258	24.177	-50.7
28.56	-8.264	25.200	-38.5
28.57	-8.270	23.220	-21.3
28.58	-8.279	19.300	-40.7
28.59	-8.290	13.738	-32.9
28.6	-8.302	7.122	-18.2
28.61	-8.314	2.159	-19.2
28.62	-8.325	0.933	-11.1
28.63	-8.335	-1.913	-6.7
28.64	-8.345	-13.034	11.3
28.65	-8.354	-28.656	4.9
28.66	-8.364	-40.769	-24.5
28.67	-8.376	-47.567	-46.5
28.68	-8.391	-50.494	-116.3
28.69	-8.408	-51.116	-88.4
28.7	-8.428	-51.139	-36.2
28.71	-8.453	-51.141	-8.1
28.72	-8.484	-51.141	-18.1
28.73	-8.524	-51.141	12.9
28.74	-8.569	-51.141	-47.8
28.75	-8.613	-51.141	-36.3
28.76	-8.649	-51.141	191.0
28.77	-8.674	-51.141	198.6
28.78	-8.691	-51.141	198.8
28.79	-8.707	-51.141	-0.2
28.8	-8.726	-51.127	-79.2
28.81	-8.748	-50.770	-69.4
28.82	-8.774	-48.952	-49.8
28.83	-8.803	-44.958	53.8
28.84	-8.826	-40.270	28.5
28.85	-8.844	-36.455	23.1
28.86	-8.859	-33.264	11.9
28.87	-8.877	-30.902	8.5
28.88	-8.900	-29.816	33.4
28.89	-8.923	-27.502	14.9
28.9	-8.946	-20.519	-39.4
28.91	-8.964	-12.345	22.5
28.92	-8.979	-7.653	91.9
28.93	-8.992	1.736	51.8
28.94	-9.005	23.320	92.0
28.95	-9.017	43.513	107.5
28.96	-9.029	50.572	93.7
28.97	-9.044	51.111	126.2
28.98	-9.064	51.139	217.6
28.99	-9.084	51.139	188.0
29.0	-9.105	51.139	132.3
29.01	-9.126	51.139	155.1
29.02	-9.149	51.139	124.0
29.03	-9.177	51.134	89.9
29.04	-9.206	51.105	26.1
29.05	-9.235	49.627	-71.6
29.06	-9.262	40.642	-54.9
29.07	-9.291	20.892	-74.4
29.08	-9.326	-4.177	-132.0
29.09	-9.367	-27.883	-73.6
29.1	-9.414	-44.045	-73.8
29.11	-9.464	-50.220	-58.3
29.12	-9.513	-51.119	-33.0
29.13	-9.559	-51.138	-58.5
29.14	-9.603	-51.141	-76.1
29.15	-9.643	-51.141	-74.2
29.16	-9.680	-51.141	-63.0
29.17	-9.718	-51.141	-91.4
29.18	-9.759	-51.141	-61.0
29.19	-9.802	-51.141	-34.5
29.2	-9.844	-51.141	-59.3
29.21	-9.885	-51.141	-71.9
29.22	-9.926	-51.139	-26.8
29.23	-9.967	-51.130	-56.1
29.24	-10.006	-50.522	-74.3
29.25	-10.043	-46.291	-40.1
29.26	-10.079	-36.538	-56.3
29.27	-10.114	-24.553	-55.4
29.28	-10.147	-12.764	-54.1
29.29	-10.183	-0.944	-45.7
29.3	-10.223	8.673	-45.5
29.31	-10.264	14.017	-58.3
29.32	-10.308	15.780	-37.9
29.33	-10.356	13.480	-42.6
29.34	-10.406	6.255	-27.3
29.35	-10.455	-3.177	-37.6
29.36	-10.503	-10.766	-59.9
29.37	-10.554	-17.227	-16.0
29.38	-10.608	-24.706	-13.6
29.39	-10.665	-30.886	-11.8
29.4	-10.723	-33.619	-33.8
29.41	-10.778	-35.334	-32.7
29.42	-10.831	-39.905	-21.8
29.43	-10.883	-46.361	-52.2
29.44	-10.933	-50.266	-31.3
29.45	-10.979	-51.108	-27.7
29.46	-11.024	-51.136	-62.5
29.47	-11.073	-51.097	-52.8
29.48	-11.128	-50.102	51.8
29.49	-11.186	-45.309	-34.7
29.5	-11.237	-34.813	50.0
29.51	-11.282	-20.006	225.9
29.52	-11.326	-3.970	112.5
29.53	-11.374	8.859	87.0
29.54	-11.431	14.695	-66.6
29.55	-11.501	14.389	-31.5
29.56	-11.571	11.942	22.4
29.57	-11.636	9.441	-33.1
29.58	-11.698	6.748	-12.9
29.59	-11.752	2.795	3.2
29.6	-11.797	-6.075	10.6
29.61	-11.834	-20.567	-24.6
29.62	-11.872	-34.189	-1.7
29.63	-11.914	-40.720	18.6
29.64	-11.961	-43.483	10.2
29.65	-12.008	-45.319	17.4
29.66	-12.056	-41.544	29.5
29.67	-12.111	-33.659	23.4
29.68	-12.171	-23.713	41.0
29.69	-12.228	-5.684	72.2
29.7	-12.283	21.467	77.9
29.71	-12.339	43.319	118.5
29.72	-12.401	50.566	112.1
29.73	-12.463	51.111	112.8
29.74	-12.522	51.139	156.6
29.75	-12.578	51.139	135.7
29.76	-12.635	51.139	128.2
29.77	-12.699	51.139	83.0
29.78	-12.771	51.136	28.4
29.79	-12.844	51.119	28.1
29.8	-12.913	49.898	-35.9
29.81	-12.972	40.933	-44.2
29.82	-13.028	19.194	-5.5
29.83	-13.092	-8.373	-77.8
29.84	-13.161	-32.028	-54.0
29.85	-13.228	-46.181	-40.6
29.86	-13.289	-50.691	-73.8
29.87	-13.338	-51.130	-46.3
29.88	-13.372	-51.141	-63.2
29.89	-13.398	-51.141	-93.2
29.9	-13.428	-51.141	-30.8
29.91	-13.466	-51.141	-21.2
29.92	-13.511	-51.141	-96.7
29.93	-13.550	-51.141	-42.3
29.94	-13.581	-51.141	-17.3
29.95	-13.615	-51.141	-51.4
29.96	-13.649	-51.141	-16.6
29.97	-13.678	-51.136	-50.2
29.98	-13.706	-51.058	-35.6
29.99	-13.730	-49.209	-31.6
30.0	-13.741	-41.330	-77.6
30.01	-13.749	-27.622	-46.6
30.02	-13.766	-12.902	-54.5
30.03	-13.782	1.459	-44.9
30.04	-13.794	13.645	-39.1
30.05	-13.803	19.877	-47.1
30.06	-13.808	20.338	-37.8
30.07	-13.806	18.055	-36.2
30.08	-13.797	13.853	-30.8
30.09	-13.778	6.847	-53.2
30.1	-13.746	-1.764	-30.7
30.11	-13.698	-9.600	-14.3
30.12	-13.636	-16.153	-8.0
30.13	-13.563	-22.694	-13.0
30.14	-13.482	-30.442	-51.1
30.15	-13.393	-38.316	-34.9
30.16	-13.296	-44.197	-44.4
30.17	-13.198	-47.223	-42.7
30.18	-13.102	-47.941	-28.5
30.19	-13.010	-48.820	-65.4
30.2	-12.927	-50.375	-4.6
30.21	-12.851	-51.083	4.6
30.22	-12.775	-51.138	29.3
30.23	-12.695	-51.136	208.2
30.24	-12.616	-51.070	169.3
30.25	-12.549	-50.202	4.8
30.26	-12.498	-47.773	-63.9
30.27	-12.461	-44.664	10.1
30.28	-12.424	-41.719	-32.0
30.29	-12.379	-38.536	-31.1
30.3	-12.328	-34.119	1.2
30.31	-12.271	-28.313	-32.1
30.32	-12.210	-23.248	-12.0
30.33	-12.150	-20.120	-5.9
30.34	-12.094	-17.330	-23.8
30.35	-12.047	-15.698	14.2
30.36	-12.008	-19.700	20.6
30.37	-11.966	-24.991	-22.1
30.38	-11.918	-22.963	27.2
30.39	-11.859	-14.820	23.8
30.4	-11.791	-5.350	34.5
30.41	-11.715	4.269	47.0
30.42	-11.630	17.522	69.9
30.43	-11.535	35.111	110.8
30.44	-11.430	47.631	115.9
30.45	-11.318	50.977	135.1
30.46	-11.204	51.130	139.3
30.47	-11.088	51.139	114.4
30.48	-10.972	51.139	117.6
30.49	-10.858	51.139	96.3
30.5	-10.751	51.139	29.4
30.51	-10.659	51.119	11.4
30.52	-10.583	50.530	-26.5
30.53	-10.513	43.950	-37.7
30.54	-10.441	24.041	-28.1
30.55	-10.364	-4.986	-71.2
30.56	-10.289	-31.375	-65.1
30.57	-10.213	-46.622	-41.8
30.58	-10.137	-50.859	-46.2
30.59	-10.066	-51.128	-69.1
30.6	-10.003	-51.141	-50.1
30.61	-9.943	-51.141	-31.4
30.62	-9.883	-51.141	-37.1
30.63	-9.824	-51.141	-45.2
30.64	-9.769	-51.141	-37.7
30.65	-9.717	-51.141	-25.5
30.66	-9.669	-51.141	-24.1
30.67	-9.623	-51.141	-36.0
30.68	-9.579	-51.141	-13.2
30.69	-9.537	-51.123	0.8
30.7	-9.501	-50.544	-34.5
30.71	-9.466	-45.388	-29.5
30.72	-9.431	-35.142	3.3
30.73	-9.398	-30.294	-18.1
30.74	-9.366	-28.877	-11.2
30.75	-9.332	-16.153	3.1
30.76	-9.296	3.095	-8.4
30.77	-9.266	15.895	-27.7
30.78	-9.247	24.055	-28.8
30.79	-9.232	30.031	-29.3
30.8	-9.214	28.372	-31.8
30.81	-9.195	19.113	-41.5
30.82	-9.179	9.064	-31.3
30.83	-9.166	2.094	-8.8
30.84	-9.154	-2.280	-19.0
30.85	-9.140	-5.984	-22.4
30.86	-9.123	-11.309	1.1
30.87	-9.100	-18.492	-14.0
30.88	-9.074	-25.423	-39.6
30.89	-9.047	-31.370	-55.8
30.9	-9.018	-37.306	-44.7
30.91	-8.985	-42.627	-35.3
30.92	-8.950	-45.620	-45.0
30.93	-8.916	-46.331	-66.8
30.94	-8.884	-46.353	-5.3
30.95	-8.853	-46.169	-29.5
30.96	-8.824	-45.564	-3.2
30.97	-8.799	-45.705	157.5
30.98	-8.763	-46.523	129.5
30.99	-8.716	-45.983	99.0
31.0	-8.676	-43.995	-29.9
31.01	-8.653	-42.408	-82.4
31.02	-8.640	-41.613	-15.8
31.03	-8.627	-40.345	-34.9
31.04	-8.602	-38.802	-24.6
31.05	-8.564	-38.269	-22.5
31.06	-8.523	-38.408	-32.7
31.07	-8.485	-38.352	-26.5
31.08	-8.449	-38.259	-26.9
31.09	-8.413	-38.378	-13.3
31.1	-8.382	-37.666	-7.7
31.11	-8.361	-36.628	-22.7
31.12	-8.348	-37.102	13.2
31.13	-8.328	-35.523	15.3
31.14	-8.298	-24.669	7.3
31.15	-8.266	0.905	30.2
31.16	-8.232	31.606	65.4
31.17	-8.200	48.178	73.7
31.18	-8.168	51.069	82.6
31.19	-8.136	51.130	106.2
31.2	-8.106	51.139	116.6
31.21	-8.077	51.139	111.2
31.22	-8.049	51.139	108.7
31.23	-8.022	51.139	84.4
31.24	-7.998	51.134	46.8
31.25	-7.976	51.105	16.0
31.26	-7.958	49.702	-13.5
31.27	-7.943	41.020	-40.6
31.28	-7.933	21.822	-43.6
31.29	-7.929	-1.364	-65.1
31.3	-7.930	-22.698	-67.3
31.31	-7.923	-39.778	-45.3
31.32	-7.906	-48.875	-58.0
31.33	-7.888	-51.036	-64.3
31.34	-7.868	-51.136	-53.4
