Interval=	0.01 s
ExcelDateTime=	3.9773395647658894e+004	21/11/2008 9:29:43.957728
TimeFormat=	StartOfBlock
ChannelTitle=	Channel 1	Channel 2	Channel 3
Range=	20.000 mV	50.000 mV	500.0 µV
0.0	-9.110	51.139	170.2
0.01	-9.109	51.139	128.1
0.02	-9.106	51.136	82.4
0.03	-9.101	51.119	32.3
0.04	-9.095	49.927	-2.2
0.05	-9.089	41.689	-28.6
0.06	-9.088	22.286	-42.7
0.07	-9.091	-2.252	-48.4
0.08	-9.096	-24.898	-50.0
0.09	-9.097	-41.686	-63.8
0.1	-9.094	-49.520	-58.2
0.11	-9.091	-51.081	-49.5
0.12	-9.088	-51.138	-65.6
0.13	-9.080	-51.141	-57.8
0.14	-9.069	-51.141	-50.2
0.15	-9.056	-51.141	-52.5
0.16	-9.043	-51.141	-54.3
0.17	-9.027	-51.141	-43.5
0.18	-9.011	-51.141	-45.9
0.19	-8.993	-51.141	-51.3
0.2	-8.976	-51.131	-44.5
0.21	-8.957	-50.702	-54.8
0.22	-8.936	-46.548	-39.9
0.23	-8.914	-34.420	-45.6
0.24	-8.894	-16.414	-38.8
0.25	-8.874	2.023	-33.0
0.26	-8.855	18.017	-41.2
0.27	-8.837	30.013	-49.8
0.28	-8.819	37.281	-50.7
0.29	-8.801	39.952	-46.2
0.3	-8.784	38.144	-49.8
0.31	-8.768	32.259	-41.6
0.32	-8.752	23.495	-45.7
0.33	-8.734	12.842	-48.4
0.34	-8.716	0.967	-40.0
0.35	-8.698	-11.086	-39.3
0.36	-8.681	-22.439	-26.3
0.37	-8.667	-32.670	-26.1
0.38	-8.654	-41.323	-17.7
0.39	-8.642	-47.506	-17.2
0.4	-8.632	-50.450	-13.3
0.41	-8.623	-51.108	9.7
0.42	-8.616	-51.139	-20.3
0.43	-8.607	-51.141	-55.5
0.44	-8.596	-51.141	-45.5
0.45	-8.584	-51.141	-40.6
0.46	-8.572	-51.130	-50.1
0.47	-8.559	-50.892	-43.1
0.48	-8.547	-49.844	-43.1
0.49	-8.537	-47.666	-40.2
0.5	-8.531	-44.616	-4.3
0.51	-8.524	-41.184	-75.8
0.52	-8.513	-37.958	80.6
0.53	-8.496	-35.117	199.2
0.54	-8.479	-32.620	155.5
0.55	-8.468	-30.522	98.9
0.56	-8.461	-28.845	-82.3
0.57	-8.454	-27.770	-51.5
0.58	-8.448	-27.367	-17.7
0.59	-8.441	-27.328	-48.7
0.6	-8.429	-27.358	-26.2
0.61	-8.412	-27.523	-35.3
0.62	-8.391	-27.945	-20.8
0.63	-8.370	-28.573	-16.1
0.64	-8.349	-29.342	-19.7
0.65	-8.329	-30.013	-5.1
0.66	-8.310	-30.031	-6.9
0.67	-8.291	-28.022	-0.0
0.68	-8.273	-20.131	11.4
0.69	-8.256	-0.509	19.5
0.7	-8.241	27.069	35.6
0.71	-8.228	45.902	54.8
0.72	-8.216	50.883	80.9
0.73	-8.207	51.125	107.5
0.74	-8.201	51.139	130.5
0.75	-8.194	51.139	139.0
0.76	-8.188	51.139	149.1
0.77	-8.183	51.139	137.0
0.78	-8.177	51.139	114.3
0.79	-8.171	51.131	68.0
0.8	-8.164	50.992	24.5
0.81	-8.157	48.031	-10.1
0.82	-8.150	35.916	-40.4
0.83	-8.144	14.514	-43.1
0.84	-8.140	-8.591	-56.3
0.85	-8.137	-28.627	-68.2
0.86	-8.136	-43.039	-62.7
0.87	-8.133	-49.722	-64.7
0.88	-8.130	-51.086	-51.6
0.89	-8.127	-51.138	-59.6
0.9	-8.122	-51.141	-60.5
0.91	-8.116	-51.141	-58.0
0.92	-8.110	-51.141	-60.3
0.93	-8.104	-51.141	-54.9
0.94	-8.099	-51.141	-55.1
0.95	-8.094	-51.141	-57.0
0.96	-8.091	-51.139	-40.9
0.97	-8.087	-51.130	-33.4
0.98	-8.085	-50.608	-38.5
0.99	-8.082	-46.439	-40.2
1.0	-8.079	-35.522	-41.5
1.01	-8.074	-20.480	-42.8
1.02	-8.069	-5.948	-44.7
1.03	-8.063	6.145	-42.0
1.04	-8.058	15.048	-38.6
1.05	-8.052	20.288	-41.5
1.06	-8.047	21.820	-31.9
1.07	-8.041	20.020	-38.8
1.08	-8.036	15.538	-42.4
1.09	-8.031	8.831	-41.2
1.1	-8.026	0.336	-45.2
1.11	-8.022	-9.058	-43.0
1.12	-8.018	-18.608	-32.9
1.13	-8.012	-27.881	-42.5
1.14	-8.008	-36.337	-46.1
1.15	-8.003	-43.408	-39.6
1.16	-7.999	-48.345	-43.9
1.17	-7.994	-50.634	-45.5
1.18	-7.990	-51.120	-43.3
1.19	-7.986	-51.139	-44.6
1.2	-7.983	-51.141	-41.5
1.21	-7.981	-51.141	-35.3
1.22	-7.980	-51.139	-22.0
1.23	-7.979	-51.086	-31.8
1.24	-7.978	-50.759	-27.0
1.25	-7.976	-49.948	-21.5
1.26	-7.975	-48.700	-13.6
1.27	-7.974	-47.194	-4.3
1.28	-7.973	-45.603	-15.3
1.29	-7.973	-43.898	-40.2
1.3	-7.972	-42.219	-58.7
1.31	-7.971	-40.819	-53.1
1.32	-7.969	-39.578	-51.3
1.33	-7.966	-38.341	-49.1
1.34	-7.963	-37.016	-49.0
1.35	-7.961	-35.587	-48.0
1.36	-7.962	-34.186	-7.5
1.37	-7.963	-32.691	-52.4
1.38	-7.961	-30.955	78.0
1.39	-7.953	-29.108	160.8
1.4	-7.946	-27.316	163.3
1.41	-7.944	-25.822	149.3
1.42	-7.944	-24.841	-56.4
1.43	-7.946	-24.467	-58.8
1.44	-7.950	-24.541	-41.7
1.45	-7.951	-24.725	-56.5
1.46	-7.947	-25.111	-31.8
1.47	-7.939	-25.806	-40.0
1.48	-7.930	-26.463	-35.0
1.49	-7.922	-26.825	-35.5
1.5	-7.914	-26.928	-38.0
1.51	-7.907	-26.719	-27.2
1.52	-7.900	-25.164	-14.4
1.53	-7.894	-18.661	-19.0
1.54	-7.889	-0.866	1.0
1.55	-7.885	26.039	8.6
1.56	-7.881	45.452	20.2
1.57	-7.878	50.848	41.3
1.58	-7.875	51.123	66.5
1.59	-7.873	51.139	98.2
1.6	-7.873	51.139	111.3
1.61	-7.873	51.139	138.3
1.62	-7.873	51.139	150.6
1.63	-7.873	51.139	131.8
1.64	-7.873	51.139	117.9
1.65	-7.871	51.123	73.2
1.66	-7.870	50.756	31.1
1.67	-7.869	46.342	-4.0
1.68	-7.868	32.484	-30.7
1.69	-7.867	11.869	-45.2
1.7	-7.866	-8.287	-71.5
1.71	-7.866	-25.161	-70.2
1.72	-7.868	-38.286	-59.6
1.73	-7.868	-46.839	-75.6
1.74	-7.868	-50.450	-72.5
1.75	-7.868	-51.117	-70.1
1.76	-7.868	-51.139	-65.1
1.77	-7.869	-51.141	-60.5
1.78	-7.869	-51.141	-61.6
1.79	-7.868	-51.141	-66.5
1.8	-7.867	-51.141	-70.4
1.81	-7.866	-51.141	-59.0
1.82	-7.866	-51.141	-61.4
1.83	-7.866	-51.139	-68.6
1.84	-7.868	-51.120	-60.2
1.85	-7.870	-50.392	-65.4
1.86	-7.873	-45.998	-63.6
1.87	-7.877	-36.127	-65.7
1.88	-7.880	-23.648	-57.9
1.89	-7.881	-11.739	-55.8
1.9	-7.881	-1.613	-64.9
1.91	-7.880	5.931	-50.7
1.92	-7.880	10.359	-47.9
1.93	-7.879	11.548	-59.8
1.94	-7.880	9.673	-49.9
1.95	-7.881	5.078	-50.7
1.96	-7.881	-1.619	-54.6
1.97	-7.883	-9.500	-58.2
1.98	-7.883	-17.606	-59.4
1.99	-7.884	-25.472	-56.1
2.0	-7.884	-33.016	-47.0
2.01	-7.885	-39.828	-52.3
2.02	-7.887	-45.416	-60.8
2.03	-7.888	-49.227	-46.7
2.04	-7.890	-50.852	-49.6
2.05	-7.892	-51.131	-58.2
2.06	-7.893	-51.141	-38.4
2.07	-7.895	-51.141	-45.7
2.08	-7.896	-51.141	-45.7
2.09	-7.898	-51.139	-39.6
2.1	-7.899	-51.122	-40.9
2.11	-7.899	-50.919	-34.5
2.12	-7.901	-50.227	-19.5
2.13	-7.902	-49.028	-30.1
2.14	-7.903	-47.663	-28.4
2.15	-7.905	-46.300	-4.9
2.16	-7.907	-44.908	-12.8
2.17	-7.911	-43.581	-7.9
2.18	-7.914	-42.331	-3.8
2.19	-7.918	-41.023	-32.1
2.2	-7.921	-39.697	-46.6
2.21	-7.923	-38.317	-45.2
2.22	-7.925	-36.727	-43.1
2.23	-7.926	-35.200	-50.5
2.24	-7.926	-34.077	-33.1
2.25	-7.927	-33.211	-52.8
2.26	-7.930	-32.355	-12.8
2.27	-7.935	-31.448	-45.3
2.28	-7.936	-30.536	-0.7
2.29	-7.932	-29.527	189.5
2.3	-7.927	-28.339	206.4
2.31	-7.926	-27.083	229.7
2.32	-7.929	-25.981	31.6
2.33	-7.934	-25.367	-75.3
2.34	-7.943	-25.409	-16.8
2.35	-7.950	-26.094	-47.5
2.36	-7.951	-27.259	-29.2
2.37	-7.946	-28.514	-40.0
2.38	-7.937	-29.584	-33.2
2.39	-7.929	-30.363	-23.0
2.4	-7.924	-30.755	-19.1
2.41	-7.919	-30.806	-14.6
2.42	-7.916	-30.252	-6.6
2.43	-7.912	-27.252	-4.1
2.44	-7.909	-17.238	7.1
2.45	-7.907	5.138	10.0
2.46	-7.907	32.527	30.1
2.47	-7.907	48.023	46.0
2.48	-7.909	51.039	65.5
2.49	-7.913	51.128	86.6
2.5	-7.918	51.139	117.5
2.51	-7.923	51.139	150.6
2.52	-7.929	51.139	152.3
2.53	-7.934	51.139	151.2
2.54	-7.938	51.139	142.9
2.55	-7.942	51.133	103.0
2.56	-7.947	51.017	54.1
2.57	-7.952	48.436	23.3
2.58	-7.958	37.552	-15.3
2.59	-7.963	18.141	-42.6
2.6	-7.969	-2.472	-45.1
2.61	-7.976	-19.919	-67.1
2.62	-7.986	-33.995	-72.9
2.63	-7.998	-44.248	-68.6
2.64	-8.009	-49.594	-67.3
2.65	-8.019	-51.028	-64.1
2.66	-8.029	-51.136	-63.9
2.67	-8.040	-51.141	-70.4
2.68	-8.049	-51.141	-62.8
2.69	-8.058	-51.141	-68.0
2.7	-8.066	-51.141	-68.6
2.71	-8.072	-51.141	-63.2
2.72	-8.080	-51.141	-64.9
2.73	-8.088	-51.141	-58.2
2.74	-8.098	-51.133	-51.0
2.75	-8.108	-50.911	-50.6
2.76	-8.119	-48.491	-47.2
2.77	-8.129	-41.039	-40.9
2.78	-8.140	-29.653	-43.5
2.79	-8.149	-17.702	-46.7
2.8	-8.158	-6.938	-45.7
2.81	-8.165	1.567	-41.0
2.82	-8.171	7.158	-34.9
2.83	-8.178	9.892	-40.2
2.84	-8.185	9.666	-49.7
2.85	-8.193	6.308	-44.3
2.86	-8.201	0.484	-33.0
2.87	-8.210	-6.928	-42.6
2.88	-8.219	-15.241	-41.6
2.89	-8.228	-23.633	-41.4
2.9	-8.237	-31.502	-40.3
2.91	-8.246	-38.559	-42.0
2.92	-8.256	-44.452	-39.5
2.93	-8.266	-48.619	-34.8
2.94	-8.276	-50.636	-31.3
2.95	-8.286	-51.113	-32.9
2.96	-8.295	-51.139	-32.9
2.97	-8.304	-51.141	-32.7
2.98	-8.313	-51.141	-30.0
2.99	-8.322	-51.141	-24.9
3.0	-8.332	-51.141	-31.3
3.01	-8.341	-51.134	-31.5
3.02	-8.350	-50.952	-22.7
3.03	-8.359	-50.045	-35.2
3.04	-8.369	-48.269	-24.5
3.05	-8.378	-46.397	-13.2
3.06	-8.388	-44.842	-17.4
3.07	-8.399	-43.255	-17.6
3.08	-8.411	-41.594	-2.5
3.09	-8.423	-40.094	-1.0
3.1	-8.436	-38.813	5.2
3.11	-8.449	-37.720	13.4
3.12	-8.462	-36.744	-9.9
3.13	-8.475	-35.803	-39.5
3.14	-8.488	-34.852	-38.9
3.15	-8.499	-33.788	-30.6
3.16	-8.511	-32.697	-24.6
3.17	-8.522	-31.892	-23.4
3.18	-8.534	-31.433	-42.8
3.19	-8.549	-31.170	5.9
3.2	-8.566	-30.903	-27.9
3.21	-8.580	-30.502	2.9
3.22	-8.586	-29.981	199.3
3.23	-8.589	-29.252	191.9
3.24	-8.598	-28.302	191.9
3.25	-8.610	-27.388	36.5
3.26	-8.623	-26.705	-75.2
3.27	-8.636	-26.289	-1.0
3.28	-8.652	-26.270	-22.4
3.29	-8.666	-26.622	-19.3
3.3	-8.676	-27.222	-23.6
3.31	-8.679	-28.083	-17.5
3.32	-8.680	-29.173	-11.1
3.33	-8.679	-30.505	-12.8
3.34	-8.679	-31.998	2.3
3.35	-8.679	-33.261	-0.8
3.36	-8.679	-33.334	11.4
3.37	-8.681	-29.666	18.8
3.38	-8.685	-17.086	30.5
3.39	-8.689	8.341	49.8
3.4	-8.694	35.752	58.3
3.41	-8.699	49.086	76.4
3.42	-8.704	51.103	109.7
3.43	-8.709	51.133	128.5
3.44	-8.716	51.139	141.4
3.45	-8.723	51.139	161.9
3.46	-8.729	51.139	163.9
3.47	-8.736	51.139	155.3
3.48	-8.742	51.134	122.9
3.49	-8.748	51.075	77.7
3.5	-8.754	49.311	40.2
3.51	-8.761	40.161	-9.6
3.52	-8.768	21.505	-22.8
3.53	-8.776	-0.166	-39.4
3.54	-8.789	-19.486	-57.3
3.55	-8.803	-35.364	-53.6
3.56	-8.818	-46.047	-51.1
3.57	-8.831	-50.417	-47.4
3.58	-8.842	-51.120	-60.8
3.59	-8.853	-51.139	-52.2
3.6	-8.863	-51.141	-43.5
3.61	-8.873	-51.141	-51.0
3.62	-8.883	-51.141	-52.8
3.63	-8.893	-51.141	-50.3
3.64	-8.902	-51.141	-37.5
3.65	-8.911	-51.141	-41.5
3.66	-8.919	-51.139	-45.4
3.67	-8.928	-51.119	-49.5
3.68	-8.938	-50.338	-46.1
3.69	-8.950	-45.552	-37.2
3.7	-8.962	-34.511	-34.9
3.71	-8.974	-20.105	-40.3
3.72	-8.984	-6.022	-32.8
3.73	-8.992	6.313	-37.6
3.74	-8.999	16.012	-43.0
3.75	-9.006	22.305	-36.2
3.76	-9.014	24.825	-35.9
3.77	-9.023	23.617	-45.1
3.78	-9.031	19.136	-35.0
3.79	-9.039	12.056	-37.8
3.8	-9.047	3.264	-39.8
3.81	-9.053	-6.092	-30.4
3.82	-9.057	-15.388	-41.3
3.83	-9.062	-24.497	-29.7
3.84	-9.068	-32.947	-30.1
3.85	-9.075	-40.245	-31.4
3.86	-9.082	-46.084	-21.6
3.87	-9.087	-49.716	-28.3
3.88	-9.092	-50.988	-30.6
3.89	-9.098	-51.139	-32.5
3.9	-9.103	-51.141	-26.6
3.91	-9.111	-51.136	-24.5
3.92	-9.119	-51.011	-21.6
3.93	-9.129	-50.344	-14.7
3.94	-9.138	-48.950	-2.5
3.95	-9.147	-47.228	3.1
3.96	-9.156	-45.605	-12.5
3.97	-9.166	-44.130	-2.9
3.98	-9.173	-42.631	8.3
3.99	-9.179	-41.028	-26.3
4.0	-9.186	-39.423	-35.0
4.01	-9.192	-37.863	-26.7
4.02	-9.197	-36.337	-38.6
4.03	-9.203	-35.161	-26.1
4.04	-9.208	-34.384	-15.9
4.05	-9.214	-33.595	-52.5
4.06	-9.220	-32.681	6.0
4.07	-9.226	-31.642	-37.0
4.08	-9.229	-30.305	18.6
4.09	-9.228	-28.759	189.0
4.1	-9.228	-27.317	173.1
4.11	-9.233	-25.998	140.2
4.12	-9.244	-24.633	-25.2
4.13	-9.256	-23.508	-49.1
4.14	-9.265	-23.111	8.7
4.15	-9.273	-23.398	-39.9
4.16	-9.275	-24.172	-14.3
4.17	-9.270	-25.366	2.1
4.18	-9.258	-26.811	-7.3
4.19	-9.240	-28.483	-9.7
4.2	-9.221	-30.377	-7.2
4.21	-9.204	-32.172	2.9
4.22	-9.191	-33.453	0.3
4.23	-9.179	-33.842	13.6
4.24	-9.168	-32.558	40.9
4.25	-9.158	-27.108	30.8
4.26	-9.148	-12.214	53.5
4.27	-9.138	14.230	74.2
4.28	-9.128	39.277	89.2
4.29	-9.117	49.811	122.8
4.3	-9.107	51.108	129.8
4.31	-9.096	51.138	155.3
4.32	-9.085	51.139	161.5
4.33	-9.075	51.139	158.1
4.34	-9.066	51.139	148.5
4.35	-9.055	51.136	103.9
4.36	-9.043	51.125	67.2
4.37	-9.029	50.186	17.5
4.38	-9.015	43.422	-9.6
4.39	-9.002	27.117	-34.8
4.4	-8.994	6.016	-46.6
4.41	-8.993	-14.208	-40.1
4.42	-8.995	-31.845	-42.3
4.43	-8.992	-44.469	-53.0
4.44	-8.984	-50.066	-51.8
4.45	-8.976	-51.105	-50.3
4.46	-8.969	-51.139	-48.9
4.47	-8.959	-51.141	-41.8
4.48	-8.949	-51.141	-38.7
4.49	-8.941	-51.141	-47.0
4.5	-8.933	-51.141	-55.3
4.51	-8.924	-51.141	-41.7
4.52	-8.915	-51.141	-43.1
4.53	-8.907	-51.138	-34.0
4.54	-8.898	-51.106	-29.3
4.55	-8.889	-50.055	-39.9
4.56	-8.880	-44.097	-21.8
4.57	-8.869	-30.975	-28.4
4.58	-8.858	-14.216	-33.3
4.59	-8.846	2.403	-26.8
4.6	-8.832	17.102	-34.0
4.61	-8.817	28.358	-35.2
4.62	-8.802	35.269	-38.6
4.63	-8.785	37.577	-37.2
4.64	-8.766	35.606	-32.4
4.65	-8.747	30.302	-34.8
4.66	-8.726	22.681	-34.0
4.67	-8.704	13.386	-30.7
4.68	-8.684	3.059	-35.0
4.69	-8.666	-7.469	-37.1
4.7	-8.650	-17.686	-27.9
4.71	-8.637	-27.230	-36.3
4.72	-8.625	-35.730	-32.4
4.73	-8.614	-42.986	-29.0
4.74	-8.603	-48.222	-32.7
4.75	-8.592	-50.634	-31.0
4.76	-8.582	-51.122	-27.8
4.77	-8.572	-51.141	-18.7
4.78	-8.562	-51.141	-21.4
4.79	-8.554	-51.131	-18.9
4.8	-8.546	-50.928	6.4
4.81	-8.538	-50.031	-1.9
4.82	-8.531	-48.353	-6.1
4.83	-8.523	-46.258	0.6
4.84	-8.516	-43.884	-12.8
4.85	-8.508	-41.425	-35.4
4.86	-8.501	-39.300	-48.8
4.87	-8.495	-37.678	-39.7
4.88	-8.488	-36.441	-40.2
4.89	-8.479	-35.397	-31.4
4.9	-8.469	-34.331	-54.1
4.91	-8.459	-33.144	-35.2
4.92	-8.451	-31.823	-5.0
4.93	-8.443	-30.266	-53.5
4.94	-8.429	-28.419	119.6
4.95	-8.412	-26.480	186.3
4.96	-8.398	-24.528	171.5
4.97	-8.390	-22.573	76.5
4.98	-8.385	-20.970	-92.1
4.99	-8.379	-20.008	-28.5
5.0	-8.374	-19.692	-35.5
5.01	-8.367	-20.109	-43.6
5.02	-8.357	-21.147	-24.2
5.03	-8.341	-22.422	-37.4
5.04	-8.322	-23.670	-22.3
5.05	-8.303	-24.719	-17.6
5.06	-8.284	-25.705	-22.2
5.07	-8.266	-26.819	-11.5
5.08	-8.249	-27.648	-8.1
5.09	-8.232	-27.000	-4.9
5.1	-8.217	-22.123	11.7
5.11	-8.205	-7.698	14.3
5.12	-8.194	17.878	32.5
5.13	-8.183	41.108	54.8
5.14	-8.172	50.150	73.9
5.15	-8.162	51.108	99.1
5.16	-8.154	51.139	124.3
5.17	-8.147	51.139	135.1
5.18	-8.141	51.139	148.9
5.19	-8.134	51.139	144.4
5.2	-8.127	51.139	105.3
5.21	-8.121	51.131	59.4
5.22	-8.114	50.973	25.6
5.23	-8.107	47.966	-8.0
5.24	-8.100	36.644	-45.3
5.25	-8.094	17.661	-60.6
5.26	-8.092	-2.531	-66.8
5.27	-8.092	-20.572	-68.0
5.28	-8.092	-35.595	-69.5
5.29	-8.090	-45.909	-68.4
5.3	-8.087	-50.331	-61.6
5.31	-8.084	-51.114	-60.6
5.32	-8.080	-51.139	-70.9
5.33	-8.074	-51.141	-73.7
5.34	-8.069	-51.141	-65.8
5.35	-8.064	-51.141	-65.3
5.36	-8.060	-51.141	-60.1
5.37	-8.058	-51.141	-63.7
5.38	-8.056	-51.141	-58.4
5.39	-8.055	-51.133	-51.5
5.4	-8.056	-50.919	-52.0
5.41	-8.056	-48.463	-48.8
5.42	-8.055	-40.459	-54.4
5.43	-8.054	-27.494	-52.9
5.44	-8.052	-13.288	-48.6
5.45	-8.049	-0.034	-49.3
5.46	-8.046	11.102	-54.3
5.47	-8.044	19.084	-56.6
5.48	-8.042	23.391	-56.3
5.49	-8.040	23.986	-57.2
5.5	-8.038	21.306	-48.9
5.51	-8.036	16.045	-50.8
5.52	-8.033	8.877	-50.5
5.53	-8.031	0.580	-47.5
5.54	-8.029	-7.967	-57.3
5.55	-8.027	-16.202	-57.4
5.56	-8.027	-24.053	-51.1
5.57	-8.027	-31.298	-57.0
5.58	-8.031	-37.553	-52.4
5.59	-8.037	-42.744	-50.4
5.6	-8.043	-46.722	-55.3
5.61	-8.051	-49.319	-49.6
5.62	-8.060	-50.638	-50.8
5.63	-8.070	-50.992	-48.3
5.64	-8.081	-50.728	-41.1
5.65	-8.092	-50.041	-45.5
5.66	-8.106	-49.084	-37.2
5.67	-8.121	-47.828	-37.1
5.68	-8.135	-46.227	-37.4
5.69	-8.148	-44.633	-20.8
5.7	-8.158	-43.108	-17.0
5.71	-8.165	-41.389	-24.0
5.72	-8.171	-39.595	-10.3
5.73	-8.174	-37.831	-15.4
5.74	-8.176	-36.091	-42.5
5.75	-8.175	-34.531	-54.6
5.76	-8.171	-33.247	-49.6
5.77	-8.165	-32.105	-49.2
5.78	-8.156	-30.933	-42.9
5.79	-8.145	-29.838	-61.2
5.8	-8.136	-28.903	-33.2
5.81	-8.131	-27.920	-4.3
5.82	-8.126	-26.830	-50.6
5.83	-8.117	-25.611	114.6
5.84	-8.104	-24.080	162.9
5.85	-8.096	-22.220	182.4
5.86	-8.094	-20.314	128.3
5.87	-8.094	-18.850	-76.7
5.88	-8.097	-18.378	-45.3
5.89	-8.103	-19.139	-36.3
5.9	-8.105	-20.731	-37.1
5.91	-8.102	-22.656	-33.0
5.92	-8.096	-24.634	-38.9
5.93	-8.089	-26.308	-32.7
5.94	-8.081	-27.483	-33.2
5.95	-8.073	-28.159	-25.1
5.96	-8.066	-28.284	-19.0
5.97	-8.058	-27.250	-20.2
5.98	-8.049	-22.413	-8.8
5.99	-8.043	-8.181	1.5
6.0	-8.037	17.347	2.6
6.01	-8.032	40.814	25.5
6.02	-8.026	50.097	50.8
6.03	-8.021	51.108	66.3
6.04	-8.016	51.139	101.8
6.05	-8.011	51.139	123.9
6.06	-8.007	51.139	128.9
6.07	-8.003	51.139	146.2
6.08	-8.001	51.139	145.2
6.09	-7.998	51.136	112.4
6.1	-7.996	51.058	76.7
6.11	-7.994	49.070	37.7
6.12	-7.993	40.000	-6.9
6.13	-7.991	22.916	-37.1
6.14	-7.989	3.834	-52.8
6.15	-7.987	-13.108	-67.4
6.16	-7.987	-27.234	-70.7
6.17	-7.988	-38.347	-72.3
6.18	-7.989	-46.078	-69.5
6.19	-7.987	-50.009	-58.8
6.2	-7.986	-51.061	-65.1
6.21	-7.986	-51.138	-71.1
6.22	-7.986	-51.141	-73.0
6.23	-7.985	-51.141	-67.4
6.24	-7.984	-51.141	-61.8
6.25	-7.981	-51.141	-69.1
6.26	-7.979	-51.141	-62.3
6.27	-7.978	-51.141	-64.9
6.28	-7.978	-51.136	-68.6
6.29	-7.977	-51.023	-51.7
6.3	-7.976	-49.417	-52.2
6.31	-7.976	-43.661	-60.9
6.32	-7.975	-33.655	-55.0
6.33	-7.975	-22.031	-52.9
6.34	-7.974	-10.852	-56.3
6.35	-7.973	-1.059	-48.4
6.36	-7.971	6.620	-60.4
6.37	-7.969	11.450	-54.2
6.38	-7.969	13.230	-45.0
6.39	-7.968	12.134	-54.5
6.4	-7.968	8.414	-55.5
6.41	-7.968	2.603	-55.9
6.42	-7.966	-4.475	-47.3
6.43	-7.966	-12.025	-44.7
6.44	-7.966	-19.463	-45.8
6.45	-7.966	-26.306	-50.2
6.46	-7.966	-32.322	-44.3
6.47	-7.968	-37.559	-43.3
6.48	-7.969	-41.869	-43.9
6.49	-7.970	-45.136	-41.0
6.5	-7.971	-47.539	-45.3
6.51	-7.973	-49.150	-45.9
6.52	-7.973	-50.005	-44.8
6.53	-7.974	-50.248	-39.7
6.54	-7.975	-49.850	-38.4
6.55	-7.976	-48.783	-38.3
6.56	-7.978	-47.419	-34.7
6.57	-7.979	-45.913	-25.8
6.58	-7.980	-44.264	-16.9
6.59	-7.981	-42.795	-10.8
6.6	-7.984	-41.500	-19.9
6.61	-7.986	-40.283	-6.2
6.62	-7.989	-39.198	-3.8
6.63	-7.992	-38.031	-37.2
6.64	-7.994	-36.675	-45.5
6.65	-7.996	-35.247	-49.4
6.66	-7.999	-33.778	-49.7
6.67	-8.001	-32.320	-37.4
6.68	-8.002	-31.133	-38.6
6.69	-8.004	-30.375	-56.9
6.7	-8.009	-29.881	-0.9
6.71	-8.012	-29.438	-59.6
6.72	-8.013	-28.809	32.9
6.73	-8.009	-27.861	226.4
6.74	-8.006	-26.650	251.3
6.75	-8.008	-25.283	253.1
6.76	-8.012	-24.048	-6.0
6.77	-8.020	-23.283	-69.6
6.78	-8.029	-23.041	-20.3
6.79	-8.037	-23.353	-58.1
6.8	-8.041	-24.150	-30.4
6.81	-8.037	-25.114	-35.8
6.82	-8.029	-26.003	-33.0
6.83	-8.021	-26.738	-35.1
6.84	-8.015	-27.348	-21.8
6.85	-8.012	-27.708	-7.6
6.86	-8.011	-27.295	-11.4
6.87	-8.009	-25.036	-1.8
6.88	-8.009	-17.892	6.8
6.89	-8.009	-0.088	7.5
6.9	-8.011	26.331	31.1
6.91	-8.013	45.447	50.1
6.92	-8.017	50.842	68.7
6.93	-8.022	51.123	99.5
6.94	-8.028	51.139	126.7
6.95	-8.034	51.139	156.0
6.96	-8.039	51.139	164.2
6.97	-8.044	51.139	171.9
6.98	-8.050	51.133	155.8
6.99	-8.055	51.028	107.4
7.0	-8.060	48.720	63.9
7.01	-8.064	39.055	26.6
7.02	-8.069	21.770	-17.4
7.03	-8.073	2.986	-45.3
7.04	-8.077	-13.684	-58.7
7.05	-8.082	-27.648	-65.8
7.06	-8.091	-38.822	-63.9
7.07	-8.101	-46.694	-63.9
7.08	-8.113	-50.361	-57.0
7.09	-8.123	-51.111	-64.7
7.1	-8.131	-51.139	-64.3
7.11	-8.140	-51.141	-57.4
7.12	-8.149	-51.141	-64.3
7.13	-8.156	-51.141	-58.3
7.14	-8.162	-51.141	-55.9
7.15	-8.169	-51.141	-56.6
7.16	-8.176	-51.141	-52.4
7.17	-8.184	-51.138	-54.5
7.18	-8.192	-51.073	-56.2
7.19	-8.201	-49.830	-45.0
7.2	-8.210	-44.808	-38.5
7.21	-8.219	-35.386	-46.4
7.22	-8.229	-23.906	-48.6
7.23	-8.236	-12.388	-42.1
7.24	-8.244	-1.803	-35.7
7.25	-8.250	7.091	-37.9
7.26	-8.256	13.483	-54.7
7.27	-8.262	16.720	-45.3
7.28	-8.268	16.641	-36.9
7.29	-8.274	13.556	-43.2
7.3	-8.281	8.061	-35.1
7.31	-8.287	0.838	-40.1
7.32	-8.294	-7.219	-35.6
7.33	-8.301	-15.091	-37.8
7.34	-8.308	-22.311	-46.1
7.35	-8.314	-28.822	-37.7
7.36	-8.319	-34.455	-30.2
7.37	-8.326	-39.209	-24.0
7.38	-8.332	-43.113	-32.3
7.39	-8.339	-46.019	-27.4
7.4	-8.345	-47.925	-29.0
7.41	-8.352	-48.861	-35.8
7.42	-8.359	-49.045	-20.5
7.43	-8.366	-48.809	-23.6
7.44	-8.373	-48.177	-23.2
7.45	-8.381	-47.234	-1.1
7.46	-8.388	-46.139	2.8
7.47	-8.396	-44.906	4.5
7.48	-8.404	-43.563	1.8
7.49	-8.414	-42.170	-8.6
7.5	-8.422	-40.880	-29.2
7.51	-8.431	-39.725	-40.3
7.52	-8.440	-38.595	-28.5
7.53	-8.449	-37.497	-29.0
7.54	-8.458	-36.413	-20.2
7.55	-8.467	-35.206	-39.9
7.56	-8.476	-33.916	-33.6
7.57	-8.488	-32.709	6.9
7.58	-8.499	-31.552	-54.5
7.59	-8.509	-30.348	107.9
7.6	-8.514	-29.027	247.1
7.61	-8.520	-27.561	249.4
7.62	-8.531	-26.055	146.9
7.63	-8.544	-24.748	-72.3
7.64	-8.556	-23.991	-32.1
7.65	-8.569	-23.841	-12.0
7.66	-8.580	-24.075	-28.9
7.67	-8.588	-24.606	-12.8
7.68	-8.591	-25.477	-18.6
7.69	-8.588	-26.484	-16.7
7.7	-8.583	-27.339	-16.8
7.71	-8.580	-28.063	-5.5
7.72	-8.580	-28.722	-0.9
7.73	-8.582	-29.145	11.0
7.74	-8.584	-28.692	11.1
7.75	-8.588	-25.263	22.3
7.76	-8.592	-14.194	45.0
7.77	-8.598	8.933	48.1
7.78	-8.603	35.197	75.6
7.79	-8.609	48.808	99.3
7.8	-8.614	51.089	117.5
7.81	-8.621	51.131	147.7
7.82	-8.626	51.139	160.6
7.83	-8.633	51.139	174.8
7.84	-8.641	51.139	172.6
7.85	-8.649	51.134	141.1
7.86	-8.658	51.047	102.8
7.87	-8.667	48.891	74.0
7.88	-8.675	39.209	19.9
7.89	-8.683	21.097	-16.5
7.9	-8.691	0.923	-34.9
7.91	-8.701	-17.098	-49.9
7.92	-8.714	-32.344	-52.8
7.93	-8.729	-43.731	-55.9
7.94	-8.742	-49.609	-51.3
7.95	-8.754	-51.061	-42.3
7.96	-8.764	-51.138	-57.2
7.97	-8.774	-51.141	-58.4
7.98	-8.784	-51.141	-48.1
7.99	-8.792	-51.141	-51.7
8.0	-8.801	-51.141	-46.6
8.01	-8.809	-51.141	-42.7
8.02	-8.819	-51.141	-44.7
8.03	-8.829	-51.141	-45.4
8.04	-8.839	-51.134	-47.6
8.05	-8.848	-50.830	-33.9
8.06	-8.857	-48.198	-33.1
8.07	-8.867	-40.695	-32.1
8.08	-8.877	-29.072	-30.8
8.09	-8.888	-15.861	-38.6
8.1	-8.898	-2.550	-24.6
8.11	-8.905	9.739	-29.7
8.12	-8.912	19.717	-36.2
8.13	-8.919	26.095	-36.9
8.14	-8.926	28.284	-35.2
8.15	-8.934	26.602	-29.0
8.16	-8.943	21.616	-38.9
8.17	-8.951	14.123	-38.0
8.18	-8.958	5.202	-33.7
8.19	-8.966	-4.152	-24.0
8.2	-8.972	-13.070	-31.7
8.21	-8.979	-21.161	-40.8
8.22	-8.986	-28.480	-32.2
8.23	-8.993	-34.814	-30.5
8.24	-9.000	-40.028	-27.2
8.25	-9.006	-44.245	-13.3
8.26	-9.013	-47.459	-5.9
8.27	-9.020	-49.605	-2.8
8.28	-9.027	-50.514	-5.8
8.29	-9.034	-50.159	1.6
8.3	-9.043	-49.033	9.1
8.31	-9.051	-47.630	-5.9
8.32	-9.057	-46.006	-31.3
8.33	-9.064	-44.223	-42.0
8.34	-9.071	-42.494	-38.8
8.35	-9.078	-40.950	-30.9
8.36	-9.086	-39.566	-15.8
8.37	-9.093	-38.100	-47.6
8.38	-9.103	-36.417	-15.6
8.39	-9.116	-34.734	-24.5
8.4	-9.128	-33.155	-37.1
8.41	-9.134	-31.419	159.4
8.42	-9.136	-29.356	202.7
8.43	-9.141	-27.222	169.3
8.44	-9.149	-25.355	19.3
8.45	-9.159	-23.814	-78.7
8.46	-9.167	-22.678	-9.1
8.47	-9.173	-22.144	-24.4
8.48	-9.176	-22.056	-25.1
8.49	-9.171	-22.164	-15.2
8.5	-9.161	-22.513	-9.5
8.51	-9.145	-23.102	-11.0
8.52	-9.129	-23.966	-4.7
8.53	-9.117	-25.138	-3.4
8.54	-9.107	-26.409	13.0
8.55	-9.098	-27.572	18.5
8.56	-9.088	-28.003	7.5
8.57	-9.079	-25.741	35.6
8.58	-9.068	-16.739	44.9
8.59	-9.057	3.917	50.3
8.6	-9.046	30.584	78.6
8.61	-9.036	47.144	102.0
8.62	-9.025	50.978	120.9
8.63	-9.016	51.131	146.3
8.64	-9.008	51.139	162.6
8.65	-9.001	51.139	161.0
8.66	-8.995	51.139	148.7
8.67	-8.986	51.134	126.6
8.68	-8.973	51.092	76.6
8.69	-8.954	49.669	30.7
8.7	-8.930	41.892	-1.4
8.71	-8.904	25.767	-28.5
8.72	-8.880	6.561	-34.8
8.73	-8.861	-11.555	-48.7
8.74	-8.848	-27.631	-58.8
8.75	-8.834	-40.558	-44.8
8.76	-8.817	-48.338	-48.8
8.77	-8.799	-50.873	-52.2
8.78	-8.783	-51.136	-57.7
8.79	-8.766	-51.141	-51.6
8.8	-8.747	-51.141	-41.9
8.81	-8.728	-51.141	-54.9
8.82	-8.711	-51.141	-51.7
8.83	-8.696	-51.141	-36.3
8.84	-8.680	-51.141	-40.4
8.85	-8.666	-51.139	-45.2
8.86	-8.655	-51.105	-38.3
8.87	-8.649	-50.134	-34.1
8.88	-8.646	-45.216	-41.8
8.89	-8.644	-34.723	-41.4
8.9	-8.643	-21.072	-33.8
8.91	-8.640	-6.825	-32.0
8.92	-8.635	6.664	-38.3
8.93	-8.627	18.009	-41.4
8.94	-8.618	26.089	-38.6
8.95	-8.608	30.322	-43.1
8.96	-8.598	30.606	-39.7
8.97	-8.588	27.525	-40.3
8.98	-8.576	21.975	-44.6
8.99	-8.563	14.528	-33.6
9.0	-8.548	5.847	-41.1
9.01	-8.533	-3.230	-42.3
9.02	-8.519	-12.086	-49.2
9.03	-8.506	-20.120	-41.2
9.04	-8.493	-27.058	-37.8
9.05	-8.482	-33.064	-32.4
9.06	-8.471	-37.972	-20.6
9.07	-8.460	-41.550	-12.8
9.08	-8.450	-44.130	-17.5
9.09	-8.440	-45.866	-19.1
9.1	-8.430	-46.613	1.0
9.11	-8.420	-46.489	-11.8
9.12	-8.409	-45.745	-39.7
9.13	-8.398	-44.603	-55.5
9.14	-8.386	-43.067	-53.1
9.15	-8.373	-41.141	-52.8
9.16	-8.361	-39.203	-38.1
9.17	-8.351	-37.528	-43.0
9.18	-8.342	-36.078	-44.0
9.19	-8.336	-34.781	-7.6
9.2	-8.331	-33.527	-64.7
9.21	-8.321	-32.059	99.0
9.22	-8.304	-30.269	195.3
9.23	-8.289	-28.339	159.2
9.24	-8.280	-26.453	84.3
9.25	-8.275	-24.848	-86.8
9.26	-8.271	-23.816	-38.9
9.27	-8.269	-23.264	-23.6
9.28	-8.265	-22.978	-42.5
9.29	-8.256	-22.873	-25.3
9.3	-8.242	-22.880	-33.7
9.31	-8.224	-23.052	-23.5
9.32	-8.207	-23.375	-19.4
9.33	-8.191	-23.747	-20.0
9.34	-8.176	-24.075	-11.4
9.35	-8.160	-23.977	-4.0
9.36	-8.146	-22.534	4.2
9.37	-8.133	-17.086	12.2
9.38	-8.121	-2.072	13.9
9.39	-8.111	22.923	33.0
9.4	-8.103	43.608	53.1
9.41	-8.096	50.584	67.9
9.42	-8.090	51.111	90.6
9.43	-8.086	51.139	118.5
9.44	-8.084	51.139	139.6
9.45	-8.081	51.139	151.1
9.46	-8.079	51.139	144.9
9.47	-8.078	51.136	120.8
9.48	-8.077	51.114	78.3
9.49	-8.075	50.077	32.8
9.5	-8.073	43.634	-2.5
9.51	-8.071	29.295	-26.6
9.52	-8.069	11.594	-52.4
9.53	-8.068	-4.925	-57.5
9.54	-8.069	-19.286	-58.4
9.55	-8.071	-31.388	-68.9
9.56	-8.071	-40.950	-66.7
9.57	-8.070	-47.394	-62.6
9.58	-8.068	-50.419	-65.9
9.59	-8.066	-51.106	-60.4
9.6	-8.063	-51.139	-51.7
9.61	-8.059	-51.141	-59.8
9.62	-8.056	-51.141	-67.6
9.63	-8.053	-51.141	-50.9
9.64	-8.051	-51.141	-55.3
9.65	-8.049	-51.139	-56.2
9.66	-8.047	-51.134	-57.6
9.67	-8.047	-50.716	-58.6
9.68	-8.047	-47.652	-44.9
9.69	-8.047	-39.723	-39.8
9.7	-8.046	-28.116	-48.7
9.71	-8.044	-15.295	-53.0
9.72	-8.041	-2.973	-50.0
9.73	-8.038	7.541	-47.1
9.74	-8.035	15.427	-49.8
9.75	-8.031	20.066	-45.1
9.76	-8.027	21.303	-48.6
9.77	-8.023	19.498	-50.7
9.78	-8.018	15.178	-46.0
9.79	-8.015	9.120	-39.5
9.8	-8.012	2.098	-45.8
9.81	-8.009	-5.331	-46.3
9.82	-8.007	-12.786	-42.0
9.83	-8.004	-20.102	-42.2
9.84	-8.002	-26.970	-40.3
9.85	-8.000	-33.009	-35.7
9.86	-7.998	-38.031	-41.7
9.87	-7.996	-41.858	-44.5
9.88	-7.994	-44.500	-34.2
9.89	-7.993	-46.091	-23.6
9.9	-7.993	-46.581	-31.3
9.91	-7.992	-46.302	-30.2
9.92	-7.992	-45.917	-8.7
9.93	-7.993	-45.548	-7.4
9.94	-7.993	-45.072	-11.0
9.95	-7.993	-44.473	9.4
9.96	-7.994	-43.609	-13.2
9.97	-7.994	-42.547	-35.1
9.98	-7.994	-41.419	-46.8
9.99	-7.994	-40.081	-44.9
10.0	-7.992	-38.578	-41.5
10.01	-7.990	-37.114	-39.8
10.02	-7.989	-35.755	-49.0
10.03	-7.988	-34.447	-9.6
10.04	-7.991	-32.983	-14.0
10.05	-7.993	-31.248	-26.7
10.06	-7.990	-29.439	155.3
10.07	-7.984	-27.650	175.2
10.08	-7.979	-25.798	204.8
10.09	-7.979	-24.031	113.8
10.1	-7.982	-22.728	-73.9
10.11	-7.987	-22.111	-14.0
10.12	-7.993	-22.078	-26.8
10.13	-7.994	-22.266	-34.0
10.14	-7.990	-22.473	-19.3
10.15	-7.984	-22.872	-19.4
10.16	-7.977	-23.445	-22.2
10.17	-7.971	-23.892	-19.0
10.18	-7.964	-24.088	-15.0
10.19	-7.959	-24.031	-13.3
10.2	-7.953	-23.038	2.1
10.21	-7.948	-18.295	10.2
10.22	-7.945	-3.984	3.6
10.23	-7.942	21.059	24.7
10.24	-7.940	42.719	44.0
10.25	-7.939	50.442	61.4
10.26	-7.938	51.106	91.6
10.27	-7.939	51.139	109.8
10.28	-7.940	51.139	131.8
10.29	-7.941	51.139	158.0
10.3	-7.943	51.139	163.9
10.31	-7.944	51.139	153.6
10.32	-7.944	51.134	118.1
10.33	-7.945	51.039	82.2
10.34	-7.946	48.916	44.2
10.35	-7.947	39.916	-1.8
10.36	-7.947	23.631	-32.0
10.37	-7.947	5.738	-47.4
10.38	-7.948	-10.284	-61.2
10.39	-7.951	-23.903	-57.8
10.4	-7.955	-34.844	-60.0
10.41	-7.958	-42.919	-57.8
10.42	-7.959	-48.095	-53.3
10.43	-7.961	-50.523	-59.2
10.44	-7.964	-51.109	-60.2
10.45	-7.966	-51.139	-53.2
10.46	-7.968	-51.141	-48.9
10.47	-7.968	-51.141	-49.6
10.48	-7.968	-51.141	-53.2
10.49	-7.969	-51.141	-52.5
10.5	-7.971	-51.141	-51.3
10.51	-7.974	-51.136	-44.1
10.52	-7.978	-50.931	-36.9
10.53	-7.982	-48.830	-46.6
10.54	-7.988	-42.352	-61.0
10.55	-7.993	-31.967	-48.7
10.56	-7.997	-20.163	-43.8
10.57	-7.998	-8.503	-40.0
10.58	-7.998	1.944	-51.0
10.59	-7.997	10.209	-47.4
10.6	-7.996	15.563	-42.3
10.61	-7.996	17.620	-45.3
10.62	-7.997	16.655	-42.3
10.63	-7.998	13.194	-42.7
10.64	-7.999	7.583	-41.8
10.65	-8.000	0.448	-37.5
10.66	-8.001	-7.444	-40.8
10.67	-8.001	-15.475	-40.8
10.68	-8.002	-22.981	-47.0
10.69	-8.003	-29.627	-43.7
10.7	-8.005	-35.511	-38.1
10.71	-8.006	-40.495	-40.9
10.72	-8.008	-44.295	-39.9
10.73	-8.009	-46.945	-41.5
10.74	-8.011	-48.627	-40.9
10.75	-8.013	-49.534	-24.7
10.76	-8.016	-49.816	-30.7
10.77	-8.020	-49.489	-35.0
10.78	-8.025	-48.689	-15.1
10.79	-8.031	-47.711	-4.1
10.8	-8.039	-46.666	-10.8
10.81	-8.049	-45.419	1.9
10.82	-8.061	-43.984	0.3
10.83	-8.074	-42.656	-21.3
10.84	-8.088	-41.528	-49.7
10.85	-8.103	-40.411	-47.0
10.86	-8.117	-39.316	-36.5
10.87	-8.130	-38.380	-37.7
10.88	-8.142	-37.614	-35.0
10.89	-8.154	-36.792	-43.5
10.9	-8.170	-35.730	7.5
10.91	-8.188	-34.491	-37.3
10.92	-8.205	-33.163	38.0
10.93	-8.216	-31.767	199.7
10.94	-8.225	-30.294	201.3
10.95	-8.237	-28.694	200.6
10.96	-8.252	-27.145	-8.3
10.97	-8.268	-26.244	-49.4
10.98	-8.287	-26.272	-12.8
10.99	-8.307	-26.825	-46.0
11.0	-8.324	-27.519	-22.1
11.01	-8.335	-28.286	-33.7
11.02	-8.342	-29.089	-23.8
11.03	-8.346	-29.758	-10.5
11.04	-8.348	-30.241	-14.0
11.05	-8.348	-30.444	-15.6
11.06	-8.348	-30.009	0.2
11.07	-8.348	-28.159	1.3
11.08	-8.349	-22.133	6.7
11.09	-8.354	-5.931	21.7
11.1	-8.361	20.916	27.7
11.11	-8.370	43.084	54.1
11.12	-8.380	50.544	74.0
11.13	-8.391	51.109	100.4
11.14	-8.404	51.139	119.3
11.15	-8.417	51.139	139.7
11.16	-8.431	51.139	163.2
11.17	-8.446	51.139	152.9
11.18	-8.460	51.139	135.9
11.19	-8.475	51.134	105.2
11.2	-8.490	51.039	52.1
11.21	-8.507	48.836	18.3
11.22	-8.525	39.309	-19.6
11.23	-8.545	21.858	-38.1
11.24	-8.567	2.459	-49.9
11.25	-8.591	-14.995	-58.7
11.26	-8.617	-29.881	-63.1
11.27	-8.645	-41.691	-58.5
11.28	-8.671	-48.717	-57.7
11.29	-8.694	-50.925	-52.3
11.3	-8.717	-51.136	-64.3
11.31	-8.739	-51.141	-65.6
11.32	-8.761	-51.141	-54.3
11.33	-8.781	-51.141	-51.6
11.34	-8.799	-51.141	-51.2
11.35	-8.816	-51.141	-49.7
11.36	-8.834	-51.141	-50.4
11.37	-8.852	-51.141	-41.0
11.38	-8.869	-51.134	-41.5
11.39	-8.885	-50.838	-48.1
11.4	-8.901	-48.064	-35.0
11.41	-8.916	-39.875	-39.4
11.42	-8.930	-27.250	-37.4
11.43	-8.944	-13.500	-39.7
11.44	-8.956	-0.492	-55.9
11.45	-8.967	10.628	-40.6
11.46	-8.976	18.859	-41.6
11.47	-8.984	23.363	-31.7
11.48	-8.992	23.838	-33.3
11.49	-9.000	20.848	-41.0
11.5	-9.008	15.175	-40.1
11.51	-9.014	7.605	-41.2
11.52	-9.021	-0.914	-32.0
11.53	-9.028	-9.697	-34.3
11.54	-9.034	-18.156	-45.5
11.55	-9.040	-25.805	-35.6
11.56	-9.046	-32.570	-28.5
11.57	-9.053	-38.342	-34.5
11.58	-9.059	-43.056	-41.3
11.59	-9.066	-46.942	-27.4
11.6	-9.073	-49.684	-21.6
11.61	-9.081	-50.891	-17.3
11.62	-9.089	-51.130	-23.5
11.63	-9.098	-51.139	-13.0
11.64	-9.107	-51.133	-3.5
11.65	-9.115	-50.997	-9.8
11.66	-9.124	-50.434	8.4
11.67	-9.134	-49.334	10.6
11.68	-9.144	-47.817	-23.7
11.69	-9.154	-46.072	-38.0
11.7	-9.164	-44.372	-40.9
11.71	-9.172	-42.669	-33.3
11.72	-9.179	-40.908	-28.3
11.73	-9.186	-39.378	-35.5
11.74	-9.194	-38.092	-39.4
11.75	-9.205	-36.728	11.6
11.76	-9.217	-35.094	-53.1
11.77	-9.226	-33.264	45.0
11.78	-9.228	-31.505	204.0
11.79	-9.229	-29.919	179.2
11.8	-9.236	-28.403	155.9
11.81	-9.249	-27.116	-24.2
11.82	-9.264	-26.314	-52.4
11.83	-9.281	-26.022	-5.7
11.84	-9.298	-26.120	-28.1
11.85	-9.310	-26.381	-15.3
11.86	-9.314	-26.597	-20.6
11.87	-9.313	-26.817	-4.8
11.88	-9.308	-27.295	-22.2
11.89	-9.303	-28.111	-4.9
11.9	-9.301	-29.200	2.1
11.91	-9.299	-30.367	-1.4
11.92	-9.299	-30.800	5.4
11.93	-9.299	-28.767	17.5
11.94	-9.302	-20.528	35.5
11.95	-9.304	-0.258	43.2
11.96	-9.307	27.773	52.5
11.97	-9.311	46.305	72.0
11.98	-9.315	50.923	99.0
11.99	-9.320	51.128	129.9
12.0	-9.326	51.139	140.9
12.01	-9.335	51.139	155.1
12.02	-9.347	51.139	154.8
12.03	-9.359	51.139	138.7
12.04	-9.373	51.138	103.3
12.05	-9.387	51.125	56.5
12.06	-9.400	50.422	12.6
12.07	-9.412	44.516	-22.2
12.08	-9.428	28.730	-33.9
12.09	-9.447	6.866	-47.0
12.1	-9.473	-14.648	-67.7
12.11	-9.500	-33.202	-61.2
12.12	-9.522	-45.675	-55.5
12.13	-9.540	-50.475	-58.5
12.14	-9.560	-51.130	-63.9
12.15	-9.582	-51.139	-57.2
12.16	-9.603	-51.141	-55.6
12.17	-9.621	-51.141	-59.1
12.18	-9.637	-51.141	-57.8
12.19	-9.652	-51.141	-58.2
12.2	-9.668	-51.141	-59.0
12.21	-9.681	-51.141	-53.0
12.22	-9.694	-51.141	-46.0
12.23	-9.706	-51.133	-54.5
12.24	-9.720	-50.836	-43.3
12.25	-9.734	-47.772	-38.9
12.26	-9.748	-38.427	-58.8
12.27	-9.760	-23.838	-42.3
12.28	-9.769	-7.948	-51.5
12.29	-9.776	6.958	-40.0
12.3	-9.781	19.666	-35.1
12.31	-9.783	29.117	-46.7
12.32	-9.783	34.303	-42.4
12.33	-9.779	34.886	-50.0
12.34	-9.773	31.330	-49.4
12.35	-9.764	24.453	-43.4
12.36	-9.757	15.403	-40.8
12.37	-9.748	5.231	-36.6
12.38	-9.741	-5.261	-42.3
12.39	-9.734	-15.219	-35.2
12.4	-9.730	-24.166	-28.9
12.41	-9.729	-32.131	-31.8
12.42	-9.730	-39.188	-26.7
12.43	-9.732	-45.223	-13.0
12.44	-9.735	-49.325	-28.6
12.45	-9.738	-50.916	-6.1
12.46	-9.742	-51.138	5.3
12.47	-9.746	-51.141	-20.8
12.48	-9.750	-51.141	-3.0
12.49	-9.752	-51.139	8.8
12.5	-9.754	-51.111	-31.2
12.51	-9.756	-50.828	-38.0
12.52	-9.759	-50.013	-27.7
12.53	-9.762	-48.773	-34.6
12.54	-9.764	-47.338	-30.6
12.55	-9.767	-45.711	-25.9
12.56	-9.773	-43.959	-34.0
12.57	-9.780	-41.997	5.8
12.58	-9.787	-39.569	-57.3
12.59	-9.789	-36.953	56.9
12.6	-9.786	-34.459	189.0
12.61	-9.785	-31.938	150.7
12.62	-9.790	-29.498	110.9
12.63	-9.800	-27.300	-52.7
12.64	-9.810	-25.245	-41.2
12.65	-9.819	-23.469	-2.5
12.66	-9.824	-22.363	-34.2
12.67	-9.816	-22.056	-18.0
12.68	-9.795	-22.370	-19.3
12.69	-9.762	-23.130	-2.9
12.7	-9.724	-24.297	-12.4
12.71	-9.688	-25.883	0.6
12.72	-9.657	-27.680	4.8
12.73	-9.629	-29.208	6.5
12.74	-9.605	-29.809	18.1
12.75	-9.582	-28.455	29.2
12.76	-9.561	-22.861	38.9
12.77	-9.540	-7.858	38.5
12.78	-9.521	18.116	61.7
12.79	-9.502	41.328	91.6
12.8	-9.484	50.195	111.0
12.81	-9.466	51.108	125.6
12.82	-9.449	51.139	131.3
12.83	-9.434	51.139	149.2
12.84	-9.419	51.139	152.0
12.85	-9.403	51.139	128.1
12.86	-9.386	51.139	90.0
12.87	-9.367	51.122	56.4
12.88	-9.346	50.759	9.1
12.89	-9.322	46.164	-23.6
12.9	-9.303	31.223	-33.0
12.91	-9.290	8.238	-56.0
12.92	-9.282	-14.947	-64.3
12.93	-9.273	-34.275	-50.6
12.94	-9.259	-46.442	-61.5
12.95	-9.247	-50.652	-51.5
12.96	-9.235	-51.131	-50.1
12.97	-9.222	-51.141	-56.2
12.98	-9.207	-51.141	-54.3
12.99	-9.193	-51.141	-73.9
13.0	-9.178	-51.141	-64.9
13.01	-9.164	-51.141	-32.8
13.02	-9.149	-51.141	-41.8
13.03	-9.134	-51.141	-53.0
13.04	-9.119	-51.141	-50.9
13.05	-9.104	-51.130	-38.1
13.06	-9.086	-50.884	-40.7
13.07	-9.068	-47.869	-42.1
13.08	-9.047	-37.973	-41.9
13.09	-9.026	-21.970	-44.0
13.1	-9.006	-4.362	-44.4
13.11	-8.988	12.150	-38.9
13.12	-8.969	26.067	-46.2
13.13	-8.951	36.231	-51.4
13.14	-8.934	42.025	-38.5
13.15	-8.918	43.127	-37.4
13.16	-8.902	39.705	-45.9
13.17	-8.886	32.778	-34.5
13.18	-8.870	23.391	-40.2
13.19	-8.853	12.386	-40.4
13.2	-8.836	0.816	-48.7
13.21	-8.820	-10.511	-40.3
13.22	-8.804	-20.952	-24.9
13.23	-8.788	-29.980	-26.2
13.24	-8.771	-37.725	-29.3
13.25	-8.753	-44.309	-15.0
13.26	-8.736	-48.861	-16.7
13.27	-8.720	-50.783	-28.5
13.28	-8.706	-51.128	-8.6
13.29	-8.691	-51.141	-11.3
13.3	-8.677	-51.139	-50.7
13.31	-8.662	-51.119	-49.7
13.32	-8.646	-50.761	-50.0
13.33	-8.630	-49.486	-47.9
13.34	-8.613	-47.461	-43.0
13.35	-8.595	-45.353	-40.5
13.36	-8.578	-43.453	-59.1
13.37	-8.561	-41.870	-10.6
13.38	-8.545	-40.500	-52.1
13.39	-8.525	-39.031	6.1
13.4	-8.498	-37.180	175.5
13.41	-8.467	-35.063	163.5
13.42	-8.441	-33.014	136.8
13.43	-8.422	-31.042	-34.8
13.44	-8.409	-29.280	-78.5
13.45	-8.399	-28.003	-12.2
13.46	-8.389	-27.078	-49.9
13.47	-8.376	-26.291	-29.1
13.48	-8.357	-25.586	-29.4
13.49	-8.332	-25.064	-35.5
13.5	-8.304	-24.963	-19.1
13.51	-8.277	-25.366	-23.2
13.52	-8.251	-26.133	-31.1
13.53	-8.225	-26.886	-15.6
13.54	-8.200	-26.913	-18.4
13.55	-8.176	-24.339	10.4
13.56	-8.153	-14.870	10.4
13.57	-8.131	6.500	12.6
13.58	-8.110	32.872	43.5
13.59	-8.091	48.009	63.0
13.6	-8.074	51.033	75.1
13.61	-8.058	51.130	90.9
13.62	-8.044	51.139	108.3
13.63	-8.030	51.139	123.9
13.64	-8.017	51.139	123.1
13.65	-8.004	51.139	119.1
13.66	-7.992	51.139	81.7
13.67	-7.979	51.128	44.5
13.68	-7.966	50.933	9.6
13.69	-7.953	47.439	-38.0
13.7	-7.942	34.589	-45.8
13.71	-7.934	13.280	-58.5
13.72	-7.927	-9.244	-77.8
13.73	-7.920	-28.939	-64.9
13.74	-7.912	-43.145	-80.2
13.75	-7.901	-49.723	-75.8
13.76	-7.888	-51.084	-59.8
13.77	-7.877	-51.138	-66.0
13.78	-7.866	-51.141	-66.7
13.79	-7.856	-51.141	-69.7
13.8	-7.845	-51.141	-69.4
13.81	-7.836	-51.141	-59.9
13.82	-7.827	-51.141	-66.0
13.83	-7.821	-51.141	-59.4
13.84	-7.816	-51.141	-57.6
13.85	-7.811	-51.136	-54.8
13.86	-7.808	-51.061	-54.2
13.87	-7.804	-49.427	-58.0
13.88	-7.801	-42.603	-51.8
13.89	-7.797	-30.028	-50.0
13.9	-7.794	-15.572	-57.9
13.91	-7.793	-2.106	-43.7
13.92	-7.791	9.277	-52.2
13.93	-7.790	17.955	-51.8
13.94	-7.789	23.630	-44.2
13.95	-7.788	25.720	-60.8
13.96	-7.786	23.842	-51.0
13.97	-7.783	18.670	-48.4
13.98	-7.780	11.220	-66.2
13.99	-7.777	2.372	-56.6
14.0	-7.774	-6.923	-57.5
14.01	-7.771	-15.878	-53.4
14.02	-7.769	-24.013	-47.0
14.03	-7.768	-31.170	-51.6
14.04	-7.768	-37.370	-55.8
14.05	-7.768	-42.467	-41.9
14.06	-7.766	-46.291	-31.5
14.07	-7.763	-48.923	-36.1
14.08	-7.761	-50.452	-30.0
14.09	-7.759	-51.033	-18.2
14.1	-7.758	-51.138	-26.0
14.11	-7.759	-51.141	-17.1
14.12	-7.760	-51.141	-22.8
14.13	-7.761	-51.127	-36.0
14.14	-7.761	-50.936	-58.7
14.15	-7.762	-50.247	-61.5
14.16	-7.761	-49.127	-52.5
14.17	-7.760	-47.817	-50.8
14.18	-7.759	-46.167	-46.5
14.19	-7.759	-44.205	-47.4
14.2	-7.761	-42.284	-6.2
14.21	-7.766	-40.475	-53.5
14.22	-7.768	-38.686	34.2
14.23	-7.764	-36.891	154.0
14.24	-7.759	-34.975	148.6
14.25	-7.756	-32.841	176.8
14.26	-7.757	-30.589	-34.2
14.27	-7.761	-28.598	-74.7
14.28	-7.769	-27.309	-27.9
14.29	-7.775	-26.769	-53.5
14.3	-7.776	-26.678	-38.7
14.31	-7.770	-26.805	-49.4
14.32	-7.762	-26.981	-39.4
14.33	-7.755	-27.142	-32.4
14.34	-7.749	-27.263	-29.4
14.35	-7.744	-27.222	-14.9
14.36	-7.737	-26.789	-11.5
14.37	-7.731	-24.403	-10.3
14.38	-7.724	-15.606	-2.3
14.39	-7.718	5.316	7.0
14.4	-7.713	32.045	23.2
14.41	-7.706	47.783	45.2
14.42	-7.700	51.020	59.4
14.43	-7.695	51.128	77.2
14.44	-7.691	51.139	103.6
14.45	-7.688	51.139	135.1
14.46	-7.684	51.139	139.4
14.47	-7.680	51.139	148.5
14.48	-7.674	51.139	127.3
14.49	-7.668	51.136	95.7
14.5	-7.663	51.123	65.5
14.51	-7.659	50.184	9.5
14.52	-7.656	43.455	-27.2
14.53	-7.654	27.284	-41.8
14.54	-7.650	6.495	-66.0
14.55	-7.647	-12.947	-66.4
14.56	-7.645	-29.433	-68.0
14.57	-7.643	-42.064	-67.6
14.58	-7.639	-49.050	-71.0
14.59	-7.637	-50.994	-64.9
14.6	-7.637	-51.134	-60.7
14.61	-7.637	-51.141	-66.9
14.62	-7.636	-51.141	-69.0
14.63	-7.635	-51.141	-57.8
14.64	-7.633	-51.141	-57.3
14.65	-7.630	-51.141	-55.9
14.66	-7.628	-51.141	-58.0
14.67	-7.628	-51.141	-52.8
14.68	-7.627	-51.138	-49.8
14.69	-7.627	-51.111	-59.3
14.7	-7.629	-50.213	-65.9
14.71	-7.630	-45.181	-59.9
14.72	-7.632	-34.345	-51.8
14.73	-7.634	-20.919	-46.5
14.74	-7.638	-8.009	-63.8
14.75	-7.641	3.227	-58.2
14.76	-7.643	11.825	-54.5
14.77	-7.646	17.181	-54.0
14.78	-7.649	18.977	-48.8
14.79	-7.652	17.236	-58.2
14.8	-7.655	12.527	-58.1
14.81	-7.657	5.789	-52.2
14.82	-7.660	-2.017	-56.0
14.83	-7.661	-10.386	-54.2
14.84	-7.663	-18.941	-44.7
14.85	-7.663	-27.152	-48.2
14.86	-7.665	-34.703	-54.4
14.87	-7.668	-41.242	-47.8
14.88	-7.670	-46.366	-62.3
14.89	-7.673	-49.639	-44.9
14.9	-7.676	-50.939	-23.9
14.91	-7.679	-51.136	-32.8
14.92	-7.683	-51.141	-32.0
14.93	-7.687	-51.141	-25.2
14.94	-7.691	-51.141	-10.6
14.95	-7.694	-51.141	-7.8
14.96	-7.698	-51.141	-41.4
14.97	-7.701	-51.095	-44.9
14.98	-7.703	-50.764	-53.8
14.99	-7.704	-49.856	-52.9
15.0	-7.706	-48.370	-56.2
15.01	-7.706	-46.478	-42.1
15.02	-7.708	-44.509	-54.2
15.03	-7.709	-42.658	-49.8
15.04	-7.711	-40.720	-10.2
15.05	-7.713	-38.577	-63.9
15.06	-7.714	-36.288	107.6
15.07	-7.712	-34.000	243.4
15.08	-7.711	-31.811	264.5
15.09	-7.714	-29.775	178.5
15.1	-7.718	-28.200	-79.2
15.11	-7.724	-27.408	-47.9
15.12	-7.731	-27.295	-41.0
15.13	-7.737	-27.545	-60.3
15.14	-7.737	-27.853	-33.9
15.15	-7.734	-28.000	-47.9
15.16	-7.730	-28.078	-36.9
15.17	-7.729	-28.255	-24.9
15.18	-7.729	-28.547	-27.9
15.19	-7.729	-28.906	-19.7
15.2	-7.729	-28.808	-18.2
15.21	-7.730	-26.197	-1.7
15.22	-7.732	-16.264	-0.9
15.23	-7.734	6.236	18.0
15.24	-7.734	33.337	29.3
15.25	-7.736	48.280	34.0
15.26	-7.739	51.056	76.5
15.27	-7.743	51.130	110.9
15.28	-7.746	51.139	130.4
15.29	-7.749	51.139	153.7
15.3	-7.753	51.139	160.2
15.31	-7.758	51.139	170.8
15.32	-7.763	51.139	140.3
15.33	-7.769	51.130	86.5
15.34	-7.775	50.945	43.2
15.35	-7.782	47.617	3.3
15.36	-7.789	35.306	-31.9
15.37	-7.796	14.870	-51.1
15.38	-7.804	-6.641	-74.3
15.39	-7.815	-25.645	-72.4
15.4	-7.828	-40.531	-69.8
15.41	-7.841	-48.742	-68.1
15.42	-7.854	-50.983	-67.5
15.43	-7.866	-51.133	-72.2
15.44	-7.876	-51.141	-71.6
15.45	-7.887	-51.141	-68.1
15.46	-7.896	-51.141	-72.3
15.47	-7.903	-51.141	-63.8
15.48	-7.911	-51.141	-54.4
15.49	-7.919	-51.141	-53.0
15.5	-7.927	-51.141	-52.3
15.51	-7.936	-51.141	-51.0
15.52	-7.946	-51.134	-55.5
15.53	-7.958	-51.020	-43.3
15.54	-7.970	-49.078	-45.6
15.55	-7.981	-41.850	-55.8
15.56	-7.993	-29.472	-54.1
15.57	-8.003	-15.728	-53.3
15.58	-8.013	-2.994	-55.2
15.59	-8.022	7.538	-49.5
15.6	-8.031	14.852	-47.3
15.61	-8.039	18.533	-47.7
15.62	-8.047	18.613	-52.7
15.63	-8.056	15.461	-42.7
15.64	-8.066	9.705	-52.7
15.65	-8.074	2.045	-47.5
15.66	-8.084	-6.614	-45.1
15.67	-8.094	-15.428	-47.1
15.68	-8.104	-23.847	-46.9
15.69	-8.114	-31.508	-41.6
15.7	-8.124	-38.203	-42.1
15.71	-8.134	-43.772	-38.3
15.72	-8.144	-47.963	-32.9
15.73	-8.154	-50.339	-25.6
15.74	-8.164	-51.072	-14.3
15.75	-8.175	-51.139	-18.0
15.76	-8.186	-51.141	-10.8
15.77	-8.196	-51.141	5.8
15.78	-8.206	-51.141	-29.5
15.79	-8.214	-51.117	-47.3
15.8	-8.222	-50.883	-44.8
15.81	-8.229	-50.164	-49.5
15.82	-8.236	-49.050	-51.4
15.83	-8.241	-47.817	-38.1
15.84	-8.246	-46.633	-58.1
15.85	-8.251	-45.491	-14.9
15.86	-8.258	-43.989	-31.5
15.87	-8.263	-41.913	-45.5
15.88	-8.266	-39.600	179.5
15.89	-8.266	-37.281	264.5
15.9	-8.269	-34.917	252.2
15.91	-8.277	-32.541	66.2
15.92	-8.286	-30.419	-100.3
15.93	-8.294	-28.891	-26.0
15.94	-8.302	-27.903	-31.4
15.95	-8.308	-27.264	-31.8
15.96	-8.309	-26.794	-54.5
15.97	-8.303	-26.233	-30.1
15.98	-8.293	-25.741	-8.0
15.99	-8.281	-25.658	-20.1
16.0	-8.271	-26.095	-11.6
16.01	-8.264	-27.213	-14.3
16.02	-8.258	-28.513	4.2
16.03	-8.254	-28.141	15.4
16.04	-8.252	-22.363	15.6
16.05	-8.252	-5.002	42.9
16.06	-8.252	22.747	50.4
16.07	-8.253	44.183	73.7
16.08	-8.253	50.731	99.6
16.09	-8.254	51.117	118.1
16.1	-8.256	51.139	151.2
16.11	-8.261	51.139	168.8
16.12	-8.268	51.139	163.0
16.13	-8.277	51.139	164.8
16.14	-8.288	51.139	128.1
16.15	-8.300	51.130	96.2
16.16	-8.311	50.948	47.5
16.17	-8.321	47.480	1.3
16.18	-8.331	34.283	-28.0
16.19	-8.341	12.030	-41.5
16.2	-8.353	-11.636	-46.5
16.21	-8.366	-32.133	-60.4
16.22	-8.379	-45.628	-60.9
16.23	-8.390	-50.531	-53.3
16.24	-8.400	-51.131	-55.0
16.25	-8.409	-51.139	-56.5
16.26	-8.419	-51.141	-55.9
16.27	-8.428	-51.141	-53.2
16.28	-8.437	-51.141	-57.1
16.29	-8.445	-51.141	-52.1
16.3	-8.453	-51.141	-46.7
16.31	-8.460	-51.141	-40.5
16.32	-8.467	-51.141	-47.2
16.33	-8.476	-51.138	-45.4
16.34	-8.484	-51.106	-39.3
16.35	-8.493	-50.073	-37.5
16.36	-8.502	-44.291	-41.8
16.37	-8.509	-31.583	-50.1
16.38	-8.516	-15.473	-45.5
16.39	-8.521	0.011	-35.4
16.4	-8.525	13.192	-36.8
16.41	-8.530	23.108	-35.7
16.42	-8.536	29.117	-43.9
16.43	-8.545	30.905	-36.5
16.44	-8.555	28.659	-43.0
16.45	-8.566	22.955	-35.9
16.46	-8.578	14.772	-37.6
16.47	-8.589	5.266	-39.8
16.48	-8.601	-4.889	-28.6
16.49	-8.613	-15.161	-27.9
16.5	-8.625	-24.863	-41.0
16.51	-8.637	-33.584	-29.3
16.52	-8.651	-41.064	-22.8
16.53	-8.664	-46.809	-26.3
16.54	-8.678	-50.066	-9.9
16.55	-8.693	-51.048	-2.1
16.56	-8.710	-51.139	-8.4
16.57	-8.728	-51.141	7.3
16.58	-8.744	-51.141	-14.2
16.59	-8.761	-51.139	-28.4
16.6	-8.776	-51.122	-45.1
16.61	-8.790	-50.881	-37.8
16.62	-8.804	-50.075	-39.0
16.63	-8.819	-48.638	-43.6
16.64	-8.832	-46.828	-41.0
16.65	-8.848	-44.998	-34.2
16.66	-8.866	-43.253	-4.9
16.67	-8.884	-41.575	-71.4
16.68	-8.899	-39.997	80.8
16.69	-8.909	-38.333	220.1
16.7	-8.918	-36.383	184.4
16.71	-8.931	-34.348	90.7
16.72	-8.949	-32.522	-81.4
16.73	-8.968	-30.913	-39.8
16.74	-8.988	-29.470	-30.1
16.75	-9.006	-28.225	-31.6
16.76	-9.018	-27.327	-17.3
16.77	-9.024	-26.864	-22.1
16.78	-9.027	-26.727	-9.9
16.79	-9.030	-27.008	-13.1
16.8	-9.033	-27.945	-0.2
16.81	-9.037	-29.417	9.0
16.82	-9.041	-30.827	1.6
16.83	-9.044	-31.206	16.5
16.84	-9.047	-28.688	28.4
16.85	-9.051	-19.147	34.3
16.86	-9.056	2.783	46.0
16.87	-9.062	30.688	71.1
16.88	-9.069	47.392	77.3
16.89	-9.076	50.997	109.9
16.9	-9.085	51.128	137.3
16.91	-9.094	51.139	150.5
16.92	-9.106	51.139	158.6
16.93	-9.120	51.139	157.8
16.94	-9.134	51.139	133.8
16.95	-9.147	51.138	89.1
16.96	-9.158	51.122	41.5
16.97	-9.170	50.203	7.9
16.98	-9.184	43.077	-16.0
16.99	-9.203	25.022	-36.5
17.0	-9.226	0.916	-48.6
17.01	-9.252	-22.186	-45.5
17.02	-9.276	-40.061	-61.9
17.03	-9.294	-49.030	-58.6
17.04	-9.311	-51.047	-45.7
17.05	-9.328	-51.136	-51.1
17.06	-9.342	-51.141	-58.6
17.07	-9.357	-51.141	-52.8
17.08	-9.375	-51.141	-43.6
17.09	-9.393	-51.141	-43.1
17.1	-9.409	-51.141	-55.3
17.11	-9.422	-51.141	-45.3
17.12	-9.436	-51.141	-52.7
17.13	-9.452	-51.141	-35.6
17.14	-9.469	-51.131	-27.8
17.15	-9.486	-50.813	-40.9
17.16	-9.502	-47.397	-36.1
17.17	-9.516	-36.686	-29.4
17.18	-9.528	-19.888	-38.0
17.19	-9.537	-2.078	-38.0
17.2	-9.543	13.839	-37.1
17.21	-9.545	26.455	-33.0
17.22	-9.547	34.731	-32.3
17.23	-9.552	38.355	-24.5
17.24	-9.558	37.484	-40.4
17.25	-9.564	32.681	-32.8
17.26	-9.569	25.191	-26.3
17.27	-9.574	15.991	-39.9
17.28	-9.578	5.558	-42.7
17.29	-9.583	-5.333	-31.7
17.3	-9.590	-15.972	-20.4
17.31	-9.598	-25.878	-26.0
17.32	-9.607	-34.627	-13.6
17.33	-9.616	-42.055	-4.0
17.34	-9.626	-47.575	-6.4
17.35	-9.638	-50.383	-4.5
17.36	-9.651	-51.092	-13.3
17.37	-9.666	-51.139	-33.3
17.38	-9.679	-51.141	-44.0
17.39	-9.689	-51.141	-36.2
17.4	-9.696	-51.141	-54.1
17.41	-9.704	-51.139	-37.6
17.42	-9.714	-51.034	-52.8
17.43	-9.724	-50.341	-20.9
17.44	-9.734	-48.697	-12.6
17.45	-9.740	-46.488	-52.4
17.46	-9.741	-44.166	120.0
17.47	-9.738	-41.728	179.6
17.48	-9.739	-39.041	148.8
17.49	-9.747	-36.220	43.1
17.5	-9.758	-33.661	-77.9
17.51	-9.767	-31.733	-13.6
17.52	-9.774	-30.350	-30.3
17.53	-9.774	-29.217	-33.7
17.54	-9.762	-28.255	-27.0
17.55	-9.736	-27.475	-18.2
17.56	-9.701	-26.983	-9.7
17.57	-9.666	-26.914	-11.6
17.58	-9.634	-27.295	-8.3
17.59	-9.606	-27.933	0.5
17.6	-9.582	-28.438	-0.9
17.61	-9.563	-27.959	8.2
17.62	-9.546	-23.963	24.3
17.63	-9.530	-11.028	39.3
17.64	-9.513	13.955	41.5
17.65	-9.496	38.838	69.7
17.66	-9.479	49.708	78.2
17.67	-9.461	51.106	104.5
17.68	-9.444	51.138	136.3
17.69	-9.426	51.139	140.4
17.7	-9.409	51.139	153.8
17.71	-9.393	51.139	138.2
17.72	-9.376	51.139	106.9
17.73	-9.357	51.134	68.3
17.74	-9.339	51.089	28.2
17.75	-9.319	49.453	-4.9
17.76	-9.300	40.067	-52.6
17.77	-9.285	19.900	-46.4
17.78	-9.274	-4.452	-45.0
17.79	-9.264	-26.561	-64.3
17.8	-9.249	-42.580	-62.4
17.81	-9.229	-49.755	-50.3
17.82	-9.209	-51.092	-57.7
17.83	-9.187	-51.138	-61.3
17.84	-9.162	-51.141	-61.3
17.85	-9.135	-51.141	-49.5
17.86	-9.108	-51.141	-55.4
17.87	-9.080	-51.141	-57.0
17.88	-9.052	-51.141	-48.1
17.89	-9.024	-51.141	-46.1
17.9	-8.999	-51.141	-44.5
17.91	-8.977	-51.138	-32.8
17.92	-8.956	-51.081	-42.4
17.93	-8.936	-49.619	-43.4
17.94	-8.916	-42.667	-38.7
17.95	-8.894	-28.663	-40.2
17.96	-8.872	-11.563	-43.9
17.97	-8.849	4.875	-41.3
17.98	-8.828	18.947	-49.0
17.99	-8.806	29.442	-41.6
18.0	-8.784	35.600	-38.1
18.01	-8.763	37.309	-46.4
18.02	-8.744	35.103	-34.5
18.03	-8.725	29.548	-36.9
18.04	-8.706	21.253	-58.7
18.05	-8.688	11.320	-44.0
18.06	-8.669	0.795	-38.1
18.07	-8.652	-9.628	-45.7
18.08	-8.635	-19.528	-44.4
18.09	-8.618	-28.781	-18.5
18.1	-8.603	-37.083	-29.5
18.11	-8.589	-43.906	-22.4
18.12	-8.576	-48.592	-8.1
18.13	-8.564	-50.700	-26.3
18.14	-8.554	-51.123	0.9
18.15	-8.543	-51.141	-15.4
18.16	-8.531	-51.141	-59.0
18.17	-8.518	-51.141	-52.6
18.18	-8.504	-51.141	-45.0
18.19	-8.488	-51.136	-57.5
18.2	-8.472	-50.956	-57.8
18.21	-8.456	-49.961	-47.2
18.22	-8.443	-48.000	-45.3
18.23	-8.433	-45.772	-11.5
18.24	-8.424	-43.458	-59.8
18.25	-8.409	-40.875	73.0
18.26	-8.387	-38.098	170.4
18.27	-8.364	-35.295	157.6
18.28	-8.348	-32.647	100.1
18.29	-8.336	-30.452	-79.2
18.3	-8.328	-29.113	-60.8
18.31	-8.322	-28.583	-19.0
18.32	-8.314	-28.433	-44.3
18.33	-8.301	-28.373	-44.2
18.34	-8.281	-28.198	-45.4
18.35	-8.258	-27.825	-30.4
18.36	-8.235	-27.453	-23.0
18.37	-8.213	-27.370	-22.5
18.38	-8.189	-27.506	-21.0
18.39	-8.166	-27.233	-10.5
18.4	-8.144	-25.036	-10.4
18.41	-8.123	-17.030	-3.7
18.42	-8.104	2.772	9.0
18.43	-8.086	29.717	29.8
18.44	-8.069	46.919	33.7
18.45	-8.055	50.966	49.7
18.46	-8.042	51.130	76.7
18.47	-8.031	51.139	96.2
18.48	-8.022	51.139	111.3
18.49	-8.013	51.139	121.9
18.5	-8.004	51.139	126.7
18.51	-7.994	51.139	105.8
18.52	-7.984	51.138	48.7
18.53	-7.974	51.123	20.4
18.54	-7.964	50.177	-15.3
18.55	-7.953	43.036	-35.5
18.56	-7.939	25.231	-42.6
18.57	-7.928	1.764	-70.0
18.58	-7.921	-20.511	-64.0
18.59	-7.916	-38.308	-52.3
18.6	-7.909	-48.228	-71.0
18.61	-7.902	-50.945	-64.8
18.62	-7.893	-51.133	-59.0
18.63	-7.884	-51.141	-60.2
18.64	-7.875	-51.141	-69.4
18.65	-7.868	-51.141	-65.5
18.66	-7.860	-51.141	-63.5
18.67	-7.852	-51.141	-48.0
18.68	-7.844	-51.141	-52.4
18.69	-7.838	-51.141	-63.1
18.7	-7.833	-51.141	-65.3
18.71	-7.829	-51.134	-55.0
18.72	-7.826	-50.998	-55.1
18.73	-7.822	-48.838	-45.2
18.74	-7.819	-40.994	-48.9
18.75	-7.814	-27.780	-51.1
18.76	-7.808	-13.541	-57.1
18.77	-7.804	-0.938	-49.9
18.78	-7.799	9.184	-46.0
18.79	-7.796	16.073	-56.6
18.8	-7.793	19.338	-43.7
18.81	-7.789	19.139	-54.6
18.82	-7.785	15.923	-66.8
18.83	-7.782	10.495	-58.6
18.84	-7.777	3.563	-55.3
18.85	-7.773	-4.498	-46.8
18.86	-7.766	-13.170	-56.8
18.87	-7.760	-21.748	-55.2
18.88	-7.754	-29.675	-53.0
18.89	-7.751	-36.577	-52.8
18.9	-7.748	-42.072	-52.6
18.91	-7.746	-46.102	-52.5
18.92	-7.746	-48.923	-54.1
18.93	-7.745	-50.538	-32.8
18.94	-7.744	-51.077	-29.2
18.95	-7.744	-51.139	-31.5
18.96	-7.744	-51.141	-32.0
18.97	-7.744	-51.141	-19.4
18.98	-7.744	-51.141	-15.5
18.99	-7.744	-51.134	-4.2
19.0	-7.743	-50.998	-25.5
19.01	-7.742	-50.391	-48.3
19.02	-7.741	-49.247	-50.9
19.03	-7.741	-48.009	-51.3
19.04	-7.740	-46.836	-53.7
19.05	-7.739	-45.516	-34.8
19.06	-7.738	-44.044	-56.0
19.07	-7.739	-42.381	-29.5
19.08	-7.742	-40.513	-13.3
19.09	-7.744	-38.700	-38.3
19.1	-7.740	-36.964	117.0
19.11	-7.732	-35.108	145.0
19.12	-7.726	-33.094	173.5
19.13	-7.723	-31.080	99.6
19.14	-7.722	-29.483	-75.9
19.15	-7.726	-28.611	-24.1
19.16	-7.730	-28.327	-38.5
19.17	-7.731	-28.280	-28.7
19.18	-7.725	-28.050	-32.6
19.19	-7.717	-27.473	-41.9
19.2	-7.711	-26.947	-14.0
19.21	-7.705	-26.803	-32.3
19.22	-7.699	-26.966	-27.3
19.23	-7.692	-27.103	0.3
19.24	-7.685	-26.067	-12.5
19.25	-7.679	-20.370	3.3
19.26	-7.674	-3.534	15.1
19.27	-7.669	23.569	15.3
19.28	-7.666	44.455	34.6
19.29	-7.663	50.761	60.5
19.3	-7.662	51.119	75.6
19.31	-7.662	51.139	93.2
19.32	-7.663	51.139	115.4
19.33	-7.664	51.139	140.0
19.34	-7.666	51.139	150.7
19.35	-7.668	51.139	152.0
19.36	-7.669	51.139	123.4
19.37	-7.671	51.130	77.2
19.38	-7.673	50.956	23.8
19.39	-7.674	47.686	-1.4
19.4	-7.674	35.328	-24.2
19.41	-7.675	14.472	-38.3
19.42	-7.676	-7.780	-45.2
19.43	-7.678	-27.484	-69.6
19.44	-7.681	-42.233	-57.9
19.45	-7.682	-49.461	-52.6
19.46	-7.684	-51.067	-77.5
19.47	-7.686	-51.138	-62.8
19.48	-7.689	-51.141	-68.4
19.49	-7.691	-51.141	-58.6
19.5	-7.692	-51.141	-62.0
19.51	-7.692	-51.141	-55.7
19.52	-7.693	-51.141	-50.5
19.53	-7.694	-51.141	-65.6
19.54	-7.697	-51.141	-43.2
19.55	-7.701	-51.141	-50.4
19.56	-7.705	-51.138	-65.8
19.57	-7.710	-51.075	-51.2
19.58	-7.715	-49.634	-61.7
19.59	-7.720	-43.313	-51.7
19.6	-7.724	-31.325	-42.7
19.61	-7.726	-17.338	-52.4
19.62	-7.726	-4.222	-47.5
19.63	-7.727	6.748	-40.7
19.64	-7.728	14.372	-56.2
19.65	-7.730	17.994	-51.7
19.66	-7.732	17.834	-48.0
19.67	-7.735	14.433	-40.7
19.68	-7.737	8.408	-54.4
19.69	-7.739	0.641	-48.7
19.7	-7.741	-7.923	-45.6
19.71	-7.743	-16.566	-51.9
19.72	-7.746	-24.764	-44.9
19.73	-7.749	-32.147	-41.9
19.74	-7.752	-38.581	-38.2
19.75	-7.756	-43.994	-42.2
19.76	-7.759	-48.044	-43.6
19.77	-7.764	-50.317	-32.2
19.78	-7.768	-51.055	-43.8
19.79	-7.773	-51.139	-29.6
19.8	-7.779	-51.141	-31.5
19.81	-7.785	-51.141	-20.8
19.82	-7.792	-51.141	-10.5
19.83	-7.799	-51.139	-16.2
19.84	-7.807	-51.075	0.8
19.85	-7.815	-50.747	-6.2
19.86	-7.824	-50.105	-27.9
19.87	-7.833	-49.341	-50.7
19.88	-7.841	-48.481	-61.7
19.89	-7.849	-47.425	-48.0
19.9	-7.857	-46.111	-32.7
19.91	-7.864	-44.686	-43.4
19.92	-7.873	-43.369	-41.3
19.93	-7.883	-42.059	3.9
19.94	-7.894	-40.659	-49.0
19.95	-7.898	-39.142	92.7
19.96	-7.895	-37.303	181.1
19.97	-7.891	-35.155	195.3
19.98	-7.895	-33.025	146.2
19.99	-7.906	-31.141	-62.8
20.0	-7.919	-29.644	-44.4
20.01	-7.936	-28.623	-31.4
20.02	-7.949	-28.034	-43.8
20.03	-7.956	-27.722	-25.5
20.04	-7.956	-27.531	-40.4
20.05	-7.949	-27.391	-22.4
20.06	-7.939	-27.345	-24.9
20.07	-7.927	-27.513	-17.7
20.08	-7.915	-27.763	-22.3
20.09	-7.904	-27.511	-22.2
20.1	-7.896	-25.056	-0.7
20.11	-7.892	-16.014	7.4
20.12	-7.893	5.306	16.3
20.13	-7.896	32.236	36.2
20.14	-7.902	47.867	51.4
20.15	-7.911	51.027	72.6
20.16	-7.921	51.128	92.4
20.17	-7.933	51.139	122.6
20.18	-7.944	51.139	140.4
20.19	-7.958	51.139	149.3
20.2	-7.971	51.139	139.2
20.21	-7.982	51.139	116.4
20.22	-7.994	51.136	84.5
20.23	-8.005	51.122	49.6
20.24	-8.015	50.061	3.4
20.25	-8.024	42.542	-17.3
20.26	-8.033	24.406	-36.2
20.27	-8.043	0.942	-61.9
20.28	-8.054	-21.089	-68.8
20.29	-8.068	-38.561	-56.7
20.3	-8.079	-48.284	-65.7
20.31	-8.090	-50.952	-62.0
20.32	-8.101	-51.133	-54.4
20.33	-8.113	-51.141	-56.7
20.34	-8.124	-51.141	-55.8
20.35	-8.134	-51.141	-59.7
20.36	-8.142	-51.141	-49.1
20.37	-8.150	-51.141	-55.0
20.38	-8.159	-51.141	-58.4
20.39	-8.168	-51.141	-43.1
20.4	-8.179	-51.141	-63.4
20.41	-8.191	-51.138	-45.2
20.42	-8.205	-51.098	-47.3
20.43	-8.219	-49.952	-45.5
20.44	-8.233	-43.936	-41.5
20.45	-8.247	-31.267	-59.4
20.46	-8.260	-15.705	-53.6
20.47	-8.271	-0.991	-37.7
20.48	-8.280	11.377	-48.4
20.49	-8.289	20.161	-45.3
20.5	-8.299	24.644	-44.0
20.51	-8.308	24.905	-48.0
20.52	-8.319	21.409	-43.4
20.53	-8.331	14.980	-39.7
20.54	-8.343	6.767	-39.2
20.55	-8.357	-2.259	-40.7
20.56	-8.371	-11.525	-48.3
20.57	-8.386	-20.589	-36.4
20.58	-8.399	-29.031	-36.5
20.59	-8.414	-36.611	-38.6
20.6	-8.428	-43.233	-32.3
20.61	-8.443	-48.202	-44.3
20.62	-8.458	-50.609	-38.5
20.63	-8.473	-51.119	-22.9
20.64	-8.488	-51.139	-27.0
20.65	-8.502	-51.141	-14.7
20.66	-8.517	-51.141	-24.0
20.67	-8.532	-51.141	-10.3
20.68	-8.548	-51.141	-1.2
20.69	-8.565	-51.141	-0.3
20.7	-8.582	-51.136	-10.1
20.71	-8.598	-51.030	-34.3
20.72	-8.615	-50.566	-50.5
20.73	-8.630	-49.645	-38.8
20.74	-8.644	-48.414	-44.6
20.75	-8.656	-47.077	-39.6
20.76	-8.669	-45.745	-32.3
20.77	-8.683	-44.297	-31.6
20.78	-8.699	-42.617	6.3
20.79	-8.716	-40.719	-40.9
20.8	-8.730	-38.606	68.2
20.81	-8.738	-36.398	204.5
20.82	-8.745	-34.094	194.0
20.83	-8.757	-31.633	139.0
20.84	-8.772	-29.375	-60.3
20.85	-8.787	-27.711	-39.0
20.86	-8.803	-26.698	-10.9
20.87	-8.818	-26.111	-32.3
20.88	-8.828	-25.750	-14.0
20.89	-8.831	-25.800	-24.0
20.9	-8.827	-26.352	-17.6
20.91	-8.820	-27.202	-8.7
20.92	-8.814	-28.305	-3.4
20.93	-8.811	-29.617	-6.1
20.94	-8.809	-30.830	-0.2
20.95	-8.809	-31.091	11.7
20.96	-8.811	-28.397	12.0
20.97	-8.815	-18.294	32.7
20.98	-8.819	4.580	50.7
20.99	-8.823	32.442	54.9
21.0	-8.826	48.045	73.9
21.01	-8.829	51.041	120.5
21.02	-8.833	51.130	139.1
21.03	-8.837	51.139	143.5
21.04	-8.842	51.139	158.6
21.05	-8.847	51.139	159.7
21.06	-8.852	51.139	125.6
21.07	-8.857	51.139	109.3
21.08	-8.861	51.125	58.1
21.09	-8.864	50.880	6.3
21.1	-8.867	46.661	-11.4
21.11	-8.873	31.491	-31.8
21.12	-8.881	6.608	-34.2
21.13	-8.891	-19.336	-40.1
21.14	-8.902	-39.269	-54.8
21.15	-8.911	-48.961	-51.9
21.16	-8.917	-51.050	-57.4
21.17	-8.923	-51.136	-48.3
21.18	-8.929	-51.141	-63.7
21.19	-8.933	-51.141	-62.7
21.2	-8.936	-51.141	-46.0
21.21	-8.939	-51.141	-50.0
21.22	-8.943	-51.141	-45.3
21.23	-8.945	-51.141	-33.3
21.24	-8.948	-51.141	-34.3
21.25	-8.952	-51.141	-31.7
21.26	-8.957	-51.138	-35.3
21.27	-8.963	-51.111	-43.0
21.28	-8.971	-50.055	-47.5
21.29	-8.978	-43.750	-24.5
21.3	-8.986	-29.581	-30.5
21.31	-8.994	-11.469	-32.6
21.32	-8.999	5.938	-29.6
21.33	-9.002	20.570	-43.3
21.34	-9.005	31.188	-50.4
21.35	-9.008	36.936	-32.4
21.36	-9.013	37.683	-31.1
21.37	-9.019	34.258	-44.4
21.38	-9.026	27.608	-49.7
21.39	-9.032	18.469	-27.2
21.4	-9.039	7.855	-39.3
21.41	-9.045	-3.328	-42.1
21.42	-9.053	-14.450	-36.0
21.43	-9.061	-24.828	-43.7
21.44	-9.070	-33.953	-38.0
21.45	-9.079	-41.534	-18.8
21.46	-9.088	-47.184	-12.7
21.47	-9.096	-50.242	-11.7
21.48	-9.103	-51.081	-6.5
21.49	-9.111	-51.138	-1.7
21.5	-9.119	-51.141	11.0
21.51	-9.129	-51.141	-12.9
21.52	-9.138	-51.141	-34.5
21.53	-9.146	-51.141	-32.1
21.54	-9.151	-51.141	-32.5
21.55	-9.154	-51.134	-32.9
21.56	-9.158	-50.977	-35.9
21.57	-9.162	-50.238	-23.7
21.58	-9.168	-48.694	-37.3
21.59	-9.175	-46.530	6.6
21.6	-9.182	-43.605	-46.7
21.61	-9.186	-39.753	57.8
21.62	-9.187	-35.198	192.0
21.63	-9.188	-30.423	171.0
21.64	-9.196	-26.413	89.9
21.65	-9.208	-23.950	-74.9
21.66	-9.220	-23.194	-43.5
21.67	-9.231	-23.583	-5.6
21.68	-9.238	-23.170	-29.3
21.69	-9.237	-20.873	-21.0
21.7	-9.224	-18.655	-12.1
21.71	-9.199	-16.788	-15.8
21.72	-9.171	-13.138	-11.7
21.73	-9.144	-12.456	-3.7
21.74	-9.122	-18.764	-8.4
21.75	-9.103	-25.231	20.5
21.76	-9.086	-28.395	20.6
21.77	-9.071	-29.361	27.2
21.78	-9.057	-24.848	43.9
21.79	-9.042	-9.916	47.4
21.8	-9.026	16.408	56.5
21.81	-9.009	40.556	98.9
21.82	-8.991	50.083	110.7
21.83	-8.974	51.108	124.8
21.84	-8.958	51.139	148.6
21.85	-8.944	51.139	159.1
21.86	-8.931	51.139	153.9
21.87	-8.919	51.139	134.2
21.88	-8.906	51.139	99.6
21.89	-8.893	51.133	65.8
21.9	-8.876	51.044	17.5
21.91	-8.861	48.581	-19.6
21.92	-8.851	36.500	-35.0
21.93	-8.847	12.627	-40.5
21.94	-8.846	-14.773	-44.0
21.95	-8.842	-36.866	-50.3
21.96	-8.834	-48.316	-58.5
21.97	-8.825	-51.009	-37.6
21.98	-8.814	-51.134	-34.5
21.99	-8.800	-51.141	-49.2
22.0	-8.784	-51.141	-37.5
22.01	-8.769	-51.141	-37.4
22.02	-8.752	-51.141	-58.1
22.03	-8.736	-51.141	-43.1
22.04	-8.720	-51.141	-36.9
22.05	-8.705	-51.141	-39.0
22.06	-8.691	-51.141	-38.5
22.07	-8.679	-51.138	-37.3
22.08	-8.665	-51.098	-37.4
22.09	-8.651	-49.828	-36.3
22.1	-8.636	-42.738	-49.2
22.11	-8.621	-27.247	-38.4
22.12	-8.607	-7.820	-38.0
22.13	-8.593	10.578	-47.1
22.14	-8.579	26.061	-47.1
22.15	-8.565	37.425	-50.2
22.16	-8.551	43.764	-45.6
22.17	-8.536	44.980	-37.8
22.18	-8.523	41.655	-51.5
22.19	-8.509	34.667	-43.0
22.2	-8.496	25.064	-42.1
22.21	-8.482	13.859	-30.9
22.22	-8.469	1.961	-46.3
22.23	-8.456	-9.825	-49.4
22.24	-8.444	-20.986	-34.3
22.25	-8.434	-31.142	-41.3
22.26	-8.424	-39.833	-40.0
22.27	-8.415	-46.439	-25.3
22.28	-8.406	-50.061	-13.7
22.29	-8.398	-51.064	-14.5
22.3	-8.390	-51.138	-21.0
22.31	-8.383	-51.141	-22.8
22.32	-8.374	-51.141	-27.4
22.33	-8.364	-51.141	-45.8
22.34	-8.354	-51.141	-70.2
22.35	-8.343	-51.136	-47.6
22.36	-8.331	-50.980	-49.9
22.37	-8.319	-50.172	-40.9
22.38	-8.308	-48.569	-73.9
22.39	-8.299	-46.620	-28.7
22.4	-8.292	-44.588	-42.0
22.41	-8.283	-42.577	-33.5
22.42	-8.268	-40.506	160.7
22.43	-8.249	-38.263	166.0
22.44	-8.233	-35.942	151.0
22.45	-8.223	-33.620	-6.1
22.46	-8.216	-31.575	-106.9
22.47	-8.210	-30.166	-14.1
22.48	-8.204	-29.213	-56.0
22.49	-8.196	-28.441	-28.5
22.5	-8.183	-27.892	-14.0
22.51	-8.164	-27.552	-40.4
22.52	-8.145	-27.361	-29.5
22.53	-8.127	-27.358	-9.0
22.54	-8.110	-27.561	-18.7
22.55	-8.094	-27.844	-14.5
22.56	-8.080	-27.664	-10.4
22.57	-8.067	-25.511	6.7
22.58	-8.055	-17.475	12.0
22.59	-8.045	2.333	26.6
22.6	-8.037	29.344	40.0
22.61	-8.031	46.773	63.9
22.62	-8.026	50.958	80.4
22.63	-8.023	51.130	97.7
22.64	-8.020	51.139	118.1
22.65	-8.018	51.139	137.1
22.66	-8.016	51.139	139.4
22.67	-8.014	51.139	125.0
22.68	-8.012	51.139	94.0
22.69	-8.008	51.136	55.5
22.7	-8.002	51.119	21.5
22.71	-7.996	49.931	-17.6
22.72	-7.989	41.555	-43.4
22.73	-7.982	21.531	-48.5
22.74	-7.977	-4.092	-60.9
22.75	-7.973	-27.473	-63.6
22.76	-7.967	-43.623	-71.7
22.77	-7.959	-50.147	-62.3
22.78	-7.951	-51.120	-70.7
22.79	-7.944	-51.138	-66.7
22.8	-7.936	-51.141	-61.5
22.81	-7.928	-51.141	-68.0
22.82	-7.921	-51.141	-59.3
22.83	-7.914	-51.141	-57.3
22.84	-7.911	-51.141	-45.8
22.85	-7.908	-51.141	-39.1
22.86	-7.906	-51.141	-65.8
22.87	-7.904	-51.141	-46.9
22.88	-7.904	-51.138	-58.9
22.89	-7.902	-51.069	-56.6
22.9	-7.899	-49.428	-37.0
22.91	-7.896	-42.025	-47.4
22.92	-7.891	-27.834	-40.5
22.93	-7.887	-11.359	-38.8
22.94	-7.883	3.700	-51.1
22.95	-7.879	15.873	-52.7
22.96	-7.877	24.264	-57.9
22.97	-7.874	28.359	-46.6
22.98	-7.873	28.113	-43.5
22.99	-7.871	24.142	-50.4
23.0	-7.869	17.492	-47.7
23.01	-7.867	9.097	-38.3
23.02	-7.866	-0.195	-44.3
23.03	-7.864	-9.519	-47.5
23.04	-7.862	-18.523	-50.9
23.05	-7.861	-27.147	-44.4
23.06	-7.861	-35.095	-44.6
23.07	-7.861	-42.111	-45.9
23.08	-7.862	-47.536	-43.7
23.09	-7.862	-50.378	-33.2
23.1	-7.862	-51.097	-24.4
23.11	-7.862	-51.139	-14.5
23.12	-7.863	-51.141	-15.7
23.13	-7.864	-51.141	-12.8
23.14	-7.866	-51.141	-17.4
23.15	-7.868	-51.141	-24.1
23.16	-7.868	-51.141	-47.5
23.17	-7.869	-51.139	-53.3
23.18	-7.869	-51.089	-46.0
23.19	-7.869	-50.742	-52.9
23.2	-7.868	-49.872	-39.8
23.21	-7.867	-48.459	-47.1
23.22	-7.868	-46.644	-31.5
23.23	-7.872	-44.717	-34.5
23.24	-7.876	-42.775	-31.3
23.25	-7.873	-40.755	147.5
23.26	-7.866	-38.583	161.8
23.27	-7.858	-36.180	178.4
23.28	-7.857	-33.714	65.5
23.29	-7.859	-31.491	-83.4
23.3	-7.866	-29.838	-25.1
23.31	-7.873	-28.947	-46.0
23.32	-7.875	-28.620	-34.2
23.33	-7.871	-28.508	-36.8
23.34	-7.864	-28.441	-43.7
23.35	-7.856	-28.439	-15.6
23.36	-7.849	-28.594	-19.9
23.37	-7.842	-28.881	-15.2
23.38	-7.834	-28.955	-27.8
23.39	-7.828	-28.011	-17.6
23.4	-7.822	-23.747	5.1
23.41	-7.817	-10.616	9.3
23.42	-7.812	14.614	7.4
23.43	-7.808	39.347	35.4
23.44	-7.806	49.834	48.3
23.45	-7.805	51.108	72.3
23.46	-7.806	51.139	104.8
23.47	-7.807	51.139	126.8
23.48	-7.809	51.139	143.9
23.49	-7.811	51.139	146.4
23.5	-7.814	51.139	126.9
23.51	-7.816	51.139	112.3
23.52	-7.817	51.134	72.3
23.53	-7.819	51.047	19.4
23.54	-7.819	48.717	-8.9
23.55	-7.820	37.686	-24.5
23.56	-7.821	16.306	-51.9
23.57	-7.821	-8.019	-62.7
23.58	-7.824	-29.388	-66.7
23.59	-7.828	-44.153	-66.2
23.6	-7.830	-50.191	-72.9
23.61	-7.831	-51.119	-53.8
23.62	-7.832	-51.138	-49.2
23.63	-7.834	-51.141	-66.4
23.64	-7.836	-51.141	-61.5
23.65	-7.837	-51.141	-49.8
23.66	-7.838	-51.141	-51.4
23.67	-7.839	-51.141	-61.0
23.68	-7.841	-51.141	-62.2
23.69	-7.843	-51.141	-57.1
23.7	-7.846	-51.141	-49.7
23.71	-7.850	-51.139	-42.4
23.72	-7.854	-51.127	-60.1
23.73	-7.859	-50.441	-56.5
23.74	-7.863	-45.844	-55.9
23.75	-7.866	-34.822	-45.5
23.76	-7.867	-20.147	-50.2
23.77	-7.867	-5.770	-43.7
23.78	-7.867	6.448	-45.0
23.79	-7.866	15.295	-54.9
23.8	-7.867	20.116	-48.8
23.81	-7.868	21.080	-38.2
23.82	-7.869	18.522	-58.5
23.83	-7.871	12.883	-54.1
23.84	-7.872	5.094	-35.9
23.85	-7.874	-3.783	-37.8
23.86	-7.875	-12.797	-57.8
23.87	-7.877	-21.406	-37.4
23.88	-7.880	-29.517	-36.8
23.89	-7.883	-37.030	-47.6
23.9	-7.886	-43.639	-28.3
23.91	-7.891	-48.464	-38.9
23.92	-7.895	-50.688	-37.3
23.93	-7.900	-51.125	-31.3
23.94	-7.906	-51.141	-32.0
23.95	-7.913	-51.141	-4.9
23.96	-7.921	-51.141	-7.9
23.97	-7.929	-51.141	-1.7
23.98	-7.939	-51.141	-5.8
23.99	-7.949	-51.141	-20.9
24.0	-7.961	-51.141	-43.3
24.01	-7.971	-51.131	-48.0
24.02	-7.982	-51.011	-38.1
24.03	-7.992	-50.545	-36.5
24.04	-8.001	-49.675	-24.1
24.05	-8.011	-48.481	-48.2
24.06	-8.021	-46.941	-9.8
24.07	-8.035	-45.100	-26.0
24.08	-8.049	-43.078	-10.4
24.09	-8.057	-40.908	182.8
24.1	-8.061	-38.606	179.6
24.11	-8.068	-36.283	204.3
24.12	-8.078	-34.119	33.5
24.13	-8.090	-32.402	-91.1
24.14	-8.106	-31.320	-14.8
24.15	-8.125	-30.719	-37.8
24.16	-8.142	-30.227	-26.9
24.17	-8.154	-29.636	-31.8
24.18	-8.160	-29.123	-34.3
24.19	-8.163	-28.948	-28.5
24.2	-8.165	-29.186	-19.8
24.21	-8.166	-29.813	1.8
24.22	-8.166	-30.478	-8.1
24.23	-8.167	-30.234	-6.6
24.24	-8.170	-26.931	4.8
24.25	-8.176	-15.511	19.0
24.26	-8.183	8.773	30.6
24.27	-8.191	35.725	52.6
24.28	-8.201	49.053	65.3
24.29	-8.213	51.102	83.6
24.3	-8.225	51.133	124.3
24.31	-8.238	51.139	147.5
24.32	-8.252	51.139	148.6
24.33	-8.266	51.139	149.2
24.34	-8.281	51.139	134.2
24.35	-8.296	51.139	108.5
24.36	-8.310	51.128	64.4
24.37	-8.325	50.919	28.8
24.38	-8.339	47.166	-6.3
24.39	-8.353	33.436	-30.7
24.4	-8.367	10.763	-38.4
24.41	-8.383	-13.225	-37.9
24.42	-8.400	-33.659	-60.3
24.43	-8.416	-46.419	-59.4
24.44	-8.431	-50.681	-56.3
24.45	-8.445	-51.131	-43.7
24.46	-8.459	-51.141	-45.0
24.47	-8.475	-51.141	-61.8
24.48	-8.490	-51.141	-52.1
24.49	-8.504	-51.141	-41.0
24.5	-8.519	-51.141	-45.8
24.51	-8.534	-51.141	-48.9
24.52	-8.550	-51.141	-50.8
24.53	-8.565	-51.141	-43.5
24.54	-8.580	-51.141	-37.2
24.55	-8.595	-51.133	-28.6
24.56	-8.611	-50.994	-41.8
24.57	-8.627	-48.686	-30.0
24.58	-8.644	-40.314	-25.2
24.59	-8.659	-26.136	-35.8
24.6	-8.674	-10.328	-41.9
24.61	-8.686	4.277	-30.6
24.62	-8.699	15.973	-27.8
24.63	-8.711	23.741	-36.6
24.64	-8.724	27.345	-26.4
24.65	-8.739	26.689	-36.3
24.66	-8.752	21.991	-29.4
24.67	-8.766	14.189	-29.0
24.68	-8.779	4.602	-34.0
24.69	-8.794	-5.491	-26.2
24.7	-8.807	-15.108	-42.4
24.71	-8.821	-23.955	-18.5
24.72	-8.834	-32.013	-25.4
24.73	-8.847	-39.016	-20.0
24.74	-8.859	-44.839	-15.6
24.75	-8.873	-48.975	-8.9
24.76	-8.888	-50.805	-11.0
24.77	-8.902	-51.130	-9.5
24.78	-8.918	-51.139	11.2
24.79	-8.933	-51.141	1.7
24.8	-8.948	-51.141	12.2
24.81	-8.964	-51.141	10.8
24.82	-8.979	-51.141	-25.3
24.83	-8.994	-51.141	-29.0
24.84	-9.008	-51.131	-42.5
24.85	-9.021	-50.969	-28.9
24.86	-9.035	-50.331	-13.1
24.87	-9.049	-49.167	-19.8
24.88	-9.064	-47.763	-42.8
24.89	-9.082	-46.184	9.0
24.9	-9.103	-44.300	-44.5
24.91	-9.119	-42.306	30.9
24.92	-9.128	-40.373	202.5
24.93	-9.133	-38.341	195.9
24.94	-9.141	-36.233	145.1
24.95	-9.156	-34.158	-26.4
24.96	-9.172	-32.225	-43.3
24.97	-9.193	-30.739	4.5
24.98	-9.216	-29.644	-25.6
24.99	-9.232	-28.592	-8.7
25.0	-9.239	-27.744	-12.7
25.01	-9.237	-27.377	-5.8
25.02	-9.232	-27.420	-3.5
25.03	-9.228	-27.939	4.7
25.04	-9.224	-28.983	11.9
25.05	-9.223	-30.145	13.4
25.06	-9.223	-30.719	15.9
25.07	-9.225	-29.323	29.5
25.08	-9.228	-22.508	27.8
25.09	-9.231	-4.138	50.2
25.1	-9.236	23.938	63.1
25.11	-9.241	44.763	90.7
25.12	-9.247	50.800	115.8
25.13	-9.254	51.122	133.1
25.14	-9.262	51.139	148.7
25.15	-9.269	51.139	161.8
25.16	-9.276	51.139	161.7
25.17	-9.286	51.139	151.1
25.18	-9.297	51.139	115.3
25.19	-9.308	51.127	67.9
25.2	-9.318	50.884	22.0
25.21	-9.326	46.784	3.9
25.22	-9.336	32.077	-19.0
25.23	-9.351	8.172	-33.4
25.24	-9.374	-16.717	-48.3
25.25	-9.398	-36.931	-37.0
25.26	-9.422	-48.064	-47.2
25.27	-9.444	-50.966	-58.5
25.28	-9.467	-51.133	-47.6
25.29	-9.489	-51.141	-33.6
25.3	-9.510	-51.141	-29.0
25.31	-9.531	-51.141	-53.3
25.32	-9.552	-51.141	-55.9
25.33	-9.573	-51.141	-42.8
25.34	-9.596	-51.141	-54.2
25.35	-9.621	-51.141	-48.1
25.36	-9.649	-51.141	-34.4
25.37	-9.682	-51.141	-32.7
25.38	-9.716	-51.131	-36.1
25.39	-9.748	-50.675	-42.5
25.4	-9.781	-46.617	-39.5
25.41	-9.815	-35.134	-29.4
25.42	-9.849	-18.211	-37.1
25.43	-9.884	-0.564	-21.2
25.44	-9.921	15.580	-34.5
25.45	-9.957	28.661	-42.1
25.46	-9.992	37.542	-43.4
25.47	-10.026	41.750	-33.2
25.48	-10.056	40.884	-23.5
25.49	-10.086	35.561	-35.0
25.5	-10.120	26.916	-43.4
25.51	-10.156	16.053	-25.8
25.52	-10.189	4.361	-12.9
25.53	-10.220	-7.098	-35.2
25.54	-10.249	-17.459	-52.4
25.55	-10.280	-26.523	-5.4
25.56	-10.313	-34.623	-4.1
25.57	-10.351	-41.570	-16.9
25.58	-10.389	-46.925	-9.0
25.59	-10.424	-50.052	-5.7
25.6	-10.460	-51.042	-6.4
25.61	-10.498	-51.138	-7.0
25.62	-10.536	-51.141	-10.4
25.63	-10.573	-51.141	-20.5
25.64	-10.606	-51.136	-36.4
25.65	-10.641	-51.058	-30.8
25.66	-10.678	-50.748	-37.5
25.67	-10.716	-50.102	-27.8
25.68	-10.756	-49.159	-42.7
25.69	-10.796	-48.100	-18.6
25.7	-10.834	-46.938	-7.3
25.71	-10.872	-45.483	-36.5
25.72	-10.907	-43.658	113.9
25.73	-10.938	-41.634	178.1
25.74	-10.973	-39.597	149.9
25.75	-11.019	-37.453	39.3
25.76	-11.074	-35.114	-66.0
25.77	-11.132	-32.850	-2.5
25.78	-11.183	-30.867	-20.1
25.79	-11.224	-29.181	-11.6
25.8	-11.259	-27.863	-5.1
25.81	-11.286	-26.859	-27.9
25.82	-11.308	-26.158	-10.3
25.83	-11.329	-26.005	-0.7
25.84	-11.354	-26.709	0.6
25.85	-11.380	-28.056	23.6
25.86	-11.408	-29.266	3.8
25.87	-11.435	-29.642	13.3
25.88	-11.456	-28.088	33.7
25.89	-11.471	-21.778	36.0
25.9	-11.490	-5.327	58.6
25.91	-11.517	21.311	52.1
25.92	-11.547	43.166	69.0
25.93	-11.581	50.541	130.0
25.94	-11.616	51.109	128.3
25.95	-11.656	51.139	147.3
25.96	-11.696	51.139	155.6
25.97	-11.731	51.139	137.2
25.98	-11.764	51.139	107.6
25.99	-11.804	51.139	69.1
26.0	-11.844	51.123	42.4
26.01	-11.884	50.822	-1.4
26.02	-11.926	46.267	-22.8
26.03	-11.972	30.541	-20.9
26.04	-12.024	5.434	-52.3
26.05	-12.079	-20.198	-50.0
26.06	-12.126	-39.623	-45.8
26.07	-12.164	-49.017	-43.2
26.08	-12.204	-51.050	-42.2
26.09	-12.245	-51.136	-43.4
26.1	-12.285	-51.141	-49.6
26.11	-12.329	-51.141	-47.7
26.12	-12.376	-51.141	-52.7
26.13	-12.422	-51.141	-41.8
26.14	-12.464	-51.141	-37.2
26.15	-12.496	-51.141	-59.6
26.16	-12.514	-51.141	-33.6
26.17	-12.524	-51.141	-22.5
26.18	-12.545	-51.141	-7.0
26.19	-12.583	-51.136	-33.6
26.2	-12.628	-51.023	-75.0
26.21	-12.676	-48.778	-23.4
26.22	-12.726	-39.755	-16.4
26.23	-12.774	-23.286	-17.9
26.24	-12.813	-4.117	-36.9
26.25	-12.839	13.872	-27.4
26.26	-12.868	28.545	-27.5
26.27	-12.901	38.441	-28.9
26.28	-12.931	43.163	-36.9
26.29	-12.961	43.094	-59.1
26.3	-12.992	38.934	-24.4
26.31	-13.015	31.716	-21.1
26.32	-13.026	22.731	-33.0
26.33	-13.035	12.684	0.7
26.34	-13.049	1.753	-28.5
26.35	-13.062	-9.389	-11.8
26.36	-13.068	-19.934	35.1
26.37	-13.070	-29.517	-9.8
26.38	-13.071	-37.797	-20.2
26.39	-13.066	-44.359	-9.9
26.4	-13.058	-48.756	-39.6
26.41	-13.047	-50.723	-19.9
26.42	-13.039	-51.123	-47.0
26.43	-13.031	-51.141	-10.2
26.44	-13.024	-51.141	-53.3
26.45	-13.019	-51.141	-25.8
26.46	-13.019	-51.141	17.8
26.47	-13.023	-51.139	-43.4
26.48	-13.021	-51.113	144.0
26.49	-13.017	-50.611	182.8
26.5	-13.023	-48.744	88.0
26.51	-13.045	-45.709	-19.1
26.52	-13.074	-42.656	-81.6
26.53	-13.093	-39.866	6.2
26.54	-13.102	-37.222	-2.1
26.55	-13.101	-34.948	-13.1
26.56	-13.098	-32.986	-0.8
26.57	-13.095	-31.072	-30.2
26.58	-13.090	-29.164	-13.2
26.59	-13.084	-27.400	0.1
26.6	-13.078	-25.939	-15.3
26.61	-13.072	-24.825	43.8
26.62	-13.058	-24.052	4.5
26.63	-13.034	-23.361	-5.9
26.64	-13.009	-22.003	43.3
26.65	-12.984	-17.852	32.8
26.66	-12.949	-6.122	30.4
26.67	-12.904	16.305	58.8
26.68	-12.848	39.192	91.7
26.69	-12.787	49.655	134.1
26.7	-12.725	51.108	106.7
26.71	-12.665	51.136	129.9
26.72	-12.611	51.139	142.3
26.73	-12.566	51.139	123.6
26.74	-12.529	51.139	119.3
26.75	-12.495	51.139	57.5
26.76	-12.466	51.133	17.5
26.77	-12.446	51.013	7.6
26.78	-12.444	48.223	-36.4
26.79	-12.456	36.069	-33.1
26.8	-12.465	13.453	-12.4
26.81	-12.467	-12.064	-60.2
26.82	-12.471	-33.777	-55.5
26.83	-12.479	-46.764	-31.3
26.84	-12.484	-50.769	-54.9
26.85	-12.482	-51.128	-34.3
26.86	-12.468	-51.141	-34.7
26.87	-12.441	-51.141	-54.0
26.88	-12.403	-51.141	-43.3
26.89	-12.361	-51.141	-29.8
26.9	-12.312	-51.141	-32.4
26.91	-12.252	-51.141	-29.0
26.92	-12.180	-51.141	-24.6
26.93	-12.102	-51.141	-23.0
26.94	-12.026	-51.136	-35.2
26.95	-11.956	-51.034	-14.8
26.96	-11.889	-48.888	-31.8
26.97	-11.821	-39.981	-49.6
26.98	-11.748	-23.284	-32.5
26.99	-11.672	-3.405	-21.2
27.0	-11.596	15.752	-30.3
27.01	-11.519	32.122	-28.5
27.02	-11.446	43.797	-31.0
27.03	-11.374	49.584	-27.0
27.04	-11.304	50.789	-7.7
27.05	-11.238	48.763	-33.5
27.06	-11.174	42.644	-31.2
27.07	-11.114	32.823	-6.8
27.08	-11.058	21.038	-26.4
27.09	-11.005	8.373	-2.9
27.1	-10.956	-4.233	4.2
27.11	-10.908	-16.019	-21.3
27.12	-10.860	-26.555	-30.4
27.13	-10.810	-35.659	-44.2
27.14	-10.759	-43.153	-50.5
27.15	-10.706	-48.345	-47.7
27.16	-10.656	-50.672	-38.6
27.17	-10.611	-51.123	-40.6
27.18	-10.575	-51.139	-12.2
27.19	-10.543	-51.141	-36.9
27.2	-10.508	-51.139	-19.5
27.21	-10.464	-51.111	146.9
27.22	-10.410	-50.786	143.5
27.23	-10.357	-49.652	119.6
27.24	-10.319	-47.517	-9.2
27.25	-10.296	-44.669	-78.5
27.26	-10.279	-41.536	-31.1
27.27	-10.259	-38.513	-34.7
27.28	-10.231	-35.752	-23.6
27.29	-10.188	-33.352	-39.9
27.3	-10.132	-31.397	-26.9
27.31	-10.069	-29.770	-18.5
27.32	-10.004	-28.378	-30.3
27.33	-9.936	-27.478	-15.5
27.34	-9.866	-27.209	-11.2
27.35	-9.794	-27.156	-7.3
27.36	-9.726	-26.644	4.9
27.37	-9.662	-24.159	6.3
27.38	-9.603	-15.739	5.6
27.39	-9.545	4.122	39.1
27.4	-9.491	30.450	47.0
27.41	-9.442	47.078	65.1
27.42	-9.398	50.973	87.6
27.43	-9.357	51.130	89.2
27.44	-9.318	51.139	100.6
27.45	-9.281	51.139	111.5
27.46	-9.247	51.139	103.5
27.47	-9.214	51.139	83.7
27.48	-9.179	51.138	34.5
27.49	-9.141	51.120	18.6
27.5	-9.104	50.064	-28.2
27.51	-9.071	42.072	-57.0
27.52	-9.044	22.170	-42.3
27.53	-9.023	-3.989	-54.9
27.54	-9.001	-28.069	-63.9
27.55	-8.978	-44.258	-56.8
27.56	-8.956	-50.347	-61.7
27.57	-8.933	-51.128	-63.3
27.58	-8.908	-51.139	-52.0
27.59	-8.881	-51.141	-63.3
27.6	-8.856	-51.141	-63.2
27.61	-8.832	-51.141	-42.9
27.62	-8.810	-51.141	-63.2
27.63	-8.789	-51.141	-58.2
27.64	-8.768	-51.141	-52.4
27.65	-8.745	-51.141	-51.9
27.66	-8.719	-51.141	-45.1
27.67	-8.695	-51.141	-43.9
27.68	-8.677	-51.133	-70.8
27.69	-8.658	-50.984	-50.5
27.7	-8.633	-48.420	-39.1
27.71	-8.609	-38.850	-63.5
27.72	-8.588	-22.469	-54.0
27.73	-8.566	-4.538	-45.2
27.74	-8.543	11.595	-61.7
27.75	-8.518	24.411	-56.2
27.76	-8.495	32.667	-57.4
27.77	-8.472	36.017	-43.5
27.78	-8.449	34.911	-43.1
27.79	-8.424	30.167	-37.8
27.8	-8.399	22.878	-34.2
27.81	-8.374	13.972	-56.0
27.82	-8.352	4.158	-45.6
27.83	-8.341	-6.025	-28.4
27.84	-8.335	-16.250	-28.2
27.85	-8.323	-26.086	-26.7
27.86	-8.309	-34.961	-26.6
27.87	-8.294	-42.422	-46.2
27.88	-8.279	-47.839	-75.3
27.89	-8.265	-50.502	-53.0
27.9	-8.251	-51.111	-52.4
27.91	-8.236	-51.139	-40.1
27.92	-8.224	-51.141	-67.6
27.93	-8.214	-51.141	-35.0
27.94	-8.207	-51.141	-38.7
27.95	-8.196	-51.141	-31.5
27.96	-8.176	-51.139	135.0
27.97	-8.147	-51.106	126.8
27.98	-8.117	-50.683	152.1
27.99	-8.100	-49.231	28.7
28.0	-8.104	-46.938	-89.9
28.01	-8.117	-44.686	-23.7
28.02	-8.119	-42.902	-43.9
28.03	-8.109	-41.547	-21.2
28.04	-8.086	-40.300	-62.4
28.05	-8.056	-38.744	-39.7
28.06	-8.027	-36.808	-25.0
28.07	-8.002	-34.892	-35.1
28.08	-7.976	-33.403	-15.6
28.09	-7.949	-32.228	-16.6
28.1	-7.922	-30.491	-14.4
28.11	-7.899	-26.061	-14.2
28.12	-7.881	-14.084	-9.8
28.13	-7.864	10.055	18.9
28.14	-7.848	36.370	20.6
28.15	-7.829	49.188	29.0
28.16	-7.809	51.105	58.1
28.17	-7.792	51.134	83.1
28.18	-7.775	51.139	84.9
28.19	-7.758	51.139	108.1
28.2	-7.741	51.139	112.7
28.21	-7.724	51.139	97.0
28.22	-7.708	51.139	81.8
28.23	-7.692	51.123	43.7
28.24	-7.676	50.609	-5.3
28.25	-7.659	45.330	-23.5
28.26	-7.652	29.608	-45.6
28.27	-7.657	6.295	-47.4
28.28	-7.659	-17.394	-57.1
28.29	-7.654	-36.934	-72.5
28.3	-7.644	-47.961	-54.6
28.31	-7.633	-50.945	-50.3
28.32	-7.621	-51.131	-62.2
28.33	-7.611	-51.141	-61.0
28.34	-7.601	-51.141	-57.5
28.35	-7.588	-51.141	-53.3
28.36	-7.576	-51.141	-61.3
28.37	-7.566	-51.141	-56.4
28.38	-7.556	-51.141	-60.5
28.39	-7.544	-51.141	-56.5
28.4	-7.532	-51.141	-52.8
28.41	-7.518	-51.141	-49.9
28.42	-7.502	-51.138	-64.6
28.43	-7.487	-51.111	-59.0
28.44	-7.476	-50.119	-44.3
28.45	-7.466	-44.288	-55.9
28.46	-7.457	-31.264	-65.4
28.47	-7.447	-14.686	-46.3
28.48	-7.434	1.178	-65.9
28.49	-7.421	14.369	-62.6
28.5	-7.407	23.586	-51.3
28.51	-7.396	28.094	-52.9
28.52	-7.386	28.083	-61.2
28.53	-7.375	24.456	-52.9
28.54	-7.364	17.969	-31.6
28.55	-7.353	9.319	-60.2
28.56	-7.341	-0.488	-46.8
28.57	-7.330	-10.603	-32.8
28.58	-7.319	-20.416	-46.7
28.59	-7.310	-29.391	-6.8
28.6	-7.303	-37.217	-22.2
28.61	-7.294	-43.714	-58.1
28.62	-7.286	-48.372	-54.0
28.63	-7.276	-50.613	-48.1
28.64	-7.263	-51.116	-57.6
28.65	-7.251	-51.139	-51.0
28.66	-7.249	-51.141	-72.6
28.67	-7.254	-51.141	-59.6
28.68	-7.254	-51.141	-9.1
28.69	-7.250	-51.141	-62.7
28.7	-7.244	-51.134	28.4
28.71	-7.232	-50.991	150.1
28.72	-7.218	-50.330	164.8
28.73	-7.206	-49.000	168.0
28.74	-7.199	-47.308	-42.9
28.75	-7.193	-45.770	-70.3
28.76	-7.189	-44.781	-42.9
28.77	-7.186	-44.073	-55.1
28.78	-7.176	-43.023	-11.6
28.79	-7.161	-41.402	-54.5
28.8	-7.141	-39.363	-46.6
28.81	-7.118	-37.069	-27.2
28.82	-7.094	-34.430	-57.4
28.83	-7.066	-30.997	23.4
28.84	-7.044	-26.656	22.7
28.85	-7.028	-21.416	21.9
28.86	-7.008	-12.406	71.3
28.87	-6.986	5.873	-57.5
28.88	-6.972	30.380	5.7
28.89	-6.965	46.745	105.4
28.9	-6.966	50.936	40.5
28.91	-6.976	51.128	143.4
28.92	-6.991	51.139	128.3
28.93	-7.004	51.139	136.3
28.94	-7.013	51.139	156.2
28.95	-7.014	51.139	139.3
28.96	-7.008	51.139	149.7
28.97	-6.998	51.117	107.0
28.98	-6.987	50.309	86.2
28.99	-6.979	42.520	65.0
29.0	-6.976	21.508	-3.3
29.01	-6.976	-4.911	-26.7
29.02	-6.976	-26.569	-20.3
29.03	-6.978	-41.748	-32.8
29.04	-6.978	-49.330	-80.7
29.05	-6.977	-51.061	-32.9
29.06	-6.977	-51.138	-64.6
29.07	-6.980	-51.141	-63.8
29.08	-6.984	-51.141	48.3
29.09	-6.984	-51.141	-14.0
29.1	-6.982	-51.141	-85.7
29.11	-6.980	-51.141	-20.6
29.12	-6.978	-51.141	4.2
29.13	-6.975	-51.141	-61.7
29.14	-6.972	-51.141	-21.1
29.15	-6.965	-51.141	-1.6
29.16	-6.956	-51.141	-24.1
29.17	-6.944	-51.136	-46.3
29.18	-6.931	-50.994	-19.1
29.19	-6.918	-49.466	-16.2
29.2	-6.906	-44.656	-53.6
29.21	-6.896	-36.770	-25.5
29.22	-6.886	-27.892	-42.3
29.23	-6.873	-19.997	-5.0
29.24	-6.856	-13.845	-28.4
29.25	-6.839	-8.573	-50.6
29.26	-6.828	-3.511	-15.1
29.27	-6.819	-1.245	-33.6
29.28	-6.813	-4.023	-42.7
29.29	-6.806	-10.141	-31.1
29.3	-6.793	-18.075	-21.1
29.31	-6.773	-26.433	-13.6
29.32	-6.751	-33.798	-41.0
29.33	-6.726	-40.405	-22.5
29.34	-6.701	-46.186	3.7
29.35	-6.678	-49.858	-30.3
29.36	-6.652	-51.039	-1.6
29.37	-6.623	-51.136	21.0
29.38	-6.594	-51.141	-36.5
29.39	-6.571	-51.141	-35.1
29.4	-6.549	-51.141	-25.8
29.41	-6.524	-51.141	-29.9
29.42	-6.495	-51.141	-34.3
29.43	-6.464	-51.141	-41.5
29.44	-6.433	-51.141	-39.0
29.45	-6.403	-51.141	7.4
29.46	-6.377	-51.141	-53.4
29.47	-6.350	-51.141	71.5
29.48	-6.319	-51.141	237.7
29.49	-6.284	-51.141	230.6
29.5	-6.255	-51.141	176.8
29.51	-6.234	-51.141	-56.1
29.52	-6.218	-51.141	-59.9
29.53	-6.203	-51.141	-10.4
29.54	-6.189	-51.141	-48.9
29.55	-6.173	-51.141	-16.4
29.56	-6.152	-51.141	-32.9
29.57	-6.130	-51.141	-36.8
29.58	-6.109	-51.141	-10.4
29.59	-6.093	-51.141	-12.0
29.6	-6.081	-51.141	-28.4
29.61	-6.071	-51.141	-2.8
29.62	-6.063	-51.127	-14.2
29.63	-6.058	-50.888	0.4
29.64	-6.053	-46.973	21.1
29.65	-6.048	-32.291	26.6
29.66	-6.044	-4.197	48.2
29.67	-6.043	26.775	77.3
29.68	-6.046	39.102	90.1
29.69	-6.056	22.833	131.3
29.7	-6.075	-8.428	139.8
29.71	-6.106	-35.242	144.7
29.72	-6.144	-48.203	142.1
29.73	-6.185	-51.013	94.4
29.74	-6.222	-51.134	79.1
29.75	-6.254	-51.141	55.9
29.76	-6.281	-51.141	-3.3
29.77	-6.306	-51.141	-17.2
29.78	-6.326	-51.141	-62.8
29.79	-6.339	-51.141	-86.0
29.8	-6.340	-51.141	-53.1
29.81	-6.325	-51.141	-36.3
29.82	-6.299	-51.138	-56.8
29.83	-6.269	-50.947	-54.8
29.84	-6.242	-49.250	-92.5
29.85	-6.216	-46.878	-80.6
29.86	-6.193	-47.720	-73.9
29.87	-6.175	-50.252	-19.5
29.88	-6.164	-51.100	-9.1
29.89	-6.158	-51.134	-64.3
29.9	-6.157	-51.100	-55.9
29.91	-6.162	-50.331	8.1
29.92	-6.174	-47.780	-116.1
29.93	-6.197	-44.456	-31.9
29.94	-6.231	-40.763	22.6
29.95	-6.266	-36.038	-15.8
29.96	-6.298	-31.705	-19.4
29.97	-6.327	-27.595	-23.4
29.98	-6.354	-23.095	11.3
29.99	-6.380	-20.263	-65.7
30.0	-6.403	-17.884	-18.2
30.01	-6.422	-16.447	26.1
30.02	-6.435	-18.205	-59.4
30.03	-6.439	-18.188	-40.7
30.04	-6.431	-14.864	3.1
30.05	-6.415	-9.384	-11.0
30.06	-6.394	-0.166	0.2
30.07	-6.370	6.527	24.6
30.08	-6.347	3.923	37.1
30.09	-6.324	-4.373	-9.7
30.1	-6.301	-17.111	-17.5
30.11	-6.278	-31.566	50.8
30.12	-6.254	-38.756	18.2
30.13	-6.233	-40.825	7.7
30.14	-6.216	-40.978	-38.4
30.15	-6.206	-39.208	63.0
30.16	-6.199	-38.311	4.4
30.17	-6.196	-36.403	6.6
30.18	-6.195	-34.855	0.4
30.19	-6.192	-37.083	-19.7
30.2	-6.189	-41.113	39.9
30.21	-6.186	-43.514	61.9
30.22	-6.180	-40.981	35.5
30.23	-6.165	-36.820	31.9
30.24	-6.139	-35.769	221.9
30.25	-6.106	-36.014	317.5
30.26	-6.074	-33.530	246.2
30.27	-6.049	-24.305	80.1
30.28	-6.023	-18.627	-46.2
30.29	-5.998	-19.823	74.3
30.3	-5.975	-20.014	51.2
30.31	-5.951	-28.858	-76.9
30.32	-5.922	-43.703	14.6
30.33	-5.889	-50.402	54.7
30.34	-5.859	-51.122	-64.7
30.35	-5.830	-51.141	-34.3
30.36	-5.797	-51.134	-75.1
30.37	-5.762	-51.063	-14.7
30.38	-5.727	-48.827	6.5
30.39	-5.696	-37.081	3.3
30.4	-5.671	-11.920	70.8
30.41	-5.651	19.414	70.3
30.42	-5.634	42.439	122.1
30.43	-5.620	50.405	18.3
30.44	-5.609	51.103	48.9
30.45	-5.600	51.139	143.4
30.46	-5.591	51.139	74.1
30.47	-5.582	51.139	102.2
30.48	-5.571	51.128	136.5
30.49	-5.560	50.913	141.8
30.5	-5.546	47.963	97.9
30.51	-5.530	38.734	66.1
30.52	-5.510	25.505	-61.5
30.53	-5.488	9.878	-141.6
30.54	-5.466	-12.378	-55.3
30.55	-5.445	-36.063	-70.0
30.56	-5.424	-48.702	-117.8
30.57	-5.402	-51.069	-63.9
30.58	-5.378	-51.131	-82.7
30.59	-5.348	-51.141	-48.1
30.6	-5.317	-51.116	-91.3
30.61	-5.288	-50.650	-85.2
30.62	-5.259	-45.341	-64.3
30.63	-5.231	-33.422	-93.8
30.64	-5.202	-25.597	-57.0
30.65	-5.175	-24.428	24.4
30.66	-5.146	-28.038	-55.6
30.67	-5.114	-38.188	1.5
30.68	-5.081	-45.550	54.7
30.69	-5.044	-48.191	-117.5
30.7	-5.008	-49.567	11.2
30.71	-4.973	-43.241	14.0
30.72	-4.935	-27.566	-4.7
30.73	-4.899	-13.570	62.6
30.74	-4.865	-5.333	2.0
30.75	-4.833	-0.808	97.8
30.76	-4.800	-5.944	9.8
30.77	-4.770	-16.363	6.8
30.78	-4.740	-19.398	61.8
30.79	-4.709	-15.998	2.5
30.8	-4.679	-11.656	40.9
30.81	-4.651	-4.748	92.7
30.82	-4.625	9.381	85.6
30.83	-4.598	22.947	-0.4
30.84	-4.569	22.802	-41.5
30.85	-4.540	13.188	60.2
30.86	-4.511	3.739	120.0
30.87	-4.484	-3.902	98.4
30.88	-4.458	-10.208	47.7
30.89	-4.433	-13.411	92.8
30.9	-4.409	-15.364	144.4
30.91	-4.383	-19.323	69.2
30.92	-4.358	-24.413	-38.6
30.93	-4.337	-25.600	20.4
30.94	-4.321	-22.281	-9.9
30.95	-4.309	-20.992	-20.9
30.96	-4.304	-23.661	19.1
30.97	-4.304	-29.336	47.9
30.98	-4.306	-34.067	-39.6
30.99	-4.309	-32.198	-100.6
31.0	-4.307	-27.605	-22.2
31.01	-4.296	-27.567	248.8
31.02	-4.279	-30.970	317.9
31.03	-4.264	-31.936	134.9
31.04	-4.254	-29.355	-3.0
31.05	-4.249	-27.300	-39.1
31.06	-4.251	-27.414	80.0
31.07	-4.259	-26.953	39.1
31.08	-4.263	-24.052	-108.6
31.09	-4.259	-23.205	71.1
31.1	-4.250	-28.064	-45.2
31.11	-4.242	-33.484	-6.9
31.12	-4.238	-36.161	85.6
31.13	-4.237	-38.063	-30.5
31.14	-4.237	-36.297	34.1
31.15	-4.241	-27.966	-37.8
31.16	-4.248	-20.795	6.3
31.17	-4.256	-20.723	0.8
31.18	-4.266	-17.900	1.7
31.19	-4.276	-1.317	146.2
31.2	-4.286	25.214	67.0
31.21	-4.297	44.995	74.2
31.22	-4.310	50.800	82.8
31.23	-4.325	51.117	134.5
31.24	-4.342	51.098	110.0
31.25	-4.359	49.756	125.2
31.26	-4.375	42.464	125.7
31.27	-4.390	30.017	53.0
31.28	-4.405	27.061	-6.1
31.29	-4.420	36.111	-52.3
31.3	-4.436	33.600	-138.3
31.31	-4.452	13.338	-153.8
31.32	-4.468	-7.128	-112.7
31.33	-4.484	-21.430	-136.4
31.34	-4.498	-30.583	-117.9
31.35	-4.510	-34.555	-167.7
31.36	-4.521	-33.786	-161.5
31.37	-4.532	-31.777	-191.4
31.38	-4.546	-34.266	-136.2
31.39	-4.561	-38.988	-136.5
31.4	-4.580	-40.475	-185.2
31.41	-4.603	-41.355	-117.0
31.42	-4.629	-45.366	-160.6
31.43	-4.659	-49.300	-130.5
31.44	-4.690	-50.094	-179.4
31.45	-4.719	-49.425	-223.5
31.46	-4.746	-48.266	-123.2
31.47	-4.772	-45.383	-182.9
31.48	-4.794	-40.631	-194.8
31.49	-4.814	-34.411	-215.3
31.5	-4.833	-26.047	-243.3
31.51	-4.849	-15.498	-117.1
31.52	-4.862	-5.020	-242.4
31.53	-4.874	3.484	-227.6
31.54	-4.888	9.841	-101.1
31.55	-4.902	13.967	-187.8
31.56	-4.916	16.914	-166.8
31.57	-4.930	18.692	-262.4
31.58	-4.942	17.373	-238.9
31.59	-4.955	12.831	-130.8
31.6	-4.969	7.791	-297.6
31.61	-4.984	4.539	-192.6
31.62	-4.999	-0.203	-138.2
31.63	-5.014	-10.131	-239.3
31.64	-5.029	-21.595	-254.5
31.65	-5.044	-29.013	-73.5
31.66	-5.061	-31.166	-196.4
31.67	-5.078	-32.077	-199.0
31.68	-5.096	-36.372	-163.8
31.69	-5.114	-41.942	-286.3
31.7	-5.132	-44.053	-193.1
31.71	-5.149	-42.192	-189.5
31.72	-5.165	-39.359	-179.4
31.73	-5.181	-36.938	-196.7
31.74	-5.199	-34.902	-229.9
31.75	-5.219	-32.442	-192.3
31.76	-5.236	-28.255	-144.5
31.77	-5.247	-24.464	-45.6
31.78	-5.254	-23.453	-1.3
31.79	-5.261	-25.166	97.5
31.8	-5.272	-26.953	-221.8
31.81	-5.286	-25.902	-269.4
31.82	-5.304	-25.206	-129.7
31.83	-5.328	-28.563	-236.6
31.84	-5.350	-32.595	-266.7
31.85	-5.364	-33.837	-245.5
31.86	-5.369	-32.427	-165.4
31.87	-5.371	-29.695	-166.8
31.88	-5.374	-27.681	-143.8
31.89	-5.377	-27.191	-117.4
31.9	-5.379	-27.555	-197.4
31.91	-5.381	-25.472	-217.2
31.92	-5.384	-18.909	-147.4
31.93	-5.389	-12.495	-136.3
31.94	-5.396	-4.647	-117.3
31.95	-5.404	13.113	-74.5
31.96	-5.414	35.311	-110.9
31.97	-5.425	48.139	-106.7
31.98	-5.438	51.016	-17.4
31.99	-5.451	51.133	-37.5
32.0	-5.466	51.139	-31.0
32.01	-5.480	51.128	-35.5
32.02	-5.493	50.819	-83.7
32.03	-5.506	47.433	-41.5
32.04	-5.519	37.459	-175.4
32.05	-5.532	23.475	-212.8
32.06	-5.546	8.347	-122.1
32.07	-5.562	-8.495	-191.1
32.08	-5.579	-24.031	-275.9
32.09	-5.596	-35.063	-250.7
32.1	-5.611	-42.141	-229.4
32.11	-5.623	-46.931	-184.3
32.12	-5.634	-49.917	-236.7
32.13	-5.646	-51.008	-247.2
32.14	-5.657	-51.139	-211.2
32.15	-5.668	-51.141	-183.8
32.16	-5.676	-51.141	-225.0
32.17	-5.685	-51.141	-238.5
32.18	-5.692	-51.136	-195.7
32.19	-5.697	-51.106	-176.4
32.2	-5.701	-49.620	-257.9
32.21	-5.704	-41.041	-257.2
32.22	-5.708	-27.222	-148.3
32.23	-5.713	-22.088	-196.4
32.24	-5.718	-27.761	-209.7
32.25	-5.723	-31.767	-122.6
32.26	-5.728	-28.494	-158.0
32.27	-5.734	-22.139	-207.1
32.28	-5.741	-15.620	-181.8
32.29	-5.748	-9.870	-197.6
32.3	-5.756	-6.164	-183.8
32.31	-5.762	-4.298	-135.4
32.32	-5.766	-3.784	-188.8
32.33	-5.764	-1.553	-156.2
32.34	-5.759	3.159	-153.6
32.35	-5.753	5.833	-145.4
32.36	-5.750	7.317	-169.1
32.37	-5.749	7.931	-126.9
32.38	-5.749	4.580	-89.7
32.39	-5.751	0.608	-196.0
32.4	-5.753	-2.847	-170.3
32.41	-5.755	-8.369	-8.1
32.42	-5.758	-13.278	-62.2
32.43	-5.763	-14.802	-171.3
32.44	-5.766	-14.753	-79.4
32.45	-5.769	-15.808	-62.3
32.46	-5.772	-17.930	-205.7
32.47	-5.776	-19.344	-188.4
32.48	-5.783	-19.673	-59.8
32.49	-5.790	-20.264	-159.4
32.5	-5.795	-23.075	-124.9
32.51	-5.800	-28.281	5.6
32.52	-5.803	-32.350	-112.3
32.53	-5.802	-34.605	106.4
32.54	-5.796	-34.416	249.0
32.55	-5.792	-30.159	161.1
32.56	-5.791	-22.478	-79.1
32.57	-5.792	-8.030	-167.5
32.58	-5.795	10.311	-53.3
32.59	-5.802	21.853	-88.0
32.6	-5.809	24.419	-47.9
32.61	-5.811	26.211	-48.0
32.62	-5.810	24.923	-75.0
32.63	-5.809	10.192	-72.9
32.64	-5.814	-2.988	-150.2
32.65	-5.827	-9.200	-16.4
32.66	-5.848	-27.063	64.3
32.67	-5.875	-36.655	-52.0
32.68	-5.905	-16.467	-12.3
32.69	-5.938	8.123	-6.1
32.7	-5.976	12.309	-15.5
32.71	-6.016	-1.863	127.4
32.72	-6.056	-12.505	1.0
32.73	-6.098	-2.439	92.1
32.74	-6.138	19.583	183.9
32.75	-6.175	38.858	97.4
32.76	-6.211	48.731	131.3
32.77	-6.246	46.858	129.9
32.78	-6.282	31.028	109.2
32.79	-6.317	5.133	96.6
32.8	-6.350	-15.816	74.9
32.81	-6.382	-24.609	34.5
32.82	-6.413	-30.480	-63.9
32.83	-6.443	-40.753	-87.8
32.84	-6.474	-48.894	-50.3
32.85	-6.504	-51.039	-88.8
32.86	-6.529	-51.105	-73.1
32.87	-6.553	-50.630	-48.1
32.88	-6.580	-41.538	-64.4
32.89	-6.611	-18.208	-14.6
32.9	-6.647	-12.453	-112.9
32.91	-6.684	-34.533	-84.6
32.92	-6.723	-49.377	-53.1
32.93	-6.763	-50.845	-124.9
32.94	-6.806	-50.227	-70.6
32.95	-6.848	-50.075	40.5
32.96	-6.888	-50.733	-57.5
32.97	-6.929	-51.113	-50.0
32.98	-6.969	-51.139	-89.9
32.99	-7.006	-51.138	-34.1
33.0	-7.038	-51.109	-4.8
33.01	-7.069	-50.505	-90.2
33.02	-7.099	-48.513	85.6
33.03	-7.129	-45.520	-22.5
33.04	-7.159	-40.816	-127.8
33.05	-7.188	-31.863	4.6
33.06	-7.218	-20.683	6.3
33.07	-7.247	-11.177	-63.6
33.08	-7.274	-2.995	-56.4
33.09	-7.296	3.953	61.8
33.1	-7.315	8.300	17.7
33.11	-7.329	9.889	-39.6
33.12	-7.337	10.055	-65.5
33.13	-7.334	8.058	-5.1
33.14	-7.321	7.766	59.3
33.15	-7.305	11.650	11.0
33.16	-7.291	7.988	20.4
33.17	-7.280	-9.705	-13.1
33.18	-7.272	-25.980	16.7
33.19	-7.264	-24.066	26.8
33.2	-7.256	-13.389	-82.5
33.21	-7.249	-8.688	-30.6
33.22	-7.242	-6.525	-1.8
33.23	-7.237	-0.942	16.1
33.24	-7.235	6.972	102.8
33.25	-7.231	13.697	9.9
33.26	-7.223	13.233	50.3
33.27	-7.209	2.777	270.7
33.28	-7.193	-12.216	211.2
33.29	-7.178	-24.041	133.5
33.3	-7.164	-27.914	-45.2
33.31	-7.157	-27.223	-4.3
33.32	-7.154	-26.377	44.0
33.33	-7.153	-23.278	6.3
33.34	-7.149	-22.550	-18.2
33.35	-7.138	-26.622	83.2
33.36	-7.119	-24.845	-36.4
33.37	-7.097	-15.944	36.8
33.38	-7.078	-9.933	239.7
33.39	-7.060	-10.413	17.2
33.4	-7.042	-14.339	100.2
33.41	-7.023	-19.050	117.2
33.42	-7.005	-21.559	-126.0
33.43	-6.990	-20.144	-3.2
33.44	-6.978	-17.964	89.1
33.45	-6.969	-16.869	118.2
33.46	-6.966	-12.322	194.9
33.47	-6.968	0.011	157.2
33.48	-6.976	17.642	176.6
33.49	-6.988	34.278	173.6
33.5	-7.002	45.463	148.1
33.51	-7.014	50.214	269.4
33.52	-7.021	50.978	199.3
33.53	-7.024	48.408	159.8
33.54	-7.026	39.009	71.3
33.55	-7.027	25.492	6.2
33.56	-7.031	12.563	127.4
33.57	-7.036	0.700	-49.6
33.58	-7.040	-8.527	39.6
33.59	-7.043	-17.509	82.0
33.6	-7.045	-27.303	-257.8
33.61	-7.049	-34.219	-7.7
33.62	-7.055	-37.689	149.6
33.63	-7.059	-38.053	-36.7
33.64	-7.061	-37.970	-5.1
33.65	-7.064	-39.602	-6.3
33.66	-7.068	-39.228	-42.9
33.67	-7.073	-34.198	-14.2
33.68	-7.078	-26.969	132.6
33.69	-7.083	-22.795	40.5
33.7	-7.087	-21.405	28.8
33.71	-7.091	-17.877	108.0
33.72	-7.093	-13.744	25.6
33.73	-7.094	-11.842	58.6
33.74	-7.093	-11.430	29.9
33.75	-7.090	-12.100	81.1
33.76	-7.084	-13.216	24.6
33.77	-7.077	-14.744	118.3
33.78	-7.070	-17.677	33.6
33.79	-7.064	-20.666	-4.4
33.8	-7.058	-22.636	99.6
33.81	-7.053	-23.539	84.3
33.82	-7.051	-22.222	179.1
33.83	-7.052	-20.478	-28.4
33.84	-7.057	-20.842	36.8
33.85	-7.064	-22.633	182.9
33.86	-7.074	-24.367	93.9
33.87	-7.083	-25.220	149.5
33.88	-7.091	-25.558	166.1
33.89	-7.098	-25.859	14.4
33.9	-7.103	-25.358	9.3
33.91	-7.105	-25.375	106.0
33.92	-7.103	-26.152	83.6
33.93	-7.098	-25.866	82.6
33.94	-7.093	-26.114	47.3
33.95	-7.088	-27.031	190.2
33.96	-7.086	-26.347	101.0
33.97	-7.081	-23.566	72.7
33.98	-7.070	-19.291	262.6
33.99	-7.056	-16.369	266.4
34.0	-7.042	-16.914	142.5
34.01	-7.031	-17.598	64.2
34.02	-7.027	-18.025	163.0
34.03	-7.031	-20.795	132.8
34.04	-7.040	-22.295	13.7
