Interval=	0.01 s
ExcelDateTime=	3.9773412783642299e+004	21/11/2008 9:54:24.506695
TimeFormat=	StartOfBlock
ChannelTitle=	Channel 1	Channel 2	Channel 3
Range=	20.000 mV	50.000 mV	500.0 µV
0.0	-10.166	-51.113	-117.2
0.01	-10.169	-50.967	-15.4
0.02	-10.174	-49.564	-78.7
0.03	-10.178	-45.594	-27.9
0.04	-10.181	-39.227	-55.5
0.05	-10.183	-31.475	-36.7
0.06	-10.182	-23.089	-31.0
0.07	-10.178	-14.652	-37.5
0.08	-10.172	-6.659	-60.2
0.09	-10.164	0.417	-39.6
0.1	-10.151	6.131	-54.3
0.11	-10.133	10.113	-36.2
0.12	-10.113	12.150	-44.1
0.13	-10.091	12.242	-47.2
0.14	-10.066	10.511	-57.1
0.15	-10.039	7.223	-38.8
0.16	-10.010	2.795	-51.8
0.17	-9.979	-2.298	-33.5
0.18	-9.949	-7.564	-47.3
0.19	-9.919	-12.622	-39.2
0.2	-9.893	-17.323	-41.2
0.21	-9.870	-21.669	-26.2
0.22	-9.851	-25.613	-34.1
0.23	-9.832	-29.034	-6.0
0.24	-9.811	-31.886	-14.1
0.25	-9.789	-34.230	-7.5
0.26	-9.766	-36.173	-32.4
0.27	-9.743	-37.859	-27.0
0.28	-9.721	-39.233	-42.8
0.29	-9.699	-39.822	-39.9
0.3	-9.680	-39.270	-59.2
0.31	-9.661	-37.873	-38.6
0.32	-9.639	-36.186	-59.3
0.33	-9.614	-34.527	-38.4
0.34	-9.588	-33.048	-64.1
0.35	-9.561	-31.759	-11.0
0.36	-9.535	-30.459	-52.0
0.37	-9.504	-28.978	-28.9
0.38	-9.465	-27.313	154.8
0.39	-9.421	-25.430	172.9
0.4	-9.378	-23.334	133.4
0.41	-9.344	-21.239	-14.9
0.42	-9.318	-19.447	-114.3
0.43	-9.293	-18.270	-15.0
0.44	-9.268	-17.817	-44.5
0.45	-9.239	-17.822	-25.0
0.46	-9.204	-18.031	-42.9
0.47	-9.159	-18.475	-24.6
0.48	-9.110	-19.133	-29.8
0.49	-9.059	-19.877	-19.1
0.5	-9.010	-20.723	-28.9
0.51	-8.964	-21.717	-6.1
0.52	-8.921	-22.672	-8.5
0.53	-8.883	-23.066	4.2
0.54	-8.848	-21.633	2.5
0.55	-8.817	-15.742	26.6
0.56	-8.788	-2.127	23.7
0.57	-8.761	19.269	58.7
0.58	-8.734	39.670	69.3
0.59	-8.707	49.430	105.4
0.6	-8.680	51.092	118.0
0.61	-8.654	51.134	149.5
0.62	-8.629	51.139	148.9
0.63	-8.606	51.139	155.0
0.64	-8.585	51.139	122.1
0.65	-8.563	51.130	88.8
0.66	-8.541	50.909	15.5
0.67	-8.519	48.145	-12.4
0.68	-8.498	39.184	-47.7
0.69	-8.479	25.238	-61.9
0.7	-8.463	10.677	-82.5
0.71	-8.449	-2.616	-78.1
0.72	-8.436	-14.383	-89.7
0.73	-8.421	-24.467	-70.0
0.74	-8.406	-32.552	-85.3
0.75	-8.392	-38.483	-73.5
0.76	-8.377	-42.669	-84.2
0.77	-8.363	-45.888	-67.2
0.78	-8.349	-48.586	-83.2
0.79	-8.336	-50.408	-69.0
0.8	-8.326	-51.064	-74.7
0.81	-8.316	-51.139	-67.8
0.82	-8.308	-51.138	-74.6
0.83	-8.301	-50.998	-58.7
0.84	-8.296	-49.595	-67.3
0.85	-8.292	-45.317	-47.7
0.86	-8.286	-38.530	-65.1
0.87	-8.280	-30.819	-55.8
0.88	-8.273	-23.041	-66.4
0.89	-8.264	-15.595	-54.7
0.9	-8.257	-8.856	-67.1
0.91	-8.250	-3.186	-52.7
0.92	-8.244	1.031	-59.5
0.93	-8.238	3.469	-57.5
0.94	-8.232	4.088	-67.7
0.95	-8.227	3.141	-53.7
0.96	-8.221	0.941	-70.0
0.97	-8.214	-2.211	-55.2
0.98	-8.207	-5.994	-61.9
0.99	-8.201	-10.081	-47.3
1.0	-8.194	-14.220	-65.5
1.01	-8.188	-18.250	-47.4
1.02	-8.181	-22.014	-60.2
1.03	-8.174	-25.386	-56.1
1.04	-8.168	-28.308	-62.5
1.05	-8.161	-30.736	-49.7
1.06	-8.154	-32.652	-61.8
1.07	-8.146	-34.098	-52.4
1.08	-8.137	-35.150	-63.1
1.09	-8.129	-35.908	-44.0
1.1	-8.121	-36.430	-49.7
1.11	-8.113	-36.708	-44.1
1.12	-8.106	-36.769	-50.4
1.13	-8.099	-36.644	-15.0
1.14	-8.093	-36.286	-23.9
1.15	-8.089	-35.669	-15.9
1.16	-8.086	-34.844	-20.2
1.17	-8.082	-33.917	-16.4
1.18	-8.078	-33.042	-46.5
1.19	-8.076	-32.309	-48.1
1.2	-8.073	-31.645	-60.8
1.21	-8.069	-30.970	-47.3
1.22	-8.066	-30.277	-60.4
1.23	-8.063	-29.538	-44.5
1.24	-8.061	-28.714	-65.5
1.25	-8.060	-27.838	1.5
1.26	-8.061	-26.977	-61.4
1.27	-8.058	-26.127	33.5
1.28	-8.051	-25.175	178.9
1.29	-8.044	-24.019	194.0
1.3	-8.044	-22.680	201.0
1.31	-8.047	-21.428	-11.4
1.32	-8.054	-20.719	-80.5
1.33	-8.062	-20.723	-16.5
1.34	-8.068	-21.080	-61.8
1.35	-8.066	-21.373	-33.5
1.36	-8.059	-21.464	-52.1
1.37	-8.049	-21.338	-30.1
1.38	-8.040	-21.111	-37.7
1.39	-8.031	-21.006	-23.2
1.4	-8.023	-21.158	-31.2
1.41	-8.014	-21.344	-8.8
1.42	-8.006	-20.336	-13.5
1.43	-7.997	-15.016	3.8
1.44	-7.987	-0.925	3.9
1.45	-7.978	21.867	27.0
1.46	-7.970	42.002	34.7
1.47	-7.963	50.130	64.3
1.48	-7.957	51.117	79.3
1.49	-7.952	51.138	112.6
1.5	-7.947	51.139	125.9
1.51	-7.942	51.139	162.5
1.52	-7.938	51.139	162.3
1.53	-7.935	51.139	168.1
1.54	-7.931	51.134	135.8
1.55	-7.928	51.041	103.4
1.56	-7.923	49.138	37.5
1.57	-7.919	41.583	2.4
1.58	-7.916	28.467	-40.0
1.59	-7.913	14.341	-52.3
1.6	-7.911	1.619	-74.3
1.61	-7.910	-9.480	-70.9
1.62	-7.910	-18.842	-84.7
1.63	-7.908	-26.341	-68.6
1.64	-7.904	-31.914	-77.1
1.65	-7.901	-35.606	-66.0
1.66	-7.899	-37.708	-74.0
1.67	-7.897	-38.948	-58.1
1.68	-7.894	-40.252	-65.9
1.69	-7.891	-42.120	-55.4
1.7	-7.888	-44.327	-67.7
1.71	-7.884	-46.209	-50.8
1.72	-7.881	-47.045	-65.6
1.73	-7.879	-46.336	-57.6
1.74	-7.878	-44.009	-63.8
1.75	-7.878	-40.330	-48.4
1.76	-7.879	-35.639	-56.4
1.77	-7.879	-30.273	-52.7
1.78	-7.878	-24.592	-52.9
1.79	-7.876	-18.928	-40.5
1.8	-7.874	-13.609	-55.4
1.81	-7.871	-8.991	-40.3
1.82	-7.869	-5.380	-56.5
1.83	-7.868	-3.014	-44.0
1.84	-7.866	-2.030	-51.0
1.85	-7.864	-2.386	-42.2
1.86	-7.862	-3.917	-48.5
1.87	-7.860	-6.394	-39.5
1.88	-7.858	-9.505	-48.5
1.89	-7.856	-12.939	-34.7
1.9	-7.853	-16.475	-42.1
1.91	-7.852	-19.963	-34.0
1.92	-7.850	-23.263	-48.5
1.93	-7.848	-26.280	-30.8
1.94	-7.846	-28.919	-46.0
1.95	-7.845	-31.100	-36.4
1.96	-7.846	-32.825	-42.1
1.97	-7.846	-34.102	-31.7
1.98	-7.848	-34.902	-41.7
1.99	-7.849	-35.252	-29.0
2.0	-7.851	-35.288	-28.2
2.01	-7.853	-35.170	-20.4
2.02	-7.856	-34.964	-24.4
2.03	-7.859	-34.692	1.3
2.04	-7.862	-34.355	-4.0
2.05	-7.866	-33.914	6.3
2.06	-7.869	-33.355	-1.8
2.07	-7.875	-32.673	11.0
2.08	-7.883	-31.900	-27.2
2.09	-7.893	-31.097	-42.7
2.1	-7.904	-30.336	-44.8
2.11	-7.915	-29.697	-31.3
2.12	-7.926	-29.206	-37.5
2.13	-7.935	-28.852	-16.4
2.14	-7.944	-28.553	-45.5
2.15	-7.953	-28.194	21.5
2.16	-7.962	-27.691	-47.0
2.17	-7.964	-26.961	58.8
2.18	-7.959	-25.936	267.9
2.19	-7.955	-24.608	303.7
2.2	-7.959	-23.100	294.2
2.21	-7.971	-21.814	18.3
2.22	-7.989	-21.377	-68.0
2.23	-8.010	-21.997	11.0
2.24	-8.033	-23.120	-43.2
2.25	-8.051	-24.122	-9.5
2.26	-8.064	-24.777	-26.1
2.27	-8.072	-25.003	-16.1
2.28	-8.079	-24.919	-27.8
2.29	-8.086	-24.964	-2.9
2.3	-8.094	-25.483	-5.3
2.31	-8.103	-26.338	4.3
2.32	-8.111	-26.728	11.5
2.33	-8.119	-24.638	25.4
2.34	-8.127	-16.308	28.3
2.35	-8.136	1.792	59.9
2.36	-8.146	26.264	58.2
2.37	-8.156	44.486	93.6
2.38	-8.169	50.572	108.1
2.39	-8.181	51.119	143.7
2.4	-8.192	51.139	171.0
2.41	-8.203	51.139	193.6
2.42	-8.213	51.139	193.5
2.43	-8.223	51.139	207.9
2.44	-8.235	51.131	169.7
2.45	-8.247	50.748	126.4
2.46	-8.260	47.316	59.3
2.47	-8.274	37.702	29.0
2.48	-8.288	23.853	-19.8
2.49	-8.303	9.819	-32.5
2.5	-8.322	-3.031	-49.1
2.51	-8.344	-14.438	-59.2
2.52	-8.369	-24.059	-67.8
2.53	-8.394	-31.545	-48.8
2.54	-8.418	-36.748	-59.5
2.55	-8.439	-39.838	-51.2
2.56	-8.463	-41.269	-65.4
2.57	-8.485	-41.852	-55.3
2.58	-8.507	-42.578	-57.7
2.59	-8.527	-43.955	-47.3
2.6	-8.548	-45.748	-56.1
2.61	-8.568	-47.273	-44.0
2.62	-8.588	-47.731	-52.6
2.63	-8.608	-46.644	-43.6
2.64	-8.629	-43.973	-53.1
2.65	-8.650	-40.014	-40.1
2.66	-8.671	-35.266	-49.3
2.67	-8.693	-30.189	-36.1
2.68	-8.713	-25.041	-45.3
2.69	-8.731	-19.981	-41.9
2.7	-8.748	-15.298	-53.0
2.71	-8.764	-11.363	-36.9
2.72	-8.779	-8.433	-46.1
2.73	-8.794	-6.645	-40.3
2.74	-8.811	-6.078	-45.9
2.75	-8.829	-6.778	-34.7
2.76	-8.847	-8.598	-39.9
2.77	-8.864	-11.200	-32.9
2.78	-8.882	-14.189	-45.7
2.79	-8.900	-17.236	-36.3
2.8	-8.918	-20.131	-49.7
2.81	-8.936	-22.770	-36.9
2.82	-8.954	-25.113	-41.5
2.83	-8.971	-27.208	-34.2
2.84	-8.989	-29.128	-37.1
2.85	-9.008	-30.889	-29.2
2.86	-9.027	-32.414	-33.9
2.87	-9.046	-33.591	-21.6
2.88	-9.066	-34.363	-25.5
2.89	-9.086	-34.772	-2.6
2.9	-9.107	-34.922	-11.5
2.91	-9.127	-34.891	-0.7
2.92	-9.148	-34.712	-5.0
2.93	-9.168	-34.384	-11.4
2.94	-9.186	-33.861	-47.2
2.95	-9.203	-33.156	-42.8
2.96	-9.219	-32.370	-46.7
2.97	-9.234	-31.611	-38.9
2.98	-9.249	-30.938	-36.6
2.99	-9.265	-30.334	-44.2
3.0	-9.283	-29.734	-28.7
3.01	-9.304	-29.073	-5.0
3.02	-9.324	-28.325	-58.3
3.03	-9.338	-27.494	143.1
3.04	-9.346	-26.578	216.9
3.05	-9.356	-25.588	204.0
3.06	-9.371	-24.667	69.5
3.07	-9.389	-24.108	-89.2
3.08	-9.408	-24.128	-23.3
3.09	-9.428	-24.541	-15.8
3.1	-9.447	-24.814	-34.4
3.11	-9.464	-24.663	-17.0
3.12	-9.474	-24.284	-29.4
3.13	-9.479	-23.967	-12.4
3.14	-9.481	-23.884	-23.9
3.15	-9.485	-24.209	-5.8
3.16	-9.489	-24.975	-11.4
3.17	-9.496	-25.830	2.1
3.18	-9.504	-26.052	9.2
3.19	-9.515	-24.438	19.7
3.2	-9.526	-18.747	22.5
3.21	-9.538	-6.259	50.9
3.22	-9.551	13.227	60.9
3.23	-9.563	34.038	97.6
3.24	-9.576	47.123	110.5
3.25	-9.589	50.870	137.3
3.26	-9.603	51.127	152.9
3.27	-9.618	51.139	173.5
3.28	-9.633	51.133	168.5
3.29	-9.647	51.016	155.5
3.3	-9.663	49.183	114.4
3.31	-9.681	42.556	71.5
3.32	-9.698	31.306	4.4
3.33	-9.715	18.725	-12.0
3.34	-9.731	6.648	-42.7
3.35	-9.749	-4.414	-45.9
3.36	-9.772	-14.141	-64.3
3.37	-9.796	-22.370	-52.8
3.38	-9.818	-29.036	-63.4
3.39	-9.834	-34.063	-67.1
3.4	-9.848	-37.422	-66.5
3.41	-9.863	-39.281	-51.9
3.42	-9.875	-40.133	-69.2
3.43	-9.886	-40.638	-57.5
3.44	-9.897	-41.308	-55.8
3.45	-9.909	-42.336	-50.4
3.46	-9.924	-43.447	-57.7
3.47	-9.941	-43.977	-46.2
3.48	-9.957	-43.228	-59.6
3.49	-9.972	-40.873	-44.6
3.5	-9.985	-37.142	-45.7
3.51	-9.998	-32.495	-45.2
3.52	-10.010	-27.302	-49.0
3.53	-10.021	-21.884	-43.5
3.54	-10.031	-16.600	-55.8
3.55	-10.038	-11.723	-40.0
3.56	-10.043	-7.448	-43.4
3.57	-10.046	-4.025	-44.4
3.58	-10.051	-1.792	-48.0
3.59	-10.058	-1.016	-33.1
3.6	-10.063	-1.733	-49.5
3.61	-10.069	-3.748	-38.9
3.62	-10.074	-6.764	-43.7
3.63	-10.079	-10.416	-41.3
3.64	-10.084	-14.248	-50.0
3.65	-10.089	-17.861	-37.3
3.66	-10.094	-21.055	-41.9
3.67	-10.102	-23.773	-29.1
3.68	-10.111	-26.025	-38.3
3.69	-10.119	-27.873	-28.5
3.7	-10.128	-29.378	-29.2
3.71	-10.137	-30.538	-8.2
3.72	-10.148	-31.386	-10.7
3.73	-10.157	-31.967	-5.5
3.74	-10.165	-32.220	-7.1
3.75	-10.171	-32.080	-6.8
3.76	-10.177	-31.583	-22.4
3.77	-10.183	-30.845	-27.0
3.78	-10.190	-29.956	-46.9
3.79	-10.196	-28.981	-32.5
3.8	-10.199	-28.036	-48.5
3.81	-10.197	-27.198	-27.1
3.82	-10.193	-26.464	-35.9
3.83	-10.188	-25.753	-24.2
3.84	-10.186	-24.894	-4.8
3.85	-10.183	-23.814	-60.3
3.86	-10.175	-22.645	87.2
3.87	-10.163	-21.536	212.6
3.88	-10.150	-20.563	153.1
3.89	-10.144	-19.798	51.1
3.9	-10.144	-19.278	-95.4
3.91	-10.139	-19.023	-20.3
3.92	-10.128	-18.925	-16.6
3.93	-10.108	-18.603	-30.0
3.94	-10.079	-17.830	-22.0
3.95	-10.041	-16.922	-12.5
3.96	-9.994	-16.345	-20.8
3.97	-9.946	-16.316	-9.5
3.98	-9.901	-16.841	-3.3
3.99	-9.859	-17.805	3.6
4.0	-9.819	-18.945	4.5
4.01	-9.781	-19.855	20.9
4.02	-9.742	-19.934	26.3
4.03	-9.706	-18.136	36.7
4.04	-9.671	-12.583	43.6
4.05	-9.636	-1.348	77.0
4.06	-9.606	15.255	71.1
4.07	-9.577	33.188	105.6
4.08	-9.550	45.856	136.1
4.09	-9.524	50.548	155.1
4.1	-9.498	51.130	164.0
4.11	-9.473	51.103	184.9
4.12	-9.447	50.241	155.0
4.13	-9.420	46.083	120.2
4.14	-9.392	37.461	64.9
4.15	-9.362	26.369	17.5
4.16	-9.332	14.766	-29.0
4.17	-9.304	3.481	-41.8
4.18	-9.281	-6.938	-58.1
4.19	-9.259	-16.109	-65.3
4.2	-9.238	-23.813	-77.1
4.21	-9.214	-29.913	-67.0
4.22	-9.189	-34.306	-75.3
4.23	-9.164	-37.066	-64.4
4.24	-9.138	-38.656	-69.0
4.25	-9.109	-39.647	-67.4
4.26	-9.078	-40.345	-74.9
4.27	-9.046	-40.948	-70.5
4.28	-9.014	-41.422	-76.7
4.29	-8.982	-41.294	-59.6
4.3	-8.949	-40.022	-61.2
4.31	-8.917	-37.389	-55.8
4.32	-8.887	-33.505	-65.4
4.33	-8.859	-28.603	-51.8
4.34	-8.832	-22.986	-61.4
4.35	-8.807	-17.111	-52.9
4.36	-8.783	-11.473	-58.9
4.37	-8.761	-6.417	-60.7
4.38	-8.739	-2.234	-65.0
4.39	-8.718	0.731	-57.6
4.4	-8.698	2.247	-61.3
4.41	-8.680	2.348	-54.7
4.42	-8.662	1.259	-64.9
4.43	-8.645	-0.758	-57.2
4.44	-8.627	-3.425	-66.3
4.45	-8.608	-6.447	-58.7
4.46	-8.589	-9.573	-65.2
4.47	-8.568	-12.675	-59.4
4.48	-8.549	-15.638	-59.5
4.49	-8.531	-18.297	-52.6
4.5	-8.515	-20.511	-61.7
4.51	-8.500	-22.227	-53.6
4.52	-8.486	-23.519	-55.6
4.53	-8.474	-24.483	-46.6
4.54	-8.461	-25.167	-62.0
4.55	-8.448	-25.625	-57.8
4.56	-8.435	-25.886	-62.1
4.57	-8.421	-25.991	-47.3
4.58	-8.408	-25.950	-53.9
4.59	-8.394	-25.705	-56.6
4.6	-8.381	-25.280	-52.7
4.61	-8.367	-24.797	-49.4
4.62	-8.353	-24.323	-49.3
4.63	-8.340	-23.863	-26.0
4.64	-8.329	-23.425	-35.8
4.65	-8.320	-22.986	-29.7
4.66	-8.314	-22.509	-29.2
4.67	-8.308	-22.014	-26.6
4.68	-8.302	-21.470	-59.8
4.69	-8.294	-20.791	-66.4
4.7	-8.286	-20.036	-63.8
4.71	-8.277	-19.395	-62.5
4.72	-8.269	-18.938	-65.7
4.73	-8.261	-18.617	-53.3
4.74	-8.254	-18.438	-69.0
4.75	-8.250	-18.380	-15.3
4.76	-8.246	-18.361	-76.2
4.77	-8.237	-18.336	43.3
4.78	-8.221	-18.270	161.4
4.79	-8.205	-18.084	159.2
4.8	-8.194	-17.717	143.7
4.81	-8.188	-17.309	-68.2
4.82	-8.186	-17.258	-77.7
4.83	-8.187	-17.762	-31.4
4.84	-8.186	-18.538	-68.0
4.85	-8.179	-19.227	-45.6
4.86	-8.166	-19.636	-60.1
4.87	-8.149	-19.645	-36.6
4.88	-8.133	-19.348	-43.7
4.89	-8.116	-19.102	-34.6
4.9	-8.097	-19.197	-31.2
4.91	-8.078	-19.439	-25.3
4.92	-8.061	-18.897	-25.5
4.93	-8.047	-15.572	-10.7
4.94	-8.036	-6.605	-9.5
4.95	-8.025	9.428	18.4
4.96	-8.015	29.194	29.0
4.97	-8.005	44.375	47.8
4.98	-7.994	50.339	66.4
4.99	-7.985	51.128	106.6
5.0	-7.976	51.136	125.9
5.01	-7.969	51.103	146.4
5.02	-7.962	50.200	148.9
5.03	-7.956	45.788	147.2
5.04	-7.951	36.823	116.1
5.05	-7.946	25.931	77.9
5.06	-7.942	15.422	20.6
5.07	-7.938	5.925	-13.4
5.08	-7.933	-2.416	-50.9
5.09	-7.927	-9.677	-64.5
5.1	-7.923	-15.947	-77.1
5.11	-7.921	-21.164	-82.6
5.12	-7.921	-25.206	-92.7
5.13	-7.919	-27.986	-83.3
5.14	-7.916	-29.494	-87.8
5.15	-7.913	-29.848	-80.5
5.16	-7.911	-29.456	-84.9
5.17	-7.908	-29.031	-76.1
5.18	-7.905	-29.163	-83.3
5.19	-7.901	-29.852	-71.5
5.2	-7.899	-30.658	-76.1
5.21	-7.896	-31.028	-71.1
5.22	-7.894	-30.511	-71.7
5.23	-7.893	-28.939	-65.6
5.24	-7.890	-26.481	-66.5
5.25	-7.887	-23.441	-63.1
5.26	-7.884	-20.116	-73.7
5.27	-7.883	-16.705	-65.5
5.28	-7.883	-13.350	-70.5
5.29	-7.881	-10.208	-62.6
5.3	-7.879	-7.488	-66.0
5.31	-7.875	-5.434	-63.0
5.32	-7.869	-4.225	-67.5
5.33	-7.864	-3.867	-61.8
5.34	-7.861	-4.341	-66.4
5.35	-7.859	-5.602	-56.2
5.36	-7.856	-7.502	-65.7
5.37	-7.854	-9.836	-62.0
5.38	-7.853	-12.355	-65.7
5.39	-7.851	-14.805	-59.2
5.4	-7.849	-17.005	-58.5
5.41	-7.848	-18.884	-49.5
5.42	-7.846	-20.423	-58.6
5.43	-7.843	-21.634	-50.7
5.44	-7.841	-22.605	-52.5
5.45	-7.839	-23.414	-51.8
5.46	-7.838	-24.073	-53.1
5.47	-7.837	-24.541	-44.0
5.48	-7.836	-24.759	-49.6
5.49	-7.836	-24.713	-51.0
5.5	-7.835	-24.425	-58.0
5.51	-7.834	-23.955	-46.0
5.52	-7.834	-23.409	-44.6
5.53	-7.835	-22.906	-37.4
5.54	-7.835	-22.502	-46.7
5.55	-7.836	-22.178	-24.2
5.56	-7.836	-21.881	-20.2
5.57	-7.836	-21.580	-13.8
5.58	-7.835	-21.236	-21.9
5.59	-7.836	-20.789	-11.6
5.6	-7.838	-20.255	-23.4
5.61	-7.841	-19.733	-48.1
5.62	-7.844	-19.267	-58.8
5.63	-7.848	-18.847	-44.8
5.64	-7.851	-18.527	-61.2
5.65	-7.853	-18.350	-42.2
5.66	-7.857	-18.255	-58.5
5.67	-7.861	-18.166	-39.7
5.68	-7.868	-18.045	-15.7
5.69	-7.875	-17.875	-57.7
5.7	-7.878	-17.636	141.3
5.71	-7.876	-17.298	261.7
5.72	-7.876	-16.814	295.5
5.73	-7.883	-16.200	171.2
5.74	-7.897	-15.747	-97.4
5.75	-7.916	-15.863	-30.1
5.76	-7.936	-16.575	-38.0
5.77	-7.955	-17.488	-51.2
5.78	-7.967	-18.198	-44.5
5.79	-7.974	-18.483	-42.8
5.8	-7.977	-18.200	-31.1
5.81	-7.982	-17.512	-30.5
5.82	-7.990	-16.911	-28.0
5.83	-7.999	-16.736	-15.2
5.84	-8.010	-16.847	-14.2
5.85	-8.024	-16.414	0.8
5.86	-8.038	-13.545	-0.1
5.87	-8.051	-5.584	22.9
5.88	-8.063	8.800	32.4
5.89	-8.072	27.042	54.4
5.9	-8.079	42.405	75.9
5.91	-8.087	49.670	104.6
5.92	-8.096	51.086	138.4
5.93	-8.104	51.131	165.7
5.94	-8.114	50.781	172.2
5.95	-8.123	48.066	188.8
5.96	-8.134	41.061	175.7
5.97	-8.144	31.289	137.3
5.98	-8.156	21.216	75.1
5.99	-8.169	11.780	27.0
6.0	-8.184	3.345	-25.1
6.01	-8.199	-3.994	-44.1
6.02	-8.216	-10.397	-60.8
6.03	-8.236	-15.959	-69.4
6.04	-8.258	-20.564	-77.9
6.05	-8.280	-24.084	-78.2
6.06	-8.301	-26.513	-78.4
6.07	-8.320	-27.863	-72.5
6.08	-8.340	-28.188	-76.0
6.09	-8.359	-27.888	-61.7
6.1	-8.379	-27.623	-75.4
6.11	-8.399	-27.817	-62.6
6.12	-8.418	-28.489	-67.5
6.13	-8.438	-29.334	-68.3
6.14	-8.458	-29.778	-60.5
6.15	-8.480	-29.272	-61.5
6.16	-8.503	-27.645	-65.1
6.17	-8.527	-25.119	-54.4
6.18	-8.551	-22.013	-58.1
6.19	-8.574	-18.580	-57.3
6.2	-8.597	-15.066	-59.0
6.21	-8.619	-11.725	-49.0
6.22	-8.640	-8.709	-54.8
6.23	-8.661	-6.163	-53.1
6.24	-8.681	-4.294	-59.5
6.25	-8.701	-3.169	-53.0
6.26	-8.722	-2.727	-56.6
6.27	-8.744	-2.938	-55.0
6.28	-8.766	-3.819	-57.0
6.29	-8.789	-5.361	-51.7
6.3	-8.811	-7.422	-54.0
6.31	-8.833	-9.744	-46.6
6.32	-8.854	-12.075	-54.7
6.33	-8.875	-14.200	-47.9
6.34	-8.896	-16.009	-54.8
6.35	-8.917	-17.580	-44.5
6.36	-8.938	-19.061	-43.2
6.37	-8.961	-20.463	-50.2
6.38	-8.983	-21.684	-50.1
6.39	-9.005	-22.666	-42.6
6.4	-9.026	-23.409	-49.1
6.41	-9.047	-23.945	-39.4
6.42	-9.069	-24.258	-42.7
6.43	-9.091	-24.333	-31.3
6.44	-9.113	-24.205	-22.8
6.45	-9.135	-23.908	-12.2
6.46	-9.156	-23.486	-21.2
6.47	-9.178	-22.973	-12.8
6.48	-9.199	-22.423	-11.0
6.49	-9.221	-21.959	-28.5
6.5	-9.241	-21.606	-49.7
6.51	-9.259	-21.263	-43.0
6.52	-9.276	-20.864	-43.2
6.53	-9.294	-20.420	-51.0
6.54	-9.311	-19.956	-42.1
6.55	-9.329	-19.488	-51.8
6.56	-9.349	-19.067	-12.4
6.57	-9.371	-18.750	-23.5
6.58	-9.391	-18.452	-29.0
6.59	-9.402	-18.042	171.8
6.6	-9.409	-17.480	194.4
6.61	-9.419	-16.803	188.6
6.62	-9.436	-16.158	15.0
6.63	-9.458	-15.841	-85.8
6.64	-9.481	-16.063	-17.1
6.65	-9.506	-16.623	-37.0
6.66	-9.529	-17.106	-27.8
6.67	-9.544	-17.358	-30.3
6.68	-9.551	-17.492	-33.5
6.69	-9.551	-17.553	-26.3
6.7	-9.549	-17.589	-24.9
6.71	-9.549	-17.825	-11.6
6.72	-9.551	-18.355	-12.7
6.73	-9.554	-18.941	0.4
6.74	-9.560	-19.016	3.0
6.75	-9.567	-17.442	17.4
6.76	-9.576	-12.120	35.8
6.77	-9.586	-0.845	53.9
6.78	-9.594	15.961	66.9
6.79	-9.602	33.797	91.0
6.8	-9.609	46.106	110.5
6.81	-9.616	50.583	137.1
6.82	-9.623	51.130	153.0
6.83	-9.633	51.117	170.8
6.84	-9.645	50.497	164.6
6.85	-9.658	47.070	141.1
6.86	-9.668	39.502	93.0
6.87	-9.676	29.628	50.4
6.88	-9.682	19.516	-1.7
6.89	-9.686	10.000	-21.8
6.9	-9.691	1.483	-52.0
6.91	-9.699	-6.013	-64.2
6.92	-9.712	-12.638	-62.3
6.93	-9.728	-18.377	-68.0
6.94	-9.744	-22.959	-73.6
6.95	-9.757	-26.281	-63.5
6.96	-9.770	-28.481	-66.3
6.97	-9.786	-29.581	-64.6
6.98	-9.804	-29.842	-65.4
6.99	-9.819	-29.864	-62.0
7.0	-9.830	-30.114	-62.1
7.01	-9.840	-30.756	-46.5
7.02	-9.849	-31.453	-55.1
7.03	-9.857	-31.530	-57.0
7.04	-9.866	-30.527	-49.3
7.05	-9.877	-28.319	-47.1
7.06	-9.889	-25.047	-52.4
7.07	-9.904	-21.002	-39.5
7.08	-9.919	-16.477	-47.6
7.09	-9.934	-11.786	-51.1
7.1	-9.948	-7.295	-43.3
7.11	-9.960	-3.333	-41.9
7.12	-9.973	-0.127	-48.6
7.13	-9.985	2.128	-42.2
7.14	-9.998	3.289	-51.5
7.15	-10.012	3.345	-39.9
7.16	-10.026	2.361	-44.2
7.17	-10.040	0.488	-47.1
7.18	-10.055	-2.031	-39.8
7.19	-10.069	-4.920	-37.9
7.2	-10.083	-7.919	-49.1
7.21	-10.098	-10.770	-35.4
7.22	-10.113	-13.231	-42.6
7.23	-10.128	-15.181	-36.5
7.24	-10.141	-16.698	-30.8
7.25	-10.151	-17.934	-35.3
7.26	-10.160	-19.036	-20.7
7.27	-10.169	-20.120	-8.1
7.28	-10.179	-21.130	-27.9
7.29	-10.190	-21.923	-3.7
7.3	-10.201	-22.542	-10.0
7.31	-10.211	-22.975	-39.1
7.32	-10.221	-22.948	-48.4
7.33	-10.234	-22.444	-44.7
7.34	-10.249	-21.781	-51.4
7.35	-10.263	-21.164	-45.7
7.36	-10.275	-20.731	-46.8
7.37	-10.286	-20.534	-58.8
7.38	-10.295	-20.425	-15.0
7.39	-10.303	-20.206	-40.9
7.4	-10.309	-19.800	-22.2
7.41	-10.313	-19.248	161.8
7.42	-10.313	-18.613	164.7
7.43	-10.316	-18.019	103.8
7.44	-10.324	-17.645	-50.1
7.45	-10.334	-17.547	-77.0
7.46	-10.338	-17.658	-14.3
7.47	-10.336	-17.730	-30.6
7.48	-10.328	-17.442	-29.2
7.49	-10.311	-16.800	-18.8
7.5	-10.281	-16.173	-16.1
7.51	-10.241	-15.877	-24.0
7.52	-10.198	-15.956	-12.7
7.53	-10.157	-16.417	1.2
7.54	-10.118	-17.252	-6.6
7.55	-10.081	-18.228	12.0
7.56	-10.045	-18.966	21.3
7.57	-10.011	-18.919	24.2
7.58	-9.978	-16.952	35.5
7.59	-9.947	-11.152	57.8
7.6	-9.917	-0.009	66.2
7.61	-9.887	15.564	99.5
7.62	-9.856	31.994	118.9
7.63	-9.822	44.397	149.0
7.64	-9.789	50.006	163.5
7.65	-9.757	51.097	173.4
7.66	-9.726	51.111	164.2
7.67	-9.695	50.436	137.9
7.68	-9.663	47.189	85.5
7.69	-9.629	40.522	37.9
7.7	-9.592	31.964	3.1
7.71	-9.556	23.006	-38.3
7.72	-9.524	14.261	-61.8
7.73	-9.498	6.041	-56.3
7.74	-9.473	-1.519	-72.0
7.75	-9.446	-8.317	-74.7
7.76	-9.416	-14.209	-72.8
7.77	-9.387	-19.003	-73.7
7.78	-9.360	-22.775	-84.2
7.79	-9.332	-25.880	-61.0
7.8	-9.304	-28.450	-63.2
7.81	-9.278	-30.545	-66.2
7.82	-9.251	-32.389	-61.6
7.83	-9.223	-34.023	-59.7
7.84	-9.192	-35.120	-69.7
7.85	-9.162	-35.222	-62.8
7.86	-9.134	-34.044	-56.3
7.87	-9.106	-31.544	-57.8
7.88	-9.078	-27.853	-55.8
7.89	-9.049	-23.202	-52.4
7.9	-9.021	-17.889	-57.5
7.91	-8.992	-12.347	-51.8
7.92	-8.964	-7.053	-65.1
7.93	-8.936	-2.442	-55.8
7.94	-8.909	1.128	-52.4
7.95	-8.884	3.461	-55.6
7.96	-8.861	4.497	-60.4
7.97	-8.838	4.292	-52.5
7.98	-8.816	3.045	-65.2
7.99	-8.794	1.042	-61.3
8.0	-8.773	-1.495	-62.8
8.01	-8.751	-4.409	-59.4
8.02	-8.730	-7.505	-57.3
8.03	-8.709	-10.573	-53.3
8.04	-8.688	-13.472	-55.1
8.05	-8.667	-16.100	-54.7
8.06	-8.646	-18.402	-54.9
8.07	-8.624	-20.345	-48.6
8.08	-8.602	-21.903	-55.3
8.09	-8.582	-23.061	-32.2
8.1	-8.562	-23.861	-26.6
8.11	-8.542	-24.405	-29.1
8.12	-8.523	-24.809	-32.8
8.13	-8.504	-25.127	-24.8
8.14	-8.486	-25.306	-47.2
8.15	-8.471	-25.258	-62.5
8.16	-8.457	-24.981	-61.4
8.17	-8.443	-24.578	-55.8
8.18	-8.428	-24.159	-67.1
8.19	-8.412	-23.781	-52.6
8.2	-8.398	-23.456	-72.6
8.21	-8.385	-23.144	-35.6
8.22	-8.376	-22.744	-24.9
8.23	-8.366	-22.163	-68.7
8.24	-8.353	-21.375	115.0
8.25	-8.335	-20.395	179.5
8.26	-8.318	-19.272	163.2
8.27	-8.305	-18.164	47.7
8.28	-8.296	-17.355	-117.8
8.29	-8.289	-17.106	-40.6
8.3	-8.286	-17.438	-43.7
8.31	-8.281	-18.034	-46.7
8.32	-8.268	-18.503	-52.1
8.33	-8.249	-18.719	-44.6
8.34	-8.228	-18.742	-44.4
8.35	-8.206	-18.703	-43.9
8.36	-8.186	-18.817	-31.3
8.37	-8.167	-19.131	-23.7
8.38	-8.149	-19.325	-25.9
8.39	-8.133	-18.639	-15.8
8.4	-8.119	-15.428	-4.3
8.41	-8.108	-7.198	8.9
8.42	-8.099	7.189	11.7
8.43	-8.090	25.256	36.5
8.44	-8.081	41.031	55.9
8.45	-8.073	49.192	79.5
8.46	-8.065	51.052	101.4
8.47	-8.058	51.134	127.2
8.48	-8.053	51.138	139.0
8.49	-8.049	51.114	143.6
8.5	-8.046	50.445	123.2
8.51	-8.044	46.952	92.6
8.52	-8.041	39.628	36.7
8.53	-8.037	30.633	-3.1
8.54	-8.033	21.880	-39.5
8.55	-8.030	13.752	-63.4
8.56	-8.027	6.252	-79.2
8.57	-8.028	-0.689	-80.8
8.58	-8.031	-7.045	-90.5
8.59	-8.031	-12.628	-88.1
8.6	-8.031	-17.145	-88.0
8.61	-8.028	-20.356	-84.9
8.62	-8.026	-22.319	-82.0
8.63	-8.025	-23.525	-75.4
8.64	-8.025	-24.706	-79.5
8.65	-8.024	-26.366	-72.5
8.66	-8.022	-28.489	-78.9
8.67	-8.021	-30.553	-72.3
8.68	-8.021	-31.797	-75.2
8.69	-8.020	-31.695	-69.5
8.7	-8.018	-30.166	-70.3
8.71	-8.016	-27.414	-60.2
8.72	-8.014	-23.752	-63.8
8.73	-8.011	-19.503	-76.1
8.74	-8.005	-14.983	-75.0
8.75	-7.997	-10.552	-72.8
8.76	-7.987	-6.652	-77.3
8.77	-7.977	-3.631	-72.0
8.78	-7.969	-1.639	-73.2
8.79	-7.963	-0.659	-68.4
8.8	-7.956	-0.567	-75.8
8.81	-7.950	-1.233	-69.0
8.82	-7.945	-2.589	-66.6
8.83	-7.940	-4.570	-56.6
8.84	-7.934	-7.031	-63.9
8.85	-7.927	-9.766	-59.8
8.86	-7.920	-12.580	-61.4
8.87	-7.913	-15.313	-55.0
8.88	-7.905	-17.792	-56.6
8.89	-7.898	-19.872	-65.4
8.9	-7.889	-21.478	-64.8
8.91	-7.882	-22.622	-55.3
8.92	-7.876	-23.388	-59.0
8.93	-7.869	-23.883	-48.3
8.94	-7.864	-24.167	-51.2
8.95	-7.859	-24.323	-32.9
8.96	-7.855	-24.414	-28.0
8.97	-7.851	-24.386	-26.6
8.98	-7.847	-24.234	-23.2
8.99	-7.843	-24.038	-25.6
9.0	-7.838	-23.906	-43.5
9.01	-7.833	-23.934	-61.2
9.02	-7.827	-24.063	-72.9
9.03	-7.822	-24.141	-58.5
9.04	-7.817	-24.108	-63.2
9.05	-7.813	-24.008	-52.4
9.06	-7.811	-23.844	-76.3
9.07	-7.811	-23.517	-21.2
9.08	-7.811	-22.981	-61.0
9.09	-7.809	-22.273	-19.3
9.1	-7.804	-21.444	201.0
9.11	-7.797	-20.516	247.2
9.12	-7.791	-19.497	255.4
9.13	-7.789	-18.498	13.3
9.14	-7.789	-17.909	-105.1
9.15	-7.791	-18.106	-25.8
9.16	-7.793	-18.905	-68.7
9.17	-7.792	-19.775	-47.8
9.18	-7.787	-20.422	-60.9
9.19	-7.779	-20.722	-48.7
9.2	-7.770	-20.619	-39.3
9.21	-7.764	-20.305	-30.2
9.22	-7.759	-20.169	-29.4
9.23	-7.753	-20.338	-19.6
9.24	-7.748	-20.292	-12.4
9.25	-7.743	-18.602	-4.9
9.26	-7.739	-12.855	-0.3
9.27	-7.737	-1.067	16.6
9.28	-7.739	15.942	33.9
9.29	-7.744	33.831	59.8
9.3	-7.752	46.178	83.7
9.31	-7.762	50.611	124.5
9.32	-7.774	51.130	141.3
9.33	-7.791	51.138	162.9
9.34	-7.809	51.133	177.2
9.35	-7.827	50.848	180.6
9.36	-7.845	48.442	152.3
9.37	-7.861	41.831	104.4
9.38	-7.876	32.266	38.4
9.39	-7.886	22.439	-6.8
9.4	-7.892	13.350	-52.4
9.41	-7.892	5.025	-70.4
9.42	-7.888	-2.598	-85.2
9.43	-7.884	-9.377	-90.4
9.44	-7.881	-15.142	-87.7
9.45	-7.877	-19.789	-90.3
9.46	-7.871	-23.119	-96.7
9.47	-7.864	-25.027	-85.8
9.48	-7.859	-25.884	-85.8
9.49	-7.854	-26.467	-75.4
9.5	-7.850	-27.564	-80.5
9.51	-7.847	-29.441	-84.4
9.52	-7.846	-31.697	-84.4
9.53	-7.849	-33.609	-79.2
9.54	-7.857	-34.511	-77.9
9.55	-7.872	-34.067	-74.6
9.56	-7.892	-32.238	-84.7
9.57	-7.916	-29.231	-68.4
9.58	-7.942	-25.516	-69.6
9.59	-7.968	-21.602	-66.8
9.6	-7.994	-17.827	-74.5
9.61	-8.018	-14.381	-66.5
9.62	-8.039	-11.428	-58.6
9.63	-8.058	-9.072	-69.3
9.64	-8.078	-7.345	-70.8
9.65	-8.097	-6.306	-55.4
9.66	-8.118	-6.011	-62.7
9.67	-8.141	-6.580	-61.7
9.68	-8.164	-8.094	-60.7
9.69	-8.188	-10.375	-53.8
9.7	-8.211	-13.078	-53.2
9.71	-8.232	-15.809	-50.1
9.72	-8.254	-18.206	-66.2
9.73	-8.275	-20.106	-51.0
9.74	-8.296	-21.547	-53.9
9.75	-8.318	-22.684	-55.5
9.76	-8.341	-23.691	-49.0
9.77	-8.364	-24.672	-42.5
9.78	-8.387	-25.613	-43.8
9.79	-8.412	-26.363	-47.0
9.8	-8.437	-26.802	-23.7
9.81	-8.462	-26.947	-8.0
9.82	-8.488	-26.898	-31.0
9.83	-8.514	-26.689	-16.3
9.84	-8.539	-26.358	-18.8
9.85	-8.564	-26.063	-30.1
9.86	-8.587	-25.939	-48.8
9.87	-8.609	-26.011	-51.2
9.88	-8.632	-26.206	-45.0
9.89	-8.654	-26.453	-53.1
9.9	-8.676	-26.695	-42.3
9.91	-8.697	-26.805	-53.6
9.92	-8.721	-26.698	-26.5
9.93	-8.747	-26.370	-14.4
9.94	-8.771	-25.805	-47.8
9.95	-8.791	-25.081	159.4
9.96	-8.808	-24.258	221.8
9.97	-8.828	-23.250	206.3
9.98	-8.853	-22.175	43.1
9.99	-8.879	-21.473	-86.3
10.0	-8.908	-21.377	-14.1
10.01	-8.939	-21.575	-35.3
10.02	-8.969	-21.656	-23.5
10.03	-8.992	-21.508	-14.9
10.04	-9.008	-21.242	-25.9
10.05	-9.019	-20.948	-7.9
10.06	-9.028	-20.733	-14.3
10.07	-9.038	-20.911	-6.5
10.08	-9.050	-21.695	3.9
10.09	-9.063	-22.752	9.7
10.1	-9.078	-23.213	14.9
10.11	-9.094	-21.622	27.4
10.12	-9.111	-15.942	29.4
10.13	-9.125	-4.775	51.4
10.14	-9.140	10.734	60.7
10.15	-9.155	27.150	92.5
10.16	-9.170	40.697	115.3
10.17	-9.184	48.481	140.8
10.18	-9.197	50.891	167.0
10.19	-9.211	51.117	189.2
10.2	-9.226	50.603	174.6
10.21	-9.242	47.655	162.2
10.22	-9.260	40.873	118.3
10.23	-9.277	31.561	55.8
10.24	-9.293	21.442	11.5
10.25	-9.309	11.417	-14.3
10.26	-9.325	2.164	-41.8
10.27	-9.343	-6.036	-49.7
10.28	-9.364	-13.178	-59.9
10.29	-9.385	-19.177	-60.9
10.3	-9.406	-23.861	-64.3
10.31	-9.425	-27.139	-51.8
10.32	-9.444	-29.020	-62.4
10.33	-9.465	-29.723	-53.8
10.34	-9.486	-29.917	-52.7
10.35	-9.507	-30.314	-56.8
10.36	-9.526	-31.133	-59.7
10.37	-9.541	-32.198	-51.8
10.38	-9.555	-33.067	-47.6
10.39	-9.570	-33.203	-49.1
10.4	-9.584	-32.283	-44.7
10.41	-9.600	-30.267	-41.1
10.42	-9.616	-27.328	-49.7
10.43	-9.633	-23.770	-37.1
10.44	-9.652	-19.959	-47.9
10.45	-9.672	-16.222	-40.8
10.46	-9.693	-12.770	-32.5
10.47	-9.709	-9.731	-36.6
10.48	-9.725	-7.216	-42.1
10.49	-9.740	-5.352	-40.9
10.5	-9.756	-4.311	-39.0
10.51	-9.772	-4.258	-35.8
10.52	-9.790	-5.180	-49.6
10.53	-9.809	-6.917	-39.2
10.54	-9.827	-9.286	-46.6
10.55	-9.842	-11.939	-36.3
10.56	-9.856	-14.413	-40.7
10.57	-9.871	-16.511	-44.7
10.58	-9.886	-18.305	-36.8
10.59	-9.901	-19.938	-38.2
10.6	-9.917	-21.456	-31.3
10.61	-9.934	-22.748	-22.5
10.62	-9.953	-23.734	-34.9
10.63	-9.975	-24.425	-6.4
10.64	-10.000	-24.838	-7.8
10.65	-10.022	-25.030	-11.7
10.66	-10.041	-25.088	-9.4
10.67	-10.056	-25.034	-1.5
10.68	-10.070	-24.845	-15.8
10.69	-10.084	-24.520	-36.5
10.7	-10.101	-24.133	-48.9
10.71	-10.117	-23.786	-40.3
10.72	-10.132	-23.542	-46.4
10.73	-10.147	-23.377	-35.3
10.74	-10.163	-23.163	-48.4
10.75	-10.179	-22.753	-30.2
10.76	-10.196	-22.111	0.8
10.77	-10.211	-21.386	-61.1
10.78	-10.219	-20.748	81.3
10.79	-10.219	-20.195	204.4
10.8	-10.219	-19.688	156.6
10.81	-10.225	-19.300	75.9
10.82	-10.238	-19.153	-91.4
10.83	-10.249	-19.292	-30.2
10.84	-10.258	-19.577	-16.3
10.85	-10.262	-19.652	-26.4
10.86	-10.261	-19.314	-11.7
10.87	-10.252	-18.841	-25.8
10.88	-10.234	-18.606	-16.9
10.89	-10.211	-18.641	-8.5
10.9	-10.189	-18.856	-6.4
10.91	-10.169	-19.364	1.5
10.92	-10.150	-20.169	7.9
10.93	-10.131	-20.867	14.0
10.94	-10.111	-20.827	12.8
10.95	-10.094	-19.108	25.0
10.96	-10.078	-14.242	51.6
10.97	-10.061	-5.052	70.6
10.98	-10.045	7.819	78.9
10.99	-10.028	21.739	105.4
11.0	-10.010	33.778	124.7
11.01	-9.992	42.158	162.2
11.02	-9.974	46.377	158.0
11.03	-9.956	46.705	167.3
11.04	-9.936	43.745	144.8
11.05	-9.916	38.228	107.9
11.06	-9.894	30.870	61.4
11.07	-9.872	22.353	17.2
11.08	-9.849	13.377	-18.0
11.09	-9.831	4.592	-46.6
11.1	-9.821	-3.509	-63.8
11.11	-9.818	-10.708	-54.9
11.12	-9.811	-16.945	-61.2
11.13	-9.794	-22.063	-59.8
11.14	-9.775	-25.811	-66.2
11.15	-9.757	-28.103	-61.0
11.16	-9.739	-29.269	-63.6
11.17	-9.717	-29.855	-63.4
11.18	-9.695	-30.239	-66.3
11.19	-9.672	-30.656	-56.4
11.2	-9.649	-31.127	-68.5
11.21	-9.628	-31.352	-63.3
11.22	-9.608	-30.886	-52.3
11.23	-9.592	-29.411	-52.9
11.24	-9.579	-26.972	-46.3
11.25	-9.569	-23.625	-43.8
11.26	-9.558	-19.177	-50.3
11.27	-9.544	-13.892	-51.5
11.28	-9.529	-8.775	-55.3
11.29	-9.512	-4.748	-30.5
11.3	-9.493	-2.078	-52.8
11.31	-9.473	-0.613	-57.1
11.32	-9.451	0.003	-55.9
11.33	-9.429	0.223	-52.2
11.34	-9.407	0.184	-52.3
11.35	-9.384	-0.309	-56.3
11.36	-9.362	-1.439	-58.9
11.37	-9.339	-3.283	-50.5
11.38	-9.313	-5.806	-58.9
11.39	-9.286	-8.772	-52.3
11.4	-9.257	-11.764	-56.2
11.41	-9.228	-14.370	-53.9
11.42	-9.200	-16.414	-58.0
11.43	-9.173	-17.978	-52.1
11.44	-9.147	-19.252	-54.6
11.45	-9.121	-20.377	-39.4
11.46	-9.098	-21.431	-45.9
11.47	-9.078	-22.473	-36.6
11.48	-9.059	-23.422	-28.0
11.49	-9.043	-24.050	-25.8
11.5	-9.025	-24.228	-35.6
11.51	-9.006	-24.072	-24.9
11.52	-8.988	-23.831	-21.7
11.53	-8.966	-23.622	-44.0
11.54	-8.943	-23.431	-68.0
11.55	-8.919	-23.280	-66.7
11.56	-8.894	-23.206	-64.5
11.57	-8.868	-23.070	-61.9
11.58	-8.844	-22.598	-53.3
11.59	-8.821	-21.756	-69.3
11.6	-8.802	-20.800	-38.6
11.61	-8.787	-19.944	-38.8
11.62	-8.773	-19.241	-61.4
11.63	-8.751	-18.645	145.8
11.64	-8.724	-18.100	184.6
11.65	-8.697	-17.547	176.0
11.66	-8.676	-17.055	3.9
11.67	-8.659	-16.859	-114.8
11.68	-8.644	-17.130	-33.9
11.69	-8.629	-17.730	-57.2
11.7	-8.611	-18.281	-48.4
11.71	-8.585	-18.522	-41.6
11.72	-8.553	-18.464	-45.8
11.73	-8.519	-18.180	-37.2
11.74	-8.488	-17.769	-42.2
11.75	-8.460	-17.470	-28.0
11.76	-8.435	-17.405	-29.6
11.77	-8.410	-17.217	-21.8
11.78	-8.387	-16.025	-7.4
11.79	-8.368	-12.441	9.6
11.8	-8.350	-4.923	-1.2
11.81	-8.332	6.795	16.1
11.82	-8.315	20.650	30.5
11.83	-8.301	33.495	55.0
11.84	-8.287	43.134	74.5
11.85	-8.273	48.717	106.3
11.86	-8.259	50.664	123.8
11.87	-8.245	49.894	142.2
11.88	-8.231	46.588	137.0
11.89	-8.217	40.903	114.6
11.9	-8.206	33.494	78.8
11.91	-8.194	25.116	35.6
11.92	-8.182	16.602	-15.7
11.93	-8.170	8.542	-37.1
11.94	-8.159	1.200	-63.3
11.95	-8.149	-5.277	-73.5
11.96	-8.141	-10.863	-81.1
11.97	-8.133	-15.556	-84.1
11.98	-8.125	-19.216	-88.4
11.99	-8.116	-21.708	-66.2
12.0	-8.107	-23.081	-78.5
12.01	-8.098	-23.652	-77.7
12.02	-8.088	-24.027	-74.0
12.03	-8.078	-24.752	-73.2
12.04	-8.069	-25.944	-72.0
12.05	-8.063	-27.348	-65.5
12.06	-8.057	-28.475	-73.6
12.07	-8.052	-28.723	-65.9
12.08	-8.047	-27.800	-71.2
12.09	-8.045	-25.802	-66.5
12.1	-8.044	-23.031	-64.7
12.11	-8.043	-19.903	-58.6
12.12	-8.042	-16.759	-66.1
12.13	-8.041	-13.800	-58.3
12.14	-8.039	-11.230	-55.7
12.15	-8.036	-9.209	-55.3
12.16	-8.034	-7.742	-67.3
12.17	-8.033	-6.811	-61.5
12.18	-8.031	-6.480	-58.7
12.19	-8.028	-6.769	-50.3
12.2	-8.025	-7.613	-56.7
12.21	-8.021	-8.897	-50.7
12.22	-8.017	-10.427	-60.7
12.23	-8.013	-12.031	-57.7
12.24	-8.009	-13.653	-58.9
12.25	-8.004	-15.230	-53.5
12.26	-7.998	-16.677	-63.0
12.27	-7.991	-17.913	-54.0
12.28	-7.983	-18.880	-58.5
12.29	-7.978	-19.556	-53.5
12.3	-7.972	-19.984	-48.8
12.31	-7.968	-20.269	-46.0
12.32	-7.963	-20.469	-57.6
12.33	-7.958	-20.609	-44.3
12.34	-7.955	-20.750	-44.7
12.35	-7.951	-20.895	-41.6
12.36	-7.947	-20.928	-38.7
12.37	-7.944	-20.698	-37.1
12.38	-7.939	-20.258	-42.3
12.39	-7.936	-19.872	-18.8
12.4	-7.934	-19.686	-19.4
12.41	-7.932	-19.659	-25.5
12.42	-7.929	-19.717	-15.2
12.43	-7.926	-19.797	-4.7
12.44	-7.923	-19.870	-39.6
12.45	-7.919	-19.889	-50.7
12.46	-7.916	-19.811	-59.8
12.47	-7.913	-19.688	-50.5
12.48	-7.909	-19.580	-55.8
12.49	-7.907	-19.323	-40.6
12.5	-7.905	-18.650	-66.5
12.51	-7.903	-17.814	-11.7
12.52	-7.903	-17.273	-46.6
12.53	-7.902	-16.889	-6.0
12.54	-7.896	-16.466	209.3
12.55	-7.889	-16.094	257.3
12.56	-7.884	-15.630	280.1
12.57	-7.882	-15.031	56.9
12.58	-7.883	-14.867	-85.3
12.59	-7.885	-15.516	-13.0
12.6	-7.888	-16.509	-53.1
12.61	-7.886	-17.336	-32.9
12.62	-7.880	-17.817	-42.1
12.63	-7.871	-17.570	-30.2
12.64	-7.863	-16.445	-39.2
12.65	-7.856	-15.245	-25.3
12.66	-7.849	-14.703	-19.5
12.67	-7.840	-14.627	-14.4
12.68	-7.829	-14.316	-5.0
12.69	-7.821	-12.333	8.2
12.7	-7.816	-6.547	10.0
12.71	-7.810	4.086	35.2
12.72	-7.805	18.158	46.7
12.73	-7.801	32.587	69.0
12.74	-7.798	43.891	89.5
12.75	-7.795	49.645	127.6
12.76	-7.793	51.055	151.0
12.77	-7.790	51.131	179.8
12.78	-7.787	50.913	192.2
12.79	-7.783	48.995	198.9
12.8	-7.781	43.622	170.7
12.81	-7.779	35.581	130.0
12.82	-7.779	26.825	64.2
12.83	-7.778	18.347	18.1
12.84	-7.777	10.580	-25.9
12.85	-7.776	3.609	-48.7
12.86	-7.774	-2.619	-64.5
12.87	-7.774	-8.009	-66.2
12.88	-7.775	-12.273	-77.3
12.89	-7.776	-15.069	-64.3
12.9	-7.776	-16.595	-70.5
12.91	-7.776	-17.441	-68.8
12.92	-7.777	-17.795	-66.5
12.93	-7.779	-17.970	-60.1
12.94	-7.779	-18.633	-68.3
12.95	-7.779	-19.970	-60.6
12.96	-7.777	-21.642	-66.5
12.97	-7.776	-23.203	-56.3
12.98	-7.776	-24.167	-60.2
12.99	-7.777	-24.197	-56.4
13.0	-7.779	-23.297	-57.5
13.01	-7.784	-21.614	-48.6
13.02	-7.790	-19.109	-57.0
13.03	-7.798	-16.031	-51.7
13.04	-7.807	-13.156	-54.3
13.05	-7.818	-10.788	-48.0
13.06	-7.831	-8.755	-53.2
13.07	-7.843	-7.109	-53.8
13.08	-7.855	-5.884	-60.8
13.09	-7.866	-5.077	-51.1
13.1	-7.876	-4.814	-55.6
13.11	-7.886	-5.078	-47.0
13.12	-7.901	-5.686	-57.4
13.13	-7.919	-6.731	-53.0
13.14	-7.939	-8.430	-54.0
13.15	-7.956	-10.544	-54.9
13.16	-7.969	-12.761	-49.7
13.17	-7.981	-14.913	-39.1
13.18	-7.993	-16.798	-54.6
13.19	-8.004	-18.433	-43.2
13.2	-8.017	-19.911	-46.3
13.21	-8.031	-21.209	-45.6
13.22	-8.046	-22.203	-47.3
13.23	-8.061	-22.694	-43.2
13.24	-8.078	-22.869	-54.2
13.25	-8.096	-23.117	-42.3
13.26	-8.113	-23.395	-46.8
13.27	-8.127	-23.548	-39.7
13.28	-8.141	-23.605	-34.2
13.29	-8.154	-23.538	-28.2
13.3	-8.166	-23.345	-37.3
13.31	-8.177	-23.094	-16.3
13.32	-8.188	-22.772	-11.7
13.33	-8.199	-22.175	-16.4
13.34	-8.211	-21.241	-10.8
13.35	-8.223	-20.402	-6.5
13.36	-8.236	-19.916	-42.3
13.37	-8.249	-19.588	-43.6
13.38	-8.264	-19.420	-50.2
13.39	-8.279	-19.514	-42.3
13.4	-8.296	-19.809	-47.6
13.41	-8.312	-20.125	-36.4
13.42	-8.329	-20.039	-61.4
13.43	-8.348	-19.461	-12.8
13.44	-8.368	-18.816	-46.4
13.45	-8.385	-18.203	-26.3
13.46	-8.395	-17.566	207.8
13.47	-8.402	-17.038	282.1
13.48	-8.414	-16.598	284.5
13.49	-8.431	-16.319	56.8
13.5	-8.449	-16.545	-103.9
13.51	-8.470	-17.228	-9.5
13.52	-8.490	-17.859	-46.3
13.53	-8.506	-18.258	-30.9
13.54	-8.516	-18.498	-31.9
13.55	-8.519	-18.517	-22.1
13.56	-8.521	-18.319	-19.9
13.57	-8.524	-18.170	-15.4
13.58	-8.529	-18.459	-18.2
13.59	-8.537	-19.252	-2.8
13.6	-8.546	-19.848	-2.2
13.61	-8.558	-19.094	13.4
13.62	-8.571	-15.542	18.8
13.63	-8.586	-7.345	34.3
13.64	-8.603	6.016	47.4
13.65	-8.620	22.153	72.1
13.66	-8.637	37.113	90.6
13.67	-8.652	46.964	120.3
13.68	-8.668	50.638	142.9
13.69	-8.683	51.130	177.8
13.7	-8.697	51.120	184.3
13.71	-8.713	50.611	186.2
13.72	-8.729	47.756	160.2
13.73	-8.747	41.377	120.7
13.74	-8.766	32.883	64.7
13.75	-8.787	23.973	22.5
13.76	-8.808	15.267	-19.2
13.77	-8.829	6.978	-34.6
13.78	-8.852	-0.838	-50.5
13.79	-8.876	-7.995	-50.7
13.8	-8.901	-14.041	-66.2
13.81	-8.924	-18.436	-60.0
13.82	-8.944	-21.103	-63.8
13.83	-8.961	-22.481	-57.9
13.84	-8.979	-22.964	-59.8
13.85	-8.996	-23.061	-59.4
13.86	-9.013	-23.477	-61.0
13.87	-9.028	-24.527	-47.8
13.88	-9.044	-26.059	-55.0
13.89	-9.060	-27.541	-47.6
13.9	-9.078	-28.238	-56.7
13.91	-9.098	-27.747	-48.1
13.92	-9.117	-26.138	-47.8
13.93	-9.138	-23.708	-48.6
13.94	-9.158	-20.906	-52.5
13.95	-9.178	-18.223	-41.4
13.96	-9.197	-15.842	-47.6
13.97	-9.214	-13.625	-45.3
13.98	-9.229	-11.495	-43.0
13.99	-9.241	-9.528	-35.7
14.0	-9.251	-7.867	-52.4
14.01	-9.262	-6.716	-38.2
14.02	-9.274	-6.239	-44.6
14.03	-9.288	-6.541	-45.0
14.04	-9.303	-7.627	-44.4
14.05	-9.319	-9.364	-42.3
14.06	-9.334	-11.527	-48.8
14.07	-9.349	-13.872	-43.8
14.08	-9.366	-16.217	-49.6
14.09	-9.383	-18.378	-33.0
14.1	-9.398	-20.136	-39.5
14.11	-9.414	-21.375	-50.9
14.12	-9.430	-22.206	-36.9
14.13	-9.446	-22.808	-28.5
14.14	-9.464	-23.225	-44.6
14.15	-9.482	-23.506	-24.0
14.16	-9.502	-23.736	-34.1
14.17	-9.521	-23.895	-28.2
14.18	-9.541	-23.983	-29.1
14.19	-9.560	-24.055	-14.1
14.2	-9.577	-24.080	-6.5
14.21	-9.591	-24.005	-1.2
14.22	-9.604	-23.908	-8.6
14.23	-9.615	-23.920	-1.4
14.24	-9.626	-24.034	-11.0
14.25	-9.636	-24.077	-31.3
14.26	-9.648	-23.855	-58.0
14.27	-9.661	-23.333	-32.5
14.28	-9.674	-22.622	-35.8
14.29	-9.686	-21.822	-28.2
14.3	-9.697	-20.981	-29.3
14.31	-9.707	-20.131	-38.3
14.32	-9.720	-19.305	0.2
14.33	-9.731	-18.539	-58.8
14.34	-9.737	-17.808	33.2
14.35	-9.738	-17.048	216.0
14.36	-9.740	-16.286	201.4
14.37	-9.750	-15.655	148.8
14.38	-9.768	-15.375	-58.7
14.39	-9.787	-15.663	-54.3
14.4	-9.805	-16.400	-4.3
14.41	-9.822	-17.072	-32.2
14.42	-9.833	-17.328	-27.2
14.43	-9.835	-17.342	-18.9
14.44	-9.827	-17.359	-14.6
14.45	-9.814	-17.370	-8.9
14.46	-9.803	-17.486	-14.6
14.47	-9.794	-17.963	0.6
14.48	-9.788	-18.803	-5.7
14.49	-9.783	-19.673	6.6
14.5	-9.779	-19.873	18.0
14.51	-9.776	-17.902	27.1
14.52	-9.773	-11.653	33.9
14.53	-9.769	-0.142	70.6
14.54	-9.766	14.998	76.9
14.55	-9.763	30.436	85.8
14.56	-9.760	42.711	116.6
14.57	-9.759	49.261	142.3
14.58	-9.758	51.009	153.7
14.59	-9.759	51.130	169.6
14.6	-9.762	50.856	152.6
14.61	-9.766	48.725	130.4
14.62	-9.771	43.077	81.0
14.63	-9.774	34.752	44.7
14.64	-9.775	25.544	-9.2
14.65	-9.774	16.325	-31.3
14.66	-9.776	7.533	-49.6
14.67	-9.781	-0.533	-52.0
14.68	-9.787	-7.714	-64.1
14.69	-9.792	-13.902	-63.1
14.7	-9.793	-18.848	-62.5
14.71	-9.792	-22.259	-58.5
14.72	-9.793	-24.142	-56.7
14.73	-9.792	-25.025	-52.0
14.74	-9.787	-25.619	-63.3
14.75	-9.781	-26.338	-52.9
14.76	-9.772	-27.300	-62.2
14.77	-9.760	-28.392	-52.2
14.78	-9.747	-29.181	-52.4
14.79	-9.734	-29.111	-57.2
14.8	-9.723	-27.911	-55.1
14.81	-9.713	-25.684	-38.1
14.82	-9.704	-22.691	-38.2
14.83	-9.694	-19.175	-44.1
14.84	-9.683	-15.377	-54.2
14.85	-9.670	-11.541	-34.4
14.86	-9.657	-7.848	-51.4
14.87	-9.644	-4.467	-39.1
14.88	-9.632	-1.588	-37.9
14.89	-9.621	0.675	-32.2
14.9	-9.611	2.161	-44.8
14.91	-9.602	2.661	-42.7
14.92	-9.593	2.094	-44.3
14.93	-9.584	0.530	-44.1
14.94	-9.574	-1.872	-41.6
14.95	-9.563	-4.880	-33.1
14.96	-9.549	-8.155	-48.7
14.97	-9.534	-11.333	-38.3
14.98	-9.515	-14.189	-35.0
14.99	-9.493	-16.652	-34.7
15.0	-9.470	-18.756	-33.7
15.01	-9.446	-20.511	-25.1
15.02	-9.422	-21.852	-28.6
15.03	-9.399	-22.711	-21.9
15.04	-9.374	-23.108	-21.5
15.05	-9.348	-23.175	-6.9
15.06	-9.321	-23.028	-18.1
15.07	-9.294	-22.758	-9.0
15.08	-9.266	-22.464	-12.3
15.09	-9.238	-22.133	-15.9
15.1	-9.209	-21.709	-46.3
15.11	-9.180	-21.189	-49.9
15.12	-9.152	-20.566	-53.5
15.13	-9.125	-19.938	-44.6
15.14	-9.099	-19.500	-45.3
15.15	-9.072	-19.327	-29.7
15.16	-9.046	-19.363	-54.6
15.17	-9.024	-19.553	0.5
15.18	-9.002	-19.716	-51.6
15.19	-8.975	-19.661	-17.9
15.2	-8.942	-19.409	186.9
15.21	-8.904	-18.958	215.9
15.22	-8.869	-18.288	159.2
15.23	-8.842	-17.623	-35.8
15.24	-8.820	-17.213	-84.0
15.25	-8.801	-17.173	-9.0
15.26	-8.784	-17.450	-47.8
15.27	-8.764	-17.717	-19.3
15.28	-8.737	-17.716	-31.1
15.29	-8.703	-17.497	-26.1
15.3	-8.666	-17.209	-25.4
15.31	-8.629	-16.992	-17.4
15.32	-8.596	-17.073	-28.7
15.33	-8.566	-17.622	-11.0
15.34	-8.537	-18.400	-2.4
15.35	-8.513	-18.642	-3.7
15.36	-8.492	-16.886	11.2
15.37	-8.472	-11.098	27.1
15.38	-8.453	-0.159	30.5
15.39	-8.433	14.563	54.2
15.4	-8.414	29.895	67.5
15.41	-8.396	42.341	103.9
15.42	-8.378	49.145	114.8
15.43	-8.363	51.002	145.3
15.44	-8.348	51.131	153.9
15.45	-8.333	51.106	155.2
15.46	-8.318	50.383	124.0
15.47	-8.303	47.116	79.7
15.48	-8.287	40.548	25.4
15.49	-8.272	32.167	-11.2
15.5	-8.256	23.305	-46.5
15.51	-8.242	14.488	-55.5
15.52	-8.230	6.066	-80.2
15.53	-8.219	-1.675	-78.3
15.54	-8.208	-8.500	-78.0
15.55	-8.197	-14.227	-71.6
15.56	-8.186	-18.702	-77.4
15.57	-8.175	-21.880	-68.3
15.58	-8.164	-24.048	-68.3
15.59	-8.152	-25.817	-69.4
15.6	-8.141	-27.703	-77.5
15.61	-8.130	-29.770	-64.1
15.62	-8.121	-31.733	-71.8
15.63	-8.113	-33.127	-62.0
15.64	-8.104	-33.444	-69.8
15.65	-8.099	-32.375	-65.4
15.66	-8.094	-29.973	-58.6
15.67	-8.089	-26.636	-57.3
15.68	-8.084	-22.847	-68.8
15.69	-8.079	-19.009	-53.3
15.7	-8.072	-15.378	-56.2
15.71	-8.066	-12.030	-50.9
15.72	-8.058	-9.048	-58.1
15.73	-8.049	-6.631	-56.2
15.74	-8.042	-4.941	-60.7
15.75	-8.035	-4.064	-49.3
15.76	-8.028	-3.984	-59.1
15.77	-8.022	-4.622	-55.0
15.78	-8.018	-5.923	-58.8
15.79	-8.013	-7.755	-53.4
15.8	-8.008	-9.900	-55.0
15.81	-8.002	-12.128	-45.5
15.82	-7.996	-14.219	-55.1
15.83	-7.990	-16.084	-48.0
15.84	-7.981	-17.752	-50.2
15.85	-7.968	-19.258	-47.0
15.86	-7.953	-20.617	-49.6
15.87	-7.940	-21.792	-39.1
15.88	-7.930	-22.697	-48.6
15.89	-7.921	-23.306	-37.8
15.9	-7.912	-23.689	-47.2
15.91	-7.905	-23.883	-39.2
15.92	-7.899	-23.947	-45.1
15.93	-7.893	-23.934	-43.3
15.94	-7.888	-23.848	-40.0
15.95	-7.882	-23.731	-26.2
15.96	-7.874	-23.633	-33.0
15.97	-7.866	-23.541	-17.5
15.98	-7.859	-23.413	-14.3
15.99	-7.854	-23.253	-8.1
16.0	-7.849	-23.058	-15.2
16.01	-7.846	-22.789	-6.1
16.02	-7.843	-22.528	-13.8
16.03	-7.842	-22.330	-25.8
16.04	-7.841	-22.080	-52.0
16.05	-7.840	-21.725	-38.6
16.06	-7.839	-21.336	-40.4
16.07	-7.838	-20.939	-42.0
16.08	-7.836	-20.530	-40.6
16.09	-7.836	-20.141	-46.3
16.1	-7.838	-19.756	1.6
16.11	-7.842	-19.295	-49.0
16.12	-7.844	-18.711	40.9
16.13	-7.841	-18.016	228.8
16.14	-7.838	-17.238	249.4
16.15	-7.841	-16.408	268.5
16.16	-7.847	-15.769	-10.3
16.17	-7.854	-15.742	-59.4
16.18	-7.862	-16.405	-10.6
16.19	-7.867	-17.331	-42.4
16.2	-7.864	-18.066	-25.9
16.21	-7.857	-18.416	-29.5
16.22	-7.848	-18.348	-24.0
16.23	-7.839	-18.027	-16.8
16.24	-7.833	-17.828	-21.3
16.25	-7.828	-18.050	-9.7
16.26	-7.822	-18.484	-16.2
16.27	-7.817	-18.102	-1.5
16.28	-7.813	-14.944	3.0
16.29	-7.809	-6.695	21.2
16.3	-7.806	7.461	27.0
16.31	-7.800	25.252	52.6
16.32	-7.796	40.980	69.0
16.33	-7.794	49.186	101.7
16.34	-7.793	51.052	128.4
16.35	-7.793	51.134	160.9
16.36	-7.793	51.139	171.5
16.37	-7.794	51.138	191.3
16.38	-7.796	51.133	182.6
16.39	-7.796	50.739	165.7
16.4	-7.798	47.830	111.1
16.41	-7.799	40.564	62.2
16.42	-7.800	30.764	7.8
16.43	-7.802	20.991	-20.8
16.44	-7.802	11.859	-52.2
16.45	-7.803	3.456	-59.7
16.46	-7.806	-3.986	-73.7
16.47	-7.811	-10.203	-71.3
16.48	-7.814	-15.036	-80.2
16.49	-7.815	-18.400	-66.7
16.5	-7.816	-20.398	-70.2
16.51	-7.817	-21.433	-61.5
16.52	-7.821	-22.172	-62.4
16.53	-7.822	-23.292	-55.7
16.54	-7.822	-24.961	-63.3
16.55	-7.822	-26.767	-49.5
16.56	-7.821	-28.172	-52.0
16.57	-7.821	-28.747	-49.4
16.58	-7.822	-28.236	-52.8
16.59	-7.823	-26.680	-49.0
16.6	-7.826	-24.370	-61.3
16.61	-7.828	-21.572	-42.8
16.62	-7.832	-18.459	-54.8
16.63	-7.836	-15.194	-48.9
16.64	-7.839	-11.988	-54.0
16.65	-7.843	-9.108	-49.6
16.66	-7.846	-6.773	-53.9
16.67	-7.848	-5.086	-49.2
16.68	-7.852	-4.091	-53.3
16.69	-7.856	-3.803	-52.8
16.7	-7.863	-4.222	-58.5
16.71	-7.871	-5.344	-43.3
16.72	-7.879	-7.142	-51.3
16.73	-7.889	-9.409	-47.9
16.74	-7.901	-11.827	-58.1
16.75	-7.914	-14.213	-41.4
16.76	-7.928	-16.408	-48.8
16.77	-7.942	-18.275	-48.3
16.78	-7.958	-19.889	-48.4
16.79	-7.973	-21.366	-47.9
16.8	-7.988	-22.656	-53.2
16.81	-8.002	-23.627	-38.5
16.82	-8.017	-24.269	-47.7
16.83	-8.032	-24.742	-37.5
16.84	-8.047	-25.127	-45.2
16.85	-8.063	-25.331	-36.1
16.86	-8.079	-25.278	-46.3
16.87	-8.093	-25.025	-23.2
16.88	-8.106	-24.678	-26.1
16.89	-8.119	-24.264	-25.1
16.9	-8.130	-23.827	-15.7
16.91	-8.140	-23.597	-4.2
16.92	-8.151	-23.758	-13.3
16.93	-8.164	-24.202	-4.3
16.94	-8.179	-24.686	-17.9
16.95	-8.194	-24.994	-31.8
16.96	-8.209	-25.019	-55.5
16.97	-8.224	-24.820	-43.5
16.98	-8.239	-24.469	-48.9
16.99	-8.256	-23.973	-39.8
17.0	-8.272	-23.370	-39.8
17.01	-8.289	-22.798	-54.2
17.02	-8.307	-22.359	-10.0
17.03	-8.325	-21.944	-46.7
17.04	-8.338	-21.467	6.5
17.05	-8.342	-20.914	237.4
17.06	-8.345	-20.136	286.3
17.07	-8.354	-19.095	283.6
17.08	-8.371	-18.125	3.1
17.09	-8.390	-17.758	-79.9
17.1	-8.411	-18.211	-21.2
17.11	-8.434	-19.094	-43.2
17.12	-8.454	-19.841	-33.2
17.13	-8.467	-20.230	-39.5
17.14	-8.478	-20.303	-32.7
17.15	-8.486	-20.102	-21.2
17.16	-8.496	-19.859	-26.4
17.17	-8.508	-19.936	-14.9
17.18	-8.521	-20.345	-8.1
17.19	-8.535	-20.633	4.3
17.2	-8.551	-19.722	-5.1
17.21	-8.568	-15.477	22.2
17.22	-8.585	-5.477	32.0
17.23	-8.602	10.572	55.1
17.24	-8.617	29.283	68.9
17.25	-8.632	43.898	99.0
17.26	-8.646	50.133	117.2
17.27	-8.660	51.114	154.2
17.28	-8.674	51.136	171.1
17.29	-8.689	51.139	188.6
17.3	-8.704	51.138	175.7
17.31	-8.719	51.113	162.2
17.32	-8.734	50.356	108.8
17.33	-8.751	46.308	64.3
17.34	-8.767	37.750	7.9
17.35	-8.783	27.177	-23.6
17.36	-8.799	16.744	-48.5
17.37	-8.816	6.834	-54.9
17.38	-8.835	-2.414	-67.3
17.39	-8.856	-10.669	-61.7
17.4	-8.875	-17.466	-74.6
17.41	-8.893	-22.475	-66.2
17.42	-8.909	-25.630	-65.4
17.43	-8.927	-27.188	-54.7
17.44	-8.945	-27.839	-70.6
17.45	-8.964	-28.434	-58.8
17.46	-8.982	-29.528	-63.5
17.47	-9.000	-31.169	-52.4
17.48	-9.019	-32.898	-57.0
17.49	-9.041	-33.977	-51.2
17.5	-9.062	-33.823	-53.8
17.51	-9.083	-32.247	-45.7
17.52	-9.104	-29.389	-54.3
17.53	-9.126	-25.670	-48.5
17.54	-9.147	-21.645	-50.8
17.55	-9.167	-17.689	-38.4
17.56	-9.184	-13.925	-52.6
17.57	-9.199	-10.388	-44.8
17.58	-9.213	-7.180	-52.9
17.59	-9.226	-4.508	-38.1
17.6	-9.238	-2.547	-48.6
17.61	-9.249	-1.452	-46.2
17.62	-9.261	-1.456	-47.6
17.63	-9.272	-2.681	-42.2
17.64	-9.283	-4.931	-49.6
17.65	-9.294	-7.761	-37.9
17.66	-9.304	-10.691	-42.6
17.67	-9.314	-13.480	-33.3
17.68	-9.325	-16.053	-38.0
17.69	-9.336	-18.320	-36.5
17.7	-9.349	-20.263	-46.2
17.71	-9.362	-21.898	-37.5
17.72	-9.376	-23.220	-50.1
17.73	-9.391	-24.292	-33.2
17.74	-9.404	-25.222	-33.1
17.75	-9.418	-26.016	-24.6
17.76	-9.432	-26.619	-24.3
17.77	-9.445	-26.902	-3.4
17.78	-9.459	-26.809	-8.3
17.79	-9.474	-26.533	-5.2
17.8	-9.489	-26.297	-7.1
17.81	-9.504	-26.192	1.1
17.82	-9.517	-26.195	-22.9
17.83	-9.531	-26.170	-27.0
17.84	-9.546	-25.955	-43.7
17.85	-9.561	-25.513	-34.3
17.86	-9.576	-24.989	-44.4
17.87	-9.591	-24.534	-23.6
17.88	-9.605	-24.145	-45.5
17.89	-9.621	-23.708	5.9
17.9	-9.638	-23.105	-38.8
17.91	-9.651	-22.359	-21.5
17.92	-9.659	-21.558	184.1
17.93	-9.666	-20.663	212.1
17.94	-9.677	-19.711	176.7
17.95	-9.696	-18.981	11.7
17.96	-9.718	-18.756	-81.6
17.97	-9.739	-19.044	5.2
17.98	-9.758	-19.480	-39.8
17.99	-9.773	-19.661	-17.8
18.0	-9.781	-19.561	-22.2
18.01	-9.779	-19.405	-19.3
18.02	-9.773	-19.309	-16.3
18.03	-9.766	-19.411	-2.0
18.04	-9.763	-19.909	-7.6
18.05	-9.763	-20.778	5.4
18.06	-9.764	-21.695	0.9
18.07	-9.765	-22.095	17.9
18.08	-9.768	-20.758	24.5
18.09	-9.769	-15.398	39.4
18.1	-9.771	-3.889	47.0
18.11	-9.773	13.272	79.4
18.12	-9.773	31.961	89.6
18.13	-9.774	45.392	122.6
18.14	-9.776	50.480	134.5
18.15	-9.779	51.128	163.1
18.16	-9.783	51.138	167.2
18.17	-9.788	51.139	172.0
18.18	-9.793	51.133	144.8
18.19	-9.796	50.984	109.6
18.2	-9.800	49.020	41.3
18.21	-9.803	42.384	8.1
18.22	-9.806	31.645	-21.4
18.23	-9.808	20.061	-47.3
18.24	-9.816	9.123	-59.7
18.25	-9.828	-0.956	-53.7
18.26	-9.841	-9.977	-75.1
18.27	-9.852	-17.558	-56.1
18.28	-9.860	-23.350	-64.3
18.29	-9.869	-27.275	-59.2
18.3	-9.879	-29.753	-74.8
18.31	-9.885	-31.597	-60.5
18.32	-9.888	-33.405	-62.9
18.33	-9.888	-35.363	-51.5
18.34	-9.887	-37.369	-57.7
18.35	-9.886	-38.963	-59.6
18.36	-9.885	-39.509	-64.4
18.37	-9.885	-38.534	-52.5
18.38	-9.885	-35.913	-55.7
18.39	-9.884	-31.895	-42.5
18.4	-9.882	-26.992	-48.6
18.41	-9.877	-21.744	-40.3
18.42	-9.871	-16.431	-52.8
18.43	-9.863	-11.150	-42.3
18.44	-9.853	-6.100	-55.0
18.45	-9.841	-1.558	-48.4
18.46	-9.826	2.173	-51.2
18.47	-9.806	4.806	-42.6
18.48	-9.782	6.117	-50.2
18.49	-9.756	5.959	-47.7
18.5	-9.729	4.333	-53.0
18.51	-9.704	1.475	-42.3
18.52	-9.678	-2.150	-52.7
18.53	-9.654	-6.036	-40.9
18.54	-9.633	-9.841	-47.6
18.55	-9.614	-13.372	-38.0
18.56	-9.596	-16.563	-50.8
18.57	-9.578	-19.439	-37.0
18.58	-9.558	-21.973	-29.4
18.59	-9.537	-24.030	-21.8
18.6	-9.514	-25.531	-27.1
18.61	-9.492	-26.572	-14.0
18.62	-9.469	-27.222	-20.8
18.63	-9.446	-27.434	-21.5
18.64	-9.422	-27.167	-62.5
18.65	-9.397	-26.495	-50.6
18.66	-9.371	-25.659	-55.4
18.67	-9.344	-24.952	-55.8
18.68	-9.317	-24.509	-47.8
18.69	-9.291	-24.214	-52.4
18.7	-9.266	-23.889	-63.3
18.71	-9.245	-23.436	8.4
18.72	-9.223	-22.661	-80.0
18.73	-9.196	-21.425	36.0
18.74	-9.162	-19.847	201.0
18.75	-9.123	-18.108	180.8
18.76	-9.086	-16.456	90.5
18.77	-9.054	-15.278	-89.1
18.78	-9.027	-14.666	-71.8
18.79	-9.002	-14.280	-23.5
18.8	-8.976	-14.003	-55.3
18.81	-8.949	-13.944	-30.4
18.82	-8.917	-14.006	-53.1
18.83	-8.879	-14.167	-35.0
18.84	-8.839	-14.583	-27.0
18.85	-8.799	-15.358	-11.0
18.86	-8.762	-16.466	-21.8
18.87	-8.727	-17.675	-10.9
18.88	-8.694	-18.745	-13.6
18.89	-8.662	-19.259	8.2
18.9	-8.634	-17.791	10.8
18.91	-8.607	-12.372	34.2
18.92	-8.582	-1.870	35.8
18.93	-8.559	13.695	57.8
18.94	-8.537	31.641	78.7
18.95	-8.519	45.181	116.6
18.96	-8.502	50.447	126.4
18.97	-8.488	51.128	153.8
18.98	-8.474	51.138	155.0
18.99	-8.461	51.138	148.1
19.0	-8.448	51.131	99.3
19.01	-8.437	50.713	56.6
19.02	-8.426	47.536	4.5
19.03	-8.416	39.439	-24.8
19.04	-8.408	28.288	-65.4
19.05	-8.403	16.934	-70.0
19.06	-8.401	6.117	-90.0
19.07	-8.398	-4.106	-83.4
19.08	-8.393	-13.470	-94.8
19.09	-8.386	-21.409	-76.8
19.1	-8.379	-27.366	-87.7
19.11	-8.373	-31.264	-82.3
19.12	-8.364	-33.680	-88.6
19.13	-8.354	-35.480	-83.1
19.14	-8.344	-37.361	-82.8
19.15	-8.338	-39.531	-72.0
19.16	-8.331	-41.580	-83.1
19.17	-8.323	-42.708	-71.6
19.18	-8.315	-42.225	-75.8
19.19	-8.308	-39.844	-69.4
19.2	-8.301	-35.761	-80.0
19.21	-8.296	-30.634	-58.0
19.22	-8.290	-25.141	-71.1
19.23	-8.283	-19.689	-60.1
19.24	-8.275	-14.613	-66.1
19.25	-8.266	-10.233	-65.9
19.26	-8.256	-6.741	-75.6
19.27	-8.248	-4.197	-62.6
19.28	-8.241	-2.641	-72.2
19.29	-8.236	-2.109	-66.3
19.3	-8.233	-2.523	-70.7
19.31	-8.229	-3.667	-57.4
19.32	-8.225	-5.383	-72.0
19.33	-8.219	-7.620	-61.8
19.34	-8.214	-10.300	-70.0
19.35	-8.209	-13.297	-58.4
19.36	-8.203	-16.366	-69.1
19.37	-8.197	-19.181	-55.8
19.38	-8.191	-21.588	-67.9
19.39	-8.184	-23.567	-62.0
19.4	-8.179	-25.072	-65.8
19.41	-8.174	-26.141	-58.4
19.42	-8.171	-26.914	-67.5
19.43	-8.167	-27.513	-54.5
19.44	-8.163	-27.995	-56.3
19.45	-8.159	-28.267	-46.4
19.46	-8.157	-28.192	-46.8
19.47	-8.155	-27.848	-17.8
19.48	-8.152	-27.420	-41.1
19.49	-8.150	-27.003	-38.8
19.5	-8.146	-26.656	-35.1
19.51	-8.142	-26.408	-28.7
19.52	-8.138	-26.142	-57.5
19.53	-8.134	-25.695	-63.4
19.54	-8.127	-25.027	-67.9
19.55	-8.119	-24.225	-60.0
19.56	-8.111	-23.405	-62.9
19.57	-8.105	-22.681	-64.6
19.58	-8.102	-22.131	-58.8
19.59	-8.101	-21.711	-16.5
19.6	-8.098	-21.311	-77.2
19.61	-8.091	-20.820	111.2
19.62	-8.078	-20.114	194.8
19.63	-8.066	-19.173	222.5
19.64	-8.061	-18.169	135.8
19.65	-8.058	-17.489	-80.3
19.66	-8.057	-17.516	-44.7
19.67	-8.059	-18.164	-37.0
19.68	-8.061	-18.952	-60.6
19.69	-8.058	-19.494	-35.4
19.7	-8.049	-19.650	-55.3
19.71	-8.037	-19.428	-35.7
19.72	-8.025	-19.000	-47.1
19.73	-8.014	-18.814	-29.0
19.74	-8.004	-19.316	-31.4
19.75	-7.994	-20.144	-18.3
19.76	-7.984	-19.625	-18.4
19.77	-7.974	-14.981	0.7
19.78	-7.964	-3.653	3.1
19.79	-7.956	14.281	24.4
19.8	-7.949	33.858	32.2
19.81	-7.941	46.759	67.1
19.82	-7.934	50.783	83.2
19.83	-7.928	51.125	127.5
19.84	-7.923	51.139	142.9
19.85	-7.918	51.139	172.0
19.86	-7.914	51.139	171.1
19.87	-7.909	51.131	157.8
19.88	-7.905	50.986	120.1
19.89	-7.902	48.978	77.5
19.9	-7.898	42.350	4.5
19.91	-7.896	32.114	-20.1
19.92	-7.893	21.642	-60.5
19.93	-7.889	12.130	-69.9
19.94	-7.885	3.516	-88.8
19.95	-7.881	-4.175	-79.4
19.96	-7.879	-10.803	-88.5
19.97	-7.876	-16.248	-81.8
19.98	-7.872	-20.392	-84.9
19.99	-7.869	-23.214	-71.4
20.0	-7.867	-25.008	-84.5
20.01	-7.865	-26.448	-61.8
20.02	-7.862	-28.233	-62.0
20.03	-7.858	-30.522	-66.0
20.04	-7.854	-32.891	-78.4
20.05	-7.852	-34.675	-65.7
20.06	-7.850	-35.308	-76.6
20.07	-7.848	-34.517	-61.1
20.08	-7.848	-32.406	-73.9
20.09	-7.847	-29.328	-62.5
20.1	-7.848	-25.720	-70.6
20.11	-7.848	-21.970	-61.4
20.12	-7.848	-18.267	-69.5
20.13	-7.848	-14.720	-59.3
20.14	-7.846	-11.520	-68.5
20.15	-7.843	-8.870	-55.5
20.16	-7.839	-6.877	-68.2
20.17	-7.839	-5.613	-59.6
20.18	-7.839	-5.252	-66.3
20.19	-7.840	-5.945	-55.1
20.2	-7.841	-7.644	-62.0
20.21	-7.841	-10.067	-54.4
20.22	-7.842	-12.819	-70.7
20.23	-7.841	-15.541	-55.1
20.24	-7.841	-17.973	-62.9
20.25	-7.843	-20.030	-55.0
20.26	-7.845	-21.786	-62.8
20.27	-7.848	-23.328	-51.9
20.28	-7.853	-24.720	-63.2
20.29	-7.860	-26.050	-42.0
20.3	-7.868	-27.305	-56.9
20.31	-7.878	-28.355	-51.3
20.32	-7.891	-29.158	-46.8
20.33	-7.906	-29.714	-40.7
20.34	-7.923	-29.980	-47.0
20.35	-7.942	-29.986	-23.6
20.36	-7.961	-29.883	-30.6
20.37	-7.981	-29.770	-5.0
20.38	-7.999	-29.613	-25.2
20.39	-8.017	-29.288	-14.5
20.4	-8.033	-28.698	-21.7
20.41	-8.049	-27.859	-44.8
20.42	-8.064	-26.898	-72.4
20.43	-8.076	-25.944	-50.4
20.44	-8.086	-24.992	-61.0
20.45	-8.093	-24.041	-54.1
20.46	-8.100	-23.145	-54.1
20.47	-8.107	-22.238	-58.0
20.48	-8.116	-21.192	-12.7
20.49	-8.125	-20.005	-60.7
20.5	-8.128	-18.742	18.8
20.51	-8.119	-17.489	246.4
20.52	-8.103	-16.336	282.9
20.53	-8.087	-15.369	266.3
20.54	-8.079	-14.914	-34.7
20.55	-8.076	-15.553	-84.7
20.56	-8.081	-17.436	-35.3
20.57	-8.088	-19.956	-51.3
20.58	-8.097	-22.358	-48.6
20.59	-8.103	-24.172	-47.9
20.6	-8.106	-25.152	-45.3
20.61	-8.109	-25.333	-31.4
20.62	-8.114	-25.119	-36.6
20.63	-8.121	-25.011	-32.2
20.64	-8.129	-25.253	-30.0
20.65	-8.137	-25.402	-7.4
20.66	-8.148	-23.928	-9.4
20.67	-8.161	-18.077	10.7
20.68	-8.174	-5.248	14.6
20.69	-8.190	14.122	45.7
20.7	-8.207	34.375	54.1
20.71	-8.226	47.109	90.8
20.72	-8.245	50.847	103.0
20.73	-8.265	51.127	142.1
20.74	-8.284	51.139	153.3
20.75	-8.303	51.139	177.8
20.76	-8.321	51.138	161.5
20.77	-8.339	51.119	141.1
20.78	-8.356	50.416	83.5
20.79	-8.372	46.247	36.6
20.8	-8.387	37.033	-12.5
20.81	-8.404	25.488	-32.6
20.82	-8.420	14.209	-73.7
20.83	-8.436	3.744	-68.3
20.84	-8.456	-5.709	-80.2
20.85	-8.477	-13.933	-71.7
20.86	-8.498	-20.648	-82.3
20.87	-8.516	-25.663	-71.9
20.88	-8.534	-29.052	-79.6
20.89	-8.554	-31.220	-68.4
20.9	-8.574	-32.948	-83.4
20.91	-8.594	-35.006	-63.3
20.92	-8.613	-37.578	-73.8
20.93	-8.631	-40.228	-69.0
20.94	-8.649	-42.163	-69.0
20.95	-8.669	-42.589	-58.7
20.96	-8.689	-41.164	-65.2
20.97	-8.711	-38.102	-57.5
20.98	-8.734	-33.994	-68.4
20.99	-8.758	-29.467	-50.2
21.0	-8.781	-24.903	-58.6
21.01	-8.804	-20.475	-47.5
21.02	-8.825	-16.325	-66.3
21.03	-8.844	-12.633	-49.2
21.04	-8.861	-9.553	-63.0
21.05	-8.877	-7.198	-57.7
21.06	-8.896	-5.697	-59.5
21.07	-8.914	-5.200	-53.8
21.08	-8.933	-5.755	-61.9
21.09	-8.953	-7.233	-48.3
21.1	-8.972	-9.506	-63.2
21.11	-8.991	-12.328	-42.4
21.12	-9.008	-15.248	-62.0
21.13	-9.025	-17.991	-52.6
21.14	-9.043	-20.477	-53.7
21.15	-9.062	-22.584	-44.6
21.16	-9.081	-24.255	-51.5
21.17	-9.099	-25.589	-39.2
21.18	-9.119	-26.722	-51.0
21.19	-9.139	-27.720	-30.5
21.2	-9.162	-28.517	-41.0
21.21	-9.184	-29.041	-26.5
21.22	-9.205	-29.313	-20.3
21.23	-9.226	-29.322	-11.1
21.24	-9.245	-29.120	-25.9
21.25	-9.264	-28.894	-6.4
21.26	-9.284	-28.778	-12.9
21.27	-9.303	-28.748	-18.7
21.28	-9.322	-28.717	-46.3
21.29	-9.340	-28.597	-43.1
21.3	-9.359	-28.355	-51.9
21.31	-9.378	-28.002	-40.4
21.32	-9.398	-27.525	-43.2
21.33	-9.418	-26.895	-56.1
21.34	-9.440	-26.178	-28.8
21.35	-9.464	-25.502	-18.0
21.36	-9.486	-24.836	-60.5
21.37	-9.501	-24.094	155.8
21.38	-9.511	-23.267	205.8
21.39	-9.524	-22.375	190.9
21.4	-9.546	-21.569	31.2
21.41	-9.572	-21.144	-95.3
21.42	-9.601	-21.241	-18.8
21.43	-9.631	-21.597	-26.1
21.44	-9.658	-21.759	-36.5
21.45	-9.677	-21.639	-24.1
21.46	-9.686	-21.495	-43.0
21.47	-9.688	-21.475	-11.1
21.48	-9.688	-21.606	-26.5
21.49	-9.691	-21.989	-9.5
21.5	-9.696	-22.661	-8.5
21.51	-9.702	-23.388	9.3
21.52	-9.708	-23.623	-4.9
21.53	-9.715	-22.244	12.9
21.54	-9.721	-17.153	30.3
21.55	-9.725	-6.159	52.0
21.56	-9.730	10.773	61.5
21.57	-9.736	30.023	89.9
21.58	-9.742	44.538	99.0
21.59	-9.748	50.330	140.9
21.6	-9.755	51.127	144.9
21.61	-9.762	51.138	179.0
21.62	-9.768	51.138	158.7
21.63	-9.775	51.120	147.3
21.64	-9.783	50.433	100.1
21.65	-9.789	46.289	60.7
21.66	-9.794	36.944	6.3
21.67	-9.800	24.917	-24.9
21.68	-9.808	12.909	-49.3
21.69	-9.819	1.756	-49.2
21.7	-9.838	-8.186	-73.5
21.71	-9.858	-16.739	-57.5
21.72	-9.876	-23.733	-66.4
21.73	-9.891	-28.988	-71.6
21.74	-9.902	-32.414	-79.2
21.75	-9.914	-34.337	-57.9
21.76	-9.924	-35.603	-70.0
21.77	-9.933	-36.923	-58.1
21.78	-9.943	-38.509	-71.5
21.79	-9.949	-40.191	-57.7
21.8	-9.955	-41.416	-66.5
21.81	-9.959	-41.484	-52.0
21.82	-9.966	-39.984	-52.2
21.83	-9.974	-36.919	-45.2
21.84	-9.982	-32.630	-53.0
21.85	-9.992	-27.572	-39.6
21.86	-10.001	-22.164	-54.4
21.87	-10.008	-16.784	-39.2
21.88	-10.014	-11.678	-54.2
21.89	-10.018	-7.016	-39.8
21.9	-10.021	-3.017	-57.2
21.91	-10.022	0.006	-44.1
21.92	-10.021	1.753	-42.5
21.93	-10.020	2.117	-46.6
21.94	-10.018	1.130	-53.8
21.95	-10.014	-1.053	-31.2
21.96	-10.008	-4.033	-60.7
21.97	-10.003	-7.423	-40.0
21.98	-9.996	-10.948	-47.6
21.99	-9.990	-14.286	-47.2
22.0	-9.983	-17.209	-40.8
22.01	-9.976	-19.705	-27.4
22.02	-9.968	-21.797	-33.4
22.03	-9.957	-23.497	-27.8
22.04	-9.944	-24.850	-34.4
22.05	-9.931	-25.869	2.7
22.06	-9.918	-26.530	-23.3
22.07	-9.905	-26.884	-12.3
22.08	-9.891	-26.989	-11.1
22.09	-9.873	-26.827	-15.2
22.1	-9.853	-26.431	-42.3
22.11	-9.833	-25.931	-38.7
22.12	-9.814	-25.467	-45.4
22.13	-9.796	-25.063	-45.5
22.14	-9.777	-24.673	-53.0
22.15	-9.759	-24.289	-22.5
22.16	-9.741	-23.845	-51.4
22.17	-9.728	-23.263	4.2
22.18	-9.717	-22.547	-58.2
22.19	-9.701	-21.725	-6.5
22.2	-9.679	-20.869	176.7
22.21	-9.651	-20.067	190.0
22.22	-9.626	-19.355	116.8
22.23	-9.610	-18.758	-47.4
22.24	-9.600	-18.339	-74.6
22.25	-9.589	-18.191	-1.3
22.26	-9.576	-18.220	-46.7
22.27	-9.555	-18.155	-13.3
22.28	-9.526	-17.980	-28.5
22.29	-9.486	-18.012	-13.4
22.3	-9.439	-18.358	-20.3
22.31	-9.391	-18.869	0.4
22.32	-9.346	-19.463	-8.5
22.33	-9.303	-20.122	9.2
22.34	-9.263	-20.770	3.5
22.35	-9.224	-21.020	12.8
22.36	-9.186	-19.773	12.3
22.37	-9.149	-15.220	44.3
22.38	-9.114	-5.688	40.4
22.39	-9.081	8.739	71.4
22.4	-9.051	25.592	91.3
22.41	-9.024	40.458	125.1
22.42	-9.000	48.808	138.3
22.43	-8.976	51.003	177.8
22.44	-8.953	51.133	165.3
22.45	-8.929	51.133	177.4
22.46	-8.908	51.014	126.8
22.47	-8.886	49.350	77.5
22.48	-8.865	43.584	30.1
22.49	-8.842	33.941	-11.2
22.5	-8.822	22.955	-45.0
22.51	-8.804	12.022	-43.4
22.52	-8.789	1.627	-75.9
22.53	-8.775	-7.909	-66.7
22.54	-8.758	-16.381	-75.0
22.55	-8.738	-23.528	-66.6
22.56	-8.719	-29.023	-76.2
22.57	-8.700	-32.847	-68.6
22.58	-8.681	-35.500	-81.0
22.59	-8.660	-37.622	-57.6
22.6	-8.640	-39.497	-64.3
22.61	-8.622	-40.998	-63.3
22.62	-8.605	-41.739	-79.0
22.63	-8.589	-41.313	-48.5
22.64	-8.573	-39.489	-56.8
22.65	-8.559	-36.295	-55.4
22.66	-8.547	-32.006	-56.5
22.67	-8.536	-27.042	-52.3
22.68	-8.526	-21.839	-63.9
22.69	-8.512	-16.786	-43.2
22.7	-8.498	-12.134	-62.2
22.71	-8.482	-8.056	-49.4
22.72	-8.467	-4.773	-57.1
22.73	-8.454	-2.458	-46.3
22.74	-8.442	-1.177	-66.5
22.75	-8.432	-0.955	-55.9
22.76	-8.421	-1.758	-57.4
22.77	-8.411	-3.423	-46.0
22.78	-8.399	-5.667	-65.5
22.79	-8.389	-8.278	-50.5
22.8	-8.379	-11.123	-55.8
22.81	-8.370	-14.017	-47.3
22.82	-8.361	-16.778	-60.6
22.83	-8.354	-19.291	-45.9
22.84	-8.346	-21.433	-57.9
22.85	-8.338	-23.100	-52.5
22.86	-8.328	-24.392	-60.6
22.87	-8.320	-25.527	-41.8
22.88	-8.313	-26.541	-56.0
22.89	-8.309	-27.313	-42.6
22.9	-8.304	-27.738	-56.0
22.91	-8.300	-27.752	-41.6
22.92	-8.297	-27.344	-47.1
22.93	-8.293	-26.600	-36.3
22.94	-8.289	-25.675	-52.3
22.95	-8.283	-24.750	-26.1
22.96	-8.277	-23.950	-28.8
22.97	-8.271	-23.259	-19.5
22.98	-8.262	-22.614	-25.4
22.99	-8.254	-22.064	-5.3
23.0	-8.245	-21.627	-25.6
23.01	-8.239	-21.205	-37.0
23.02	-8.232	-20.744	-57.8
23.03	-8.224	-20.322	-48.0
23.04	-8.214	-20.014	-62.2
23.05	-8.204	-19.780	-43.2
23.06	-8.193	-19.495	-49.4
23.07	-8.184	-19.066	-50.7
23.08	-8.178	-18.480	-10.9
23.09	-8.171	-17.816	-63.6
23.1	-8.160	-17.188	14.1
23.11	-8.144	-16.642	233.4
23.12	-8.128	-16.116	253.8
23.13	-8.116	-15.564	252.1
23.14	-8.108	-15.194	-29.4
23.15	-8.103	-15.436	-73.1
23.16	-8.099	-16.431	-20.9
23.17	-8.094	-17.745	-50.4
23.18	-8.086	-18.875	-46.0
23.19	-8.072	-19.627	-39.2
23.2	-8.058	-19.913	-39.5
23.21	-8.046	-19.755	-25.2
23.22	-8.034	-19.489	-33.1
23.23	-8.022	-19.563	-13.3
23.24	-8.008	-19.928	-25.0
23.25	-7.995	-19.633	-4.0
23.26	-7.982	-16.617	-3.3
23.27	-7.970	-8.113	18.1
23.28	-7.959	7.139	15.6
23.29	-7.949	26.472	42.3
23.3	-7.940	42.594	57.2
23.31	-7.931	49.859	96.4
23.32	-7.923	51.102	110.4
23.33	-7.916	51.136	144.6
23.34	-7.907	51.139	155.5
23.35	-7.899	51.138	183.0
23.36	-7.893	51.116	168.1
23.37	-7.885	50.388	153.3
23.38	-7.878	46.373	95.4
23.39	-7.871	37.775	50.8
23.4	-7.866	27.133	-4.8
23.41	-7.861	16.820	-23.7
23.42	-7.856	7.289	-60.6
23.43	-7.849	-1.330	-62.6
23.44	-7.844	-8.855	-77.8
23.45	-7.840	-15.041	-65.2
23.46	-7.836	-19.628	-77.9
23.47	-7.831	-22.548	-66.2
23.48	-7.825	-24.000	-78.8
23.49	-7.820	-24.467	-68.8
23.5	-7.816	-24.694	-73.8
23.51	-7.813	-25.403	-55.2
23.52	-7.808	-26.839	-70.8
23.53	-7.803	-28.613	-57.0
23.54	-7.799	-30.028	-70.7
23.55	-7.797	-30.469	-57.0
23.56	-7.796	-29.642	-70.0
23.57	-7.794	-27.595	-55.9
23.58	-7.792	-24.584	-59.7
23.59	-7.787	-21.002	-46.4
23.6	-7.780	-17.344	-58.7
23.61	-7.773	-14.020	-47.5
23.62	-7.766	-11.217	-61.7
23.63	-7.758	-8.978	-47.6
23.64	-7.750	-7.327	-61.8
23.65	-7.745	-6.264	-52.1
23.66	-7.740	-5.781	-65.4
23.67	-7.736	-5.998	-57.6
23.68	-7.732	-7.047	-59.2
23.69	-7.728	-8.841	-48.0
23.7	-7.724	-11.119	-64.0
23.71	-7.721	-13.647	-43.8
23.72	-7.717	-16.152	-61.1
23.73	-7.713	-18.384	-45.9
23.74	-7.710	-20.300	-53.8
23.75	-7.707	-21.933	-49.7
23.76	-7.704	-23.317	-60.0
23.77	-7.701	-24.508	-43.1
23.78	-7.698	-25.488	-53.8
23.79	-7.695	-26.247	-42.8
23.8	-7.692	-26.831	-55.3
23.81	-7.691	-27.223	-39.9
23.82	-7.688	-27.352	-50.0
23.83	-7.684	-27.177	-38.8
23.84	-7.683	-26.727	-43.6
23.85	-7.683	-26.144	-16.2
23.86	-7.684	-25.625	-42.8
23.87	-7.686	-25.200	-23.8
23.88	-7.688	-24.820	-15.3
23.89	-7.691	-24.477	-12.6
23.9	-7.695	-24.108	-22.9
23.91	-7.699	-23.669	5.7
23.92	-7.703	-23.217	-22.3
23.93	-7.706	-22.834	-37.9
23.94	-7.708	-22.517	-57.3
23.95	-7.709	-22.195	-41.3
23.96	-7.710	-21.902	-61.7
23.97	-7.712	-21.723	-34.8
23.98	-7.715	-21.638	-55.6
23.99	-7.718	-21.550	-47.2
24.0	-7.723	-21.403	-12.6
24.01	-7.727	-21.175	-70.8
24.02	-7.729	-20.836	107.8
24.03	-7.730	-20.391	291.1
24.04	-7.734	-19.847	338.3
24.05	-7.743	-19.236	267.0
24.06	-7.758	-18.845	-76.7
24.07	-7.774	-19.034	-45.7
24.08	-7.792	-19.722	-39.2
24.09	-7.806	-20.519	-51.0
24.1	-7.815	-21.130	-47.7
24.11	-7.816	-21.417	-47.1
24.12	-7.815	-21.377	-44.3
24.13	-7.816	-21.167	-34.4
24.14	-7.822	-21.047	-35.7
24.15	-7.831	-21.138	-19.6
24.16	-7.842	-21.119	-24.8
24.17	-7.853	-19.908	-6.5
24.18	-7.865	-15.323	-12.8
24.19	-7.876	-4.880	23.8
24.2	-7.884	11.813	18.7
24.21	-7.887	31.020	53.1
24.22	-7.885	45.166	73.7
24.23	-7.880	50.478	109.7
24.24	-7.876	51.128	129.1
24.25	-7.873	51.138	169.5
24.26	-7.873	51.139	176.2
24.27	-7.879	51.136	193.5
24.28	-7.892	51.077	176.2
24.29	-7.912	49.791	155.3
24.3	-7.936	44.445	82.3
24.31	-7.962	34.716	36.8
24.32	-7.987	23.598	-23.9
24.33	-8.012	12.902	-49.1
24.34	-8.035	2.791	-80.9
24.35	-8.056	-6.522	-79.3
24.36	-8.078	-14.567	-92.8
24.37	-8.098	-20.909	-86.7
24.38	-8.117	-25.298	-102.7
24.39	-8.133	-27.678	-90.1
24.4	-8.148	-28.344	-99.6
24.41	-8.163	-28.006	-79.1
24.42	-8.178	-27.578	-93.2
24.43	-8.191	-27.836	-78.4
24.44	-8.203	-28.886	-91.4
24.45	-8.214	-30.161	-75.5
24.46	-8.225	-31.030	-81.5
24.47	-8.236	-31.039	-63.0
24.48	-8.248	-29.947	-79.9
24.49	-8.261	-27.869	-74.7
24.5	-8.274	-25.241	-80.6
24.51	-8.286	-22.453	-68.8
24.52	-8.299	-19.600	-80.8
24.53	-8.313	-16.625	-62.7
24.54	-8.324	-13.625	-72.2
24.55	-8.336	-10.834	-62.0
24.56	-8.346	-8.375	-78.1
24.57	-8.355	-6.295	-58.2
24.58	-8.365	-4.856	-79.3
24.59	-8.374	-4.344	-69.8
24.6	-8.384	-4.820	-73.2
24.61	-8.393	-6.248	-56.7
24.62	-8.401	-8.380	-72.1
24.63	-8.409	-10.844	-65.6
24.64	-8.417	-13.392	-67.1
24.65	-8.425	-15.834	-53.6
24.66	-8.433	-18.003	-75.2
24.67	-8.441	-19.909	-57.8
24.68	-8.451	-21.686	-61.8
24.69	-8.463	-23.431	-43.7
24.7	-8.476	-25.150	-54.0
24.71	-8.492	-26.772	-44.3
24.72	-8.511	-28.139	-49.5
24.73	-8.531	-29.125	-36.2
24.74	-8.553	-29.633	-40.0
24.75	-8.577	-29.600	-10.5
24.76	-8.601	-29.122	-27.9
24.77	-8.626	-28.431	-23.5
24.78	-8.653	-27.722	-27.4
24.79	-8.679	-27.073	-23.1
24.8	-8.704	-26.509	-53.6
24.81	-8.726	-26.058	-51.1
24.82	-8.748	-25.698	-65.8
24.83	-8.768	-25.381	-51.5
24.84	-8.788	-25.067	-66.6
24.85	-8.807	-24.756	-42.4
24.86	-8.826	-24.469	-74.7
24.87	-8.848	-24.114	-4.5
24.88	-8.871	-23.605	-57.9
24.89	-8.893	-22.978	-20.5
24.9	-8.908	-22.258	193.5
24.91	-8.922	-21.478	232.5
24.92	-8.941	-20.700	208.1
24.93	-8.963	-20.003	-0.8
24.94	-8.986	-19.691	-116.1
24.95	-9.010	-19.995	-16.7
24.96	-9.034	-20.547	-57.9
24.97	-9.057	-20.803	-34.1
24.98	-9.074	-20.734	-43.7
24.99	-9.086	-20.516	-31.1
25.0	-9.092	-20.275	-45.7
25.01	-9.096	-20.289	-19.8
25.02	-9.100	-20.719	-29.4
25.03	-9.104	-21.383	-11.8
25.04	-9.107	-21.875	-16.5
25.05	-9.110	-21.298	4.1
25.06	-9.115	-17.656	1.3
25.07	-9.121	-8.305	18.8
25.08	-9.129	7.609	23.1
25.09	-9.136	27.116	58.9
25.1	-9.144	42.995	74.7
25.11	-9.151	49.970	103.0
25.12	-9.159	51.108	118.6
25.13	-9.167	51.136	160.0
25.14	-9.176	51.139	147.4
25.15	-9.186	51.138	165.6
25.16	-9.197	51.130	136.3
25.17	-9.207	50.581	90.6
25.18	-9.217	46.886	33.8
25.19	-9.227	38.067	2.5
25.2	-9.236	26.355	-49.9
25.21	-9.246	14.547	-53.2
25.22	-9.258	3.511	-74.3
25.23	-9.274	-6.394	-64.7
25.24	-9.294	-14.916	-80.6
25.25	-9.316	-21.814	-70.5
25.26	-9.335	-26.844	-79.6
25.27	-9.351	-29.869	-63.0
25.28	-9.366	-31.138	-78.2
25.29	-9.380	-31.489	-70.7
25.3	-9.393	-31.948	-74.6
25.31	-9.404	-33.084	-56.0
25.32	-9.412	-34.892	-73.6
25.33	-9.419	-36.886	-57.4
25.34	-9.424	-38.184	-75.7
25.35	-9.428	-38.019	-64.3
25.36	-9.431	-36.094	-65.6
25.37	-9.435	-32.659	-53.1
25.38	-9.439	-28.402	-57.4
25.39	-9.444	-23.711	-44.2
25.4	-9.448	-18.613	-49.5
25.41	-9.451	-13.591	-40.8
25.42	-9.453	-9.186	-62.3
25.43	-9.455	-5.395	-44.7
25.44	-9.458	-2.298	-58.0
25.45	-9.463	-0.209	-42.1
25.46	-9.471	0.681	-60.2
25.47	-9.479	0.166	-37.7
25.48	-9.489	-1.913	-55.0
25.49	-9.499	-5.289	-52.0
25.5	-9.512	-9.284	-54.0
25.51	-9.522	-13.253	-38.4
25.52	-9.531	-16.895	-49.5
25.53	-9.541	-20.064	-44.1
25.54	-9.553	-22.669	-49.7
25.55	-9.563	-24.748	-37.8
25.56	-9.573	-26.330	-41.8
25.57	-9.583	-27.413	-26.0
25.58	-9.594	-28.155	-38.5
25.59	-9.604	-28.723	-6.5
25.6	-9.616	-29.114	-15.3
25.61	-9.628	-29.281	-9.8
25.62	-9.641	-29.205	-28.8
25.63	-9.651	-28.852	-14.5
25.64	-9.658	-28.341	-49.0
25.65	-9.663	-27.978	-45.4
25.66	-9.669	-27.844	-39.2
25.67	-9.675	-27.645	-40.8
25.68	-9.679	-27.072	-62.4
25.69	-9.683	-26.123	-32.6
25.7	-9.685	-25.131	-68.4
25.71	-9.689	-24.311	-28.6
25.72	-9.694	-23.520	-34.0
25.73	-9.698	-22.617	-25.2
25.74	-9.699	-21.619	146.8
25.75	-9.699	-20.494	193.3
25.76	-9.703	-19.350	130.1
25.77	-9.711	-18.447	-2.9
25.78	-9.720	-17.995	-93.8
25.79	-9.724	-18.052	-0.6
25.8	-9.724	-18.244	-34.7
25.81	-9.716	-18.059	-13.3
25.82	-9.696	-17.620	-31.1
25.83	-9.661	-17.469	-14.3
25.84	-9.616	-17.755	-24.3
25.85	-9.573	-18.328	-8.7
25.86	-9.536	-19.177	-16.8
25.87	-9.504	-20.197	6.2
25.88	-9.476	-21.044	9.6
25.89	-9.453	-21.258	-3.7
25.9	-9.433	-19.948	13.4
25.91	-9.415	-15.242	39.2
25.92	-9.398	-4.975	21.2
25.93	-9.381	11.095	84.7
25.94	-9.364	29.756	85.1
25.95	-9.349	44.234	115.6
25.96	-9.335	50.245	121.3
25.97	-9.322	51.123	163.4
25.98	-9.310	51.136	161.6
25.99	-9.299	51.139	166.2
26.0	-9.289	51.134	112.8
26.01	-9.279	51.056	85.7
26.02	-9.267	49.519	68.8
26.03	-9.252	43.502	23.9
26.04	-9.238	32.897	-32.1
26.05	-9.226	20.931	-49.6
26.06	-9.219	9.502	-76.6
26.07	-9.217	-0.938	-61.1
26.08	-9.213	-10.155	-81.8
26.09	-9.203	-17.994	-79.9
26.1	-9.190	-24.245	-72.6
26.11	-9.177	-28.789	-64.3
26.12	-9.161	-31.963	-99.1
26.13	-9.141	-34.402	-55.6
26.14	-9.121	-36.577	-78.5
26.15	-9.103	-38.716	-74.4
26.16	-9.086	-40.678	-65.0
26.17	-9.071	-41.931	-64.9
26.18	-9.058	-41.959	-68.1
26.19	-9.046	-40.469	-53.1
26.2	-9.036	-37.394	-85.8
26.21	-9.027	-33.006	-62.5
26.22	-9.017	-27.841	-50.8
26.23	-9.004	-22.363	-44.3
26.24	-8.988	-16.845	-61.3
26.25	-8.971	-11.523	-53.8
26.26	-8.952	-6.713	-74.8
26.27	-8.933	-2.866	-47.5
26.28	-8.915	-0.220	-60.8
26.29	-8.897	1.342	-71.6
26.3	-8.879	1.869	-60.8
26.31	-8.861	1.275	-52.0
26.32	-8.844	-0.334	-66.3
26.33	-8.826	-2.689	-43.5
26.34	-8.807	-5.534	-60.8
26.35	-8.787	-8.614	-56.7
26.36	-8.769	-11.627	-61.3
26.37	-8.752	-14.377	-43.2
26.38	-8.738	-16.905	-76.3
26.39	-8.724	-19.198	-36.4
26.4	-8.713	-21.006	-72.6
26.41	-8.703	-22.280	-44.1
26.42	-8.693	-22.911	-19.1
26.43	-8.685	-22.909	-45.5
26.44	-8.677	-23.163	-29.2
26.45	-8.670	-24.120	-20.5
26.46	-8.665	-24.978	-45.2
26.47	-8.661	-25.194	-45.4
26.48	-8.656	-24.742	-98.5
26.49	-8.649	-23.317	-8.7
26.5	-8.642	-20.977	-62.5
26.51	-8.633	-18.544	-89.5
26.52	-8.624	-16.553	-62.1
26.53	-8.614	-14.989	-80.2
26.54	-8.606	-14.375	-99.7
26.55	-8.601	-15.322	-9.6
26.56	-8.598	-17.495	-81.7
26.57	-8.590	-20.288	21.9
26.58	-8.574	-23.203	168.7
26.59	-8.558	-25.488	178.4
26.6	-8.548	-26.767	171.7
26.61	-8.544	-27.464	-86.1
26.62	-8.543	-28.000	-103.4
26.63	-8.546	-28.239	-6.0
26.64	-8.546	-27.816	-100.2
26.65	-8.539	-26.658	-28.7
26.66	-8.526	-24.930	-43.4
26.67	-8.506	-22.663	-52.6
26.68	-8.487	-19.917	-64.0
26.69	-8.469	-17.073	-48.3
26.7	-8.450	-14.623	-32.7
26.71	-8.430	-12.756	-12.5
26.72	-8.410	-10.766	-38.4
26.73	-8.391	-6.558	-15.8
26.74	-8.375	2.634	2.1
26.75	-8.361	18.059	19.6
26.76	-8.346	35.841	7.4
26.77	-8.331	47.534	65.7
26.78	-8.316	50.911	72.9
26.79	-8.300	51.128	110.5
26.8	-8.286	51.139	124.4
26.81	-8.273	51.139	157.9
26.82	-8.261	51.139	167.1
26.83	-8.250	51.139	121.4
26.84	-8.238	51.133	98.9
26.85	-8.227	50.869	77.9
26.86	-8.216	48.258	15.7
26.87	-8.205	40.550	-6.9
26.88	-8.194	29.273	-61.1
26.89	-8.182	17.981	-60.5
26.9	-8.171	7.661	-97.0
26.91	-8.164	-1.384	-70.9
26.92	-8.158	-8.683	-100.8
26.93	-8.153	-14.422	-107.0
26.94	-8.146	-18.661	-79.0
26.95	-8.139	-21.242	-71.6
26.96	-8.131	-22.784	-93.9
26.97	-8.124	-24.109	-69.9
26.98	-8.118	-25.325	-91.3
26.99	-8.111	-26.403	-73.3
27.0	-8.103	-27.325	-70.1
27.01	-8.096	-27.636	-66.4
27.02	-8.089	-26.764	-85.4
27.03	-8.082	-23.945	-53.9
27.04	-8.077	-19.477	-60.6
27.05	-8.071	-14.886	-65.9
27.06	-8.065	-10.263	-69.2
27.07	-8.059	-5.003	-68.0
27.08	-8.053	0.461	-69.2
27.09	-8.045	5.800	-61.4
27.1	-8.036	10.878	-74.4
27.11	-8.027	15.059	-57.9
27.12	-8.019	17.981	-81.8
27.13	-8.012	19.706	-35.3
27.14	-8.006	20.308	-69.9
27.15	-8.001	20.002	-62.9
27.16	-7.995	19.073	-69.5
27.17	-7.989	17.902	-53.3
27.18	-7.983	16.281	-61.9
27.19	-7.977	13.584	-65.2
27.2	-7.970	10.164	-68.5
27.21	-7.963	6.944	-52.8
27.22	-7.958	3.273	-46.6
27.23	-7.955	-2.530	-40.0
27.24	-7.953	-9.638	-75.8
27.25	-7.950	-15.717	-60.8
27.26	-7.947	-20.297	-55.9
27.27	-7.942	-24.430	-19.1
27.28	-7.939	-28.802	-55.3
27.29	-7.934	-36.431	-66.9
27.3	-7.931	-45.683	-40.3
27.31	-7.928	-49.173	-7.3
27.32	-7.926	-49.177	-32.1
27.33	-7.923	-50.305	-34.9
27.34	-7.918	-51.072	-30.7
27.35	-7.912	-51.130	13.2
27.36	-7.906	-51.131	-48.6
27.37	-7.902	-51.009	-33.3
27.38	-7.899	-49.958	-75.3
27.39	-7.893	-47.323	-33.6
27.4	-7.886	-43.694	-39.9
27.41	-7.879	-41.038	-78.8
27.42	-7.874	-41.977	-59.8
27.43	-7.870	-45.691	-21.3
27.44	-7.868	-48.984	-38.0
27.45	-7.866	-50.417	-46.7
27.46	-7.862	-50.008	147.3
27.47	-7.854	-49.050	267.4
27.48	-7.846	-48.230	291.5
27.49	-7.839	-46.667	189.0
27.5	-7.834	-44.625	-100.8
27.51	-7.831	-43.259	-23.7
27.52	-7.829	-41.469	-46.3
27.53	-7.827	-38.916	-45.8
27.54	-7.821	-38.686	-32.1
27.55	-7.811	-40.214	-46.0
27.56	-7.801	-39.327	-27.5
27.57	-7.793	-35.681	-23.5
27.58	-7.785	-30.978	-48.0
27.59	-7.778	-25.947	-6.0
27.6	-7.771	-20.638	-16.6
27.61	-7.764	-13.611	12.6
27.62	-7.759	-2.013	14.7
27.63	-7.754	15.934	-5.7
27.64	-7.750	35.622	40.6
27.65	-7.746	47.755	81.0
27.66	-7.744	50.961	80.2
27.67	-7.742	51.130	138.1
27.68	-7.742	51.139	143.6
27.69	-7.745	51.139	148.3
27.7	-7.749	51.138	187.9
27.71	-7.754	51.094	224.4
27.72	-7.759	49.955	183.0
27.73	-7.762	44.641	162.3
27.74	-7.763	34.584	52.8
27.75	-7.763	23.652	63.8
27.76	-7.762	14.283	-8.3
27.77	-7.759	6.206	-51.0
27.78	-7.753	-1.095	-67.4
27.79	-7.748	-7.494	-65.7
27.8	-7.745	-12.625	-76.3
27.81	-7.745	-17.147	-90.8
27.82	-7.749	-22.022	-67.8
27.83	-7.758	-27.027	-62.4
27.84	-7.773	-31.594	-81.6
27.85	-7.794	-35.520	-50.9
27.86	-7.819	-38.998	-83.8
27.87	-7.844	-42.255	-66.9
27.88	-7.869	-45.158	-77.1
27.89	-7.894	-47.627	-39.7
27.9	-7.920	-49.306	-31.3
27.91	-7.947	-49.583	-74.1
27.92	-7.976	-48.486	-113.0
27.93	-8.006	-46.688	-41.3
27.94	-8.040	-44.503	-50.0
27.95	-8.075	-41.789	-63.2
27.96	-8.112	-38.645	-62.7
27.97	-8.149	-35.100	-42.7
27.98	-8.186	-31.220	-76.7
27.99	-8.223	-27.434	-35.8
28.0	-8.258	-24.095	-74.1
28.01	-8.293	-21.347	-51.3
28.02	-8.329	-19.341	-38.8
28.03	-8.364	-18.256	-61.6
28.04	-8.399	-18.147	-38.7
28.05	-8.438	-18.863	-64.5
28.06	-8.478	-20.322	-51.7
28.07	-8.521	-22.639	-26.5
28.08	-8.565	-25.561	-70.4
28.09	-8.611	-28.597	-26.9
28.1	-8.656	-31.138	-53.5
28.11	-8.699	-32.630	-43.6
28.12	-8.739	-33.486	-36.4
28.13	-8.775	-34.020	2.1
28.14	-8.809	-34.320	-37.1
28.15	-8.844	-35.119	-81.0
28.16	-8.877	-36.095	-33.4
28.17	-8.912	-36.334	17.7
28.18	-8.947	-35.920	-17.9
28.19	-8.984	-35.169	-28.5
28.2	-9.023	-34.269	-21.4
28.21	-9.063	-33.347	-17.7
28.22	-9.102	-32.195	-36.0
28.23	-9.141	-30.870	20.7
28.24	-9.179	-29.939	-7.3
28.25	-9.217	-29.184	1.0
28.26	-9.252	-28.197	-44.0
28.27	-9.285	-27.261	-35.3
28.28	-9.317	-26.172	-41.7
28.29	-9.350	-24.819	-24.2
28.3	-9.386	-23.845	-20.4
28.31	-9.422	-23.733	-39.6
28.32	-9.463	-24.053	2.8
28.33	-9.502	-23.897	-15.2
28.34	-9.534	-23.166	54.7
28.35	-9.560	-22.209	180.3
28.36	-9.589	-21.022	183.1
28.37	-9.624	-19.908	147.3
28.38	-9.664	-19.447	-62.5
28.39	-9.713	-19.647	28.2
28.4	-9.768	-20.078	71.4
28.41	-9.828	-20.428	-27.0
28.42	-9.886	-20.838	-40.5
28.43	-9.938	-21.519	21.0
28.44	-9.986	-22.100	0.5
28.45	-10.036	-22.503	18.2
28.46	-10.088	-23.378	-4.3
28.47	-10.144	-24.355	-7.4
28.48	-10.202	-24.636	6.3
28.49	-10.260	-24.369	15.5
28.5	-10.319	-22.994	22.3
28.51	-10.381	-18.261	57.5
28.52	-10.443	-7.370	40.9
28.53	-10.503	10.095	64.5
28.54	-10.564	29.941	60.3
28.55	-10.629	44.595	101.0
28.56	-10.694	50.344	97.8
28.57	-10.759	51.127	147.5
28.58	-10.823	51.138	98.4
28.59	-10.886	51.139	187.7
28.6	-10.949	51.138	176.8
28.61	-11.009	51.123	71.4
28.62	-11.066	50.544	80.6
28.63	-11.125	46.872	14.9
28.64	-11.188	38.309	-4.5
28.65	-11.256	26.083	22.7
28.66	-11.328	10.594	-61.4
28.67	-11.404	-6.758	-62.9
28.68	-11.488	-22.642	-42.1
28.69	-11.573	-34.844	-32.0
28.7	-11.650	-40.945	-62.4
28.71	-11.726	-40.059	-41.5
28.72	-11.807	-35.194	-44.8
28.73	-11.891	-28.933	-114.2
28.74	-11.974	-21.203	-118.7
28.75	-12.053	-14.728	-36.1
28.76	-12.128	-13.359	-21.2
28.77	-12.206	-16.631	13.8
28.78	-12.294	-20.950	-66.2
28.79	-12.389	-22.891	-68.6
28.8	-12.489	-22.986	-10.3
28.81	-12.593	-25.181	-62.6
28.82	-12.695	-31.498	-48.5
28.83	-12.804	-39.419	10.6
28.84	-12.921	-46.128	-72.4
28.85	-13.035	-50.002	-44.5
28.86	-13.144	-50.547	-57.8
28.87	-13.258	-49.117	11.2
28.88	-13.369	-47.455	-1.1
28.89	-13.462	-45.005	-48.4
28.9	-13.542	-36.078	-60.7
28.91	-13.628	-16.509	-8.9
28.92	-13.719	4.214	-7.3
28.93	-13.804	4.014	-21.7
28.94	-13.888	-20.492	-59.2
28.95	-13.962	-43.302	-26.1
28.96	-14.019	-50.580	-8.8
28.97	-14.059	-51.094	-10.0
28.98	-14.098	-50.695	-83.6
28.99	-14.149	-49.442	-57.2
29.0	-14.199	-48.042	-15.4
29.01	-14.238	-46.831	-45.8
29.02	-14.271	-45.305	-5.3
29.03	-14.308	-44.159	10.9
29.04	-14.349	-44.508	-21.3
29.05	-14.383	-46.555	-29.7
29.06	-14.408	-49.209	-0.8
29.07	-14.433	-50.781	13.6
29.08	-14.463	-51.127	-20.8
29.09	-14.494	-51.139	7.3
29.1	-14.523	-51.139	-11.4
29.11	-14.546	-51.131	1.1
29.12	-14.562	-50.692	-42.6
29.13	-14.573	-47.936	-45.8
29.14	-14.584	-41.883	53.3
29.15	-14.592	-35.123	-58.5
29.16	-14.594	-31.064	-51.7
29.17	-14.591	-30.608	70.8
29.18	-14.579	-31.928	-19.5
29.19	-14.551	-32.880	120.9
29.2	-14.509	-32.638	169.4
29.21	-14.468	-31.120	151.4
29.22	-14.434	-28.270	47.8
29.23	-14.399	-24.077	-52.6
29.24	-14.350	-19.498	-33.2
29.25	-14.279	-15.539	13.1
29.26	-14.186	-11.841	16.6
29.27	-14.073	-7.745	3.6
29.28	-13.939	-3.520	-9.9
29.29	-13.791	0.577	-16.5
29.3	-13.639	5.914	-26.5
29.31	-13.499	12.480	13.5
29.32	-13.378	15.527	59.9
29.33	-13.274	11.745	61.8
29.34	-13.178	3.681	-55.2
29.35	-13.087	-6.045	-19.0
29.36	-12.998	-17.661	59.4
29.37	-12.909	-30.863	41.8
29.38	-12.819	-42.717	2.8
29.39	-12.727	-49.380	125.8
29.4	-12.634	-51.055	86.7
29.41	-12.539	-51.136	18.7
29.42	-12.446	-51.141	120.2
29.43	-12.356	-51.141	172.7
29.44	-12.273	-51.141	116.8
29.45	-12.196	-51.141	119.0
29.46	-12.121	-51.141	101.4
29.47	-12.044	-51.141	17.4
29.48	-11.966	-51.141	-16.5
29.49	-11.892	-51.141	-24.2
29.5	-11.829	-51.141	-86.9
29.51	-11.776	-51.141	-40.8
29.52	-11.722	-51.141	-106.9
29.53	-11.661	-51.141	-85.5
29.54	-11.599	-51.141	-66.8
29.55	-11.539	-51.139	-67.8
29.56	-11.476	-51.128	-83.9
29.57	-11.411	-50.823	-70.3
29.58	-11.350	-49.570	-70.5
29.59	-11.293	-47.856	-89.7
29.6	-11.234	-47.008	-83.3
29.61	-11.174	-47.308	-72.4
29.62	-11.115	-47.908	-41.5
29.63	-11.056	-47.838	-61.0
29.64	-10.998	-46.923	-112.5
29.65	-10.942	-45.691	-56.0
29.66	-10.884	-43.127	-108.5
29.67	-10.826	-37.017	-92.5
29.68	-10.771	-28.686	-19.0
29.69	-10.719	-21.744	-63.3
29.7	-10.671	-16.780	-58.5
29.71	-10.625	-11.522	-91.9
29.72	-10.582	-5.425	-119.5
29.73	-10.542	0.380	-70.2
29.74	-10.503	8.630	-106.7
29.75	-10.466	19.536	-99.1
29.76	-10.429	22.964	-116.0
29.77	-10.393	16.616	-86.6
29.78	-10.357	8.406	-100.9
29.79	-10.324	1.492	-91.2
29.8	-10.292	-2.619	-117.5
29.81	-10.259	-3.686	-65.8
29.82	-10.226	-3.194	-85.7
29.83	-10.194	-2.561	-109.5
29.84	-10.161	-4.320	-74.9
29.85	-10.129	-8.091	-106.8
29.86	-10.098	-9.375	-114.1
29.87	-10.069	-8.377	-22.5
29.88	-10.041	-8.242	-60.4
29.89	-10.010	-8.048	-71.5
29.9	-9.976	-8.933	-108.6
29.91	-9.941	-12.308	-111.0
29.92	-9.908	-15.677	-116.9
29.93	-9.877	-18.841	-95.2
29.94	-9.844	-22.666	-105.5
29.95	-9.809	-26.034	-102.3
29.96	-9.784	-28.183	-77.7
29.97	-9.775	-31.938	-66.9
29.98	-9.768	-40.148	-118.9
29.99	-9.741	-47.825	16.1
30.0	-9.696	-44.488	74.7
30.01	-9.642	-14.120	83.5
30.02	-9.588	28.711	8.5
30.03	-9.543	48.948	-111.2
30.04	-9.504	50.995	-83.5
30.05	-9.469	51.139	-69.9
30.06	-9.436	51.139	-74.7
30.07	-9.408	51.139	-52.3
30.08	-9.379	51.139	-79.1
30.09	-9.342	51.139	-105.7
30.1	-9.303	51.128	-57.6
30.11	-9.269	50.900	-32.0
30.12	-9.239	46.630	-79.2
30.13	-9.213	29.848	-36.3
30.14	-9.182	-0.227	-50.5
30.15	-9.146	-30.395	-38.6
30.16	-9.111	-47.002	-42.9
30.17	-9.078	-50.936	-25.0
30.18	-9.049	-50.858	-20.5
30.19	-9.028	-46.359	13.4
30.2	-9.014	-30.583	19.1
30.21	-9.006	-7.053	45.1
30.22	-9.002	13.953	33.5
30.23	-9.006	30.013	110.9
30.24	-9.022	41.777	109.4
30.25	-9.043	48.467	59.7
30.26	-9.049	50.611	49.5
30.27	-9.035	49.431	26.8
30.28	-9.012	45.019	-39.8
30.29	-8.988	37.469	-55.7
30.3	-8.969	27.498	-79.7
30.31	-8.971	15.688	-76.0
30.32	-8.994	2.767	-94.8
30.33	-9.019	-10.158	-88.9
30.34	-9.029	-22.114	-100.7
30.35	-9.016	-32.550	-69.4
30.36	-8.992	-41.214	-83.2
30.37	-8.965	-47.438	-73.4
30.38	-8.938	-50.433	-77.6
30.39	-8.912	-51.108	-75.3
30.4	-8.891	-51.139	-76.5
30.41	-8.873	-51.141	-52.8
30.42	-8.858	-51.141	-67.0
30.43	-8.848	-51.141	-51.0
30.44	-8.840	-51.141	-76.0
30.45	-8.835	-51.139	-58.6
30.46	-8.834	-51.130	-71.7
30.47	-8.836	-50.709	-60.8
30.48	-8.834	-48.220	-47.5
30.49	-8.826	-43.141	-45.5
30.5	-8.817	-37.805	-67.6
30.51	-8.808	-32.811	-60.6
30.52	-8.800	-26.228	-49.9
30.53	-8.791	-18.088	-59.9
30.54	-8.780	-11.250	-80.7
30.55	-8.771	-7.808	-42.3
30.56	-8.763	-6.572	-49.6
30.57	-8.753	-5.855	-39.2
30.58	-8.742	-5.781	-63.3
30.59	-8.735	-6.322	-52.2
30.6	-8.731	-6.817	-63.1
30.61	-8.732	-7.336	-43.0
30.62	-8.741	-8.525	-54.6
30.63	-8.756	-11.102	-36.5
30.64	-8.779	-15.434	-33.7
30.65	-8.806	-20.747	-30.5
30.66	-8.826	-25.047	-40.1
30.67	-8.828	-26.800	-16.0
30.68	-8.810	-26.494	-42.0
30.69	-8.781	-26.042	-48.7
30.7	-8.749	-26.720	-65.5
30.71	-8.723	-27.703	-47.5
30.72	-8.703	-27.439	-55.6
30.73	-8.692	-27.148	-39.8
30.74	-8.686	-29.383	-62.4
30.75	-8.688	-32.712	-18.7
30.76	-8.701	-33.586	-10.6
30.77	-8.717	-31.653	-16.8
30.78	-8.728	-29.088	100.4
30.79	-8.724	-27.342	101.5
30.8	-8.711	-26.152	84.0
30.81	-8.701	-24.439	45.1
30.82	-8.707	-21.995	-73.9
30.83	-8.731	-19.678	-17.0
30.84	-8.760	-18.270	-62.7
30.85	-8.779	-18.131	-30.2
30.86	-8.776	-19.161	-32.7
30.87	-8.752	-21.172	-25.6
30.88	-8.717	-24.142	-29.6
30.89	-8.679	-27.584	-18.6
30.9	-8.636	-30.914	-18.6
30.91	-8.589	-33.919	-11.9
30.92	-8.542	-36.539	-20.8
30.93	-8.501	-38.489	13.0
30.94	-8.469	-38.225	14.8
30.95	-8.451	-32.828	23.3
30.96	-8.454	-19.330	29.1
30.97	-8.463	2.356	61.3
30.98	-8.454	26.081	62.3
30.99	-8.437	42.919	103.9
31.0	-8.425	49.842	101.9
31.01	-8.416	51.094	136.6
31.02	-8.410	51.138	133.8
31.03	-8.407	51.139	147.6
31.04	-8.406	51.139	144.5
31.05	-8.404	51.139	117.9
31.06	-8.402	51.138	11.8
31.07	-8.398	51.094	34.1
31.08	-8.393	50.091	9.0
31.09	-8.389	45.620	-46.4
31.1	-8.386	36.889	-47.6
31.11	-8.381	25.791	-52.9
31.12	-8.371	14.114	-61.1
31.13	-8.360	3.666	-32.7
31.14	-8.355	-4.570	-40.7
31.15	-8.354	-11.256	-34.9
31.16	-8.354	-17.231	-55.0
31.17	-8.353	-22.598	-35.6
31.18	-8.350	-26.983	-38.6
31.19	-8.349	-30.450	-31.3
31.2	-8.349	-33.297	-50.1
31.21	-8.352	-34.895	-36.9
31.22	-8.357	-34.388	-52.7
31.23	-8.363	-32.553	-38.7
31.24	-8.367	-30.823	-47.2
31.25	-8.370	-29.358	-29.7
31.26	-8.370	-28.177	-48.1
31.27	-8.364	-27.700	-37.5
31.28	-8.354	-27.347	-44.3
31.29	-8.341	-26.280	-37.8
31.3	-8.324	-24.800	-49.0
31.31	-8.306	-23.591	-34.8
31.32	-8.290	-23.050	-47.3
31.33	-8.276	-23.238	-33.9
31.34	-8.266	-23.642	-38.7
31.35	-8.258	-23.494	-31.5
31.36	-8.254	-22.372	-41.4
31.37	-8.254	-20.400	-18.9
31.38	-8.259	-18.198	-40.3
31.39	-8.265	-16.494	-27.2
31.4	-8.269	-15.731	-49.2
31.41	-8.263	-16.136	-28.3
31.42	-8.246	-17.503	-27.0
31.43	-8.217	-19.473	-26.9
31.44	-8.179	-21.738	-32.0
31.45	-8.141	-23.547	-29.5
31.46	-8.110	-24.558	-47.5
31.47	-8.096	-25.077	-10.0
31.48	-8.092	-24.886	-11.8
31.49	-8.087	-23.603	-7.3
31.5	-8.079	-20.989	-21.7
31.51	-8.078	-16.517	-60.7
31.52	-8.082	-10.341	-71.6
31.53	-8.089	-3.848	-62.3
31.54	-8.092	1.080	-91.9
31.55	-8.089	2.858	-53.6
31.56	-8.085	1.867	-53.7
31.57	-8.082	0.063	14.1
31.58	-8.083	-1.841	-23.4
31.59	-8.081	-4.036	32.4
31.6	-8.074	-6.336	152.7
31.61	-8.063	-8.422	147.5
31.62	-8.053	-9.869	79.7
31.63	-8.054	-10.241	-60.0
31.64	-8.074	-9.864	-78.7
31.65	-8.114	-10.247	44.5
31.66	-8.164	-12.752	3.6
31.67	-8.202	-17.211	30.5
31.68	-8.215	-22.447	26.1
31.69	-8.203	-28.041	78.2
31.7	-8.176	-34.044	142.5
31.71	-8.145	-39.403	3.7
31.72	-8.117	-43.448	-102.1
31.73	-8.092	-46.589	28.2
31.74	-8.069	-48.958	0.9
31.75	-8.051	-50.211	12.1
31.76	-8.038	-49.202	84.8
31.77	-8.026	-43.625	52.8
31.78	-8.012	-31.441	26.6
31.79	-8.001	-14.070	89.6
31.8	-7.992	3.464	100.4
31.81	-7.988	17.155	134.2
31.82	-7.989	26.122	135.1
31.83	-7.993	30.711	174.9
31.84	-7.999	31.392	156.6
31.85	-8.007	29.581	177.0
31.86	-8.014	27.330	147.0
31.87	-8.021	25.194	120.0
31.88	-8.029	22.394	59.7
31.89	-8.040	19.181	44.2
31.9	-8.051	16.133	9.5
31.91	-8.062	12.591	5.0
31.92	-8.074	8.678	-31.7
31.93	-8.084	5.947	-13.6
31.94	-8.096	3.664	-30.0
31.95	-8.117	-2.267	-23.0
31.96	-8.152	-11.194	-19.5
31.97	-8.196	-16.783	-45.5
31.98	-8.233	-18.669	-40.9
31.99	-8.256	-22.281	-10.9
32.0	-8.258	-29.155	-54.3
32.01	-8.241	-35.403	-27.2
32.02	-8.216	-37.186	-50.8
32.03	-8.193	-35.716	-32.2
32.04	-8.181	-34.486	-48.2
32.05	-8.178	-33.331	-4.7
32.06	-8.176	-30.753	-10.2
32.07	-8.183	-28.089	-29.3
32.08	-8.199	-27.413	-25.5
32.09	-8.214	-27.609	-0.1
32.1	-8.218	-26.639	-20.0
32.11	-8.209	-24.584	-33.1
32.12	-8.189	-24.959	-15.3
32.13	-8.163	-32.697	-15.5
32.14	-8.133	-43.047	-24.5
32.15	-8.099	-43.664	-8.9
32.16	-8.066	-33.359	-40.1
32.17	-8.034	-24.525	-37.4
32.18	-8.004	-24.516	-44.7
32.19	-7.974	-30.061	-30.3
32.2	-7.941	-36.916	-43.6
32.21	-7.907	-41.992	-34.2
32.22	-7.871	-43.581	-37.2
32.23	-7.831	-42.803	-51.1
32.24	-7.788	-41.363	-35.8
32.25	-7.746	-39.567	-16.7
32.26	-7.713	-36.966	-56.1
32.27	-7.689	-33.573	-38.0
32.28	-7.662	-30.155	-44.6
32.29	-7.627	-27.553	17.9
32.3	-7.594	-25.980	28.7
32.31	-7.566	-24.720	-12.1
32.32	-7.546	-23.136	-45.4
32.33	-7.531	-21.933	-29.4
32.34	-7.521	-22.036	-50.2
32.35	-7.513	-23.136	-32.8
32.36	-7.508	-24.780	-41.8
32.37	-7.509	-26.939	-59.6
32.38	-7.516	-29.098	-42.9
32.39	-7.531	-30.550	-14.3
32.4	-7.547	-31.078	17.2
32.41	-7.560	-30.767	164.9
32.42	-7.568	-29.708	140.0
32.43	-7.570	-27.998	115.8
32.44	-7.569	-25.908	-56.1
32.45	-7.573	-23.916	-95.8
32.46	-7.588	-22.556	-20.6
32.47	-7.614	-22.202	-38.4
32.48	-7.645	-22.777	-39.1
32.49	-7.666	-24.028	-22.0
32.5	-7.669	-25.939	-35.2
32.51	-7.663	-28.428	-21.2
32.52	-7.658	-31.298	-54.9
32.53	-7.656	-34.497	-34.9
32.54	-7.654	-37.747	10.2
32.55	-7.648	-40.333	5.6
32.56	-7.639	-41.461	-6.9
32.57	-7.631	-40.459	40.9
32.58	-7.621	-36.786	39.8
32.59	-7.612	-29.789	57.5
32.6	-7.603	-18.894	42.9
32.61	-7.598	-5.223	78.3
32.62	-7.594	8.008	77.5
32.63	-7.593	17.661	76.5
32.64	-7.593	22.509	128.4
32.65	-7.595	23.042	176.5
32.66	-7.603	20.394	160.8
32.67	-7.614	15.745	142.4
32.68	-7.627	10.163	88.8
32.69	-7.639	4.367	51.8
32.7	-7.652	-1.353	0.2
32.71	-7.666	-6.875	-7.5
32.72	-7.683	-12.039	-44.2
32.73	-7.702	-16.764	-51.5
32.74	-7.718	-21.130	-68.4
32.75	-7.727	-25.041	-56.7
32.76	-7.735	-28.028	-65.7
32.77	-7.749	-29.925	-53.4
32.78	-7.768	-31.244	-58.7
32.79	-7.790	-32.409	-54.2
32.8	-7.818	-33.345	-66.8
32.81	-7.854	-33.981	-44.7
32.82	-7.894	-34.459	-58.5
32.83	-7.933	-34.659	-48.5
32.84	-7.966	-34.328	-45.7
32.85	-7.988	-33.358	-31.9
32.86	-7.998	-31.788	-55.2
32.87	-7.989	-29.969	-54.3
32.88	-7.963	-27.925	-62.4
32.89	-7.921	-25.273	-58.8
32.9	-7.871	-22.031	-93.2
32.91	-7.823	-18.238	-53.9
32.92	-7.782	-13.698	-36.4
32.93	-7.753	-8.939	-24.0
32.94	-7.735	-4.822	-46.0
32.95	-7.728	-1.433	-34.9
32.96	-7.731	1.444	-46.0
32.97	-7.741	3.492	-54.9
32.98	-7.754	4.197	-48.6
32.99	-7.769	3.489	-26.0
33.0	-7.781	1.661	-53.1
33.01	-7.791	-0.780	-56.1
33.02	-7.798	-2.477	-63.0
33.03	-7.801	-1.470	-49.7
33.04	-7.802	1.830	-65.4
33.05	-7.803	4.911	-22.9
33.06	-7.806	7.675	-48.7
33.07	-7.809	10.623	-47.5
33.08	-7.812	12.466	-30.9
33.09	-7.813	12.484	-39.0
33.1	-7.811	11.123	-78.5
33.11	-7.805	8.508	-54.4
33.12	-7.796	4.658	-75.1
33.13	-7.788	0.878	-63.0
33.14	-7.784	-2.186	-53.0
33.15	-7.789	-5.197	-50.0
33.16	-7.806	-8.286	-65.7
33.17	-7.828	-10.995	-10.3
33.18	-7.845	-13.019	-55.4
33.19	-7.847	-14.328	82.4
33.2	-7.834	-15.028	114.0
33.21	-7.811	-15.334	60.4
33.22	-7.786	-15.600	-11.5
33.23	-7.764	-16.066	-105.1
33.24	-7.749	-16.445	-55.5
33.25	-7.742	-16.277	-32.2
33.26	-7.734	-15.570	-60.5
33.27	-7.719	-14.791	-29.9
33.28	-7.691	-14.281	-36.6
33.29	-7.651	-13.700	-45.8
33.3	-7.609	-12.688	-32.0
33.31	-7.574	-11.700	-13.7
33.32	-7.550	-11.214	-37.4
33.33	-7.537	-11.145	-19.0
33.34	-7.531	-11.184	-26.0
33.35	-7.528	-10.750	16.7
33.36	-7.520	-8.922	7.0
33.37	-7.512	-4.659	15.8
33.38	-7.518	2.611	36.8
33.39	-7.539	11.789	69.2
33.4	-7.571	20.148	68.4
33.41	-7.609	25.320	111.1
33.42	-7.649	26.563	110.2
33.43	-7.691	24.409	132.5
33.44	-7.731	19.738	135.9
33.45	-7.763	13.181	123.2
33.46	-7.784	5.333	73.8
33.47	-7.798	-3.133	46.6
33.48	-7.802	-11.705	-14.6
33.49	-7.799	-19.813	-29.0
33.5	-7.791	-26.222	-59.4
33.51	-7.781	-29.317	-43.2
33.52	-7.769	-28.359	-45.1
33.53	-7.759	-24.667	-90.6
33.54	-7.746	-21.394	-130.1
33.55	-7.734	-21.195	-93.9
33.56	-7.723	-24.356	-108.9
33.57	-7.714	-29.153	-102.8
33.58	-7.706	-33.228	-94.9
33.59	-7.695	-34.897	-62.2
33.6	-7.685	-33.131	-88.5
33.61	-7.676	-27.828	-68.7
33.62	-7.667	-20.453	-84.6
33.63	-7.659	-13.225	-73.6
33.64	-7.654	-7.563	-64.0
33.65	-7.653	-3.594	-60.1
33.66	-7.655	-1.131	-66.1
33.67	-7.656	-0.217	-59.7
33.68	-7.656	-0.700	-73.8
33.69	-7.656	-2.247	-56.4
33.7	-7.658	-4.502	-75.5
33.71	-7.660	-6.770	-42.3
33.72	-7.661	-8.508	-60.2
33.73	-7.663	-9.947	-64.7
33.74	-7.664	-11.644	-50.9
33.75	-7.664	-13.795	-55.6
33.76	-7.660	-16.186	-82.3
33.77	-7.648	-18.205	-44.9
33.78	-7.628	-18.677	-72.2
33.79	-7.607	-17.172	-58.5
33.8	-7.592	-15.067	-64.8
33.81	-7.582	-12.820	-38.5
33.82	-7.569	-10.472	-43.0
33.83	-7.553	-8.588	-30.7
33.84	-7.542	-7.113	-27.1
33.85	-7.538	-8.541	-15.9
33.86	-7.539	-15.161	-14.4
33.87	-7.543	-24.825	6.2
33.88	-7.552	-34.761	-44.6
33.89	-7.573	-43.559	-62.1
33.9	-7.607	-49.153	-55.4
33.91	-7.651	-50.955	-57.1
33.92	-7.693	-50.711	-36.9
33.93	-7.726	-47.408	-47.1
33.94	-7.749	-39.975	-53.0
33.95	-7.766	-33.761	18.8
33.96	-7.769	-36.355	-8.1
33.97	-7.754	-45.125	161.5
33.98	-7.726	-50.359	145.8
33.99	-7.696	-51.105	88.5
34.0	-7.670	-51.141	-38.6
34.01	-7.648	-51.141	-104.2
34.02	-7.634	-51.141	-13.7
34.03	-7.636	-51.123	-10.5
34.04	-7.652	-50.834	-49.4
34.05	-7.674	-44.369	-28.0
34.06	-7.692	-16.820	-2.0
34.07	-7.701	23.808	-40.4
34.08	-7.708	47.061	-20.6
34.09	-7.718	51.055	21.0
34.1	-7.726	51.125	-22.8
34.11	-7.731	51.139	11.6
34.12	-7.728	51.139	-0.0
34.13	-7.714	51.139	19.7
34.14	-7.691	51.139	29.8
34.15	-7.665	51.139	48.0
34.16	-7.643	51.139	50.0
34.17	-7.627	51.139	86.6
34.18	-7.617	51.139	91.0
34.19	-7.612	51.139	126.9
34.2	-7.607	51.138	124.3
34.21	-7.601	51.125	144.2
34.22	-7.595	50.384	130.3
34.23	-7.589	44.677	134.7
34.24	-7.582	30.033	76.4
34.25	-7.575	9.220	35.4
34.26	-7.573	-13.613	-29.9
34.27	-7.579	-34.686	-59.1
34.28	-7.593	-47.395	-54.2
34.29	-7.614	-50.920	-56.3
34.3	-7.638	-51.130	-88.5
34.31	-7.664	-51.141	-66.2
34.32	-7.688	-51.141	-78.0
34.33	-7.711	-51.141	-61.4
34.34	-7.740	-51.141	-76.9
34.35	-7.775	-51.141	-60.9
34.36	-7.807	-51.141	-64.1
34.37	-7.825	-51.141	-58.5
34.38	-7.827	-51.141	-68.8
34.39	-7.815	-51.111	-53.7
34.4	-7.795	-50.964	-67.5
34.41	-7.775	-44.505	-57.7
34.42	-7.759	-13.319	-65.0
34.43	-7.749	29.422	-51.7
34.44	-7.739	49.138	-67.3
34.45	-7.728	50.994	-48.8
34.46	-7.712	50.447	-60.8
34.47	-7.694	43.314	-61.9
34.48	-7.678	18.948	-58.4
34.49	-7.662	-18.069	-52.1
34.5	-7.646	-43.813	-74.1
34.51	-7.629	-50.770	-23.4
34.52	-7.611	-51.120	-64.7
34.53	-7.593	-51.141	-76.8
34.54	-7.572	-51.134	-45.0
34.55	-7.549	-51.092	-56.9
34.56	-7.524	-49.313	-55.3
34.57	-7.504	-39.222	-15.2
34.58	-7.499	-19.716	-52.5
34.59	-7.513	0.141	-15.8
34.6	-7.536	16.584	-8.0
34.61	-7.561	29.019	2.5
34.62	-7.588	33.763	-30.8
34.63	-7.617	32.142	-41.4
34.64	-7.648	29.175	-79.5
34.65	-7.677	26.511	-51.9
34.66	-7.696	23.097	-54.5
34.67	-7.701	17.928	-50.6
34.68	-7.690	11.367	-61.4
34.69	-7.673	5.825	-16.5
34.7	-7.659	1.281	-4.9
34.71	-7.653	-4.672	15.4
34.72	-7.649	-11.745	153.3
34.73	-7.644	-19.316	162.3
34.74	-7.633	-28.103	97.6
34.75	-7.616	-37.058	-12.1
34.76	-7.598	-44.522	-102.3
34.77	-7.584	-49.294	-13.1
34.78	-7.578	-50.966	-40.7
34.79	-7.577	-51.134	-15.0
34.8	-7.573	-51.141	-17.1
34.81	-7.563	-51.141	-19.8
34.82	-7.546	-51.141	-29.5
34.83	-7.529	-51.133	-0.7
34.84	-7.521	-50.991	-12.0
34.85	-7.519	-48.613	15.0
34.86	-7.521	-41.245	3.3
34.87	-7.527	-33.206	30.7
34.88	-7.536	-32.344	28.8
34.89	-7.543	-38.716	40.4
34.9	-7.549	-44.038	53.5
34.91	-7.556	-37.314	57.1
34.92	-7.564	-16.336	94.7
34.93	-7.574	6.058	120.4
34.94	-7.584	17.995	107.9
34.95	-7.593	17.916	143.5
34.96	-7.598	8.752	117.8
34.97	-7.599	-2.127	151.0
34.98	-7.599	-9.195	107.9
34.99	-7.596	-12.956	76.5
35.0	-7.590	-16.014	15.1
35.01	-7.583	-21.980	-12.1
35.02	-7.577	-31.664	-52.6
35.03	-7.573	-41.769	-61.2
35.04	-7.572	-48.448	-73.5
