Interval=	0.01 s
ExcelDateTime=	3.9773411406663443e+004	21/11/2008 9:52:25.535722
TimeFormat=	StartOfBlock
ChannelTitle=	Channel 1	Channel 2	Channel 3
Range=	20.000 mV	50.000 mV	500.0 µV
0.0	-11.109	-22.469	53.3
0.01	-11.103	-22.173	-18.6
0.02	-11.089	-22.014	17.8
0.03	-11.074	-22.361	2.3
0.04	-11.061	-23.053	19.9
0.05	-11.047	-23.808	24.8
0.06	-11.034	-24.688	49.8
0.07	-11.020	-25.319	27.0
0.08	-11.006	-24.241	35.8
0.09	-10.989	-18.814	59.0
0.1	-10.973	-6.730	79.8
0.11	-10.953	11.355	99.8
0.12	-10.931	31.066	130.8
0.13	-10.911	45.206	136.7
0.14	-10.891	50.481	171.1
0.15	-10.874	51.128	159.9
0.16	-10.856	51.138	173.6
0.17	-10.835	51.138	139.5
0.18	-10.809	51.125	106.7
0.19	-10.778	50.534	62.6
0.2	-10.744	46.827	24.0
0.21	-10.708	38.350	-4.2
0.22	-10.676	27.533	-29.6
0.23	-10.654	16.773	-49.2
0.24	-10.640	6.444	-36.6
0.25	-10.624	-3.086	-50.5
0.26	-10.601	-11.486	-54.9
0.27	-10.576	-18.752	-63.7
0.28	-10.553	-24.855	-46.8
0.29	-10.527	-29.897	-58.7
0.3	-10.497	-34.170	-42.2
0.31	-10.466	-37.770	-41.8
0.32	-10.432	-40.439	-44.6
0.33	-10.397	-42.267	-49.1
0.34	-10.359	-43.364	-31.7
0.35	-10.320	-43.166	-43.6
0.36	-10.278	-41.616	-39.2
0.37	-10.234	-39.055	-34.0
0.38	-10.189	-35.336	-22.4
0.39	-10.141	-30.239	-37.4
0.4	-10.093	-23.600	-35.8
0.41	-10.045	-15.892	-37.6
0.42	-9.999	-8.280	-34.5
0.43	-9.957	-1.277	-45.1
0.44	-9.920	4.681	-32.3
0.45	-9.887	8.834	-42.0
0.46	-9.857	11.273	-30.7
0.47	-9.831	12.530	-43.5
0.48	-9.806	12.486	-28.6
0.49	-9.780	10.811	-45.9
0.5	-9.752	7.858	-33.5
0.51	-9.724	4.072	-35.5
0.52	-9.694	-0.439	-37.4
0.53	-9.666	-5.252	-24.7
0.54	-9.638	-10.108	-13.2
0.55	-9.611	-14.605	-14.5
0.56	-9.584	-16.802	-0.9
0.57	-9.557	-17.616	-12.4
0.58	-9.531	-20.233	-3.9
0.59	-9.506	-23.180	-13.1
0.6	-9.482	-24.444	-25.8
0.61	-9.457	-24.902	-46.2
0.62	-9.435	-25.138	-28.9
0.63	-9.412	-25.303	-28.8
0.64	-9.388	-25.452	-33.9
0.65	-9.361	-25.280	-27.4
0.66	-9.337	-24.556	-20.7
0.67	-9.314	-23.645	6.0
0.68	-9.293	-23.264	-39.6
0.69	-9.269	-23.495	-13.6
0.7	-9.241	-23.783	190.8
0.71	-9.207	-23.661	174.4
0.72	-9.174	-23.086	161.0
0.73	-9.148	-22.164	-18.0
0.74	-9.127	-21.005	-89.0
0.75	-9.111	-20.184	-14.0
0.76	-9.096	-20.131	-35.5
0.77	-9.077	-20.300	-40.3
0.78	-9.052	-20.291	-24.7
0.79	-9.020	-20.119	-33.0
0.8	-8.984	-19.367	-20.7
0.81	-8.949	-18.242	-28.0
0.82	-8.915	-17.716	-15.2
0.83	-8.883	-18.080	-5.9
0.84	-8.853	-18.980	-10.9
0.85	-8.824	-19.494	-7.6
0.86	-8.799	-17.445	14.0
0.87	-8.776	-9.559	12.5
0.88	-8.751	6.280	40.8
0.89	-8.724	27.103	46.9
0.9	-8.698	43.663	66.4
0.91	-8.673	50.259	82.9
0.92	-8.649	51.127	126.0
0.93	-8.628	51.138	133.4
0.94	-8.607	51.139	144.8
0.95	-8.586	51.139	134.2
0.96	-8.565	51.133	100.8
0.97	-8.543	50.869	42.4
0.98	-8.519	48.395	7.0
0.99	-8.497	41.417	-27.6
1.0	-8.476	31.183	-39.0
1.01	-8.456	20.255	-67.2
1.02	-8.436	9.769	-74.2
1.03	-8.414	-0.069	-89.9
1.04	-8.393	-9.606	-75.5
1.05	-8.373	-18.317	-77.5
1.06	-8.352	-24.939	-71.4
1.07	-8.334	-29.013	-85.9
1.08	-8.319	-31.406	-85.6
1.09	-8.304	-33.352	-82.3
1.1	-8.291	-35.234	-66.3
1.11	-8.277	-37.205	-67.9
1.12	-8.265	-39.497	-59.4
1.13	-8.256	-41.527	-70.1
1.14	-8.248	-42.403	-58.8
1.15	-8.240	-41.520	-65.7
1.16	-8.231	-38.322	-48.0
1.17	-8.222	-32.819	-57.0
1.18	-8.212	-26.139	-55.8
1.19	-8.201	-19.725	-58.0
1.2	-8.191	-14.367	-50.7
1.21	-8.181	-10.117	-56.0
1.22	-8.169	-6.567	-47.7
1.23	-8.158	-3.320	-49.2
1.24	-8.146	-0.419	-54.9
1.25	-8.134	1.681	-71.5
1.26	-8.123	2.522	-55.9
1.27	-8.110	1.950	-57.1
1.28	-8.098	0.077	-54.1
1.29	-8.087	-2.681	-62.7
1.3	-8.075	-5.498	-54.0
1.31	-8.063	-7.766	-53.9
1.32	-8.050	-9.848	-54.0
1.33	-8.038	-12.294	-68.3
1.34	-8.028	-15.019	-50.6
1.35	-8.020	-17.931	-50.1
1.36	-8.013	-20.894	-44.4
1.37	-8.006	-23.233	-60.9
1.38	-7.998	-24.684	-51.8
1.39	-7.992	-26.072	-51.5
1.4	-7.986	-27.750	-37.7
1.41	-7.979	-29.169	-47.4
1.42	-7.971	-30.044	-23.7
1.43	-7.964	-30.247	-26.9
1.44	-7.961	-29.792	-23.9
1.45	-7.959	-29.023	-19.9
1.46	-7.958	-28.023	-12.0
1.47	-7.955	-26.827	-37.6
1.48	-7.951	-25.694	-63.3
1.49	-7.946	-24.830	-53.1
1.5	-7.939	-24.339	-41.9
1.51	-7.934	-24.298	-62.2
1.52	-7.929	-24.844	-38.8
1.53	-7.928	-25.761	-61.3
1.54	-7.928	-26.494	-2.6
1.55	-7.929	-26.888	-49.9
1.56	-7.925	-27.064	38.6
1.57	-7.915	-26.880	177.8
1.58	-7.902	-26.378	188.2
1.59	-7.892	-25.731	204.6
1.6	-7.888	-24.381	-6.8
1.61	-7.887	-22.175	-71.0
1.62	-7.887	-20.375	-23.3
1.63	-7.886	-19.658	-64.8
1.64	-7.880	-19.456	-33.0
1.65	-7.870	-19.581	-38.0
1.66	-7.859	-19.902	-18.3
1.67	-7.848	-19.877	-31.9
1.68	-7.836	-19.395	-22.3
1.69	-7.824	-18.758	-23.3
1.7	-7.811	-18.248	-13.1
1.71	-7.798	-17.336	-10.0
1.72	-7.787	-13.003	11.1
1.73	-7.782	-0.706	14.1
1.74	-7.777	20.059	28.4
1.75	-7.770	40.058	33.5
1.76	-7.763	49.522	60.5
1.77	-7.756	51.097	88.8
1.78	-7.748	51.134	125.8
1.79	-7.739	51.139	129.6
1.8	-7.732	51.139	164.6
1.81	-7.728	51.139	171.1
1.82	-7.724	51.133	163.0
1.83	-7.719	51.006	128.5
1.84	-7.714	49.116	76.2
1.85	-7.710	42.517	16.9
1.86	-7.706	32.000	-5.0
1.87	-7.703	21.248	-47.2
1.88	-7.701	11.295	-63.3
1.89	-7.700	1.777	-67.1
1.9	-7.702	-6.823	-77.3
1.91	-7.704	-14.488	-80.5
1.92	-7.704	-21.436	-66.0
1.93	-7.704	-27.173	-86.3
1.94	-7.704	-31.431	-77.6
1.95	-7.708	-34.070	-80.2
1.96	-7.711	-35.238	-61.3
1.97	-7.716	-36.173	-71.9
1.98	-7.721	-37.236	-67.7
1.99	-7.728	-37.902	-66.4
2.0	-7.736	-38.722	-54.1
2.01	-7.746	-39.425	-67.7
2.02	-7.755	-38.661	-65.3
2.03	-7.765	-36.500	-73.9
2.04	-7.774	-33.483	-60.8
2.05	-7.784	-29.581	-73.5
2.06	-7.794	-25.017	-63.1
2.07	-7.802	-19.947	-55.0
2.08	-7.809	-14.681	-59.9
2.09	-7.816	-10.184	-67.4
2.1	-7.824	-6.944	-56.6
2.11	-7.834	-4.541	-62.7
2.12	-7.846	-2.684	-48.1
2.13	-7.861	-1.577	-61.4
2.14	-7.878	-1.159	-49.1
2.15	-7.896	-1.397	-54.1
2.16	-7.912	-2.894	-48.3
2.17	-7.926	-5.861	-52.7
2.18	-7.938	-9.450	-44.0
2.19	-7.948	-12.742	-55.4
2.2	-7.959	-15.633	-44.3
2.21	-7.969	-18.220	-46.7
2.22	-7.982	-20.409	-45.3
2.23	-7.996	-22.595	-55.7
2.24	-8.011	-25.070	-34.5
2.25	-8.027	-27.317	-44.5
2.26	-8.043	-29.150	-39.4
2.27	-8.060	-31.069	-35.5
2.28	-8.079	-33.266	-36.2
2.29	-8.099	-35.428	-34.5
2.3	-8.121	-37.173	-23.4
2.31	-8.146	-37.925	-28.3
2.32	-8.172	-36.586	-3.4
2.33	-8.200	-33.363	0.5
2.34	-8.229	-30.627	-3.4
2.35	-8.259	-29.438	-0.8
2.36	-8.289	-28.955	1.6
2.37	-8.318	-28.930	-33.7
2.38	-8.346	-29.166	-34.3
2.39	-8.374	-29.013	-51.3
2.4	-8.399	-28.530	-44.5
2.41	-8.423	-28.330	-31.4
2.42	-8.446	-28.550	-21.8
2.43	-8.469	-28.914	-42.3
2.44	-8.493	-29.127	18.1
2.45	-8.519	-28.781	-61.1
2.46	-8.541	-27.309	63.1
2.47	-8.556	-24.628	224.8
2.48	-8.569	-22.163	202.1
2.49	-8.590	-21.028	187.2
2.5	-8.616	-20.747	-31.0
2.51	-8.645	-21.277	-59.9
2.52	-8.676	-22.617	2.1
2.53	-8.706	-23.867	-41.2
2.54	-8.731	-24.333	-8.9
2.55	-8.749	-24.098	-20.0
2.56	-8.762	-23.830	-4.6
2.57	-8.773	-23.888	-14.9
2.58	-8.784	-24.163	-2.3
2.59	-8.795	-24.775	-9.3
2.6	-8.808	-25.711	3.2
2.61	-8.822	-26.336	13.0
2.62	-8.838	-24.697	25.8
2.63	-8.856	-17.167	30.7
2.64	-8.875	-0.497	55.1
2.65	-8.894	23.133	59.3
2.66	-8.913	42.552	88.3
2.67	-8.932	50.181	107.5
2.68	-8.949	51.120	136.8
2.69	-8.967	51.138	149.2
2.7	-8.986	51.139	166.3
2.71	-9.004	51.139	171.5
2.72	-9.022	51.131	168.6
2.73	-9.040	50.772	124.4
2.74	-9.059	47.506	91.1
2.75	-9.078	38.316	34.9
2.76	-9.095	24.822	-3.6
2.77	-9.111	10.534	-23.3
2.78	-9.127	-2.777	-32.6
2.79	-9.147	-13.970	-65.0
2.8	-9.169	-22.375	-60.6
2.81	-9.191	-27.389	-47.3
2.82	-9.213	-29.806	-40.8
2.83	-9.232	-31.855	-56.0
2.84	-9.252	-34.000	-48.5
2.85	-9.273	-35.823	-51.0
2.86	-9.293	-37.867	-45.7
2.87	-9.314	-39.913	-50.5
2.88	-9.335	-41.216	-32.3
2.89	-9.355	-42.198	-45.4
2.9	-9.373	-43.095	-37.8
2.91	-9.391	-42.844	-41.7
2.92	-9.410	-41.030	-32.4
2.93	-9.431	-38.222	-41.9
2.94	-9.452	-34.572	-39.4
2.95	-9.472	-29.936	-36.5
2.96	-9.491	-24.639	-30.6
2.97	-9.510	-19.450	-27.7
2.98	-9.527	-14.789	-31.3
2.99	-9.542	-10.555	-50.8
3.0	-9.557	-6.705	-27.6
3.01	-9.574	-3.070	-33.2
3.02	-9.594	0.200	-26.7
3.03	-9.615	2.003	-36.6
3.04	-9.636	1.544	-31.2
3.05	-9.658	-0.888	-47.2
3.06	-9.678	-4.408	-32.2
3.07	-9.694	-8.155	-36.7
3.08	-9.709	-11.798	-34.5
3.09	-9.723	-15.442	-26.1
3.1	-9.740	-18.864	-24.3
3.11	-9.759	-21.384	-27.4
3.12	-9.779	-23.252	-22.2
3.13	-9.799	-25.520	-24.0
3.14	-9.819	-28.073	-15.7
3.15	-9.841	-30.255	-17.6
3.16	-9.866	-32.113	17.6
3.17	-9.891	-33.722	-7.9
3.18	-9.915	-34.913	-7.7
3.19	-9.936	-35.363	10.2
3.2	-9.954	-34.975	-4.4
3.21	-9.974	-34.130	-16.6
3.22	-9.994	-32.961	-26.3
3.23	-10.016	-31.723	-43.8
3.24	-10.039	-31.023	-20.9
3.25	-10.063	-30.773	-34.4
3.26	-10.086	-30.492	-10.8
3.27	-10.107	-29.981	-45.6
3.28	-10.128	-29.328	13.3
3.29	-10.149	-28.777	-24.4
3.3	-10.167	-28.355	-1.1
3.31	-10.180	-28.106	186.8
3.32	-10.192	-28.091	168.9
3.33	-10.208	-28.005	119.1
3.34	-10.227	-27.395	-22.2
3.35	-10.246	-26.009	-68.8
3.36	-10.263	-24.273	18.4
3.37	-10.276	-22.666	-15.3
3.38	-10.281	-21.023	4.3
3.39	-10.274	-19.520	-12.4
3.4	-10.261	-18.778	-12.9
3.41	-10.246	-19.020	0.3
3.42	-10.233	-20.025	9.7
3.43	-10.224	-21.466	-3.7
3.44	-10.217	-22.781	12.7
3.45	-10.211	-23.570	19.0
3.46	-10.204	-23.758	39.3
3.47	-10.197	-22.523	42.7
3.48	-10.190	-17.922	52.3
3.49	-10.184	-7.375	63.3
3.5	-10.179	9.997	88.5
3.51	-10.174	30.225	101.3
3.52	-10.170	44.991	134.3
3.53	-10.168	50.464	147.8
3.54	-10.167	51.127	175.2
3.55	-10.167	51.138	174.6
3.56	-10.166	51.131	155.8
3.57	-10.164	50.620	125.6
3.58	-10.161	46.547	93.6
3.59	-10.153	35.767	29.0
3.6	-10.141	20.477	9.0
3.61	-10.129	4.623	-10.1
3.62	-10.122	-10.525	-40.8
3.63	-10.121	-24.663	-66.5
3.64	-10.119	-36.464	-46.9
3.65	-10.110	-44.061	-46.7
3.66	-10.096	-47.248	-52.7
3.67	-10.080	-47.222	-57.6
3.68	-10.063	-45.291	-37.3
3.69	-10.043	-43.042	-48.0
3.7	-10.019	-41.606	-53.8
3.71	-9.993	-40.814	-58.1
3.72	-9.964	-40.380	-40.5
3.73	-9.934	-40.342	-46.2
3.74	-9.907	-40.122	-43.9
3.75	-9.883	-39.102	-39.4
3.76	-9.862	-37.056	-35.5
3.77	-9.841	-33.606	-43.6
3.78	-9.819	-28.872	-30.7
3.79	-9.796	-23.445	-44.5
3.8	-9.774	-17.719	-33.8
3.81	-9.752	-12.242	-38.6
3.82	-9.729	-7.286	-32.0
3.83	-9.704	-2.623	-44.3
3.84	-9.679	1.656	-33.5
3.85	-9.651	5.106	-35.8
3.86	-9.619	7.183	-29.7
3.87	-9.585	7.519	-33.7
3.88	-9.552	6.255	-36.9
3.89	-9.519	3.795	-47.2
3.9	-9.484	0.744	-49.3
3.91	-9.447	-2.394	-52.9
3.92	-9.410	-5.805	-20.3
3.93	-9.374	-9.522	-29.8
3.94	-9.338	-13.050	-39.3
3.95	-9.304	-16.195	-40.0
3.96	-9.272	-18.963	-25.2
3.97	-9.242	-20.967	-24.0
3.98	-9.215	-21.856	-4.7
3.99	-9.190	-22.103	-8.7
4.0	-9.165	-22.331	-10.1
4.01	-9.139	-22.775	-19.5
4.02	-9.113	-23.611	-5.2
4.03	-9.085	-24.720	-29.5
4.04	-9.058	-25.655	-40.0
4.05	-9.031	-26.052	-35.4
4.06	-9.006	-26.061	-54.9
4.07	-8.980	-26.048	-60.3
4.08	-8.953	-25.989	-28.8
4.09	-8.923	-25.802	-57.9
4.1	-8.894	-25.577	-10.4
4.11	-8.866	-25.297	-14.0
4.12	-8.836	-24.766	-65.7
4.13	-8.803	-23.589	124.0
4.14	-8.766	-21.739	193.8
4.15	-8.731	-19.897	152.7
4.16	-8.704	-18.400	57.0
4.17	-8.684	-17.250	-103.6
4.18	-8.669	-16.828	-20.8
4.19	-8.656	-16.952	-29.3
4.2	-8.641	-16.930	-31.6
4.21	-8.619	-16.675	-25.4
4.22	-8.589	-16.347	-26.6
4.23	-8.554	-16.255	-19.6
4.24	-8.518	-16.841	-9.1
4.25	-8.486	-17.992	-24.2
4.26	-8.454	-19.527	-4.9
4.27	-8.422	-21.211	-7.2
4.28	-8.393	-21.950	1.9
4.29	-8.368	-20.106	11.8
4.3	-8.346	-13.370	26.5
4.31	-8.326	0.341	34.0
4.32	-8.309	19.688	57.2
4.33	-8.293	38.164	66.8
4.34	-8.276	48.464	100.7
4.35	-8.260	51.008	108.5
4.36	-8.245	51.133	134.1
4.37	-8.231	51.139	147.2
4.38	-8.216	51.138	142.8
4.39	-8.202	51.128	123.0
4.4	-8.188	50.569	83.3
4.41	-8.173	46.808	25.6
4.42	-8.159	37.853	-5.3
4.43	-8.146	25.991	-44.8
4.44	-8.134	14.161	-41.1
4.45	-8.124	3.308	-73.7
4.46	-8.116	-6.197	-71.2
4.47	-8.107	-14.139	-67.9
4.48	-8.097	-20.494	-66.0
4.49	-8.087	-25.413	-66.3
4.5	-8.078	-29.019	-75.4
4.51	-8.070	-31.370	-75.1
4.52	-8.061	-32.881	-69.0
4.53	-8.052	-34.311	-77.7
4.54	-8.044	-36.202	-58.8
4.55	-8.037	-38.364	-68.7
4.56	-8.031	-40.139	-57.7
4.57	-8.024	-41.177	-62.7
4.58	-8.018	-41.136	-57.9
4.59	-8.012	-39.616	-58.2
4.6	-8.007	-36.708	-52.1
4.61	-8.002	-32.711	-56.1
4.62	-7.996	-27.972	-45.3
4.63	-7.989	-22.798	-57.1
4.64	-7.981	-17.264	-54.5
4.65	-7.975	-11.711	-56.9
4.66	-7.970	-6.703	-48.8
4.67	-7.966	-2.980	-56.1
4.68	-7.961	-1.214	-50.9
4.69	-7.958	-1.109	-59.9
4.7	-7.954	-2.002	-58.0
4.71	-7.951	-3.625	-59.3
4.72	-7.947	-5.778	-51.3
4.73	-7.944	-8.238	-59.6
4.74	-7.939	-10.863	-53.7
4.75	-7.934	-13.486	-60.4
4.76	-7.930	-15.867	-52.9
4.77	-7.926	-17.856	-60.3
4.78	-7.922	-19.641	-45.4
4.79	-7.919	-21.397	-42.4
4.8	-7.916	-22.831	-42.3
4.81	-7.914	-23.994	-60.7
4.82	-7.912	-25.425	-49.8
4.83	-7.909	-26.939	-51.7
4.84	-7.906	-27.873	-45.1
4.85	-7.902	-28.245	-41.6
4.86	-7.899	-28.422	-38.1
4.87	-7.897	-28.608	-32.6
4.88	-7.896	-28.988	-6.8
4.89	-7.894	-29.558	-28.7
4.9	-7.894	-30.064	-23.3
4.91	-7.894	-30.209	-15.3
4.92	-7.894	-29.958	-18.2
4.93	-7.894	-29.589	-40.7
4.94	-7.893	-29.194	-46.0
4.95	-7.891	-28.534	-53.6
4.96	-7.889	-27.623	-46.3
4.97	-7.886	-26.759	-44.1
4.98	-7.883	-25.817	-52.1
4.99	-7.881	-24.614	-43.6
5.0	-7.880	-23.473	-10.8
5.01	-7.877	-22.492	-51.8
5.02	-7.871	-21.417	121.7
5.03	-7.861	-20.300	173.1
5.04	-7.853	-19.288	202.5
5.05	-7.848	-18.369	127.0
5.06	-7.847	-17.794	-74.3
5.07	-7.850	-17.853	-34.8
5.08	-7.855	-18.277	-40.0
5.09	-7.857	-18.467	-47.4
5.1	-7.851	-18.308	-29.9
5.11	-7.843	-18.250	-48.7
5.12	-7.834	-18.419	-33.3
5.13	-7.826	-18.645	-45.8
5.14	-7.817	-18.956	-27.4
5.15	-7.807	-19.256	-24.2
5.16	-7.798	-19.067	-5.9
5.17	-7.789	-16.806	-7.7
5.18	-7.782	-9.377	13.6
5.19	-7.776	5.244	16.5
5.2	-7.771	24.866	33.9
5.21	-7.768	41.858	51.3
5.22	-7.764	49.722	75.8
5.23	-7.759	51.095	101.8
5.24	-7.756	51.136	128.8
5.25	-7.753	51.139	145.7
5.26	-7.749	51.139	171.9
5.27	-7.746	51.136	166.7
5.28	-7.744	51.081	153.2
5.29	-7.743	49.833	109.2
5.3	-7.743	44.453	60.3
5.31	-7.743	34.553	-4.1
5.32	-7.742	23.467	-34.4
5.33	-7.739	13.166	-57.9
5.34	-7.736	3.847	-61.6
5.35	-7.734	-4.370	-83.6
5.36	-7.733	-11.305	-79.0
5.37	-7.732	-16.731	-85.1
5.38	-7.731	-20.892	-80.0
5.39	-7.729	-24.203	-86.4
5.4	-7.727	-26.658	-80.9
5.41	-7.726	-28.330	-81.5
5.42	-7.724	-29.586	-68.3
5.43	-7.722	-30.772	-74.4
5.44	-7.719	-32.173	-65.8
5.45	-7.717	-33.520	-71.4
5.46	-7.714	-34.067	-61.2
5.47	-7.712	-33.652	-68.4
5.48	-7.709	-32.330	-61.0
5.49	-7.708	-30.016	-62.9
5.5	-7.706	-26.973	-67.7
5.51	-7.704	-23.463	-71.1
5.52	-7.701	-19.686	-54.0
5.53	-7.698	-15.964	-61.3
5.54	-7.697	-12.123	-53.6
5.55	-7.696	-8.097	-52.5
5.56	-7.694	-4.838	-58.2
5.57	-7.692	-3.014	-64.6
5.58	-7.691	-2.319	-52.0
5.59	-7.691	-2.491	-60.5
5.6	-7.692	-3.448	-43.6
5.61	-7.695	-5.183	-58.6
5.62	-7.699	-7.611	-61.3
5.63	-7.703	-10.270	-56.6
5.64	-7.710	-12.747	-49.8
5.65	-7.718	-14.969	-54.4
5.66	-7.724	-16.947	-43.8
5.67	-7.731	-18.827	-61.2
5.68	-7.737	-20.764	-49.2
5.69	-7.746	-22.667	-47.5
5.7	-7.761	-24.369	-39.2
5.71	-7.784	-25.802	-38.5
5.72	-7.811	-26.913	-46.7
5.73	-7.841	-27.581	-50.0
5.74	-7.868	-27.934	-35.2
5.75	-7.894	-28.127	-43.8
5.76	-7.916	-27.955	-36.6
5.77	-7.936	-27.477	-44.7
5.78	-7.951	-27.056	-25.0
5.79	-7.963	-26.706	-19.3
5.8	-7.973	-26.366	-12.7
5.81	-7.984	-26.220	-19.1
5.82	-7.994	-26.295	-0.6
5.83	-8.006	-26.519	-15.1
5.84	-8.020	-26.964	-37.8
5.85	-8.036	-27.422	-55.2
5.86	-8.054	-27.594	-42.6
5.87	-8.072	-27.514	-48.2
5.88	-8.092	-27.391	-28.1
5.89	-8.113	-27.420	-50.1
5.9	-8.136	-27.516	-37.3
5.91	-8.163	-27.328	-7.6
5.92	-8.192	-26.714	-53.5
5.93	-8.217	-25.973	120.4
5.94	-8.238	-25.113	236.6
5.95	-8.259	-23.805	246.8
5.96	-8.284	-22.277	162.0
5.97	-8.310	-21.025	-79.6
5.98	-8.337	-20.567	-22.7
5.99	-8.365	-21.092	-26.4
6.0	-8.391	-21.994	-35.0
6.01	-8.411	-22.542	-28.7
6.02	-8.425	-22.338	-25.3
6.03	-8.436	-21.492	-17.8
6.04	-8.444	-20.736	-22.9
6.05	-8.454	-20.583	-19.1
6.06	-8.462	-20.955	-9.5
6.07	-8.470	-21.430	-7.3
6.08	-8.480	-21.059	4.5
6.09	-8.492	-17.920	4.8
6.1	-8.506	-8.858	28.8
6.11	-8.521	7.972	36.7
6.12	-8.537	28.788	58.9
6.13	-8.554	44.461	72.5
6.14	-8.571	50.392	103.2
6.15	-8.589	51.127	121.5
6.16	-8.608	51.138	155.0
6.17	-8.627	51.139	156.1
6.18	-8.647	51.138	164.8
6.19	-8.666	51.116	138.4
6.2	-8.684	50.394	105.0
6.21	-8.702	46.470	55.0
6.22	-8.721	38.078	18.5
6.23	-8.739	27.448	-26.7
6.24	-8.758	16.764	-45.7
6.25	-8.777	6.725	-58.0
6.26	-8.797	-2.522	-58.4
6.27	-8.818	-10.972	-70.6
6.28	-8.841	-18.364	-68.2
6.29	-8.863	-24.317	-72.4
6.3	-8.886	-28.625	-62.1
6.31	-8.910	-31.273	-66.7
6.32	-8.935	-32.613	-59.0
6.33	-8.959	-33.552	-69.2
6.34	-8.981	-34.744	-54.8
6.35	-9.001	-36.181	-57.1
6.36	-9.021	-37.630	-49.6
6.37	-9.041	-38.741	-52.5
6.38	-9.061	-38.872	-61.5
6.39	-9.082	-37.369	-69.9
6.4	-9.104	-34.208	-54.8
6.41	-9.126	-30.013	-59.9
6.42	-9.145	-25.381	-40.3
6.43	-9.163	-20.658	-46.3
6.44	-9.180	-16.156	-50.2
6.45	-9.195	-12.039	-56.7
6.46	-9.209	-8.450	-36.4
6.47	-9.224	-5.663	-43.3
6.48	-9.237	-3.866	-48.2
6.49	-9.250	-3.206	-55.2
6.5	-9.264	-3.439	-39.7
6.51	-9.279	-4.111	-46.0
6.52	-9.297	-5.419	-43.5
6.53	-9.316	-7.633	-46.0
6.54	-9.334	-10.656	-40.3
6.55	-9.350	-14.309	-48.1
6.56	-9.366	-18.000	-45.6
6.57	-9.381	-21.002	-45.5
6.58	-9.398	-23.091	-39.3
6.59	-9.414	-24.348	-47.5
6.6	-9.433	-24.973	-27.7
6.61	-9.452	-25.423	-34.8
6.62	-9.472	-26.045	-38.8
6.63	-9.492	-26.909	-31.5
6.64	-9.510	-27.922	-23.7
6.65	-9.526	-28.820	-25.5
6.66	-9.543	-29.320	-6.3
6.67	-9.560	-29.236	-15.6
6.68	-9.576	-28.569	5.5
6.69	-9.593	-27.734	-6.7
6.7	-9.609	-27.398	-14.3
6.71	-9.625	-27.627	-37.5
6.72	-9.642	-27.920	-49.3
6.73	-9.659	-28.016	-36.1
6.74	-9.678	-27.944	-32.0
6.75	-9.697	-27.716	-44.5
6.76	-9.721	-27.198	-31.5
6.77	-9.747	-26.205	-35.8
6.78	-9.773	-24.873	5.8
6.79	-9.795	-23.781	-67.9
6.8	-9.811	-23.205	68.1
6.81	-9.821	-22.842	207.4
6.82	-9.831	-22.484	185.4
6.83	-9.848	-22.278	112.3
6.84	-9.873	-22.358	-63.8
6.85	-9.903	-22.695	-38.6
6.86	-9.938	-23.048	-6.5
6.87	-9.971	-23.041	-25.3
6.88	-9.993	-22.483	-10.4
6.89	-10.006	-21.813	-30.4
6.9	-10.010	-21.605	0.4
6.91	-10.011	-21.878	-16.3
6.92	-10.014	-22.698	0.5
6.93	-10.019	-24.027	3.4
6.94	-10.026	-25.158	7.1
6.95	-10.034	-25.538	18.3
6.96	-10.041	-24.763	33.3
6.97	-10.049	-21.395	22.5
6.98	-10.059	-12.870	51.1
6.99	-10.069	2.313	68.3
7.0	-10.083	21.928	90.4
7.01	-10.101	39.525	103.1
7.02	-10.124	48.852	133.1
7.03	-10.152	51.033	145.3
7.04	-10.182	51.134	165.3
7.05	-10.210	51.139	169.7
7.06	-10.234	51.131	160.5
7.07	-10.256	50.967	111.1
7.08	-10.278	48.823	66.6
7.09	-10.296	41.709	25.3
7.1	-10.308	30.455	1.4
7.11	-10.318	18.739	-47.0
7.12	-10.330	8.345	-58.8
7.13	-10.348	-0.877	-58.4
7.14	-10.368	-9.539	-46.0
7.15	-10.388	-17.611	-53.9
7.16	-10.403	-24.520	-46.0
7.17	-10.415	-29.872	-55.2
7.18	-10.426	-33.656	-49.4
7.19	-10.435	-36.116	-49.5
7.2	-10.443	-37.502	-46.1
7.21	-10.447	-38.245	-51.2
7.22	-10.447	-38.970	-48.4
7.23	-10.445	-39.797	-45.5
7.24	-10.443	-40.227	-29.0
7.25	-10.440	-39.598	-48.2
7.26	-10.437	-37.620	-43.3
7.27	-10.434	-34.559	-44.4
7.28	-10.434	-30.502	-30.4
7.29	-10.436	-25.367	-33.3
7.3	-10.437	-19.713	-35.4
7.31	-10.436	-14.198	-38.9
7.32	-10.431	-8.784	-42.1
7.33	-10.423	-3.266	-46.4
7.34	-10.414	1.613	-40.0
7.35	-10.403	4.563	-47.3
7.36	-10.393	5.413	-22.3
7.37	-10.383	4.895	-39.0
7.38	-10.372	3.450	-40.4
7.39	-10.360	1.302	-39.4
7.4	-10.346	-1.188	-25.2
7.41	-10.329	-3.616	-49.2
7.42	-10.309	-5.859	-49.4
7.43	-10.288	-8.128	-34.9
7.44	-10.266	-10.606	-34.7
7.45	-10.243	-13.313	-27.9
7.46	-10.220	-16.238	-10.1
7.47	-10.198	-19.017	-12.9
7.48	-10.175	-21.103	12.5
7.49	-10.151	-22.375	-20.6
7.5	-10.126	-22.969	2.3
7.51	-10.100	-23.077	2.7
7.52	-10.073	-23.119	-24.3
7.53	-10.046	-23.255	-42.0
7.54	-10.018	-23.164	-47.7
7.55	-9.989	-22.855	-41.3
7.56	-9.957	-22.734	-28.7
7.57	-9.924	-22.756	-39.3
7.58	-9.888	-22.769	-38.0
7.59	-9.851	-22.997	-43.6
7.6	-9.816	-23.214	10.2
7.61	-9.779	-22.888	-62.0
7.62	-9.738	-22.178	49.5
7.63	-9.688	-21.619	181.7
7.64	-9.633	-21.248	157.1
7.65	-9.581	-20.556	78.8
7.66	-9.536	-19.316	-81.2
7.67	-9.499	-18.286	-54.7
7.68	-9.466	-17.855	-19.5
7.69	-9.434	-17.434	-25.0
7.7	-9.402	-17.003	-21.0
7.71	-9.364	-16.842	-38.8
7.72	-9.319	-16.880	-9.3
7.73	-9.272	-17.352	-21.5
7.74	-9.225	-18.456	-8.3
7.75	-9.181	-19.902	-6.9
7.76	-9.138	-21.414	7.4
7.77	-9.096	-22.578	-3.5
7.78	-9.057	-22.533	17.1
7.79	-9.018	-20.161	23.1
7.8	-8.981	-13.514	30.1
7.81	-8.945	-0.738	45.4
7.82	-8.910	16.988	78.7
7.83	-8.876	34.894	85.4
7.84	-8.844	46.702	121.9
7.85	-8.813	50.705	124.9
7.86	-8.782	51.130	155.8
7.87	-8.753	51.139	158.3
7.88	-8.725	51.136	131.4
7.89	-8.697	51.098	91.2
7.9	-8.669	50.031	38.3
7.91	-8.641	44.742	-9.7
7.92	-8.614	34.109	-27.2
7.93	-8.591	21.706	-57.8
7.94	-8.572	10.767	-69.2
7.95	-8.558	1.963	-73.4
7.96	-8.545	-5.227	-63.7
7.97	-8.531	-11.605	-83.1
7.98	-8.516	-17.347	-65.4
7.99	-8.499	-22.316	-70.3
8.0	-8.480	-26.742	-70.7
8.01	-8.461	-30.964	-82.0
8.02	-8.440	-34.973	-67.7
8.03	-8.419	-38.514	-74.4
8.04	-8.399	-41.239	-68.9
8.05	-8.378	-42.695	-60.3
8.06	-8.357	-42.730	-64.4
8.07	-8.337	-41.442	-68.9
8.08	-8.318	-38.766	-58.4
8.09	-8.300	-34.864	-72.1
8.1	-8.283	-30.203	-50.5
8.11	-8.264	-25.073	-60.5
8.12	-8.245	-19.738	-54.0
8.13	-8.226	-14.475	-59.1
8.14	-8.207	-9.480	-51.8
8.15	-8.189	-5.206	-53.2
8.16	-8.171	-2.156	-56.6
8.17	-8.154	-0.464	-72.2
8.18	-8.139	-0.044	-61.4
8.19	-8.126	-0.588	-65.3
8.2	-8.111	-1.777	-56.1
8.21	-8.095	-3.455	-62.1
8.22	-8.081	-5.664	-52.6
8.23	-8.066	-8.502	-60.5
8.24	-8.053	-11.661	-55.9
8.25	-8.037	-14.752	-56.1
8.26	-8.021	-17.480	-56.7
8.27	-8.009	-19.600	-60.3
8.28	-8.000	-21.411	-49.7
8.29	-7.992	-23.378	-62.0
8.3	-7.985	-25.203	-42.2
8.31	-7.979	-26.216	-50.7
8.32	-7.974	-26.428	-48.3
8.33	-7.973	-26.355	-55.2
8.34	-7.972	-26.294	-50.3
8.35	-7.970	-26.411	-55.3
8.36	-7.968	-26.700	-37.7
8.37	-7.964	-26.784	-47.2
8.38	-7.962	-26.528	-42.0
8.39	-7.959	-26.191	-29.4
8.4	-7.955	-26.073	-22.1
8.41	-7.953	-26.334	-33.1
8.42	-7.951	-26.663	-16.6
8.43	-7.950	-26.386	-25.2
8.44	-7.947	-25.139	-42.5
8.45	-7.946	-23.691	-64.3
8.46	-7.944	-23.031	-48.7
8.47	-7.941	-22.922	-65.8
8.48	-7.938	-22.892	-55.7
8.49	-7.934	-22.572	-58.4
8.5	-7.933	-21.575	-46.4
8.51	-7.931	-20.406	-11.0
8.52	-7.928	-19.702	-71.8
8.53	-7.922	-19.206	44.5
8.54	-7.912	-18.355	184.4
8.55	-7.901	-17.252	169.2
8.56	-7.896	-16.536	158.9
8.57	-7.897	-16.581	-62.0
8.58	-7.901	-17.403	-60.6
8.59	-7.907	-18.714	-36.8
8.6	-7.911	-19.852	-52.3
8.61	-7.907	-20.219	-33.7
8.62	-7.896	-19.766	-35.5
8.63	-7.881	-18.838	-40.3
8.64	-7.868	-18.070	-26.9
8.65	-7.856	-18.230	-26.0
8.66	-7.843	-19.405	-15.3
8.67	-7.830	-20.795	-16.6
8.68	-7.817	-20.925	-2.3
8.69	-7.807	-17.161	-5.1
8.7	-7.799	-6.222	20.7
8.71	-7.791	12.708	17.5
8.72	-7.783	33.806	39.8
8.73	-7.776	47.150	61.2
8.74	-7.769	50.889	88.3
8.75	-7.763	51.127	106.4
8.76	-7.758	51.139	137.3
8.77	-7.753	51.139	146.0
8.78	-7.748	51.139	162.8
8.79	-7.743	51.133	148.3
8.8	-7.739	51.009	115.8
8.81	-7.737	49.273	59.4
8.82	-7.736	43.223	19.9
8.83	-7.734	33.155	-18.0
8.84	-7.732	22.133	-46.0
8.85	-7.730	11.848	-77.4
8.86	-7.729	2.531	-68.2
8.87	-7.730	-5.622	-85.9
8.88	-7.731	-12.350	-74.1
8.89	-7.729	-17.791	-78.9
8.9	-7.726	-21.898	-78.1
8.91	-7.723	-24.422	-71.1
8.92	-7.719	-25.611	-66.0
8.93	-7.714	-26.155	-85.6
8.94	-7.708	-27.003	-57.8
8.95	-7.704	-28.658	-64.8
8.96	-7.701	-30.488	-62.7
8.97	-7.697	-31.747	-71.9
8.98	-7.694	-32.089	-56.7
8.99	-7.691	-31.166	-61.4
9.0	-7.689	-29.039	-59.0
9.01	-7.688	-26.169	-62.6
9.02	-7.687	-22.847	-52.3
9.03	-7.686	-19.306	-60.7
9.04	-7.685	-15.600	-59.6
9.05	-7.684	-11.630	-63.3
9.06	-7.683	-7.634	-48.5
9.07	-7.681	-4.139	-57.4
9.08	-7.679	-1.719	-57.2
9.09	-7.679	-0.552	-57.2
9.1	-7.679	-0.445	-45.2
9.11	-7.679	-1.431	-64.3
9.12	-7.681	-3.475	-53.2
9.13	-7.681	-6.122	-58.8
9.14	-7.679	-8.869	-56.7
9.15	-7.678	-11.409	-56.3
9.16	-7.673	-13.775	-49.3
9.17	-7.669	-16.217	-61.7
9.18	-7.664	-18.653	-48.6
9.19	-7.661	-20.872	-53.9
9.2	-7.658	-22.656	-40.9
9.21	-7.659	-23.772	-56.7
9.22	-7.659	-24.670	-45.5
9.23	-7.659	-25.723	-46.5
9.24	-7.659	-26.611	-45.0
9.25	-7.659	-27.153	-54.8
9.26	-7.658	-27.317	-36.1
9.27	-7.658	-27.283	-45.4
9.28	-7.658	-27.380	-39.3
9.29	-7.659	-27.442	-33.3
9.3	-7.660	-27.344	-32.7
9.31	-7.662	-27.344	-28.9
9.32	-7.664	-27.433	-12.1
9.33	-7.666	-27.495	-30.5
9.34	-7.669	-27.345	-4.1
9.35	-7.674	-26.672	-8.6
9.36	-7.679	-25.667	-20.2
9.37	-7.684	-24.795	-56.0
9.38	-7.692	-24.181	-58.7
9.39	-7.702	-23.883	-54.5
9.4	-7.715	-23.986	-49.5
9.41	-7.730	-24.455	-44.6
9.42	-7.748	-25.091	-56.2
9.43	-7.769	-25.480	-35.9
9.44	-7.794	-25.252	-17.5
9.45	-7.818	-24.477	-50.6
9.46	-7.837	-23.572	160.8
9.47	-7.851	-22.611	242.3
9.48	-7.864	-21.355	279.8
9.49	-7.882	-19.906	95.4
9.5	-7.901	-18.895	-97.9
9.51	-7.923	-18.967	-31.9
9.52	-7.946	-19.731	-38.0
9.53	-7.967	-20.250	-51.8
9.54	-7.984	-20.475	-48.4
9.55	-7.995	-20.716	-51.3
9.56	-8.002	-20.920	-30.6
9.57	-8.007	-21.100	-41.8
9.58	-8.010	-21.338	-17.5
9.59	-8.013	-21.822	-28.8
9.6	-8.017	-22.388	-15.1
9.61	-8.023	-21.414	3.1
9.62	-8.033	-15.986	16.3
9.63	-8.046	-3.280	20.8
9.64	-8.061	16.770	48.5
9.65	-8.078	37.172	54.5
9.66	-8.096	48.455	91.4
9.67	-8.115	51.023	107.8
9.68	-8.133	51.133	140.1
9.69	-8.150	51.139	159.0
9.7	-8.167	51.139	186.3
9.71	-8.183	51.139	167.7
9.72	-8.199	51.133	160.9
9.73	-8.216	50.992	112.7
9.74	-8.234	49.022	54.1
9.75	-8.251	42.375	2.3
9.76	-8.266	31.819	-26.2
9.77	-8.279	20.667	-49.4
9.78	-8.293	10.236	-65.3
9.79	-8.307	0.272	-87.3
9.8	-8.324	-9.173	-66.9
9.81	-8.340	-17.217	-78.4
9.82	-8.354	-23.273	-72.5
9.83	-8.366	-27.344	-79.5
9.84	-8.377	-29.481	-64.8
9.85	-8.389	-30.373	-72.0
9.86	-8.401	-31.131	-69.3
9.87	-8.413	-32.219	-63.5
9.88	-8.426	-33.533	-59.5
9.89	-8.438	-34.961	-71.1
9.9	-8.451	-36.159	-54.0
9.91	-8.465	-36.405	-65.0
9.92	-8.480	-35.255	-52.0
9.93	-8.494	-32.544	-61.4
9.94	-8.509	-28.502	-46.6
9.95	-8.523	-23.902	-67.2
9.96	-8.536	-19.005	-57.6
9.97	-8.547	-13.797	-53.4
9.98	-8.559	-8.897	-45.2
9.99	-8.571	-4.828	-53.6
10.0	-8.584	-1.620	-52.5
10.01	-8.598	0.731	-55.4
10.02	-8.613	2.030	-40.5
10.03	-8.629	1.902	-52.9
10.04	-8.645	0.306	-46.6
10.05	-8.660	-2.217	-47.6
10.06	-8.674	-5.155	-33.5
10.07	-8.689	-8.330	-48.6
10.08	-8.703	-11.561	-33.5
10.09	-8.718	-14.695	-45.4
10.1	-8.733	-17.745	-36.9
10.11	-8.749	-20.425	-39.9
10.12	-8.768	-22.314	-30.5
10.13	-8.786	-23.569	-26.4
10.14	-8.805	-24.514	-25.9
10.15	-8.826	-25.423	-19.2
10.16	-8.848	-26.569	11.6
10.17	-8.869	-27.725	-5.4
10.18	-8.890	-28.584	-1.0
10.19	-8.912	-29.025	-9.6
10.2	-8.934	-28.789	1.5
10.21	-8.955	-28.134	-16.7
10.22	-8.976	-27.741	-27.1
10.23	-8.999	-27.670	-44.3
10.24	-9.022	-27.619	-24.2
10.25	-9.046	-27.531	-45.5
10.26	-9.068	-27.434	-21.8
10.27	-9.092	-27.259	-35.3
10.28	-9.116	-26.941	-14.3
10.29	-9.143	-26.306	-6.8
10.3	-9.168	-25.400	-48.3
10.31	-9.188	-24.686	129.5
10.32	-9.201	-24.002	244.5
10.33	-9.214	-22.645	204.4
10.34	-9.230	-21.080	76.7
10.35	-9.249	-20.444	-93.1
10.36	-9.269	-20.808	-11.3
10.37	-9.289	-21.653	-18.2
10.38	-9.309	-22.477	-13.2
10.39	-9.325	-22.661	-13.8
10.4	-9.332	-22.077	-8.2
10.41	-9.331	-21.184	-10.7
10.42	-9.329	-20.445	-4.0
10.43	-9.328	-20.380	-1.4
10.44	-9.329	-21.306	10.9
10.45	-9.332	-22.803	13.1
10.46	-9.335	-24.066	23.3
10.47	-9.338	-24.052	17.2
10.48	-9.341	-20.689	45.6
10.49	-9.343	-10.778	49.2
10.5	-9.346	7.319	74.5
10.51	-9.348	29.247	86.5
10.52	-9.349	45.033	124.6
10.53	-9.351	50.541	135.3
10.54	-9.356	51.127	167.3
10.55	-9.362	51.139	173.2
10.56	-9.369	51.139	173.1
10.57	-9.377	51.138	152.3
10.58	-9.387	51.131	115.4
10.59	-9.396	50.650	41.8
10.6	-9.406	47.119	21.0
10.61	-9.414	38.256	-28.5
10.62	-9.423	26.069	-32.1
10.63	-9.436	13.700	-57.6
10.64	-9.453	2.323	-54.0
10.65	-9.473	-8.039	-52.3
10.66	-9.492	-17.448	-59.9
10.67	-9.511	-25.339	-61.1
10.68	-9.529	-31.117	-49.5
10.69	-9.547	-34.858	-60.3
10.7	-9.566	-37.298	-61.7
10.71	-9.585	-39.461	-71.0
10.72	-9.603	-41.948	-48.0
10.73	-9.621	-44.536	-57.6
10.74	-9.639	-46.573	-38.6
10.75	-9.656	-47.584	-49.4
10.76	-9.671	-47.234	-38.3
10.77	-9.684	-45.209	-42.5
10.78	-9.695	-41.547	-37.1
10.79	-9.706	-36.530	-37.7
10.8	-9.717	-30.550	-27.1
10.81	-9.730	-24.253	-37.1
10.82	-9.742	-18.223	-37.4
10.83	-9.755	-12.817	-39.0
10.84	-9.767	-8.208	-34.5
10.85	-9.777	-4.170	-52.4
10.86	-9.786	-0.600	-39.4
10.87	-9.796	2.108	-43.5
10.88	-9.805	3.431	-28.7
10.89	-9.813	2.997	-46.4
10.9	-9.818	0.927	-22.2
10.91	-9.822	-2.016	-38.2
10.92	-9.824	-5.117	-35.4
10.93	-9.825	-8.383	-34.8
10.94	-9.826	-12.030	-30.4
10.95	-9.828	-15.786	-27.5
10.96	-9.829	-19.350	-8.7
10.97	-9.830	-22.656	-13.2
10.98	-9.831	-25.417	2.0
10.99	-9.831	-27.427	-7.0
11.0	-9.831	-28.773	3.7
11.01	-9.829	-29.614	-9.8
11.02	-9.826	-30.319	-7.1
11.03	-9.822	-31.089	-29.8
11.04	-9.819	-31.750	-42.9
11.05	-9.816	-32.141	-44.2
11.06	-9.812	-32.131	-26.7
11.07	-9.803	-31.788	-28.9
11.08	-9.790	-31.366	-25.7
11.09	-9.776	-30.788	-29.7
11.1	-9.762	-29.767	3.5
11.11	-9.748	-28.239	-61.7
11.12	-9.728	-26.397	97.3
11.13	-9.701	-24.528	185.0
11.14	-9.671	-22.836	142.4
11.15	-9.649	-21.516	29.2
11.16	-9.634	-20.728	-76.6
11.17	-9.623	-20.277	-18.3
11.18	-9.609	-19.595	-9.2
11.19	-9.594	-18.572	-24.9
11.2	-9.574	-17.778	-14.0
11.21	-9.545	-17.642	-28.6
11.22	-9.508	-18.166	-7.1
11.23	-9.467	-18.978	-15.5
11.24	-9.428	-19.634	7.6
11.25	-9.390	-20.180	-7.8
11.26	-9.354	-20.895	9.7
11.27	-9.318	-21.745	11.4
11.28	-9.281	-22.133	24.2
11.29	-9.244	-20.502	29.5
11.3	-9.206	-14.263	44.9
11.31	-9.166	-1.423	53.4
11.32	-9.123	17.092	96.2
11.33	-9.079	35.934	107.9
11.34	-9.035	47.555	141.7
11.35	-8.992	50.891	150.7
11.36	-8.949	51.128	171.1
11.37	-8.909	51.139	166.0
11.38	-8.872	51.138	147.6
11.39	-8.837	51.123	88.0
11.4	-8.803	50.516	52.7
11.41	-8.770	46.725	-10.4
11.42	-8.739	37.973	-33.0
11.43	-8.713	26.247	-58.7
11.44	-8.691	13.803	-65.1
11.45	-8.671	1.616	-73.4
11.46	-8.650	-9.630	-67.8
11.47	-8.626	-19.594	-74.6
11.48	-8.600	-27.825	-58.1
11.49	-8.576	-34.109	-80.7
11.5	-8.550	-38.538	-68.3
11.51	-8.523	-41.211	-82.1
11.52	-8.496	-43.066	-63.7
11.53	-8.469	-45.238	-69.2
11.54	-8.446	-47.525	-72.1
11.55	-8.422	-49.017	-69.7
11.56	-8.401	-49.028	-51.8
11.57	-8.380	-47.055	-66.6
11.58	-8.361	-43.011	-49.2
11.59	-8.342	-37.484	-59.6
11.6	-8.327	-31.317	-56.5
11.61	-8.311	-25.098	-55.6
11.62	-8.295	-19.081	-51.0
11.63	-8.280	-13.266	-62.3
11.64	-8.266	-7.828	-42.6
11.65	-8.252	-3.102	-75.0
11.66	-8.239	0.763	-56.3
11.67	-8.226	3.300	-61.2
11.68	-8.215	4.069	-54.8
11.69	-8.206	3.227	-56.8
11.7	-8.198	1.042	-59.9
11.71	-8.191	-2.192	-62.0
11.72	-8.184	-6.131	-42.5
11.73	-8.177	-10.325	-61.4
11.74	-8.171	-14.255	-42.1
11.75	-8.166	-17.675	-60.7
11.76	-8.161	-20.564	-60.2
11.77	-8.158	-23.108	-47.6
11.78	-8.154	-25.520	-48.6
11.79	-8.151	-27.738	-62.2
11.8	-8.147	-29.641	-39.3
11.81	-8.144	-31.228	-59.6
11.82	-8.141	-32.525	-37.5
11.83	-8.138	-33.450	-48.0
11.84	-8.136	-33.777	-28.2
11.85	-8.134	-33.256	-22.0
11.86	-8.134	-31.978	-17.9
11.87	-8.135	-30.500	-26.1
11.88	-8.136	-29.258	-14.1
11.89	-8.136	-28.248	-36.7
11.9	-8.136	-27.397	-40.7
11.91	-8.136	-26.716	-62.2
11.92	-8.133	-26.109	-56.5
11.93	-8.129	-25.303	-58.9
11.94	-8.124	-24.302	-39.2
11.95	-8.120	-23.394	-72.9
11.96	-8.116	-22.686	-16.7
11.97	-8.113	-22.189	-35.5
11.98	-8.106	-21.938	-26.1
11.99	-8.093	-21.788	137.1
12.0	-8.077	-21.409	176.8
12.01	-8.064	-20.603	188.9
12.02	-8.058	-19.477	37.1
12.03	-8.055	-18.525	-111.7
12.04	-8.055	-18.292	-22.0
12.05	-8.056	-18.542	-53.8
12.06	-8.051	-18.906	-33.4
12.07	-8.040	-19.458	-41.2
12.08	-8.026	-19.905	-28.3
12.09	-8.011	-19.956	-34.5
12.1	-7.996	-19.813	-20.4
12.11	-7.984	-19.969	-22.3
12.12	-7.973	-20.786	-14.6
12.13	-7.961	-21.542	-14.0
12.14	-7.950	-20.188	6.6
12.15	-7.941	-13.691	3.3
12.16	-7.933	0.408	25.0
12.17	-7.926	20.923	25.2
12.18	-7.920	39.948	58.5
12.19	-7.915	49.319	79.5
12.2	-7.910	51.078	111.2
12.21	-7.906	51.134	117.4
12.22	-7.904	51.139	149.8
12.23	-7.901	51.139	150.5
12.24	-7.899	51.139	153.4
12.25	-7.897	51.131	119.7
12.26	-7.896	50.719	97.9
12.27	-7.894	47.403	30.5
12.28	-7.893	38.708	-2.5
12.29	-7.892	26.738	-37.8
12.3	-7.891	14.891	-46.1
12.31	-7.889	4.119	-70.2
12.32	-7.890	-5.436	-68.1
12.33	-7.891	-13.588	-77.9
12.34	-7.892	-20.139	-65.0
12.35	-7.891	-25.092	-74.5
12.36	-7.889	-28.638	-62.5
12.37	-7.886	-30.872	-77.6
12.38	-7.884	-31.959	-65.3
12.39	-7.884	-32.708	-78.0
12.4	-7.883	-34.070	-61.0
12.41	-7.882	-36.077	-63.6
12.42	-7.881	-38.047	-61.0
12.43	-7.880	-39.142	-73.6
12.44	-7.879	-38.713	-59.3
12.45	-7.879	-36.823	-69.1
12.46	-7.879	-33.766	-57.1
12.47	-7.880	-29.530	-65.1
12.48	-7.881	-24.567	-49.0
12.49	-7.881	-19.653	-66.8
12.5	-7.881	-15.116	-52.9
12.51	-7.881	-11.161	-59.7
12.52	-7.880	-7.953	-55.3
12.53	-7.878	-5.567	-55.2
12.54	-7.876	-4.200	-44.6
12.55	-7.874	-3.789	-67.9
12.56	-7.873	-4.041	-47.9
12.57	-7.873	-5.081	-60.7
12.58	-7.872	-7.152	-55.1
12.59	-7.871	-9.998	-61.5
12.6	-7.869	-13.166	-45.8
12.61	-7.867	-16.366	-63.5
12.62	-7.864	-19.458	-53.9
12.63	-7.861	-22.192	-65.3
12.64	-7.859	-24.336	-34.9
12.65	-7.858	-25.983	-49.0
12.66	-7.857	-27.161	-44.6
12.67	-7.858	-27.881	-44.5
12.68	-7.859	-28.300	-51.0
12.69	-7.861	-28.319	-53.6
12.7	-7.862	-28.116	-24.1
12.71	-7.863	-27.939	-44.8
12.72	-7.864	-27.552	-31.7
12.73	-7.866	-27.095	-23.2
12.74	-7.868	-26.877	-13.3
12.75	-7.869	-26.777	-21.7
12.76	-7.871	-26.716	-1.3
12.77	-7.874	-26.600	-23.0
12.78	-7.876	-26.492	-41.2
12.79	-7.878	-26.616	-73.6
12.8	-7.880	-26.672	-47.8
12.81	-7.882	-26.416	-60.7
12.82	-7.884	-26.180	-34.9
12.83	-7.886	-25.991	-58.4
12.84	-7.889	-25.638	-30.3
12.85	-7.894	-25.258	-16.8
12.86	-7.897	-24.839	-49.7
12.87	-7.896	-24.053	146.7
12.88	-7.891	-22.859	247.6
12.89	-7.888	-21.344	249.0
12.9	-7.890	-19.528	142.4
12.91	-7.894	-18.002	-101.4
12.92	-7.901	-17.594	-27.5
12.93	-7.911	-18.352	-45.4
12.94	-7.918	-19.594	-47.1
12.95	-7.919	-20.714	-47.3
12.96	-7.914	-21.519	-32.1
12.97	-7.909	-21.905	-38.2
12.98	-7.906	-21.892	-25.8
12.99	-7.906	-21.795	-26.2
13.0	-7.907	-21.791	-11.0
13.01	-7.909	-21.691	-18.4
13.02	-7.911	-20.589	-12.3
13.03	-7.916	-16.047	-9.2
13.04	-7.920	-5.083	20.3
13.05	-7.926	12.897	28.0
13.06	-7.931	33.120	63.9
13.07	-7.936	46.620	77.6
13.08	-7.941	50.789	115.3
13.09	-7.945	51.125	132.7
13.1	-7.951	51.139	170.3
13.11	-7.957	51.139	170.1
13.12	-7.964	51.139	173.7
13.13	-7.973	51.133	146.4
13.14	-7.985	50.842	121.5
13.15	-8.000	48.141	43.0
13.16	-8.019	40.453	10.8
13.17	-8.039	29.442	-38.3
13.18	-8.059	18.478	-42.3
13.19	-8.080	8.408	-77.0
13.2	-8.102	-0.917	-86.0
13.21	-8.124	-9.305	-83.0
13.22	-8.144	-16.228	-74.1
13.23	-8.162	-21.592	-77.4
13.24	-8.179	-25.561	-64.0
13.25	-8.197	-27.997	-83.4
13.26	-8.217	-29.216	-64.9
13.27	-8.236	-30.259	-71.0
13.28	-8.256	-31.822	-51.0
13.29	-8.275	-33.761	-70.9
13.3	-8.294	-35.570	-70.9
13.31	-8.315	-36.613	-66.1
13.32	-8.338	-36.470	-52.3
13.33	-8.361	-35.144	-66.9
13.34	-8.384	-32.709	-54.7
13.35	-8.409	-29.280	-64.0
13.36	-8.435	-24.848	-38.9
13.37	-8.460	-19.441	-65.1
13.38	-8.485	-13.689	-50.3
13.39	-8.509	-8.319	-54.6
13.4	-8.531	-3.866	-45.1
13.41	-8.553	-0.939	-51.5
13.42	-8.576	0.483	-37.3
13.43	-8.599	0.964	-58.2
13.44	-8.623	0.731	-49.4
13.45	-8.649	-0.294	-44.8
13.46	-8.677	-2.230	-41.9
13.47	-8.705	-5.055	-57.7
13.48	-8.732	-8.700	-35.2
13.49	-8.759	-12.989	-54.6
13.5	-8.785	-17.403	-44.9
13.51	-8.809	-21.398	-40.9
13.52	-8.833	-24.727	-31.6
13.53	-8.856	-27.316	-38.3
13.54	-8.879	-29.055	-27.6
13.55	-8.901	-29.966	-45.8
13.56	-8.923	-30.442	-19.2
13.57	-8.945	-30.775	-37.7
13.58	-8.967	-31.092	-25.4
13.59	-8.989	-31.522	-20.5
13.6	-9.009	-31.963	-13.0
13.61	-9.030	-32.142	-24.1
13.62	-9.049	-32.034	-8.6
13.63	-9.068	-31.956	-14.6
13.64	-9.087	-31.986	-0.7
13.65	-9.105	-31.733	-26.1
13.66	-9.122	-30.863	-30.6
13.67	-9.138	-29.622	-47.7
13.68	-9.153	-28.598	-26.8
13.69	-9.169	-27.763	-42.3
13.7	-9.184	-26.689	-10.9
13.71	-9.197	-25.456	-51.5
13.72	-9.213	-24.411	-15.5
13.73	-9.228	-23.745	-8.0
13.74	-9.242	-23.313	-47.6
13.75	-9.251	-22.795	144.1
13.76	-9.255	-22.009	238.3
13.77	-9.261	-20.784	196.0
13.78	-9.274	-19.488	78.3
13.79	-9.290	-18.963	-96.0
13.8	-9.308	-19.313	-1.7
13.81	-9.329	-19.936	-25.1
13.82	-9.348	-20.467	-20.9
13.83	-9.362	-20.888	-15.5
13.84	-9.367	-21.225	-18.0
13.85	-9.369	-21.484	-19.6
13.86	-9.371	-21.552	-7.6
13.87	-9.374	-21.555	-3.8
13.88	-9.378	-22.186	10.6
13.89	-9.384	-23.414	-10.3
13.9	-9.392	-24.013	28.0
13.91	-9.401	-22.316	12.7
13.92	-9.412	-15.717	28.4
13.93	-9.423	-1.514	43.5
13.94	-9.434	19.416	73.4
13.95	-9.445	39.103	85.1
13.96	-9.456	49.055	130.1
13.97	-9.467	51.063	139.3
13.98	-9.479	51.136	157.3
13.99	-9.496	51.139	156.0
14.0	-9.513	51.139	169.9
14.01	-9.529	51.133	134.2
14.02	-9.544	51.011	108.1
14.03	-9.559	49.050	57.6
14.04	-9.572	41.888	10.3
14.05	-9.586	29.997	-27.8
14.06	-9.601	17.530	-26.2
14.07	-9.620	6.233	-45.7
14.08	-9.644	-4.234	-32.7
14.09	-9.669	-13.517	-72.7
14.1	-9.691	-20.970	-59.0
14.11	-9.709	-26.847	-67.2
14.12	-9.728	-31.413	-48.9
14.13	-9.748	-34.450	-54.8
14.14	-9.766	-36.322	-43.8
14.15	-9.781	-37.797	-57.8
14.16	-9.795	-39.330	-40.0
14.17	-9.808	-40.980	-56.7
14.18	-9.822	-42.448	-42.6
14.19	-9.835	-43.158	-53.4
14.2	-9.849	-42.292	-45.5
14.21	-9.865	-39.628	-52.5
14.22	-9.883	-35.758	-31.8
14.23	-9.902	-31.123	-43.4
14.24	-9.923	-26.052	-43.4
14.25	-9.943	-20.761	-43.0
14.26	-9.959	-15.420	-39.0
14.27	-9.973	-10.545	-41.3
14.28	-9.982	-6.311	-26.5
14.29	-9.992	-2.608	-51.9
14.3	-10.004	0.181	-31.5
14.31	-10.016	1.602	-47.5
14.32	-10.029	1.411	-24.9
14.33	-10.043	-0.416	-46.5
14.34	-10.056	-3.423	-44.7
14.35	-10.068	-7.097	-44.3
14.36	-10.079	-11.094	-28.5
14.37	-10.091	-14.983	-41.6
14.38	-10.104	-18.472	-31.1
14.39	-10.116	-21.266	-35.0
14.4	-10.129	-23.148	-22.0
14.41	-10.143	-24.461	-39.1
14.42	-10.156	-25.753	-12.1
14.43	-10.168	-27.170	-32.7
14.44	-10.180	-28.566	-11.7
14.45	-10.193	-29.641	-7.6
14.46	-10.206	-30.131	-6.8
14.47	-10.219	-30.158	-13.9
14.48	-10.235	-30.064	5.0
14.49	-10.251	-29.930	-26.5
14.5	-10.263	-29.650	-38.4
14.51	-10.276	-29.125	-49.8
14.52	-10.287	-28.372	-23.8
14.53	-10.296	-27.573	-43.9
14.54	-10.300	-26.605	-17.9
14.55	-10.302	-25.434	-41.5
14.56	-10.306	-24.506	-7.4
14.57	-10.311	-23.919	-27.7
14.58	-10.315	-23.370	-23.1
14.59	-10.314	-22.753	134.1
14.6	-10.310	-22.114	183.2
14.61	-10.306	-21.273	127.7
14.62	-10.307	-20.322	8.4
14.63	-10.311	-19.914	-83.3
14.64	-10.312	-20.117	1.6
14.65	-10.309	-20.342	-18.3
14.66	-10.303	-20.219	-11.2
14.67	-10.289	-19.570	-28.2
14.68	-10.261	-18.750	-6.4
14.69	-10.223	-18.300	-9.9
14.7	-10.179	-18.348	-5.0
14.71	-10.138	-19.134	-7.6
14.72	-10.098	-20.756	15.2
14.73	-10.063	-22.670	-1.1
14.74	-10.031	-24.016	28.1
14.75	-10.006	-23.798	31.3
14.76	-9.983	-20.288	40.9
14.77	-9.963	-10.923	40.2
14.78	-9.941	5.211	81.4
14.79	-9.920	25.194	99.3
14.8	-9.899	41.919	129.7
14.81	-9.878	49.689	134.5
14.82	-9.858	51.092	174.9
14.83	-9.840	51.136	164.5
14.84	-9.823	51.139	166.6
14.85	-9.808	51.136	122.4
14.86	-9.793	51.081	86.3
14.87	-9.779	49.792	28.6
14.88	-9.765	44.078	7.2
14.89	-9.754	33.188	-28.0
14.9	-9.748	20.464	-40.7
14.91	-9.751	8.319	-71.8
14.92	-9.756	-2.700	-50.8
14.93	-9.755	-12.217	-70.2
14.94	-9.745	-20.072	-66.6
14.95	-9.730	-26.297	-67.5
14.96	-9.713	-30.738	-52.4
14.97	-9.691	-33.722	-64.5
14.98	-9.664	-36.184	-51.2
14.99	-9.634	-38.450	-73.8
15.0	-9.602	-40.377	-56.1
15.01	-9.568	-41.973	-73.3
15.02	-9.533	-42.900	-55.7
15.03	-9.499	-42.469	-60.7
15.04	-9.469	-40.286	-43.4
15.05	-9.442	-36.459	-56.9
15.06	-9.417	-31.336	-43.9
15.07	-9.393	-25.091	-52.6
15.08	-9.367	-18.211	-47.3
15.09	-9.342	-11.772	-53.7
15.1	-9.317	-6.333	-42.1
15.11	-9.293	-1.814	-62.8
15.12	-9.269	1.509	-47.5
15.13	-9.246	3.409	-52.0
15.14	-9.224	4.192	-44.2
15.15	-9.201	4.064	-65.7
15.16	-9.179	2.867	-43.3
15.17	-9.155	0.498	-56.5
15.18	-9.131	-2.638	-48.4
15.19	-9.109	-6.067	-59.8
15.2	-9.086	-9.606	-46.2
15.21	-9.065	-12.986	-57.8
15.22	-9.045	-15.906	-40.8
15.23	-9.026	-18.183	-51.5
15.24	-9.009	-20.006	-50.9
15.25	-8.992	-21.878	-67.1
15.26	-8.977	-23.933	-43.5
15.27	-8.963	-25.858	-54.3
15.28	-8.949	-27.348	-46.1
15.29	-8.933	-28.339	-57.5
15.3	-8.917	-28.898	-36.7
15.31	-8.899	-29.128	-33.1
15.32	-8.881	-29.161	-8.2
15.33	-8.863	-29.284	-34.1
15.34	-8.846	-29.589	-34.4
15.35	-8.829	-29.664	-32.7
15.36	-8.813	-29.384	-20.3
15.37	-8.797	-28.777	-53.7
15.38	-8.780	-27.659	-52.7
15.39	-8.761	-26.541	-57.0
15.4	-8.740	-25.908	-45.4
15.41	-8.717	-25.514	-58.1
15.42	-8.693	-25.231	-48.5
15.43	-8.672	-24.891	-39.8
15.44	-8.654	-24.056	-9.6
15.45	-8.636	-22.744	-64.0
15.46	-8.613	-21.600	110.4
15.47	-8.586	-20.839	161.5
15.48	-8.561	-19.789	171.5
15.49	-8.543	-18.264	69.1
15.5	-8.531	-17.123	-88.4
15.51	-8.520	-16.823	-41.1
15.52	-8.511	-17.067	-42.2
15.53	-8.500	-17.822	-65.8
15.54	-8.482	-19.009	-32.0
15.55	-8.459	-20.158	-46.9
15.56	-8.433	-20.886	-20.4
15.57	-8.406	-21.308	-37.4
15.58	-8.380	-21.689	-18.9
15.59	-8.354	-21.706	-18.2
15.6	-8.330	-21.136	-8.3
15.61	-8.306	-19.702	-16.9
15.62	-8.285	-15.238	8.7
15.63	-8.265	-4.458	-0.4
15.64	-8.246	13.616	26.2
15.65	-8.228	33.914	39.1
15.66	-8.212	47.044	69.8
15.67	-8.197	50.861	79.9
15.68	-8.183	51.127	119.0
15.69	-8.169	51.139	129.1
15.7	-8.157	51.139	159.3
15.71	-8.144	51.139	133.1
15.72	-8.131	51.134	135.8
15.73	-8.120	51.047	83.7
15.74	-8.109	49.389	45.5
15.75	-8.098	43.136	-1.8
15.76	-8.088	32.508	-28.1
15.77	-8.080	20.878	-59.9
15.78	-8.073	9.908	-63.6
15.79	-8.067	-0.141	-82.7
15.8	-8.063	-9.027	-68.7
15.81	-8.058	-16.420	-87.1
15.82	-8.052	-21.823	-70.7
15.83	-8.044	-25.308	-81.2
15.84	-8.037	-27.550	-65.5
15.85	-8.032	-29.275	-79.4
15.86	-8.026	-31.202	-67.9
15.87	-8.019	-33.619	-76.4
15.88	-8.012	-36.309	-56.8
15.89	-8.005	-38.680	-78.0
15.9	-7.998	-39.914	-66.3
15.91	-7.991	-39.733	-73.3
15.92	-7.985	-38.063	-56.7
15.93	-7.979	-34.817	-79.8
15.94	-7.974	-30.609	-57.6
15.95	-7.971	-25.844	-61.9
15.96	-7.967	-20.547	-58.4
15.97	-7.963	-15.258	-59.3
15.98	-7.959	-10.564	-49.3
15.99	-7.954	-6.939	-71.7
16.0	-7.950	-4.566	-47.8
16.01	-7.946	-3.305	-58.0
16.02	-7.942	-3.111	-54.5
16.03	-7.939	-3.809	-72.7
16.04	-7.936	-5.100	-52.9
16.05	-7.933	-6.703	-61.0
16.06	-7.928	-8.544	-48.1
16.07	-7.922	-10.770	-67.7
16.08	-7.914	-13.350	-51.8
16.09	-7.908	-16.081	-59.1
16.1	-7.904	-18.703	-39.0
16.11	-7.901	-21.000	-57.3
16.12	-7.898	-22.984	-53.8
16.13	-7.894	-24.641	-48.8
16.14	-7.892	-26.061	-56.3
16.15	-7.889	-27.491	-62.3
16.16	-7.887	-28.869	-32.0
16.17	-7.884	-29.920	-65.0
16.18	-7.881	-30.534	-38.3
16.19	-7.876	-30.823	-42.2
16.2	-7.872	-30.830	-21.5
16.21	-7.869	-30.306	-36.2
16.22	-7.868	-29.397	-16.3
16.23	-7.867	-28.770	-25.9
16.24	-7.868	-28.605	-9.5
16.25	-7.868	-28.733	-18.7
16.26	-7.869	-29.075	-15.3
16.27	-7.870	-29.341	-32.0
16.28	-7.871	-29.266	-34.2
16.29	-7.870	-28.942	-64.6
16.3	-7.869	-28.566	-41.7
16.31	-7.867	-28.019	-57.7
16.32	-7.866	-27.247	-32.0
16.33	-7.864	-26.495	-73.6
16.34	-7.864	-25.761	-15.2
16.35	-7.866	-24.859	-32.7
16.36	-7.866	-23.736	-22.5
16.37	-7.862	-22.417	189.1
16.38	-7.857	-21.191	249.4
16.39	-7.856	-20.341	251.6
16.4	-7.858	-19.845	74.0
16.41	-7.862	-19.767	-104.0
16.42	-7.867	-20.158	-15.5
16.43	-7.871	-20.922	-57.4
16.44	-7.873	-21.923	-48.1
16.45	-7.871	-22.619	-44.4
16.46	-7.864	-22.422	-27.1
16.47	-7.857	-21.639	-51.3
16.48	-7.852	-20.998	-12.5
16.49	-7.847	-20.933	-17.4
16.5	-7.841	-21.477	-15.6
16.51	-7.835	-21.720	-18.8
16.52	-7.832	-19.716	8.1
16.53	-7.831	-12.652	11.5
16.54	-7.832	2.239	27.4
16.55	-7.834	23.444	27.4
16.56	-7.837	41.806	75.0
16.57	-7.843	49.875	83.8
16.58	-7.850	51.113	119.4
16.59	-7.862	51.136	141.2
16.6	-7.878	51.139	178.7
16.61	-7.898	51.139	169.7
16.62	-7.919	51.138	173.5
16.63	-7.941	51.128	148.9
16.64	-7.963	50.552	118.8
16.65	-7.983	46.595	34.2
16.66	-8.002	37.316	4.6
16.67	-8.018	25.538	-45.6
16.68	-8.031	14.397	-51.2
16.69	-8.041	4.627	-78.3
16.7	-8.049	-3.891	-69.3
16.71	-8.058	-11.802	-84.0
16.72	-8.065	-19.181	-78.3
16.73	-8.069	-25.258	-86.9
16.74	-8.072	-29.450	-77.6
16.75	-8.078	-31.988	-88.9
16.76	-8.084	-33.733	-79.0
16.77	-8.093	-35.441	-84.2
16.78	-8.102	-37.273	-53.3
16.79	-8.112	-39.109	-75.2
16.8	-8.124	-40.745	-55.4
16.81	-8.137	-41.531	-71.2
16.82	-8.152	-40.788	-69.5
16.83	-8.168	-38.578	-74.5
16.84	-8.184	-35.300	-60.2
16.85	-8.202	-31.119	-70.0
16.86	-8.221	-26.227	-55.6
16.87	-8.239	-21.008	-67.8
16.88	-8.256	-16.091	-56.1
16.89	-8.274	-12.098	-56.5
16.9	-8.292	-9.139	-35.4
16.91	-8.310	-7.050	-57.2
16.92	-8.329	-5.744	-45.2
16.93	-8.351	-4.897	-64.5
16.94	-8.373	-4.353	-46.8
16.95	-8.396	-4.775	-58.8
16.96	-8.419	-6.575	-44.7
16.97	-8.443	-9.458	-47.9
16.98	-8.467	-13.000	-38.4
16.99	-8.490	-16.577	-53.0
17.0	-8.514	-19.842	-31.2
17.01	-8.537	-22.873	-45.0
17.02	-8.561	-25.547	-30.9
17.03	-8.584	-27.788	-48.3
17.04	-8.607	-29.398	-34.7
17.05	-8.628	-30.069	-46.9
17.06	-8.650	-30.500	-32.2
17.07	-8.672	-31.380	-35.1
17.08	-8.693	-32.242	-18.0
17.09	-8.714	-32.727	-34.1
17.1	-8.734	-32.820	-12.5
17.11	-8.755	-32.448	-20.3
17.12	-8.776	-31.969	-3.4
17.13	-8.796	-31.864	-9.0
17.14	-8.818	-32.031	2.1
17.15	-8.839	-32.072	-0.5
17.16	-8.860	-31.886	-9.7
17.17	-8.880	-31.617	-48.4
17.18	-8.899	-30.988	-25.8
17.19	-8.917	-29.636	-44.0
17.2	-8.934	-27.945	-34.7
17.21	-8.951	-26.688	-21.1
17.22	-8.969	-26.117	-29.4
17.23	-8.989	-25.863	-20.2
17.24	-9.013	-25.792	-21.8
17.25	-9.034	-25.800	-19.7
17.26	-9.049	-25.452	196.3
17.27	-9.059	-24.614	203.0
17.28	-9.071	-23.288	212.1
17.29	-9.088	-21.688	24.6
17.3	-9.108	-20.636	-76.3
17.31	-9.130	-20.667	2.0
17.32	-9.153	-21.594	-15.0
17.33	-9.173	-22.723	-19.8
17.34	-9.188	-23.608	-12.3
17.35	-9.196	-24.333	-23.8
17.36	-9.198	-24.720	4.0
17.37	-9.200	-24.528	-11.4
17.38	-9.203	-24.098	5.2
17.39	-9.207	-23.813	7.3
17.4	-9.213	-23.356	22.7
17.41	-9.221	-22.223	8.1
17.42	-9.231	-19.220	45.0
17.43	-9.242	-11.025	43.6
17.44	-9.254	4.963	58.5
17.45	-9.265	25.947	71.5
17.46	-9.276	43.008	118.8
17.47	-9.286	50.117	119.9
17.48	-9.297	51.122	157.7
17.49	-9.309	51.136	169.9
17.5	-9.322	51.139	192.9
17.51	-9.337	51.136	156.7
17.52	-9.353	51.058	145.4
17.53	-9.371	49.472	99.5
17.54	-9.389	43.095	56.7
17.55	-9.405	31.780	10.9
17.56	-9.421	19.352	-9.2
17.57	-9.437	8.117	-39.5
17.58	-9.456	-2.033	-41.7
17.59	-9.478	-11.550	-62.9
17.6	-9.503	-20.175	-46.2
17.61	-9.527	-27.314	-63.7
17.62	-9.547	-32.709	-47.6
17.63	-9.564	-36.303	-55.3
17.64	-9.583	-38.352	-36.7
17.65	-9.602	-39.572	-58.4
17.66	-9.620	-40.448	-44.2
17.67	-9.638	-41.280	-55.5
17.68	-9.656	-42.334	-46.8
17.69	-9.672	-43.433	-42.2
17.7	-9.688	-43.938	-32.5
17.71	-9.702	-42.953	-47.0
17.72	-9.717	-40.105	-26.9
17.73	-9.732	-35.936	-46.0
17.74	-9.749	-31.033	-31.9
17.75	-9.767	-25.438	-35.0
17.76	-9.786	-19.413	-25.6
17.77	-9.805	-13.744	-38.0
17.78	-9.820	-9.019	-21.9
17.79	-9.834	-5.459	-50.4
17.8	-9.846	-3.170	-26.8
17.81	-9.857	-2.281	-25.0
17.82	-9.871	-2.723	-18.3
17.83	-9.886	-4.009	-43.7
17.84	-9.903	-5.619	-22.6
17.85	-9.920	-7.488	-34.0
17.86	-9.939	-9.891	-22.7
17.87	-9.959	-12.831	-30.9
17.88	-9.983	-16.116	-28.4
17.89	-10.007	-19.548	-36.5
17.9	-10.028	-22.761	-28.5
17.91	-10.046	-25.486	-36.7
17.92	-10.060	-27.692	-3.5
17.93	-10.073	-29.417	-33.1
17.94	-10.086	-30.739	-6.6
17.95	-10.095	-31.477	-1.0
17.96	-10.100	-31.588	2.9
17.97	-10.101	-31.355	-11.3
17.98	-10.103	-30.784	5.3
17.99	-10.104	-30.047	-5.4
18.0	-10.104	-29.413	-20.4
18.01	-10.106	-28.575	-50.1
18.02	-10.109	-27.452	-30.0
18.03	-10.113	-26.419	-50.5
18.04	-10.113	-25.773	-20.2
18.05	-10.113	-25.488	-35.9
18.06	-10.112	-25.273	-25.0
18.07	-10.112	-25.106	13.4
18.08	-10.113	-24.792	-39.6
18.09	-10.111	-23.942	50.4
18.1	-10.104	-22.859	198.0
18.11	-10.095	-21.813	159.8
18.12	-10.089	-20.986	98.8
18.13	-10.089	-20.977	-73.6
18.14	-10.090	-21.658	-23.3
18.15	-10.085	-22.400	-15.2
18.16	-10.074	-22.719	-6.1
18.17	-10.053	-22.194	-17.1
18.18	-10.018	-21.055	-16.0
18.19	-9.972	-19.856	-9.5
18.2	-9.919	-18.872	1.7
18.21	-9.869	-18.605	-14.5
18.22	-9.826	-19.544	15.0
18.23	-9.788	-21.291	2.7
18.24	-9.756	-22.988	19.4
18.25	-9.727	-23.773	14.6
18.26	-9.701	-22.555	38.6
18.27	-9.677	-17.703	44.5
18.28	-9.654	-7.391	62.1
18.29	-9.633	8.534	76.0
18.3	-9.613	26.847	106.9
18.31	-9.592	41.836	122.2
18.32	-9.573	49.341	155.3
18.33	-9.555	51.056	161.5
18.34	-9.538	51.133	172.0
18.35	-9.523	50.977	138.3
18.36	-9.508	49.281	127.0
18.37	-9.493	43.358	58.4
18.38	-9.478	32.909	25.5
18.39	-9.463	21.378	-25.2
18.4	-9.449	10.973	-41.4
18.41	-9.439	1.484	-60.4
18.42	-9.434	-6.986	-55.9
18.43	-9.429	-14.717	-70.6
18.44	-9.420	-21.806	-56.0
18.45	-9.408	-27.550	-69.1
18.46	-9.396	-31.908	-59.5
18.47	-9.384	-34.984	-79.0
18.48	-9.368	-37.030	-61.2
18.49	-9.350	-38.548	-67.8
18.5	-9.331	-39.678	-56.3
18.51	-9.311	-40.581	-65.2
18.52	-9.288	-41.141	-42.5
18.53	-9.266	-40.806	-61.9
18.54	-9.246	-39.320	-45.3
18.55	-9.228	-36.572	-49.3
18.56	-9.212	-32.714	-41.7
18.57	-9.196	-28.261	-59.6
18.58	-9.178	-23.392	-36.2
18.59	-9.156	-18.141	-51.3
18.6	-9.132	-12.909	-40.9
18.61	-9.108	-8.317	-46.2
18.62	-9.086	-4.609	-51.8
18.63	-9.066	-1.402	-56.2
18.64	-9.046	1.253	-40.9
18.65	-9.027	2.405	-72.4
18.66	-9.008	1.673	-50.8
18.67	-8.988	-0.353	-53.8
18.68	-8.968	-3.116	-38.3
18.69	-8.947	-6.303	-61.7
18.7	-8.925	-9.619	-49.0
18.71	-8.902	-12.538	-54.9
18.72	-8.881	-14.948	-32.5
18.73	-8.859	-17.344	-48.8
18.74	-8.840	-19.491	-52.9
18.75	-8.822	-20.950	-62.5
18.76	-8.805	-22.220	-37.4
18.77	-8.788	-23.561	-51.2
18.78	-8.771	-24.630	-47.7
18.79	-8.752	-25.309	-62.3
18.8	-8.734	-25.873	-25.7
18.81	-8.717	-26.688	-20.4
18.82	-8.701	-27.698	-9.0
18.83	-8.685	-28.298	-25.0
18.84	-8.669	-27.647	-19.6
18.85	-8.652	-25.891	-35.6
18.86	-8.636	-24.364	-40.3
18.87	-8.619	-23.570	-66.9
18.88	-8.603	-23.241	-55.2
18.89	-8.586	-23.433	-63.2
18.9	-8.568	-23.984	-41.0
18.91	-8.549	-24.438	-45.5
18.92	-8.531	-24.359	-55.8
18.93	-8.516	-23.598	-24.4
18.94	-8.501	-22.417	-56.1
18.95	-8.484	-20.925	1.9
18.96	-8.463	-19.383	170.3
18.97	-8.439	-18.250	149.0
18.98	-8.420	-17.581	137.7
18.99	-8.408	-17.300	-70.4
19.0	-8.399	-17.319	-73.9
19.01	-8.394	-17.709	-41.6
19.02	-8.389	-18.455	-37.8
19.03	-8.381	-19.153	-40.6
19.04	-8.364	-19.569	-57.4
19.05	-8.344	-19.445	-46.0
19.06	-8.323	-18.852	-31.0
19.07	-8.305	-18.483	-40.1
19.08	-8.287	-18.523	-12.3
19.09	-8.268	-18.775	-25.7
19.1	-8.249	-19.017	-11.5
19.11	-8.231	-17.906	-6.2
19.12	-8.213	-12.548	6.5
19.13	-8.194	-0.238	9.3
19.14	-8.174	18.092	35.7
19.15	-8.156	36.483	36.4
19.16	-8.140	47.663	77.0
19.17	-8.126	50.891	97.2
19.18	-8.113	51.128	122.7
19.19	-8.098	51.136	128.1
19.2	-8.082	51.066	148.2
19.21	-8.069	49.772	122.7
19.22	-8.058	44.820	117.1
19.23	-8.047	36.163	51.0
19.24	-8.035	26.430	11.7
19.25	-8.023	17.278	-39.9
19.26	-8.013	8.631	-45.7
19.27	-8.004	0.119	-72.5
19.28	-7.996	-7.977	-70.5
19.29	-7.990	-15.194	-82.2
19.3	-7.983	-20.920	-68.2
19.31	-7.976	-24.673	-86.4
19.32	-7.966	-26.897	-82.5
19.33	-7.958	-28.163	-82.6
19.34	-7.949	-28.898	-74.7
19.35	-7.942	-29.838	-87.7
19.36	-7.936	-31.269	-71.8
19.37	-7.929	-33.017	-83.2
19.38	-7.923	-34.564	-67.2
19.39	-7.918	-35.063	-77.7
19.4	-7.912	-34.444	-67.0
19.41	-7.907	-32.911	-83.0
19.42	-7.903	-30.225	-69.7
19.43	-7.899	-26.770	-85.1
19.44	-7.895	-23.181	-71.0
19.45	-7.893	-19.570	-76.1
19.46	-7.890	-16.016	-58.2
19.47	-7.888	-12.475	-68.9
19.48	-7.886	-8.875	-60.7
19.49	-7.882	-5.697	-71.9
19.5	-7.877	-3.577	-63.9
19.51	-7.873	-2.805	-71.6
19.52	-7.869	-3.247	-61.0
19.53	-7.866	-4.600	-70.1
19.54	-7.863	-6.697	-56.3
19.55	-7.859	-9.069	-71.5
19.56	-7.854	-11.259	-54.0
19.57	-7.848	-13.209	-65.3
19.58	-7.845	-14.978	-58.6
19.59	-7.843	-16.794	-72.1
19.6	-7.842	-18.669	-56.3
19.61	-7.841	-20.378	-71.1
19.62	-7.839	-21.797	-40.7
19.63	-7.836	-22.694	-57.9
19.64	-7.834	-23.022	-46.8
19.65	-7.832	-23.277	-53.5
19.66	-7.831	-23.658	-53.8
19.67	-7.829	-23.880	-48.9
19.68	-7.828	-24.167	-29.4
19.69	-7.827	-24.708	-58.7
19.7	-7.826	-25.080	-29.2
19.71	-7.825	-24.997	-25.9
19.72	-7.824	-24.555	-21.3
19.73	-7.823	-24.041	-23.8
19.74	-7.822	-23.619	-14.2
19.75	-7.821	-23.159	-42.8
19.76	-7.821	-22.669	-55.7
19.77	-7.822	-22.458	-70.7
19.78	-7.822	-22.506	-47.4
19.79	-7.821	-22.427	-73.0
19.8	-7.820	-22.139	-39.1
19.81	-7.819	-21.725	-63.7
19.82	-7.819	-21.228	-11.8
19.83	-7.821	-20.692	-52.0
19.84	-7.822	-20.211	-29.3
19.85	-7.821	-19.684	179.0
19.86	-7.816	-18.653	224.8
19.87	-7.814	-17.178	256.6
19.88	-7.816	-15.953	56.7
19.89	-7.820	-15.461	-116.3
19.9	-7.824	-15.991	-6.4
19.91	-7.829	-17.300	-63.2
19.92	-7.831	-18.508	-31.1
19.93	-7.827	-19.084	-34.3
19.94	-7.821	-19.031	-39.8
19.95	-7.815	-18.477	-41.1
19.96	-7.811	-17.706	-14.8
19.97	-7.808	-17.217	-23.4
19.98	-7.805	-17.298	-9.5
19.99	-7.802	-17.516	-12.2
20.0	-7.798	-16.489	0.1
20.01	-7.793	-11.519	0.8
20.02	-7.787	-0.220	37.3
20.03	-7.782	16.641	33.4
20.04	-7.779	34.583	56.9
20.05	-7.776	46.698	85.1
20.06	-7.777	50.731	121.8
20.07	-7.779	51.130	135.8
20.08	-7.781	51.138	181.6
20.09	-7.784	51.133	169.5
20.1	-7.787	50.763	178.7
20.11	-7.790	47.920	150.7
20.12	-7.793	40.627	108.6
20.13	-7.797	30.617	34.2
20.14	-7.801	20.620	5.1
20.15	-7.806	11.541	-41.1
20.16	-7.810	3.419	-53.6
20.17	-7.816	-3.988	-75.3
20.18	-7.825	-10.675	-75.1
20.19	-7.839	-16.256	-88.7
20.2	-7.856	-20.475	-71.6
20.21	-7.874	-23.416	-80.5
20.22	-7.892	-25.167	-69.2
20.23	-7.910	-25.948	-77.7
20.24	-7.929	-26.398	-67.2
20.25	-7.948	-26.920	-81.3
20.26	-7.964	-27.473	-60.8
20.27	-7.977	-28.205	-78.6
20.28	-7.988	-29.156	-56.6
20.29	-7.999	-29.714	-64.2
20.3	-8.009	-29.108	-66.3
20.31	-8.021	-27.050	-71.8
20.32	-8.034	-23.967	-61.0
20.33	-8.047	-20.467	-68.4
20.34	-8.059	-16.816	-50.5
20.35	-8.069	-13.134	-71.9
20.36	-8.078	-9.577	-58.5
20.37	-8.084	-6.392	-59.1
20.38	-8.088	-4.036	-57.4
20.39	-8.088	-2.783	-56.4
20.4	-8.086	-2.238	-44.4
20.41	-8.082	-1.891	-75.8
20.42	-8.079	-2.061	-55.5
20.43	-8.075	-3.311	-61.8
20.44	-8.072	-5.459	-52.4
20.45	-8.072	-8.105	-52.7
20.46	-8.073	-11.030	-41.3
20.47	-8.077	-13.939	-51.8
20.48	-8.084	-16.530	-40.4
20.49	-8.094	-18.497	-51.5
20.5	-8.107	-19.638	-33.9
20.51	-8.120	-20.400	-47.5
20.52	-8.132	-21.508	-35.3
20.53	-8.144	-22.866	-47.1
20.54	-8.158	-24.173	-12.5
20.55	-8.172	-25.491	-37.5
20.56	-8.189	-26.683	-37.2
20.57	-8.206	-27.605	-11.5
20.58	-8.226	-28.177	2.9
20.59	-8.246	-28.233	-8.4
20.6	-8.268	-27.775	10.5
20.61	-8.291	-26.950	-11.8
20.62	-8.315	-26.002	-18.0
20.63	-8.339	-25.206	-40.2
20.64	-8.363	-24.656	-43.4
20.65	-8.387	-24.158	-56.0
20.66	-8.411	-23.544	-36.0
20.67	-8.435	-22.977	-36.8
20.68	-8.459	-22.602	-31.6
20.69	-8.484	-22.091	2.8
20.7	-8.509	-21.191	-45.6
20.71	-8.530	-20.348	23.9
20.72	-8.544	-19.913	224.8
20.73	-8.554	-19.603	216.2
20.74	-8.568	-19.220	184.3
20.75	-8.587	-18.855	-49.6
20.76	-8.607	-18.762	-57.5
20.77	-8.629	-19.270	-16.0
20.78	-8.652	-19.888	-42.9
20.79	-8.674	-19.922	-25.0
20.8	-8.690	-19.814	-16.0
20.81	-8.701	-19.706	-26.9
20.82	-8.712	-19.419	-0.8
20.83	-8.724	-19.556	-10.3
20.84	-8.739	-20.198	2.9
20.85	-8.754	-20.711	0.1
20.86	-8.771	-20.878	15.4
20.87	-8.789	-20.175	18.2
20.88	-8.808	-16.305	36.0
20.89	-8.827	-6.313	40.7
20.9	-8.846	10.075	57.1
20.91	-8.863	29.106	72.0
20.92	-8.880	43.888	121.1
20.93	-8.898	50.147	129.5
20.94	-8.917	51.116	152.8
20.95	-8.936	51.136	159.1
20.96	-8.955	51.136	181.1
20.97	-8.974	51.075	163.7
20.98	-8.993	49.872	131.8
20.99	-9.014	45.141	67.9
21.0	-9.034	36.719	31.5
21.01	-9.055	27.150	-6.9
21.02	-9.074	17.895	-17.4
21.03	-9.092	8.903	-65.7
21.04	-9.114	0.150	-53.2
21.05	-9.139	-7.964	-62.0
21.06	-9.164	-14.973	-60.6
21.07	-9.189	-20.620	-66.7
21.08	-9.212	-24.813	-52.7
21.09	-9.235	-27.158	-59.2
21.1	-9.258	-27.722	-52.5
21.11	-9.279	-27.811	-63.4
21.12	-9.299	-28.445	-44.1
21.13	-9.319	-29.877	-67.0
21.14	-9.338	-32.114	-45.8
21.15	-9.357	-34.295	-50.0
21.16	-9.377	-35.236	-53.9
21.17	-9.397	-34.342	-46.8
21.18	-9.418	-31.653	-29.0
21.19	-9.439	-27.866	-43.0
21.2	-9.461	-23.589	-35.8
21.21	-9.482	-18.936	-49.3
21.22	-9.504	-14.195	-34.0
21.23	-9.524	-9.708	-47.6
21.24	-9.543	-5.798	-33.5
21.25	-9.559	-2.934	-53.2
21.26	-9.576	-1.083	-38.3
21.27	-9.592	-0.094	-43.4
21.28	-9.610	-0.142	-40.2
21.29	-9.629	-1.073	-39.8
21.3	-9.649	-2.742	-15.9
21.31	-9.668	-5.223	-37.4
21.32	-9.689	-8.302	-36.9
21.33	-9.709	-11.619	-38.7
21.34	-9.728	-14.713	-26.3
21.35	-9.744	-17.028	-47.4
21.36	-9.761	-18.659	-28.1
21.37	-9.778	-20.267	-30.9
21.38	-9.797	-21.839	-17.1
21.39	-9.817	-22.859	-12.0
21.4	-9.839	-23.419	-0.3
21.41	-9.859	-24.061	-17.3
21.42	-9.879	-24.952	-2.1
21.43	-9.897	-25.775	-12.5
21.44	-9.914	-26.202	-12.0
21.45	-9.929	-26.147	-41.6
21.46	-9.946	-25.888	-32.2
21.47	-9.964	-25.731	-36.1
21.48	-9.981	-25.541	-28.6
21.49	-9.997	-25.120	-29.0
21.5	-10.008	-24.648	-34.1
21.51	-10.014	-24.163	-2.8
21.52	-10.019	-23.539	-29.6
21.53	-10.021	-22.947	-11.9
21.54	-10.017	-22.316	191.8
21.55	-10.012	-21.344	185.0
21.56	-10.011	-20.311	131.5
21.57	-10.018	-19.438	-50.7
21.58	-10.029	-18.777	-59.7
21.59	-10.038	-18.667	10.1
21.6	-10.044	-18.789	-21.9
21.61	-10.045	-18.717	-25.4
21.62	-10.039	-18.783	-6.3
21.63	-10.023	-19.023	-11.0
21.64	-10.000	-19.191	-2.5
21.65	-9.977	-19.369	-2.2
21.66	-9.959	-19.792	19.6
21.67	-9.944	-20.539	4.0
21.68	-9.933	-21.397	18.1
21.69	-9.922	-21.908	22.0
21.7	-9.912	-21.138	41.6
21.71	-9.902	-17.292	38.2
21.72	-9.893	-8.152	69.9
21.73	-9.883	7.030	74.1
21.74	-9.874	25.536	105.4
21.75	-9.864	41.280	130.9
21.76	-9.855	49.256	159.0
21.77	-9.847	51.055	161.3
21.78	-9.839	51.134	178.7
21.79	-9.831	51.136	160.6
21.8	-9.821	51.066	135.0
21.81	-9.806	49.723	74.1
21.82	-9.787	44.584	34.1
21.83	-9.765	35.689	-14.0
21.84	-9.744	25.525	-22.1
21.85	-9.733	15.391	-44.3
21.86	-9.732	5.617	-50.4
21.87	-9.735	-3.548	-68.0
21.88	-9.732	-11.620	-44.8
21.89	-9.722	-18.175	-56.8
21.9	-9.711	-23.217	-62.2
21.91	-9.701	-26.845	-67.9
21.92	-9.690	-29.364	-38.8
21.93	-9.676	-31.295	-59.4
21.94	-9.660	-33.117	-59.7
21.95	-9.644	-35.203	-47.8
21.96	-9.627	-37.486	-39.7
21.97	-9.611	-39.256	-61.0
21.98	-9.597	-39.564	-40.5
21.99	-9.584	-37.744	-48.5
22.0	-9.573	-33.941	-31.5
22.01	-9.561	-28.770	-48.3
22.02	-9.547	-22.759	-37.2
22.03	-9.534	-16.583	-45.3
22.04	-9.521	-10.742	-37.1
22.05	-9.509	-5.303	-43.9
22.06	-9.496	-0.608	-33.2
22.07	-9.484	2.784	-46.9
22.08	-9.469	4.852	-32.7
22.09	-9.454	5.919	-49.4
22.1	-9.439	6.180	-46.2
22.11	-9.422	5.447	-41.1
22.12	-9.404	3.578	-38.7
22.13	-9.385	0.814	-50.4
22.14	-9.366	-2.734	-30.8
22.15	-9.348	-6.733	-52.0
22.16	-9.333	-10.517	-31.5
22.17	-9.321	-13.898	-29.0
22.18	-9.311	-16.753	-28.9
22.19	-9.303	-18.822	-25.9
22.2	-9.294	-20.358	-0.5
22.21	-9.284	-21.778	-20.7
22.22	-9.273	-23.145	-6.7
22.23	-9.259	-24.378	-8.2
22.24	-9.244	-25.373	-13.8
22.25	-9.229	-26.047	-46.5
22.26	-9.214	-26.345	-46.6
22.27	-9.199	-26.034	-46.5
22.28	-9.183	-25.092	-51.8
22.29	-9.167	-24.270	-49.0
22.3	-9.151	-24.013	-40.0
22.31	-9.137	-23.823	-32.8
22.32	-9.126	-23.506	-0.9
22.33	-9.116	-23.141	-72.4
22.34	-9.103	-22.591	109.5
22.35	-9.084	-21.703	196.7
22.36	-9.063	-20.525	186.9
22.37	-9.044	-19.320	64.1
22.38	-9.031	-18.228	-97.2
22.39	-9.021	-17.659	-36.1
22.4	-9.013	-17.909	-18.9
22.41	-9.001	-18.492	-39.5
22.42	-8.983	-19.033	-28.2
22.43	-8.954	-19.234	-29.3
22.44	-8.919	-18.830	-4.4
22.45	-8.882	-18.097	-31.8
22.46	-8.848	-17.466	-15.3
22.47	-8.816	-17.183	-10.7
22.48	-8.786	-17.261	-3.6
22.49	-8.758	-17.425	-2.6
22.5	-8.732	-16.494	21.6
22.51	-8.709	-11.747	18.0
22.52	-8.687	-0.689	39.0
22.53	-8.665	16.173	40.0
22.54	-8.644	34.283	79.3
22.55	-8.624	46.550	94.8
22.56	-8.604	50.698	130.0
22.57	-8.585	51.130	139.5
22.58	-8.567	51.139	145.1
22.59	-8.549	51.138	141.5
22.6	-8.531	51.133	134.6
22.61	-8.512	50.759	84.4
22.62	-8.495	47.939	45.4
22.63	-8.476	40.756	-9.2
22.64	-8.455	30.728	-28.9
22.65	-8.435	20.381	-56.5
22.66	-8.416	10.697	-57.6
22.67	-8.399	1.716	-71.9
22.68	-8.383	-6.698	-69.0
22.69	-8.364	-14.131	-79.0
22.7	-8.346	-20.006	-55.5
22.71	-8.329	-24.147	-70.6
22.72	-8.314	-27.111	-70.1
22.73	-8.297	-29.933	-81.0
22.74	-8.281	-33.014	-59.6
22.75	-8.266	-36.098	-72.7
22.76	-8.252	-38.914	-71.6
22.77	-8.240	-40.894	-65.9
22.78	-8.228	-41.131	-65.8
22.79	-8.217	-39.259	-68.6
22.8	-8.207	-35.633	-58.0
22.81	-8.197	-30.847	-62.0
22.82	-8.187	-25.480	-48.8
22.83	-8.175	-19.959	-68.6
22.84	-8.162	-14.620	-48.1
22.85	-8.149	-9.641	-57.5
22.86	-8.137	-5.120	-57.6
22.87	-8.124	-1.331	-58.7
22.88	-8.112	1.248	-51.1
22.89	-8.101	2.352	-74.4
22.9	-8.091	2.081	-49.6
22.91	-8.081	0.489	-58.7
22.92	-8.074	-2.214	-65.8
22.93	-8.066	-5.430	-64.4
22.94	-8.057	-8.661	-51.4
22.95	-8.047	-11.548	-52.9
22.96	-8.039	-14.020	-48.4
22.97	-8.032	-16.545	-58.3
22.98	-8.025	-19.280	-45.7
22.99	-8.018	-21.802	-61.9
23.0	-8.011	-23.848	-41.8
23.01	-8.004	-25.403	-46.7
23.02	-7.996	-26.536	-50.1
23.03	-7.988	-27.372	-65.2
23.04	-7.981	-28.139	-46.4
23.05	-7.975	-28.930	-49.4
23.06	-7.969	-29.386	-39.5
23.07	-7.963	-29.189	-39.1
23.08	-7.955	-28.709	-12.7
23.09	-7.948	-28.403	-29.3
23.1	-7.944	-28.155	-23.4
23.11	-7.941	-27.536	-12.7
23.12	-7.936	-26.577	-9.8
23.13	-7.931	-25.834	-51.9
23.14	-7.925	-25.414	-55.9
23.15	-7.920	-25.041	-61.0
23.16	-7.914	-24.464	-54.0
23.17	-7.908	-23.575	-49.9
23.18	-7.901	-22.686	-50.8
23.19	-7.894	-21.980	-40.6
23.2	-7.887	-21.322	-4.0
23.21	-7.880	-20.697	-57.9
23.22	-7.871	-20.067	133.8
23.23	-7.857	-19.314	208.2
23.24	-7.845	-18.475	240.6
23.25	-7.839	-17.675	140.5
23.26	-7.838	-17.086	-90.0
23.27	-7.838	-17.164	-43.8
23.28	-7.839	-18.222	-30.3
23.29	-7.838	-19.689	-53.1
23.3	-7.832	-20.753	-33.2
23.31	-7.821	-21.238	-39.6
23.32	-7.810	-21.345	-15.5
23.33	-7.798	-21.288	-30.7
23.34	-7.786	-21.166	-20.4
23.35	-7.775	-20.792	-16.5
23.36	-7.764	-19.819	-1.2
23.37	-7.754	-17.080	-12.7
23.38	-7.747	-9.423	11.1
23.39	-7.741	5.850	9.7
23.4	-7.736	26.339	36.9
23.41	-7.731	43.163	53.7
23.42	-7.729	50.148	77.9
23.43	-7.727	51.123	104.2
23.44	-7.726	51.136	143.9
23.45	-7.727	51.139	155.7
23.46	-7.728	51.139	172.4
23.47	-7.729	51.138	168.2
23.48	-7.729	51.130	162.9
23.49	-7.728	50.686	105.4
23.5	-7.727	47.202	61.1
23.51	-7.726	38.413	4.3
23.52	-7.725	26.928	-24.8
23.53	-7.722	16.141	-56.0
23.54	-7.718	6.664	-63.0
23.55	-7.716	-1.461	-79.2
23.56	-7.715	-8.388	-77.5
23.57	-7.714	-14.286	-93.4
23.58	-7.713	-18.806	-70.7
23.59	-7.711	-21.870	-82.4
23.6	-7.709	-23.769	-80.1
23.61	-7.708	-24.952	-80.6
23.62	-7.705	-26.241	-69.8
23.63	-7.701	-28.164	-72.0
23.64	-7.698	-30.648	-65.6
23.65	-7.696	-33.184	-66.1
23.66	-7.694	-35.028	-63.2
23.67	-7.693	-35.520	-77.3
23.68	-7.693	-34.119	-55.1
23.69	-7.694	-31.200	-64.6
23.7	-7.696	-27.713	-58.1
23.71	-7.697	-23.719	-74.0
23.72	-7.700	-19.219	-55.7
23.73	-7.701	-14.877	-56.2
23.74	-7.701	-11.063	-56.0
23.75	-7.700	-7.569	-62.6
23.76	-7.699	-4.548	-48.5
23.77	-7.697	-2.684	-65.1
23.78	-7.697	-2.147	-55.9
23.79	-7.697	-2.645	-51.8
23.8	-7.697	-3.930	-49.4
23.81	-7.696	-5.622	-72.3
23.82	-7.694	-7.520	-47.4
23.83	-7.692	-9.720	-62.8
23.84	-7.690	-12.392	-63.9
23.85	-7.688	-15.333	-52.0
23.86	-7.685	-18.042	-46.6
23.87	-7.684	-20.538	-66.2
23.88	-7.686	-23.041	-51.6
23.89	-7.688	-25.300	-55.4
23.9	-7.691	-27.070	-53.0
23.91	-7.696	-28.347	-51.4
23.92	-7.704	-29.270	-42.9
23.93	-7.712	-30.111	-60.3
23.94	-7.721	-30.884	-36.9
23.95	-7.732	-31.270	-39.7
23.96	-7.745	-31.245	-39.8
23.97	-7.758	-31.186	-21.3
23.98	-7.771	-31.052	-14.7
23.99	-7.784	-30.555	-25.3
24.0	-7.799	-29.845	-0.5
24.01	-7.814	-29.113	-26.0
24.02	-7.828	-28.500	-32.4
24.03	-7.841	-28.117	-65.9
24.04	-7.853	-27.745	-47.4
24.05	-7.862	-27.194	-55.1
24.06	-7.869	-26.617	-55.1
24.07	-7.872	-26.170	-37.4
24.08	-7.872	-25.606	-57.2
24.09	-7.869	-24.756	-10.9
24.1	-7.862	-24.077	-43.4
24.11	-7.848	-23.773	-0.5
24.12	-7.826	-23.456	232.8
24.13	-7.805	-22.928	262.6
24.14	-7.793	-22.177	281.4
24.15	-7.791	-21.145	26.0
24.16	-7.795	-20.100	-93.6
24.17	-7.807	-19.708	-25.7
24.18	-7.826	-20.302	-43.0
24.19	-7.848	-21.469	-34.7
24.2	-7.866	-22.756	-31.1
24.21	-7.882	-23.866	-44.2
24.22	-7.897	-24.503	-18.2
24.23	-7.914	-24.908	-25.0
24.24	-7.933	-25.553	-23.1
24.25	-7.951	-26.252	1.1
24.26	-7.971	-26.214	8.9
24.27	-7.993	-23.945	-6.7
24.28	-8.016	-16.555	27.6
24.29	-8.041	-1.095	31.4
24.3	-8.067	21.069	66.1
24.31	-8.093	40.684	75.2
24.32	-8.119	49.617	87.0
24.33	-8.146	51.098	120.3
24.34	-8.172	51.134	164.7
24.35	-8.200	51.139	158.1
24.36	-8.228	51.139	183.4
24.37	-8.255	51.139	174.6
24.38	-8.282	51.131	140.6
24.39	-8.309	50.923	88.7
24.4	-8.337	48.553	45.3
24.41	-8.364	41.080	-8.1
24.42	-8.391	29.395	-28.3
24.43	-8.418	16.933	-62.8
24.44	-8.446	5.302	-62.1
24.45	-8.477	-5.069	-68.8
24.46	-8.508	-13.867	-66.3
24.47	-8.539	-20.866	-84.6
24.48	-8.568	-25.908	-73.7
24.49	-8.596	-29.022	-71.9
24.5	-8.625	-30.725	-77.0
24.51	-8.654	-31.888	-78.4
24.52	-8.683	-33.366	-70.4
24.53	-8.711	-35.423	-71.6
24.54	-8.737	-37.477	-48.5
24.55	-8.763	-38.828	-53.7
24.56	-8.788	-39.108	-58.1
24.57	-8.815	-38.169	-76.9
24.58	-8.842	-36.103	-47.6
24.59	-8.869	-32.903	-48.6
24.6	-8.896	-28.567	-39.6
24.61	-8.922	-23.656	-61.8
24.62	-8.947	-18.775	-56.4
24.63	-8.971	-14.300	-53.6
24.64	-8.992	-10.456	-54.3
24.65	-9.013	-7.227	-52.6
24.66	-9.033	-4.838	-48.6
24.67	-9.052	-3.528	-56.1
24.68	-9.069	-3.336	-33.8
24.69	-9.085	-4.291	-57.8
24.7	-9.100	-6.102	-50.8
24.71	-9.116	-8.537	-50.9
24.72	-9.131	-11.605	-38.5
24.73	-9.145	-15.031	-57.9
24.74	-9.160	-18.653	-55.1
24.75	-9.176	-22.363	-46.3
24.76	-9.194	-25.620	-44.1
24.77	-9.214	-28.052	-52.3
24.78	-9.234	-29.836	-44.1
24.79	-9.253	-31.267	-48.3
24.8	-9.272	-32.372	-34.9
24.81	-9.291	-33.106	-52.2
24.82	-9.314	-33.336	-41.3
24.83	-9.338	-32.995	-45.3
24.84	-9.364	-32.569	-34.4
24.85	-9.393	-32.278	-37.5
24.86	-9.424	-31.898	0.1
24.87	-9.456	-31.402	-8.1
24.88	-9.488	-30.781	-13.3
24.89	-9.519	-30.094	1.3
24.9	-9.552	-29.373	-15.6
24.91	-9.585	-28.458	-44.1
24.92	-9.617	-27.161	-44.0
24.93	-9.648	-25.302	-52.7
24.94	-9.678	-23.325	-32.3
24.95	-9.707	-21.417	-62.2
24.96	-9.732	-19.056	-44.2
24.97	-9.756	-16.262	-70.5
24.98	-9.781	-14.002	-13.6
24.99	-9.805	-14.688	-48.7
25.0	-9.826	-11.831	-14.4
25.01	-9.848	1.384	223.7
25.02	-9.874	13.684	201.8
25.03	-9.911	18.639	114.7
25.04	-9.957	23.106	25.8
25.05	-10.009	27.277	-61.9
25.06	-10.060	28.586	-21.0
25.07	-10.108	28.695	3.1
25.08	-10.155	28.884	1.7
25.09	-10.196	28.275	-54.6
25.1	-10.231	24.992	-29.3
25.11	-10.263	20.417	-10.0
25.12	-10.301	17.609	-23.8
25.13	-10.342	15.788	-2.8
25.14	-10.383	13.475	29.3
25.15	-10.423	11.448	-16.7
25.16	-10.464	10.361	3.9
25.17	-10.505	11.336	16.2
25.18	-10.546	17.675	53.2
25.19	-10.586	30.986	54.4
25.2	-10.626	44.402	79.4
25.21	-10.668	50.336	102.0
25.22	-10.709	51.122	130.2
25.23	-10.749	51.138	148.3
25.24	-10.790	51.139	145.6
25.25	-10.833	51.139	160.0
25.26	-10.874	51.139	160.6
25.27	-10.916	51.133	117.1
25.28	-10.958	50.889	77.4
25.29	-11.002	48.391	13.7
25.3	-11.046	40.898	7.4
25.31	-11.088	29.788	-32.9
25.32	-11.130	18.747	-56.0
25.33	-11.179	9.455	-43.5
25.34	-11.234	1.863	-86.1
25.35	-11.288	-4.589	-76.1
25.36	-11.337	-9.694	-32.5
25.37	-11.386	-13.548	-87.3
25.38	-11.438	-17.261	-22.6
25.39	-11.487	-21.267	-68.8
25.4	-11.533	-24.852	-71.7
25.41	-11.576	-27.580	-58.6
25.42	-11.616	-30.461	-59.5
25.43	-11.658	-33.867	-41.6
25.44	-11.703	-36.809	-66.6
25.45	-11.749	-38.406	-43.2
25.46	-11.794	-39.008	-18.6
25.47	-11.839	-38.212	-64.1
25.48	-11.881	-32.639	-49.8
25.49	-11.916	-23.223	-34.5
25.5	-11.950	-15.350	-39.8
25.51	-11.983	-9.875	-32.6
25.52	-12.014	-5.320	-34.6
25.53	-12.043	-2.127	-54.3
25.54	-12.069	-0.333	-24.0
25.55	-12.095	0.372	-51.8
25.56	-12.124	-1.484	-45.0
25.57	-12.153	-6.802	-30.1
25.58	-12.178	-13.536	-20.8
25.59	-12.202	-19.200	-43.4
25.6	-12.223	-23.269	-45.4
25.61	-12.240	-26.434	-64.0
25.62	-12.257	-29.080	-40.4
25.63	-12.276	-31.097	-18.5
25.64	-12.296	-32.597	-0.1
25.65	-12.316	-33.811	-41.9
25.66	-12.334	-35.098	-41.3
25.67	-12.348	-36.869	-8.8
25.68	-12.359	-38.894	-9.2
25.69	-12.368	-41.031	-11.1
25.7	-12.374	-43.178	5.2
25.71	-12.381	-44.577	-23.0
25.72	-12.399	-44.948	-2.5
25.73	-12.425	-44.633	-57.0
25.74	-12.453	-43.931	-44.1
25.75	-12.482	-42.902	-46.9
25.76	-12.511	-41.345	0.9
25.77	-12.541	-39.517	-65.5
25.78	-12.571	-37.583	-110.0
25.79	-12.603	-34.886	24.3
25.8	-12.641	-30.892	-54.7
25.81	-12.678	-25.997	-25.2
25.82	-12.706	-21.984	141.3
25.83	-12.726	-20.639	164.2
25.84	-12.744	-21.305	202.4
25.85	-12.770	-22.366	55.8
25.86	-12.801	-23.827	-56.9
25.87	-12.833	-26.291	-57.9
25.88	-12.863	-29.645	-25.5
25.89	-12.893	-33.369	-13.4
25.9	-12.920	-37.144	-25.9
25.91	-12.937	-41.103	-24.5
25.92	-12.941	-45.098	0.0
25.93	-12.933	-48.191	-0.6
25.94	-12.919	-49.984	-41.6
25.95	-12.911	-50.858	-3.3
25.96	-12.910	-51.122	14.6
25.97	-12.912	-51.139	1.7
25.98	-12.914	-51.131	20.3
25.99	-12.917	-50.869	10.8
26.0	-12.918	-47.292	75.8
26.01	-12.921	-34.566	15.1
26.02	-12.926	-12.733	67.6
26.03	-12.936	11.211	160.2
26.04	-12.945	31.592	94.8
26.05	-12.951	44.959	103.2
26.06	-12.953	50.281	172.8
26.07	-12.957	51.113	169.7
26.08	-12.968	51.041	119.5
26.09	-12.986	49.341	49.6
26.1	-13.006	43.408	51.6
26.11	-13.024	34.153	-44.0
26.12	-13.044	23.616	-12.9
26.13	-13.071	12.339	-22.2
26.14	-13.109	1.967	-72.9
26.15	-13.151	-6.919	-54.0
26.16	-13.190	-14.588	-18.5
26.17	-13.226	-20.780	-64.3
26.18	-13.261	-26.020	-117.3
26.19	-13.281	-30.605	-32.9
26.2	-13.286	-34.416	-31.1
26.21	-13.296	-38.150	-106.4
26.22	-13.315	-42.122	-35.7
26.23	-13.335	-45.977	-39.4
26.24	-13.356	-49.150	-54.4
26.25	-13.378	-50.784	-43.5
26.26	-13.400	-51.127	-40.6
26.27	-13.422	-51.133	-65.6
26.28	-13.439	-50.867	-2.4
26.29	-13.451	-48.856	-45.0
26.3	-13.458	-44.313	-66.4
26.31	-13.460	-38.780	-34.9
26.32	-13.462	-32.711	-21.5
26.33	-13.464	-25.973	-10.6
26.34	-13.466	-19.680	-21.3
26.35	-13.467	-14.136	-37.5
26.36	-13.472	-9.408	-54.4
26.37	-13.481	-6.114	-73.6
26.38	-13.492	-4.711	-9.5
26.39	-13.501	-5.444	-39.0
26.4	-13.503	-7.345	-13.2
26.41	-13.504	-8.895	-3.7
26.42	-13.506	-10.148	-70.2
26.43	-13.511	-11.716	-26.3
26.44	-13.517	-13.355	-15.2
26.45	-13.521	-15.284	-34.2
26.46	-13.527	-18.158	11.8
26.47	-13.534	-21.023	-46.0
26.48	-13.539	-22.695	7.3
26.49	-13.539	-23.789	26.9
26.5	-13.535	-26.523	-18.1
26.51	-13.528	-33.939	-2.5
26.52	-13.518	-43.988	0.7
26.53	-13.506	-49.925	-70.0
26.54	-13.489	-51.102	-31.4
26.55	-13.465	-51.136	-0.2
26.56	-13.433	-51.141	-35.1
26.57	-13.396	-51.141	-35.3
26.58	-13.357	-51.141	-31.4
26.59	-13.323	-51.141	9.9
26.6	-13.295	-51.141	-6.1
26.61	-13.261	-51.141	-17.7
26.62	-13.215	-51.122	202.5
26.63	-13.171	-50.742	162.3
26.64	-13.150	-45.898	112.1
26.65	-13.156	-31.134	7.0
26.66	-13.176	-11.152	-0.2
26.67	-13.184	5.647	56.0
26.68	-13.174	17.834	5.3
26.69	-13.154	27.644	28.8
26.7	-13.123	36.989	25.3
26.71	-13.076	42.802	-3.2
26.72	-13.013	40.683	102.2
26.73	-12.939	34.998	4.8
26.74	-12.863	30.902	29.9
26.75	-12.786	28.200	70.2
26.76	-12.708	27.736	21.9
26.77	-12.629	26.756	82.9
26.78	-12.549	25.236	61.5
26.79	-12.464	29.614	65.1
26.8	-12.372	39.841	111.2
26.81	-12.274	48.228	107.6
26.82	-12.174	50.953	113.3
26.83	-12.074	51.128	161.2
26.84	-11.971	51.139	191.0
26.85	-11.864	51.139	146.9
26.86	-11.761	51.139	171.0
26.87	-11.662	51.139	125.9
26.88	-11.571	51.139	83.4
26.89	-11.483	51.139	135.3
26.9	-11.395	51.127	104.3
26.91	-11.313	50.559	21.1
26.92	-11.241	43.361	3.0
26.93	-11.179	17.484	-34.0
26.94	-11.125	-20.566	-31.3
26.95	-11.070	-45.016	-19.2
26.96	-11.011	-50.877	-30.7
26.97	-10.949	-51.128	-43.8
26.98	-10.879	-51.141	-6.5
26.99	-10.804	-51.141	-35.2
27.0	-10.728	-51.141	-26.7
27.01	-10.653	-51.141	-30.5
27.02	-10.581	-51.141	-50.3
27.03	-10.516	-51.141	-37.7
27.04	-10.458	-51.141	-32.6
27.05	-10.404	-51.141	-49.6
27.06	-10.354	-51.141	-19.9
27.07	-10.307	-51.141	-40.6
27.08	-10.261	-51.141	-43.1
27.09	-10.211	-51.141	-41.8
27.1	-10.158	-51.138	-43.2
27.11	-10.103	-51.088	-41.0
27.12	-10.050	-49.970	-28.3
27.13	-9.996	-45.252	-45.4
27.14	-9.944	-36.984	-28.1
27.15	-9.893	-28.917	-50.3
27.16	-9.845	-23.566	-42.6
27.17	-9.799	-20.667	-33.0
27.18	-9.758	-18.770	-51.7
27.19	-9.714	-16.933	-49.1
27.2	-9.666	-15.530	-32.4
27.21	-9.614	-15.253	-56.2
27.22	-9.563	-16.233	-34.5
27.23	-9.509	-18.067	-45.3
27.24	-9.456	-20.989	-38.2
27.25	-9.402	-24.800	-55.7
27.26	-9.348	-26.469	-55.7
27.27	-9.294	-25.483	-26.0
27.28	-9.242	-25.203	-25.6
27.29	-9.189	-25.706	-35.8
27.3	-9.135	-25.289	-11.8
27.31	-9.083	-24.713	-23.7
27.32	-9.033	-24.906	-3.7
27.33	-8.983	-25.295	-25.9
27.34	-8.934	-25.195	-39.4
27.35	-8.888	-24.777	-49.6
27.36	-8.838	-24.742	-41.6
27.37	-8.783	-25.548	-41.0
27.38	-8.731	-26.709	-40.8
27.39	-8.686	-26.942	-66.9
27.4	-8.652	-25.463	-40.4
27.41	-8.628	-23.186	-9.2
27.42	-8.601	-21.848	-53.4
27.43	-8.561	-21.983	65.0
27.44	-8.511	-22.659	148.5
27.45	-8.455	-22.806	132.2
27.46	-8.404	-22.305	88.8
27.47	-8.367	-21.706	-83.3
27.48	-8.353	-21.133	-31.3
27.49	-8.346	-20.123	-36.7
27.5	-8.328	-18.630	-54.4
27.51	-8.296	-17.183	-33.1
27.52	-8.260	-16.253	-35.4
27.53	-8.221	-16.020	-50.9
27.54	-8.181	-16.355	-36.4
27.55	-8.144	-17.045	-37.7
27.56	-8.109	-18.081	-25.0
27.57	-8.078	-19.411	-32.3
27.58	-8.050	-20.483	-11.5
27.59	-8.020	-19.755	-7.4
27.6	-7.984	-14.425	-6.0
27.61	-7.942	-1.517	2.4
27.62	-7.896	18.314	24.4
27.63	-7.851	37.758	52.3
27.64	-7.813	48.466	60.0
27.65	-7.773	51.014	66.9
27.66	-7.729	51.133	122.0
27.67	-7.683	51.139	92.8
27.68	-7.635	51.139	98.0
27.69	-7.587	51.133	108.3
27.7	-7.546	50.902	93.6
27.71	-7.513	48.502	39.2
27.72	-7.478	41.150	-5.7
27.73	-7.436	30.048	-42.2
27.74	-7.397	18.869	-46.0
27.75	-7.359	8.945	-65.5
27.76	-7.324	-0.034	-89.0
27.77	-7.293	-8.208	-77.2
27.78	-7.264	-15.347	-57.1
27.79	-7.235	-21.266	-85.1
27.8	-7.203	-25.802	-54.6
27.81	-7.169	-28.939	-66.9
27.82	-7.131	-31.097	-65.5
27.83	-7.094	-32.723	-69.5
27.84	-7.068	-34.123	-65.5
27.85	-7.048	-35.706	-66.2
27.86	-7.024	-37.583	-62.1
27.87	-6.994	-39.072	-69.7
27.88	-6.963	-39.317	-58.7
27.89	-6.932	-38.170	-69.3
27.9	-6.904	-36.000	-63.9
27.91	-6.882	-33.302	-54.9
27.92	-6.866	-30.523	-54.8
27.93	-6.849	-27.547	-71.5
27.94	-6.834	-23.966	-48.7
27.95	-6.819	-20.008	-58.1
27.96	-6.804	-16.208	-49.0
27.97	-6.787	-12.895	-48.7
27.98	-6.770	-10.814	-46.6
27.99	-6.754	-11.023	-60.2
28.0	-6.740	-13.555	-46.5
28.01	-6.724	-17.236	-51.6
28.02	-6.708	-20.853	-47.9
28.03	-6.697	-23.786	-53.5
28.04	-6.689	-25.888	-38.2
28.05	-6.678	-27.011	-35.5
28.06	-6.667	-27.538	-32.6
28.07	-6.658	-28.847	-35.1
28.08	-6.651	-31.413	-17.2
28.09	-6.646	-33.378	-27.9
28.1	-6.643	-33.269	-9.6
28.11	-6.641	-32.314	-23.0
28.12	-6.639	-32.077	-38.1
28.13	-6.638	-32.269	-55.5
28.14	-6.636	-31.948	-45.8
28.15	-6.636	-30.964	-53.6
28.16	-6.637	-29.783	-50.3
28.17	-6.638	-28.770	-43.8
28.18	-6.643	-27.930	-47.1
28.19	-6.651	-27.063	-7.5
28.2	-6.659	-26.011	-42.5
28.21	-6.661	-24.839	43.0
28.22	-6.653	-23.780	268.5
28.23	-6.641	-23.061	264.5
28.24	-6.634	-22.733	215.0
28.25	-6.632	-22.617	-32.3
28.26	-6.632	-22.500	-67.8
28.27	-6.633	-22.247	-4.0
28.28	-6.634	-21.700	-22.5
28.29	-6.629	-20.752	-16.2
28.3	-6.612	-19.572	-25.0
28.31	-6.585	-18.428	-21.9
28.32	-6.564	-17.445	-9.7
28.33	-6.556	-16.666	-16.4
28.34	-6.547	-16.164	-7.0
28.35	-6.534	-16.123	-9.1
28.36	-6.521	-16.383	10.1
28.37	-6.511	-15.652	13.3
28.38	-6.501	-11.280	27.3
28.39	-6.491	-0.686	42.4
28.4	-6.482	15.984	75.0
28.41	-6.473	34.234	89.9
28.42	-6.464	46.619	131.1
28.43	-6.456	50.728	150.8
28.44	-6.449	51.128	180.7
28.45	-6.441	51.139	195.6
28.46	-6.433	51.139	207.2
28.47	-6.426	51.133	188.2
28.48	-6.418	50.859	158.8
28.49	-6.409	48.244	92.3
28.5	-6.401	40.538	48.5
28.51	-6.393	28.658	-3.5
28.52	-6.380	15.727	-30.3
28.53	-6.367	3.980	-54.0
28.54	-6.360	-5.502	-53.5
28.55	-6.361	-12.969	-66.1
28.56	-6.364	-18.880	-60.2
28.57	-6.366	-23.461	-66.0
28.58	-6.364	-27.011	-62.4
28.59	-6.361	-29.750	-71.6
28.6	-6.356	-31.867	-65.4
28.61	-6.350	-33.852	-70.3
28.62	-6.341	-36.234	-62.0
28.63	-6.332	-38.998	-63.2
28.64	-6.322	-41.561	-52.5
28.65	-6.313	-43.298	-65.6
28.66	-6.305	-43.839	-54.8
28.67	-6.299	-43.002	-59.5
28.68	-6.294	-40.798	-48.8
28.69	-6.288	-37.491	-59.8
28.7	-6.283	-33.627	-56.6
28.71	-6.279	-29.770	-59.6
28.72	-6.274	-26.216	-59.5
28.73	-6.266	-22.878	-66.1
28.74	-6.257	-19.445	-50.8
28.75	-6.247	-16.469	-67.3
28.76	-6.236	-15.278	-57.5
28.77	-6.221	-15.511	-64.5
28.78	-6.209	-15.695	-58.0
28.79	-6.204	-15.975	-57.9
28.8	-6.200	-16.958	-48.9
28.81	-6.195	-18.211	-51.5
28.82	-6.189	-19.414	-44.8
28.83	-6.183	-20.461	-38.8
28.84	-6.177	-21.150	-23.6
28.85	-6.171	-21.745	-36.3
28.86	-6.165	-22.600	-18.0
28.87	-6.159	-23.561	-32.5
28.88	-6.152	-24.317	-51.7
28.89	-6.145	-24.689	-72.6
28.9	-6.138	-24.833	-54.3
28.91	-6.133	-25.025	-63.6
28.92	-6.128	-25.092	-49.3
28.93	-6.123	-25.225	-55.6
28.94	-6.117	-26.328	-59.7
28.95	-6.113	-28.381	-19.8
28.96	-6.112	-30.378	-63.2
28.97	-6.108	-31.858	90.8
28.98	-6.101	-32.844	290.7
28.99	-6.092	-33.327	288.9
29.0	-6.088	-33.631	169.7
29.01	-6.086	-33.928	-110.6
29.02	-6.085	-33.889	-60.8
29.03	-6.084	-33.436	-32.9
29.04	-6.086	-33.020	-61.0
29.05	-6.084	-32.770	-39.1
29.06	-6.075	-32.041	-31.7
29.07	-6.061	-30.652	-40.4
29.08	-6.048	-29.552	-32.6
29.09	-6.036	-29.397	-36.8
29.1	-6.027	-29.823	-12.3
29.11	-6.018	-30.241	-7.3
29.12	-6.009	-29.963	-3.4
29.13	-6.001	-27.378	9.5
29.14	-5.992	-19.930	21.6
29.15	-5.986	-6.278	31.3
29.16	-5.978	11.625	61.1
29.17	-5.968	29.469	77.5
29.18	-5.956	42.820	114.5
29.19	-5.950	49.400	142.0
29.2	-5.948	51.025	182.4
29.21	-5.948	50.942	175.0
29.22	-5.952	48.955	191.3
29.23	-5.962	42.561	174.7
29.24	-5.973	31.944	123.3
29.25	-5.982	19.842	53.3
29.26	-5.991	8.359	13.7
29.27	-6.000	-1.506	-34.9
29.28	-6.009	-9.480	-65.4
29.29	-6.017	-15.513	-89.0
