Interval=	0.01 s
ExcelDateTime=	3.9773405852844022e+004	21/11/2008 9:44:25.685723
TimeFormat=	StartOfBlock
ChannelTitle=	Channel 1	Channel 2	Channel 3
Range=	20.000 mV	50.000 mV	500.0 µV
0.0	-9.624	-19.028	5.4
0.01	-9.590	-17.658	64.5
0.02	-9.559	-12.538	52.0
0.03	-9.530	-2.123	114.3
0.04	-9.502	12.723	93.0
0.05	-9.477	28.720	140.9
0.06	-9.453	41.825	158.6
0.07	-9.431	49.000	174.1
0.08	-9.409	50.984	167.3
0.09	-9.388	51.131	168.1
0.1	-9.367	51.091	139.6
0.11	-9.346	50.138	103.4
0.12	-9.322	46.183	45.5
0.13	-9.296	38.577	19.0
0.14	-9.273	29.014	-20.8
0.15	-9.251	19.000	-29.0
0.16	-9.233	9.253	-52.6
0.17	-9.216	0.113	-61.5
0.18	-9.194	-8.342	-61.8
0.19	-9.169	-15.880	-40.7
0.2	-9.143	-22.048	-59.2
0.21	-9.118	-26.630	-52.6
0.22	-9.092	-29.908	-56.0
0.23	-9.065	-32.372	-41.7
0.24	-9.038	-34.388	-55.9
0.25	-9.011	-36.094	-37.2
0.26	-8.986	-37.337	-58.1
0.27	-8.962	-37.844	-45.6
0.28	-8.940	-37.334	-42.9
0.29	-8.919	-35.559	-35.7
0.3	-8.899	-32.475	-27.0
0.31	-8.878	-28.373	-25.4
0.32	-8.858	-23.745	-28.3
0.33	-8.837	-19.025	-12.7
0.34	-8.815	-14.480	-35.8
0.35	-8.793	-10.352	-31.3
0.36	-8.769	-6.850	-32.4
0.37	-8.746	-4.027	-29.0
0.38	-8.724	-1.945	-48.9
0.39	-8.703	-0.728	-34.6
0.4	-8.683	-0.328	-45.1
0.41	-8.662	-0.614	-44.8
0.42	-8.643	-1.500	-44.7
0.43	-8.622	-2.923	-35.3
0.44	-8.601	-4.819	-48.6
0.45	-8.581	-7.042	-26.6
0.46	-8.561	-9.333	-43.0
0.47	-8.543	-11.428	-31.5
0.48	-8.527	-13.181	-52.8
0.49	-8.511	-14.644	-40.4
0.5	-8.496	-16.050	-37.8
0.51	-8.481	-17.578	-40.9
0.52	-8.468	-19.163	-36.4
0.53	-8.456	-20.552	-27.3
0.54	-8.444	-21.592	-26.4
0.55	-8.433	-22.461	-4.7
0.56	-8.422	-23.336	-18.6
0.57	-8.412	-24.105	-2.0
0.58	-8.401	-24.603	-13.4
0.59	-8.389	-24.808	-18.8
0.6	-8.376	-24.769	-39.9
0.61	-8.362	-24.558	-47.5
0.62	-8.347	-24.192	-50.4
0.63	-8.332	-23.695	-54.3
0.64	-8.317	-23.175	-46.0
0.65	-8.303	-22.667	-21.1
0.66	-8.291	-22.094	-48.7
0.67	-8.281	-21.430	2.1
0.68	-8.272	-20.719	-65.7
0.69	-8.259	-19.964	87.1
0.7	-8.242	-19.130	197.7
0.71	-8.224	-18.252	173.0
0.72	-8.209	-17.511	116.7
0.73	-8.197	-17.127	-68.9
0.74	-8.186	-17.244	-48.7
0.75	-8.178	-17.820	-8.3
0.76	-8.169	-18.500	-40.1
0.77	-8.154	-18.914	-15.1
0.78	-8.136	-18.972	-33.7
0.79	-8.114	-18.772	-18.9
0.8	-8.093	-18.527	-24.8
0.81	-8.072	-18.439	-1.6
0.82	-8.052	-18.567	-2.6
0.83	-8.033	-18.788	-4.6
0.84	-8.016	-18.303	0.6
0.85	-8.002	-15.095	22.4
0.86	-7.991	-6.545	13.5
0.87	-7.981	8.205	37.8
0.88	-7.971	26.380	53.6
0.89	-7.962	41.822	77.6
0.9	-7.953	49.464	91.2
0.91	-7.944	51.072	130.7
0.92	-7.936	51.136	132.0
0.93	-7.931	51.139	157.4
0.94	-7.928	51.138	140.8
0.95	-7.924	51.108	135.2
0.96	-7.919	50.286	84.1
0.97	-7.914	46.255	40.4
0.98	-7.911	38.209	2.6
0.99	-7.905	28.589	-25.2
1.0	-7.899	19.117	-47.3
1.01	-7.893	9.980	-51.5
1.02	-7.890	1.534	-69.4
1.03	-7.888	-5.716	-60.9
1.04	-7.886	-11.628	-81.6
1.05	-7.882	-16.361	-60.7
1.06	-7.876	-20.069	-57.1
1.07	-7.870	-22.941	-49.5
1.08	-7.864	-25.334	-70.8
1.09	-7.861	-27.672	-50.5
1.1	-7.856	-30.156	-54.3
1.11	-7.853	-32.561	-52.8
1.12	-7.849	-34.350	-54.9
1.13	-7.847	-34.994	-49.5
1.14	-7.844	-34.253	-54.5
1.15	-7.841	-32.195	-29.6
1.16	-7.839	-29.028	-55.6
1.17	-7.838	-25.050	-48.9
1.18	-7.836	-20.650	-44.0
1.19	-7.834	-16.153	-52.6
1.2	-7.830	-11.750	-43.5
1.21	-7.824	-7.672	-26.9
1.22	-7.819	-4.278	-54.2
1.23	-7.816	-1.867	-42.9
1.24	-7.813	-0.552	-50.6
1.25	-7.809	-0.353	-38.0
1.26	-7.804	-1.189	-56.3
1.27	-7.802	-2.819	-44.3
1.28	-7.800	-4.897	-42.7
1.29	-7.798	-7.195	-37.5
1.3	-7.796	-9.605	-45.3
1.31	-7.793	-11.972	-37.7
1.32	-7.790	-14.131	-38.5
1.33	-7.787	-16.006	-27.4
1.34	-7.785	-17.642	-54.7
1.35	-7.784	-19.152	-39.3
1.36	-7.783	-20.545	-34.6
1.37	-7.781	-21.742	-38.4
1.38	-7.779	-22.609	-35.9
1.39	-7.778	-23.088	-15.3
1.4	-7.777	-23.334	-40.3
1.41	-7.776	-23.542	-30.3
1.42	-7.776	-23.783	-36.8
1.43	-7.775	-24.047	-24.3
1.44	-7.775	-24.269	-18.5
1.45	-7.775	-24.414	-1.9
1.46	-7.776	-24.505	-1.0
1.47	-7.776	-24.547	3.9
1.48	-7.777	-24.494	-8.9
1.49	-7.779	-24.297	-10.8
1.5	-7.781	-23.936	-39.8
1.51	-7.782	-23.425	-32.5
1.52	-7.782	-22.888	-51.0
1.53	-7.782	-22.527	-30.8
1.54	-7.781	-22.394	-23.5
1.55	-7.781	-22.319	-44.2
1.56	-7.782	-22.119	-6.8
1.57	-7.785	-21.742	-28.4
1.58	-7.787	-21.198	-13.6
1.59	-7.784	-20.511	212.6
1.6	-7.779	-19.692	250.1
1.61	-7.776	-18.698	288.3
1.62	-7.779	-17.686	65.5
1.63	-7.782	-17.184	-77.2
1.64	-7.789	-17.534	-11.2
1.65	-7.796	-18.386	-35.4
1.66	-7.798	-19.092	-23.0
1.67	-7.796	-19.397	-21.4
1.68	-7.790	-19.373	-36.9
1.69	-7.785	-19.147	-11.0
1.7	-7.781	-18.894	-19.1
1.71	-7.779	-18.772	-4.8
1.72	-7.775	-18.820	-9.7
1.73	-7.771	-18.577	8.4
1.74	-7.766	-16.413	5.0
1.75	-7.759	-9.606	27.5
1.76	-7.753	3.691	31.4
1.77	-7.751	21.905	59.7
1.78	-7.751	39.075	74.1
1.79	-7.750	48.645	104.1
1.8	-7.751	51.017	130.0
1.81	-7.753	51.133	149.0
1.82	-7.756	51.139	166.4
1.83	-7.760	51.139	193.6
1.84	-7.763	51.134	161.9
1.85	-7.766	51.055	140.0
1.86	-7.770	49.548	74.2
1.87	-7.774	43.894	35.3
1.88	-7.778	34.388	-0.7
1.89	-7.782	24.098	-33.1
1.9	-7.786	14.403	-59.5
1.91	-7.790	5.347	-49.0
1.92	-7.798	-2.942	-58.8
1.93	-7.806	-10.230	-59.1
1.94	-7.813	-16.345	-84.7
1.95	-7.819	-21.150	-63.1
1.96	-7.824	-24.553	-59.4
1.97	-7.831	-26.848	-63.8
1.98	-7.838	-28.723	-58.8
1.99	-7.843	-30.791	-46.0
2.0	-7.848	-33.106	-61.9
2.01	-7.851	-35.177	-49.0
2.02	-7.855	-36.366	-70.8
2.03	-7.860	-36.172	-44.9
2.04	-7.866	-34.455	-59.5
2.05	-7.873	-31.500	-56.8
2.06	-7.881	-27.798	-46.4
2.07	-7.890	-23.791	-40.6
2.08	-7.897	-19.697	-50.3
2.09	-7.902	-15.603	-46.3
2.1	-7.906	-11.614	-47.9
2.11	-7.907	-7.920	-43.4
2.12	-7.906	-4.805	-54.4
2.13	-7.906	-2.533	-38.5
2.14	-7.906	-1.244	-55.4
2.15	-7.907	-0.897	-32.4
2.16	-7.909	-1.377	-56.3
2.17	-7.911	-2.634	-46.1
2.18	-7.914	-4.573	-35.3
2.19	-7.916	-7.027	-40.3
2.2	-7.918	-9.783	-43.5
2.21	-7.920	-12.497	-37.5
2.22	-7.922	-14.883	-55.3
2.23	-7.924	-16.870	-39.7
2.24	-7.927	-18.567	-52.1
2.25	-7.930	-20.184	-35.2
2.26	-7.934	-21.872	-44.4
2.27	-7.941	-23.588	-29.7
2.28	-7.949	-25.094	-34.6
2.29	-7.959	-26.189	-26.7
2.3	-7.970	-26.866	-40.9
2.31	-7.981	-27.223	-33.4
2.32	-7.993	-27.400	-36.1
2.33	-8.004	-27.547	-20.8
2.34	-8.016	-27.714	-26.4
2.35	-8.029	-27.805	-7.3
2.36	-8.041	-27.747	-6.8
2.37	-8.054	-27.589	1.3
2.38	-8.066	-27.306	-7.8
2.39	-8.079	-26.852	3.5
2.4	-8.091	-26.308	-24.8
2.41	-8.102	-25.664	-36.3
2.42	-8.113	-24.816	-37.3
2.43	-8.123	-23.920	-30.3
2.44	-8.134	-23.214	-43.0
2.45	-8.146	-22.619	-18.7
2.46	-8.157	-22.169	-54.0
2.47	-8.169	-22.105	-15.9
2.48	-8.183	-22.184	-4.9
2.49	-8.196	-21.867	-57.6
2.5	-8.205	-21.005	139.5
2.51	-8.210	-19.873	266.1
2.52	-8.217	-18.742	286.3
2.53	-8.231	-17.822	161.2
2.54	-8.248	-17.516	-84.2
2.55	-8.263	-18.059	-11.4
2.56	-8.279	-18.959	-24.5
2.57	-8.293	-19.447	-24.8
2.58	-8.302	-19.319	-33.0
2.59	-8.304	-18.819	-25.3
2.6	-8.301	-18.192	-10.7
2.61	-8.294	-17.731	-2.9
2.62	-8.289	-17.714	-2.1
2.63	-8.285	-18.153	13.8
2.64	-8.283	-18.689	5.4
2.65	-8.284	-18.339	24.0
2.66	-8.287	-14.864	29.4
2.67	-8.293	-5.280	33.3
2.68	-8.302	11.252	46.3
2.69	-8.313	30.700	90.8
2.7	-8.324	45.036	91.7
2.71	-8.336	50.448	137.6
2.72	-8.349	51.128	160.4
2.73	-8.363	51.138	175.7
2.74	-8.377	51.139	177.7
2.75	-8.391	51.139	189.0
2.76	-8.406	51.133	143.8
2.77	-8.421	50.856	98.1
2.78	-8.434	48.184	48.6
2.79	-8.447	40.436	18.9
2.8	-8.460	29.172	-22.1
2.81	-8.471	17.877	-29.7
2.82	-8.482	7.695	-59.9
2.83	-8.495	-1.428	-55.3
2.84	-8.509	-9.600	-54.7
2.85	-8.521	-16.586	-61.1
2.86	-8.533	-21.920	-69.7
2.87	-8.542	-25.561	-44.9
2.88	-8.551	-28.045	-71.1
2.89	-8.559	-30.119	-49.0
2.9	-8.566	-32.228	-41.6
2.91	-8.571	-34.316	-36.7
2.92	-8.577	-36.144	-57.3
2.93	-8.582	-37.409	-45.7
2.94	-8.588	-37.636	-41.5
2.95	-8.595	-36.442	-27.7
2.96	-8.603	-33.850	-36.7
2.97	-8.612	-30.241	-39.6
2.98	-8.621	-26.006	-41.7
2.99	-8.631	-21.383	-32.1
3.0	-8.641	-16.586	-41.4
3.01	-8.650	-11.961	-25.3
3.02	-8.657	-7.777	-31.6
3.03	-8.664	-4.128	-35.5
3.04	-8.670	-1.180	-41.9
3.05	-8.677	0.770	-26.4
3.06	-8.685	1.530	-40.6
3.07	-8.694	1.039	-23.4
3.08	-8.703	-0.608	-38.7
3.09	-8.712	-3.130	-31.5
3.1	-8.719	-6.211	-29.4
3.11	-8.726	-9.563	-29.3
3.12	-8.732	-12.842	-24.9
3.13	-8.739	-15.741	-8.0
3.14	-8.746	-18.158	-28.8
3.15	-8.753	-20.225	-14.7
3.16	-8.762	-22.120	-37.6
3.17	-8.771	-23.880	-17.7
3.18	-8.779	-25.363	-19.6
3.19	-8.789	-26.422	-15.8
3.2	-8.799	-27.025	-22.5
3.21	-8.809	-27.289	-7.1
3.22	-8.820	-27.403	-11.5
3.23	-8.830	-27.428	0.1
3.24	-8.841	-27.381	1.2
3.25	-8.852	-27.419	12.1
3.26	-8.864	-27.616	4.9
3.27	-8.877	-27.806	15.4
3.28	-8.890	-27.794	-5.8
3.29	-8.902	-27.556	-2.7
3.3	-8.912	-27.141	-17.1
3.31	-8.922	-26.552	-35.0
3.32	-8.933	-25.783	-38.4
3.33	-8.943	-24.900	-15.0
3.34	-8.953	-24.045	-26.2
3.35	-8.963	-23.300	-38.4
3.36	-8.976	-22.642	5.2
3.37	-8.989	-22.069	-22.0
3.38	-9.001	-21.539	-18.9
3.39	-9.007	-20.919	207.7
3.4	-9.011	-20.106	229.4
3.41	-9.020	-19.247	215.0
3.42	-9.034	-18.758	22.8
3.43	-9.050	-19.023	-62.3
3.44	-9.065	-19.956	2.3
3.45	-9.080	-20.881	-26.6
3.46	-9.091	-21.211	-8.3
3.47	-9.096	-21.027	-3.1
3.48	-9.095	-20.592	-17.7
3.49	-9.090	-20.028	7.1
3.5	-9.087	-19.583	-4.4
3.51	-9.088	-19.547	18.0
3.52	-9.092	-19.947	8.3
3.53	-9.096	-20.578	23.0
3.54	-9.100	-20.798	37.7
3.55	-9.104	-18.780	48.8
3.56	-9.107	-11.473	45.7
3.57	-9.111	3.131	73.9
3.58	-9.113	22.970	75.5
3.59	-9.117	40.630	117.0
3.6	-9.123	49.334	139.8
3.61	-9.131	51.073	154.6
3.62	-9.139	51.136	171.9
3.63	-9.146	51.139	184.7
3.64	-9.154	51.139	156.6
3.65	-9.162	51.133	143.7
3.66	-9.171	51.025	87.3
3.67	-9.179	49.163	39.6
3.68	-9.186	42.363	5.4
3.69	-9.192	30.942	-7.2
3.7	-9.200	18.508	-49.1
3.71	-9.212	6.942	-50.5
3.72	-9.226	-3.473	-57.7
3.73	-9.240	-12.634	-40.3
3.74	-9.251	-20.361	-51.9
3.75	-9.263	-26.442	-44.8
3.76	-9.274	-30.855	-47.9
3.77	-9.287	-33.889	-39.2
3.78	-9.297	-36.111	-43.9
3.79	-9.306	-38.069	-51.0
3.8	-9.317	-40.039	-60.5
3.81	-9.326	-41.922	-36.1
3.82	-9.332	-43.219	-54.4
3.83	-9.339	-43.270	-29.6
3.84	-9.345	-41.648	-37.8
3.85	-9.352	-38.350	-25.8
3.86	-9.360	-33.728	-33.7
3.87	-9.369	-28.248	-41.3
3.88	-9.377	-22.281	-36.2
3.89	-9.384	-16.217	-31.2
3.9	-9.389	-10.430	-38.6
3.91	-9.393	-5.139	-25.9
3.92	-9.396	-0.547	-38.7
3.93	-9.399	3.031	-31.3
3.94	-9.404	5.317	-47.0
3.95	-9.408	6.183	-29.1
3.96	-9.412	5.605	-41.0
3.97	-9.416	3.692	-35.6
3.98	-9.419	0.741	-32.0
3.99	-9.421	-2.831	-22.0
4.0	-9.423	-6.586	-29.8
4.01	-9.426	-10.216	-22.3
4.02	-9.429	-13.613	-39.3
4.03	-9.433	-16.775	-40.2
4.04	-9.435	-19.688	-33.5
4.05	-9.438	-22.333	-10.8
4.06	-9.439	-24.622	-24.7
4.07	-9.441	-26.402	-24.0
4.08	-9.444	-27.680	-28.2
4.09	-9.446	-28.584	10.2
4.1	-9.446	-29.145	-5.3
4.11	-9.446	-29.330	-13.2
4.12	-9.443	-29.186	-6.7
4.13	-9.439	-28.861	14.7
4.14	-9.434	-28.439	-21.2
4.15	-9.428	-27.942	-16.7
4.16	-9.420	-27.400	-35.5
4.17	-9.411	-26.792	-24.0
4.18	-9.400	-26.059	-27.1
4.19	-9.386	-25.183	-36.6
4.2	-9.370	-24.238	-36.0
4.21	-9.353	-23.420	-32.8
4.22	-9.338	-22.802	6.9
4.23	-9.324	-22.216	-43.3
4.24	-9.305	-21.578	22.1
4.25	-9.279	-20.883	206.7
4.26	-9.249	-19.953	183.7
4.27	-9.223	-18.767	149.2
4.28	-9.204	-17.736	-56.0
4.29	-9.191	-17.363	-44.6
4.3	-9.176	-17.691	-5.0
4.31	-9.161	-18.169	-26.9
4.32	-9.139	-18.191	2.9
4.33	-9.111	-17.769	-19.3
4.34	-9.074	-17.359	-20.8
4.35	-9.034	-17.216	4.1
4.36	-8.997	-17.341	-4.5
4.37	-8.962	-17.798	7.7
4.38	-8.931	-18.716	-3.8
4.39	-8.901	-19.944	16.7
4.4	-8.874	-20.659	20.4
4.41	-8.849	-19.059	40.8
4.42	-8.826	-12.436	41.8
4.43	-8.805	1.134	61.6
4.44	-8.784	20.228	83.2
4.45	-8.764	38.480	104.6
4.46	-8.745	48.589	126.5
4.47	-8.728	51.020	159.9
4.48	-8.711	51.133	150.9
4.49	-8.693	51.139	173.1
4.5	-8.675	51.139	142.9
4.51	-8.658	51.133	113.5
4.52	-8.640	51.002	48.4
4.53	-8.621	49.031	11.1
4.54	-8.603	42.069	-17.5
4.55	-8.587	30.466	-35.7
4.56	-8.577	17.759	-58.1
4.57	-8.570	5.869	-58.1
4.58	-8.564	-4.830	-72.0
4.59	-8.556	-14.192	-58.5
4.6	-8.546	-22.033	-67.3
4.61	-8.536	-28.245	-46.8
4.62	-8.527	-33.013	-56.2
4.63	-8.516	-36.750	-57.1
4.64	-8.502	-39.898	-71.6
4.65	-8.489	-42.748	-62.4
4.66	-8.475	-45.273	-53.8
4.67	-8.461	-47.095	-51.0
4.68	-8.447	-47.691	-69.3
4.69	-8.433	-46.627	-39.2
4.7	-8.419	-43.733	-50.4
4.71	-8.406	-39.197	-45.1
4.72	-8.394	-33.458	-44.2
4.73	-8.381	-27.042	-38.0
4.74	-8.367	-20.483	-45.3
4.75	-8.353	-14.238	-39.2
4.76	-8.337	-8.669	-63.7
4.77	-8.322	-4.095	-37.2
4.78	-8.308	-0.720	-52.0
4.79	-8.296	1.347	-41.8
4.8	-8.285	2.075	-27.7
4.81	-8.274	1.583	-38.4
4.82	-8.262	0.148	-52.7
4.83	-8.251	-2.022	-38.5
4.84	-8.239	-4.792	-55.0
4.85	-8.227	-7.867	-48.2
4.86	-8.214	-10.861	-53.3
4.87	-8.202	-13.575	-40.7
4.88	-8.191	-16.044	-46.4
4.89	-8.181	-18.355	-38.6
4.9	-8.171	-20.491	-43.5
4.91	-8.162	-22.336	-19.1
4.92	-8.155	-23.795	-38.2
4.93	-8.148	-24.903	-54.3
4.94	-8.140	-25.780	-47.2
4.95	-8.134	-26.522	-26.7
4.96	-8.129	-27.172	-40.1
4.97	-8.124	-27.828	-33.6
4.98	-8.120	-28.592	-39.9
4.99	-8.116	-29.331	-25.3
5.0	-8.111	-29.728	-43.4
5.01	-8.107	-29.663	-25.6
5.02	-8.103	-29.259	-32.7
5.03	-8.100	-28.659	-15.0
5.04	-8.097	-27.966	-11.1
5.05	-8.094	-27.306	-20.3
5.06	-8.092	-26.677	-14.8
5.07	-8.091	-25.953	12.2
5.08	-8.088	-25.147	-29.8
5.09	-8.085	-24.302	-25.7
5.1	-8.081	-23.373	-38.9
5.11	-8.078	-22.466	-37.7
5.12	-8.072	-21.805	-41.7
5.13	-8.068	-21.484	-32.3
5.14	-8.063	-21.375	-35.2
5.15	-8.058	-21.230	-53.1
5.16	-8.056	-20.936	-5.3
5.17	-8.055	-20.567	-42.1
5.18	-8.051	-20.211	50.3
5.19	-8.040	-19.852	208.9
5.2	-8.030	-19.367	206.3
5.21	-8.026	-18.673	199.4
5.22	-8.024	-17.942	-35.6
5.23	-8.024	-17.614	-55.8
5.24	-8.026	-17.938	-22.4
5.25	-8.026	-18.684	-42.2
5.26	-8.021	-19.450	-29.7
5.27	-8.012	-20.006	-21.5
5.28	-8.002	-20.286	-32.7
5.29	-7.994	-20.369	-15.3
5.3	-7.986	-20.450	-22.5
5.31	-7.976	-20.713	-6.5
5.32	-7.966	-21.016	-14.9
5.33	-7.957	-20.289	-2.7
5.34	-7.949	-15.823	8.5
5.35	-7.942	-4.045	30.1
5.36	-7.938	15.825	28.7
5.37	-7.934	36.658	49.4
5.38	-7.931	48.344	66.5
5.39	-7.928	51.019	94.5
5.4	-7.925	51.133	113.5
5.41	-7.923	51.139	151.7
5.42	-7.923	51.139	152.5
5.43	-7.922	51.139	165.0
5.44	-7.921	51.139	140.4
5.45	-7.920	51.131	121.7
5.46	-7.920	50.788	66.3
5.47	-7.920	47.744	27.0
5.48	-7.921	39.373	-12.5
5.49	-7.921	27.523	-37.0
5.5	-7.920	15.688	-60.4
5.51	-7.921	4.981	-50.5
5.52	-7.923	-4.409	-68.3
5.53	-7.926	-12.377	-65.7
5.54	-7.927	-18.933	-76.4
5.55	-7.928	-24.077	-62.5
5.56	-7.928	-27.866	-46.0
5.57	-7.929	-30.611	-54.6
5.58	-7.930	-32.806	-68.0
5.59	-7.930	-34.881	-49.4
5.6	-7.929	-36.903	-60.0
5.61	-7.928	-38.625	-47.8
5.62	-7.929	-39.680	-64.3
5.63	-7.930	-39.692	-41.0
5.64	-7.933	-38.481	-60.9
5.65	-7.936	-36.095	-30.2
5.66	-7.940	-32.686	-35.3
5.67	-7.944	-28.519	-55.7
5.68	-7.949	-23.959	-47.3
5.69	-7.953	-19.333	-32.5
5.7	-7.954	-14.830	-60.8
5.71	-7.956	-10.614	-43.8
5.72	-7.956	-6.963	-54.2
5.73	-7.957	-4.150	-52.1
5.74	-7.958	-2.308	-33.8
5.75	-7.960	-1.514	-30.7
5.76	-7.964	-1.795	-39.0
5.77	-7.969	-3.027	-26.5
5.78	-7.973	-4.972	-51.7
5.79	-7.978	-7.445	-37.3
5.8	-7.982	-10.255	-45.5
5.81	-7.986	-13.105	-36.0
5.82	-7.990	-15.806	-42.0
5.83	-7.994	-18.416	-38.3
5.84	-7.997	-20.969	-35.0
5.85	-8.001	-23.338	-28.9
5.86	-8.005	-25.367	-45.0
5.87	-8.009	-27.014	-32.5
5.88	-8.014	-28.341	-43.4
5.89	-8.020	-29.384	-32.3
5.9	-8.026	-30.159	-42.2
5.91	-8.033	-30.677	-24.3
5.92	-8.040	-30.875	-31.9
5.93	-8.048	-30.730	-18.7
5.94	-8.057	-30.339	-31.7
5.95	-8.066	-29.866	-25.0
5.96	-8.076	-29.458	-5.9
5.97	-8.085	-29.159	11.0
5.98	-8.094	-28.861	-3.3
5.99	-8.103	-28.406	2.5
6.0	-8.113	-27.786	-21.0
6.01	-8.121	-27.077	-28.7
6.02	-8.129	-26.350	-50.7
6.03	-8.136	-25.713	-32.2
6.04	-8.143	-25.211	-42.8
6.05	-8.148	-24.786	-7.9
6.06	-8.152	-24.369	-32.9
6.07	-8.159	-23.883	-37.0
6.08	-8.171	-23.294	2.3
6.09	-8.183	-22.713	-39.5
6.1	-8.189	-22.273	120.5
6.11	-8.190	-21.900	251.8
6.12	-8.194	-21.422	264.6
6.13	-8.206	-20.842	162.6
6.14	-8.221	-20.459	-79.4
6.15	-8.238	-20.642	-12.8
6.16	-8.257	-21.300	-19.9
6.17	-8.273	-21.905	-21.7
6.18	-8.284	-22.119	-27.5
6.19	-8.287	-21.886	-14.2
6.2	-8.286	-21.209	-16.4
6.21	-8.282	-20.372	-11.0
6.22	-8.277	-19.861	-0.4
6.23	-8.273	-19.927	-6.6
6.24	-8.270	-20.428	12.6
6.25	-8.269	-20.459	32.4
6.26	-8.272	-17.439	30.0
6.27	-8.277	-7.528	44.3
6.28	-8.284	11.091	34.8
6.29	-8.291	32.905	77.0
6.3	-8.297	46.972	91.5
6.31	-8.303	50.891	109.4
6.32	-8.311	51.127	136.7
6.33	-8.318	51.139	175.8
6.34	-8.326	51.139	166.6
6.35	-8.336	51.139	176.4
6.36	-8.344	51.139	133.4
6.37	-8.354	51.130	106.8
6.38	-8.363	50.711	47.0
6.39	-8.371	47.298	12.6
6.4	-8.381	38.398	-22.4
6.41	-8.389	26.216	-48.1
6.42	-8.398	14.097	-47.8
6.43	-8.407	2.809	-46.7
6.44	-8.418	-7.484	-59.5
6.45	-8.429	-16.373	-51.1
6.46	-8.441	-23.459	-63.7
6.47	-8.450	-28.550	-46.3
6.48	-8.459	-31.880	-74.8
6.49	-8.470	-34.125	-55.7
6.5	-8.481	-36.009	-48.4
6.51	-8.491	-37.909	-41.3
6.52	-8.501	-39.905	-59.7
6.53	-8.512	-41.828	-44.7
6.54	-8.524	-43.019	-44.3
6.55	-8.537	-42.470	-38.9
6.56	-8.552	-40.055	-47.5
6.57	-8.568	-36.820	-45.4
6.58	-8.584	-33.127	-36.4
6.59	-8.599	-28.623	-23.8
6.6	-8.615	-23.550	-41.1
6.61	-8.629	-18.302	-28.4
6.62	-8.641	-13.081	-38.5
6.63	-8.652	-8.183	-26.4
6.64	-8.664	-3.869	-33.9
6.65	-8.676	-0.409	-49.0
6.66	-8.689	1.778	-49.0
6.67	-8.703	2.373	-18.1
6.68	-8.717	1.363	-33.2
6.69	-8.732	-0.958	-22.0
6.7	-8.746	-4.136	-36.0
6.71	-8.761	-7.694	-31.5
6.72	-8.775	-11.144	-33.7
6.73	-8.789	-14.220	-38.4
6.74	-8.804	-17.077	-40.9
6.75	-8.819	-20.006	-17.8
6.76	-8.834	-22.956	-26.6
6.77	-8.849	-25.570	-12.8
6.78	-8.864	-27.530	-28.9
6.79	-8.879	-28.809	-18.4
6.8	-8.894	-29.628	-27.4
6.81	-8.908	-30.125	-16.4
6.82	-8.923	-30.347	-24.7
6.83	-8.939	-30.436	-3.0
6.84	-8.954	-30.530	7.3
6.85	-8.969	-30.670	-1.3
6.86	-8.985	-30.741	-11.3
6.87	-9.001	-30.581	14.5
6.88	-9.016	-30.198	-0.3
6.89	-9.029	-29.702	-15.2
6.9	-9.041	-29.145	-34.5
6.91	-9.053	-28.561	-28.3
6.92	-9.065	-27.978	-36.6
6.93	-9.078	-27.409	-13.4
6.94	-9.091	-26.822	-25.8
6.95	-9.104	-26.173	-36.8
6.96	-9.117	-25.500	8.0
6.97	-9.133	-24.869	-28.0
6.98	-9.144	-24.206	-19.0
6.99	-9.150	-23.380	196.2
7.0	-9.155	-22.430	212.6
7.01	-9.164	-21.498	202.1
7.02	-9.179	-20.798	14.1
7.03	-9.195	-20.597	-54.7
7.04	-9.211	-20.848	10.7
7.05	-9.226	-21.114	-17.5
7.06	-9.236	-21.056	-16.3
7.07	-9.239	-20.838	-8.1
7.08	-9.236	-20.708	-4.6
7.09	-9.229	-20.636	4.6
7.1	-9.224	-20.669	-2.1
7.11	-9.224	-21.039	17.9
7.12	-9.225	-21.764	7.6
7.13	-9.229	-22.605	28.7
7.14	-9.233	-22.883	35.0
7.15	-9.238	-20.711	46.0
7.16	-9.242	-12.853	47.0
7.17	-9.246	3.277	81.8
7.18	-9.251	25.230	80.9
7.19	-9.255	43.094	110.6
7.2	-9.261	50.214	131.7
7.21	-9.268	51.123	165.6
7.22	-9.276	51.138	169.1
7.23	-9.286	51.139	183.4
7.24	-9.295	51.139	167.9
7.25	-9.303	51.138	143.6
7.26	-9.311	51.128	98.7
7.27	-9.319	50.486	41.1
7.28	-9.328	46.078	-9.0
7.29	-9.336	35.509	-15.3
7.3	-9.348	21.675	-43.9
7.31	-9.363	8.272	-40.6
7.32	-9.380	-3.638	-60.3
7.33	-9.396	-13.889	-51.1
7.34	-9.411	-22.445	-52.3
7.35	-9.426	-29.225	-40.6
7.36	-9.442	-34.123	-54.7
7.37	-9.456	-37.411	-54.2
7.38	-9.467	-39.856	-49.0
7.39	-9.479	-42.134	-35.4
7.4	-9.489	-44.516	-62.6
7.41	-9.499	-46.805	-37.5
7.42	-9.507	-48.397	-39.0
7.43	-9.515	-48.652	-41.3
7.44	-9.524	-47.230	-37.6
7.45	-9.533	-44.053	-27.9
7.46	-9.543	-39.211	-35.9
7.47	-9.554	-33.103	-31.2
7.48	-9.568	-26.294	-34.1
7.49	-9.581	-19.164	-26.1
7.5	-9.591	-12.061	-37.0
7.51	-9.601	-5.489	-26.1
7.52	-9.609	0.134	-41.2
7.53	-9.617	4.483	-24.2
7.54	-9.625	7.297	-45.8
7.55	-9.634	8.509	-33.9
7.56	-9.646	8.106	-38.3
7.57	-9.661	6.113	-23.7
7.58	-9.677	2.898	-31.8
7.59	-9.691	-0.930	-38.5
7.6	-9.705	-4.952	-33.4
7.61	-9.719	-9.058	-17.3
7.62	-9.731	-13.169	-34.1
7.63	-9.737	-17.080	-21.9
7.64	-9.742	-20.570	-17.5
7.65	-9.746	-23.488	-16.0
7.66	-9.749	-25.745	-16.7
7.67	-9.752	-27.388	-0.1
7.68	-9.752	-28.584	-10.2
7.69	-9.748	-29.520	-3.5
7.7	-9.741	-30.236	0.5
7.71	-9.730	-30.659	17.6
7.72	-9.716	-30.728	-31.2
7.73	-9.700	-30.473	-32.0
7.74	-9.683	-30.042	-35.7
7.75	-9.664	-29.595	-35.3
7.76	-9.644	-29.156	-59.9
7.77	-9.623	-28.694	-17.6
7.78	-9.602	-28.225	-38.3
7.79	-9.585	-27.675	4.4
7.8	-9.571	-26.905	-36.5
7.81	-9.557	-25.845	-11.5
7.82	-9.537	-24.491	182.1
7.83	-9.513	-22.897	204.1
7.84	-9.492	-21.334	141.0
7.85	-9.480	-20.242	-14.5
7.86	-9.474	-19.877	-68.5
7.87	-9.466	-20.161	7.0
7.88	-9.455	-20.644	-13.8
7.89	-9.439	-20.775	1.4
7.9	-9.416	-20.508	-26.1
7.91	-9.383	-20.255	-13.5
7.92	-9.342	-20.308	-12.6
7.93	-9.302	-20.605	1.1
7.94	-9.263	-20.966	-2.5
7.95	-9.226	-21.292	17.1
7.96	-9.192	-21.566	14.3
7.97	-9.159	-21.522	34.1
7.98	-9.131	-19.914	30.4
7.99	-9.104	-14.083	43.8
8.0	-9.081	-1.228	49.5
8.01	-9.058	18.416	86.3
8.02	-9.037	37.934	107.6
8.03	-9.019	48.606	125.8
8.04	-9.003	51.030	136.3
8.05	-8.988	51.134	165.4
8.06	-8.973	51.139	160.3
8.07	-8.958	51.139	152.6
8.08	-8.944	51.138	115.3
8.09	-8.929	51.130	80.0
8.1	-8.914	50.602	15.5
8.11	-8.898	46.619	-3.0
8.12	-8.881	36.620	-51.4
8.13	-8.869	23.152	-49.8
8.14	-8.860	9.833	-51.0
8.15	-8.853	-2.317	-56.9
8.16	-8.843	-13.070	-60.2
8.17	-8.831	-22.145	-51.8
8.18	-8.821	-29.288	-58.4
8.19	-8.811	-34.570	-44.6
8.2	-8.799	-38.542	-56.7
8.21	-8.786	-41.834	-50.2
8.22	-8.773	-44.819	-55.0
8.23	-8.759	-47.580	-52.1
8.24	-8.746	-49.764	-56.2
8.25	-8.732	-50.833	-40.3
8.26	-8.719	-50.547	-44.4
8.27	-8.708	-48.530	-35.5
8.28	-8.697	-44.541	-43.9
8.29	-8.688	-39.175	-36.7
8.3	-8.676	-33.155	-51.3
8.31	-8.664	-26.836	-27.7
8.32	-8.649	-20.344	-41.9
8.33	-8.636	-13.822	-48.8
8.34	-8.624	-7.692	-34.0
8.35	-8.613	-2.502	-38.2
8.36	-8.601	1.392	-55.4
8.37	-8.590	3.780	-27.3
8.38	-8.579	4.670	-49.0
8.39	-8.569	4.305	-35.7
8.4	-8.558	2.880	-57.9
8.41	-8.546	0.464	-46.3
8.42	-8.533	-2.780	-30.8
8.43	-8.521	-6.484	-35.7
8.44	-8.511	-10.263	-42.7
8.45	-8.500	-13.925	-24.5
8.46	-8.489	-17.397	-35.5
8.47	-8.478	-20.570	-32.9
8.48	-8.467	-23.384	-43.9
8.49	-8.457	-25.820	-36.3
8.5	-8.446	-27.748	-38.7
8.51	-8.436	-29.091	-37.9
8.52	-8.427	-29.938	-36.1
8.53	-8.418	-30.453	-30.2
8.54	-8.409	-30.814	-44.2
8.55	-8.401	-31.114	-9.0
8.56	-8.393	-31.202	-29.8
8.57	-8.384	-30.898	-12.9
8.58	-8.376	-30.275	-10.9
8.59	-8.369	-29.553	-0.5
8.6	-8.361	-28.844	-5.9
8.61	-8.354	-28.092	3.9
8.62	-8.348	-27.253	-5.9
8.63	-8.342	-26.263	-13.9
8.64	-8.336	-25.114	-31.9
8.65	-8.330	-24.002	-42.2
8.66	-8.322	-23.136	-38.4
8.67	-8.313	-22.638	-38.7
8.68	-8.303	-22.441	-37.0
8.69	-8.293	-22.297	-27.0
8.7	-8.285	-22.005	-15.6
8.71	-8.279	-21.528	-17.5
8.72	-8.273	-20.952	-32.4
8.73	-8.262	-20.377	168.5
8.74	-8.248	-19.798	197.2
8.75	-8.237	-19.189	226.5
8.76	-8.231	-18.630	77.6
8.77	-8.227	-18.419	-70.6
8.78	-8.224	-18.789	-20.7
8.79	-8.221	-19.470	-31.9
8.8	-8.213	-19.981	-34.0
8.81	-8.199	-20.125	-15.1
8.82	-8.181	-19.991	-32.5
8.83	-8.164	-19.798	-22.3
8.84	-8.146	-19.766	-11.9
8.85	-8.130	-20.002	0.5
8.86	-8.113	-20.455	-0.7
8.87	-8.096	-20.534	12.1
8.88	-8.082	-18.236	-0.3
8.89	-8.069	-9.831	21.0
8.9	-8.058	7.698	6.7
8.91	-8.046	30.242	49.8
8.92	-8.036	45.991	71.0
8.93	-8.027	50.775	70.0
8.94	-8.020	51.122	97.1
8.95	-8.014	51.139	133.9
8.96	-8.009	51.139	134.2
8.97	-8.006	51.139	151.7
8.98	-8.002	51.139	139.6
8.99	-7.999	51.136	128.5
9.0	-7.996	51.108	69.4
9.01	-7.993	50.169	32.4
9.02	-7.990	45.013	-2.7
9.03	-7.988	34.127	-14.0
9.04	-7.986	21.070	-52.6
9.05	-7.984	8.870	-56.0
9.06	-7.984	-2.042	-66.0
9.07	-7.986	-11.486	-59.4
9.08	-7.990	-19.209	-61.6
9.09	-7.994	-25.148	-47.8
9.1	-7.998	-29.355	-66.3
9.11	-8.002	-32.080	-55.5
9.12	-8.007	-33.952	-55.7
9.13	-8.009	-35.703	-43.4
9.14	-8.009	-37.748	-59.0
9.15	-8.009	-39.967	-49.6
9.16	-8.011	-41.783	-49.4
9.17	-8.012	-42.497	-37.0
9.18	-8.014	-41.697	-51.5
9.19	-8.014	-39.405	-44.1
9.2	-8.014	-35.794	-50.7
9.21	-8.015	-31.086	-37.8
9.22	-8.015	-25.722	-47.9
9.23	-8.013	-20.247	-36.6
9.24	-8.011	-15.055	-43.5
9.25	-8.006	-10.375	-49.1
9.26	-8.001	-6.303	-52.9
9.27	-7.997	-2.967	-41.4
9.28	-7.994	-0.617	-53.8
9.29	-7.993	0.580	-36.0
9.3	-7.991	0.541	-46.1
9.31	-7.991	-0.855	-38.6
9.32	-7.990	-3.516	-43.7
9.33	-7.989	-6.991	-28.9
9.34	-7.989	-10.703	-31.8
9.35	-7.988	-14.233	-32.6
9.36	-7.987	-17.444	-53.5
9.37	-7.987	-20.438	-30.2
9.38	-7.987	-23.291	-38.0
9.39	-7.987	-25.833	-30.0
9.4	-7.986	-27.842	-34.2
9.41	-7.986	-29.339	-36.0
9.42	-7.986	-30.450	-23.3
9.43	-7.986	-31.172	-22.8
9.44	-7.984	-31.456	-50.1
9.45	-7.982	-31.358	-24.0
9.46	-7.982	-31.050	-36.1
9.47	-7.981	-30.728	-25.1
9.48	-7.981	-30.402	-30.8
9.49	-7.980	-29.934	-32.1
9.5	-7.979	-29.352	-36.3
9.51	-7.978	-28.861	-8.1
9.52	-7.976	-28.525	-13.5
9.53	-7.976	-28.184	15.4
9.54	-7.977	-27.719	3.3
9.55	-7.978	-27.108	5.3
9.56	-7.979	-26.342	13.8
9.57	-7.980	-25.547	-11.4
9.58	-7.981	-24.961	-44.7
9.59	-7.981	-24.625	-28.5
9.6	-7.981	-24.338	-37.3
9.61	-7.981	-23.994	-32.6
9.62	-7.981	-23.636	-27.9
9.63	-7.981	-23.241	-30.4
9.64	-7.982	-22.773	-25.5
9.65	-7.984	-22.270	6.7
9.66	-7.987	-21.775	-66.7
9.67	-7.986	-21.264	144.3
9.68	-7.981	-20.625	266.3
9.69	-7.977	-19.789	317.6
9.7	-7.977	-18.892	216.2
9.71	-7.979	-18.277	-54.9
9.72	-7.983	-18.477	-28.6
9.73	-7.989	-19.741	-13.7
9.74	-7.993	-21.397	-40.0
9.75	-7.991	-22.505	-7.6
9.76	-7.984	-22.769	-44.1
9.77	-7.978	-22.420	-23.3
9.78	-7.973	-21.933	-22.8
9.79	-7.970	-21.733	-6.5
9.8	-7.968	-21.809	-8.4
9.81	-7.966	-21.561	-3.3
9.82	-7.964	-19.348	7.5
9.83	-7.964	-11.966	21.2
9.84	-7.962	3.600	27.3
9.85	-7.959	25.308	57.2
9.86	-7.956	43.133	62.8
9.87	-7.955	50.222	102.8
9.88	-7.956	51.122	113.1
9.89	-7.958	51.138	154.5
9.9	-7.959	51.139	165.3
9.91	-7.961	51.139	200.9
9.92	-7.963	51.139	182.7
9.93	-7.964	51.136	169.2
9.94	-7.965	51.094	124.5
9.95	-7.966	49.955	66.3
9.96	-7.966	44.442	17.1
9.97	-7.966	33.547	-14.0
9.98	-7.965	20.861	-55.5
9.99	-7.964	9.020	-54.4
10.0	-7.963	-1.525	-72.6
10.01	-7.965	-10.481	-69.1
10.02	-7.967	-17.814	-75.7
10.03	-7.968	-23.730	-60.3
10.04	-7.968	-28.269	-67.8
10.05	-7.969	-31.352	-60.5
10.06	-7.970	-33.248	-71.2
10.07	-7.971	-34.684	-54.5
10.08	-7.971	-36.464	-62.8
10.09	-7.971	-38.786	-50.4
10.1	-7.969	-41.034	-68.0
10.11	-7.969	-42.333	-67.7
10.12	-7.969	-42.061	-40.9
10.13	-7.971	-40.030	-43.1
10.14	-7.971	-36.473	-63.3
10.15	-7.973	-31.913	-42.7
10.16	-7.975	-26.881	-55.2
10.17	-7.976	-21.780	-48.7
10.18	-7.978	-16.894	-52.6
10.19	-7.978	-12.441	-37.3
10.2	-7.977	-8.578	-54.3
10.21	-7.976	-5.413	-32.5
10.22	-7.976	-3.050	-54.6
10.23	-7.975	-1.681	-56.0
10.24	-7.973	-1.514	-41.1
10.25	-7.972	-2.605	-37.8
10.26	-7.971	-4.770	-49.7
10.27	-7.971	-7.700	-42.9
10.28	-7.972	-11.028	-47.2
10.29	-7.973	-14.350	-27.3
10.3	-7.975	-17.353	-51.0
10.31	-7.977	-19.922	-34.9
10.32	-7.978	-22.097	-42.5
10.33	-7.980	-24.044	-31.1
10.34	-7.982	-25.884	-46.7
10.35	-7.984	-27.631	-31.5
10.36	-7.986	-29.192	-35.5
10.37	-7.988	-30.356	-22.8
10.38	-7.989	-30.928	-30.8
10.39	-7.991	-30.963	-46.0
10.4	-7.993	-30.739	-34.5
10.41	-7.994	-30.580	-26.5
10.42	-7.995	-30.611	-31.5
10.43	-7.996	-30.736	-10.0
10.44	-7.998	-30.770	-32.2
10.45	-8.000	-30.586	9.9
10.46	-8.002	-30.167	1.5
10.47	-8.005	-29.555	-11.6
10.48	-8.008	-28.856	-5.4
10.49	-8.012	-28.227	13.7
10.5	-8.016	-27.664	-22.4
10.51	-8.020	-27.023	-33.8
10.52	-8.023	-26.270	-52.6
10.53	-8.026	-25.469	-36.8
10.54	-8.029	-24.689	-31.9
10.55	-8.034	-24.102	-26.9
10.56	-8.038	-23.811	-55.1
10.57	-8.044	-23.628	11.9
10.58	-8.053	-23.289	-52.8
10.59	-8.060	-22.747	-9.1
10.6	-8.063	-22.075	261.4
10.61	-8.065	-21.269	325.1
10.62	-8.072	-20.367	349.2
10.63	-8.085	-19.673	102.4
10.64	-8.101	-19.642	-88.5
10.65	-8.118	-20.434	9.3
10.66	-8.136	-21.594	-56.5
10.67	-8.151	-22.439	-22.6
10.68	-8.162	-22.708	-36.6
10.69	-8.169	-22.597	-34.5
10.7	-8.172	-22.442	-24.2
10.71	-8.176	-22.466	-10.5
10.72	-8.180	-22.717	-9.2
10.73	-8.184	-23.211	13.2
10.74	-8.188	-23.589	-5.4
10.75	-8.191	-22.381	9.9
10.76	-8.194	-16.545	19.9
10.77	-8.197	-2.911	41.8
10.78	-8.200	18.061	52.5
10.79	-8.203	38.391	86.3
10.8	-8.206	48.909	103.2
10.81	-8.211	51.058	148.0
10.82	-8.216	51.134	172.7
10.83	-8.221	51.139	204.8
10.84	-8.228	51.139	199.4
10.85	-8.236	51.139	191.6
10.86	-8.244	51.133	161.4
10.87	-8.252	51.019	115.4
10.88	-8.259	48.983	49.7
10.89	-8.267	41.484	18.8
10.9	-8.275	29.064	-27.7
10.91	-8.282	15.847	-49.8
10.92	-8.288	3.784	-58.4
10.93	-8.296	-6.906	-43.7
10.94	-8.304	-16.141	-80.6
10.95	-8.311	-23.783	-55.6
10.96	-8.316	-29.489	-69.8
10.97	-8.320	-33.048	-69.4
10.98	-8.321	-34.950	-67.4
10.99	-8.321	-36.169	-57.1
11.0	-8.320	-37.586	-59.4
11.01	-8.318	-39.627	-50.3
11.02	-8.314	-41.953	-67.5
11.03	-8.311	-43.714	-43.6
11.04	-8.310	-44.161	-48.7
11.05	-8.311	-42.938	-54.0
11.06	-8.311	-40.069	-57.2
11.07	-8.312	-35.855	-40.2
11.08	-8.311	-30.747	-54.9
11.09	-8.308	-25.263	-44.0
11.1	-8.302	-19.803	-52.8
11.11	-8.291	-14.684	-41.4
11.12	-8.276	-10.214	-46.5
11.13	-8.260	-6.592	-36.1
11.14	-8.244	-3.802	-44.1
11.15	-8.231	-1.811	-41.7
11.16	-8.223	-0.809	-60.1
11.17	-8.217	-1.014	-35.7
11.18	-8.213	-2.477	-51.2
11.19	-8.211	-4.981	-43.5
11.2	-8.209	-8.042	-47.8
11.21	-8.209	-11.300	-38.5
11.22	-8.208	-14.639	-42.5
11.23	-8.207	-17.972	-31.3
11.24	-8.207	-21.170	-42.3
11.25	-8.208	-24.064	-32.5
11.26	-8.209	-26.486	-33.9
11.27	-8.213	-28.484	-34.1
11.28	-8.218	-30.252	-38.4
11.29	-8.226	-31.767	-26.9
11.3	-8.236	-32.795	-46.0
11.31	-8.248	-33.322	-34.1
11.32	-8.261	-33.495	-32.1
11.33	-8.275	-33.378	-8.5
11.34	-8.289	-32.986	-27.4
11.35	-8.304	-32.364	-16.1
11.36	-8.317	-31.656	-8.2
11.37	-8.329	-31.006	10.3
11.38	-8.341	-30.369	-7.2
11.39	-8.353	-29.659	8.9
11.4	-8.363	-28.916	6.4
11.41	-8.373	-28.164	-21.0
11.42	-8.382	-27.334	-45.8
11.43	-8.390	-26.427	-26.3
11.44	-8.398	-25.577	-35.6
11.45	-8.406	-24.944	-32.9
11.46	-8.415	-24.575	-23.6
11.47	-8.426	-24.363	-28.5
11.48	-8.438	-24.159	-13.3
11.49	-8.454	-23.889	-11.2
11.5	-8.469	-23.502	-25.7
11.51	-8.480	-22.966	209.8
11.52	-8.487	-22.280	244.3
11.53	-8.497	-21.442	248.0
11.54	-8.510	-20.542	82.3
11.55	-8.524	-20.053	-83.3
11.56	-8.540	-20.473	-8.3
11.57	-8.556	-21.472	-17.8
11.58	-8.570	-22.211	-28.4
11.59	-8.579	-22.423	-10.2
11.6	-8.582	-22.369	-19.8
11.61	-8.580	-22.281	-2.9
11.62	-8.576	-22.305	-19.1
11.63	-8.573	-22.522	9.8
11.64	-8.572	-22.925	-0.4
11.65	-8.572	-23.311	16.9
11.66	-8.575	-22.713	11.0
11.67	-8.580	-18.522	23.6
11.68	-8.587	-7.091	36.0
11.69	-8.596	12.806	53.0
11.7	-8.607	34.639	69.4
11.71	-8.619	47.692	105.6
11.72	-8.631	50.973	112.0
11.73	-8.644	51.131	163.9
11.74	-8.657	51.139	169.0
11.75	-8.670	51.139	158.0
11.76	-8.682	51.139	165.7
11.77	-8.694	51.138	156.6
11.78	-8.706	51.130	84.2
11.79	-8.717	50.553	44.8
11.8	-8.729	46.484	13.2
11.81	-8.742	36.628	-2.2
11.82	-8.756	23.694	-39.0
11.83	-8.769	11.016	-49.8
11.84	-8.785	-0.700	-51.7
11.85	-8.802	-11.352	-41.6
11.86	-8.818	-20.538	-54.3
11.87	-8.834	-27.575	-41.4
11.88	-8.849	-32.236	-59.5
11.89	-8.864	-35.119	-45.3
11.9	-8.878	-37.070	-52.5
11.91	-8.892	-38.770	-45.5
11.92	-8.905	-40.691	-51.3
11.93	-8.918	-42.944	-25.0
11.94	-8.930	-44.959	-38.2
11.95	-8.943	-45.748	-33.9
11.96	-8.956	-44.758	-41.8
11.97	-8.970	-42.020	-38.8
11.98	-8.986	-37.802	-33.9
11.99	-9.001	-32.589	-20.0
12.0	-9.016	-26.975	-41.9
12.01	-9.032	-21.320	-28.6
12.02	-9.046	-15.755	-42.3
12.03	-9.059	-10.475	-40.1
12.04	-9.070	-5.741	-48.7
12.05	-9.080	-1.816	-32.7
12.06	-9.090	0.953	-44.7
12.07	-9.100	2.253	-41.7
12.08	-9.111	1.991	-34.0
12.09	-9.123	0.317	-13.1
12.1	-9.134	-2.419	-39.5
12.11	-9.146	-5.845	-38.3
12.12	-9.157	-9.650	-32.1
12.13	-9.168	-13.511	-29.1
12.14	-9.178	-17.063	-45.4
12.15	-9.188	-20.061	-16.2
12.16	-9.196	-22.569	-31.7
12.17	-9.206	-24.811	-22.8
12.18	-9.214	-26.878	-29.5
12.19	-9.223	-28.655	-30.3
12.2	-9.229	-30.030	-31.7
12.21	-9.236	-31.019	-13.3
12.22	-9.241	-31.598	-22.3
12.23	-9.247	-31.750	-11.0
12.24	-9.253	-31.658	-26.5
12.25	-9.259	-31.548	-2.3
12.26	-9.266	-31.473	2.7
12.27	-9.273	-31.303	5.5
12.28	-9.279	-30.956	-9.1
12.29	-9.286	-30.541	14.8
12.3	-9.294	-30.170	-2.3
12.31	-9.304	-29.828	-18.8
12.32	-9.313	-29.333	-22.5
12.33	-9.321	-28.580	-31.3
12.34	-9.328	-27.823	-34.3
12.35	-9.334	-27.330	-20.9
12.36	-9.339	-26.988	-29.8
12.37	-9.346	-26.558	-35.5
12.38	-9.354	-25.931	-14.3
12.39	-9.363	-25.111	-21.2
12.4	-9.368	-24.106	6.6
12.41	-9.369	-22.927	210.1
12.42	-9.369	-21.738	217.8
12.43	-9.376	-20.766	191.8
12.44	-9.388	-20.148	-7.1
12.45	-9.400	-20.056	-62.8
12.46	-9.412	-20.508	5.1
12.47	-9.422	-20.998	-22.7
12.48	-9.428	-21.020	-14.2
12.49	-9.426	-20.819	-9.0
12.5	-9.416	-20.831	-17.4
12.51	-9.403	-20.998	11.3
12.52	-9.393	-21.211	-10.5
12.53	-9.385	-21.678	0.7
12.54	-9.381	-22.533	3.9
12.55	-9.379	-23.564	28.9
12.56	-9.377	-23.917	22.5
12.57	-9.376	-21.477	40.9
12.58	-9.372	-12.900	47.2
12.59	-9.366	4.255	70.7
12.6	-9.361	26.788	80.5
12.61	-9.356	44.097	97.5
12.62	-9.353	50.427	126.1
12.63	-9.351	51.123	163.4
12.64	-9.350	51.139	156.2
12.65	-9.351	51.139	180.0
12.66	-9.353	51.139	161.4
12.67	-9.354	51.138	146.6
12.68	-9.355	51.122	83.2
12.69	-9.356	50.364	31.9
12.7	-9.356	45.428	-4.6
12.71	-9.354	33.980	-25.1
12.72	-9.356	19.398	-48.6
12.73	-9.362	5.447	-35.1
12.74	-9.370	-7.047	-69.0
12.75	-9.378	-17.861	-63.4
12.76	-9.383	-26.655	-51.8
12.77	-9.386	-33.138	-47.0
12.78	-9.390	-37.442	-53.4
12.79	-9.394	-40.238	-49.1
12.8	-9.395	-42.283	-51.0
12.81	-9.396	-44.050	-38.9
12.82	-9.396	-45.780	-62.6
12.83	-9.395	-47.417	-36.2
12.84	-9.393	-48.430	-53.3
12.85	-9.391	-48.188	-46.4
12.86	-9.388	-46.306	-42.9
12.87	-9.387	-42.623	-32.9
12.88	-9.386	-37.267	-47.4
12.89	-9.383	-30.711	-34.3
12.9	-9.379	-23.513	-34.6
12.91	-9.371	-16.069	-19.4
12.92	-9.359	-8.689	-40.0
12.93	-9.342	-1.845	-40.8
12.94	-9.325	3.844	-34.4
12.95	-9.306	7.914	-17.7
12.96	-9.287	10.163	-39.0
12.97	-9.269	10.572	-29.5
12.98	-9.252	9.308	-31.9
12.99	-9.234	6.700	-24.9
13.0	-9.217	3.089	-38.6
13.01	-9.201	-1.227	-22.8
13.02	-9.186	-5.883	-45.8
13.03	-9.173	-10.589	-32.4
13.04	-9.162	-15.152	-28.0
13.05	-9.152	-19.281	-33.2
13.06	-9.143	-22.786	-42.0
13.07	-9.136	-25.755	-15.1
13.08	-9.130	-28.292	-29.7
13.09	-9.124	-30.402	-3.8
13.1	-9.119	-32.097	-1.2
13.11	-9.113	-33.295	-7.4
13.12	-9.106	-33.828	-7.9
13.13	-9.095	-33.766	10.1
13.14	-9.083	-33.364	-20.9
13.15	-9.070	-32.758	-14.0
13.16	-9.056	-31.980	-49.9
13.17	-9.041	-31.139	-54.1
13.18	-9.026	-30.389	-29.3
13.19	-9.012	-29.675	-38.0
13.2	-8.997	-28.806	-36.5
13.21	-8.982	-27.738	-37.1
13.22	-8.969	-26.520	-15.2
13.23	-8.959	-25.203	-17.8
13.24	-8.947	-23.856	-55.4
13.25	-8.929	-22.563	172.0
13.26	-8.905	-21.364	199.8
13.27	-8.881	-20.256	174.8
13.28	-8.863	-19.338	26.5
13.29	-8.847	-18.795	-77.1
13.3	-8.832	-18.769	-19.8
13.31	-8.818	-19.173	-31.1
13.32	-8.802	-19.655	-18.6
13.33	-8.781	-19.998	-7.7
13.34	-8.753	-20.258	-26.2
13.35	-8.721	-20.453	-0.4
13.36	-8.688	-20.630	-8.3
13.37	-8.658	-20.936	-9.4
13.38	-8.630	-21.425	-5.5
13.39	-8.604	-21.986	11.1
13.4	-8.581	-22.231	7.6
13.41	-8.559	-20.867	29.1
13.42	-8.539	-15.122	35.9
13.43	-8.521	-1.913	67.4
13.44	-8.503	18.555	62.1
13.45	-8.488	38.559	99.5
13.46	-8.474	48.942	114.5
13.47	-8.462	51.059	140.0
13.48	-8.449	51.134	151.2
13.49	-8.436	51.139	155.1
13.5	-8.425	51.139	142.5
13.51	-8.414	51.139	148.3
13.52	-8.403	51.131	79.7
13.53	-8.391	50.786	35.6
13.54	-8.380	47.559	-6.1
13.55	-8.369	38.320	-21.8
13.56	-8.359	24.889	-47.6
13.57	-8.351	11.316	-55.1
13.58	-8.345	-1.045	-83.9
13.59	-8.339	-12.138	-52.8
13.6	-8.332	-21.780	-55.3
13.61	-8.324	-29.541	-61.5
13.62	-8.316	-35.245	-56.4
13.63	-8.308	-39.306	-69.3
13.64	-8.299	-42.433	-69.7
13.65	-8.291	-45.258	-49.6
13.66	-8.283	-48.027	-98.2
13.67	-8.276	-50.144	-40.5
13.68	-8.269	-51.014	-41.2
13.69	-8.262	-51.113	-60.6
13.7	-8.258	-50.556	-60.0
13.71	-8.253	-48.084	-56.0
13.72	-8.248	-42.983	-52.5
13.73	-8.242	-36.134	-43.8
13.74	-8.236	-28.602	-57.6
13.75	-8.227	-21.039	-41.5
13.76	-8.217	-13.938	-50.7
13.77	-8.208	-7.670	-47.0
13.78	-8.199	-2.605	-52.7
13.79	-8.191	0.973	-46.9
13.8	-8.184	2.980	-63.9
13.81	-8.176	3.488	-51.0
13.82	-8.169	2.661	-61.2
13.83	-8.162	0.692	-41.8
13.84	-8.156	-2.178	-50.7
13.85	-8.151	-5.681	-40.1
13.86	-8.147	-9.566	-38.8
13.87	-8.143	-13.541	-40.4
13.88	-8.141	-17.302	-47.4
13.89	-8.139	-20.664	-38.4
13.9	-8.137	-23.600	-51.1
13.91	-8.136	-26.119	-31.9
13.92	-8.134	-28.192	-59.1
13.93	-8.133	-29.780	-28.2
13.94	-8.131	-30.928	-27.6
13.95	-8.129	-31.784	-41.8
13.96	-8.127	-32.464	-42.6
13.97	-8.125	-33.006	-39.7
13.98	-8.124	-33.400	-50.5
13.99	-8.123	-33.616	-18.6
14.0	-8.122	-33.617	-34.4
14.01	-8.121	-33.359	-26.1
14.02	-8.121	-32.863	-29.6
14.03	-8.119	-32.230	-18.5
14.04	-8.119	-31.503	-7.6
14.05	-8.118	-30.663	4.6
14.06	-8.117	-29.778	-19.4
14.07	-8.117	-28.956	-5.1
14.08	-8.118	-28.213	-16.8
14.09	-8.118	-27.489	-14.6
14.1	-8.118	-26.767	-35.4
14.11	-8.117	-26.072	-44.0
14.12	-8.115	-25.448	-45.9
14.13	-8.113	-24.994	-32.1
14.14	-8.110	-24.722	-39.1
14.15	-8.109	-24.558	-38.5
14.16	-8.110	-24.397	-3.0
14.17	-8.112	-24.116	-23.2
14.18	-8.111	-23.670	16.4
14.19	-8.104	-23.123	187.5
14.2	-8.096	-22.520	187.1
14.21	-8.094	-21.828	229.1
14.22	-8.097	-21.192	21.0
14.23	-8.101	-20.986	-69.0
14.24	-8.108	-21.273	-7.7
14.25	-8.114	-21.723	-34.5
14.26	-8.114	-22.019	-47.0
14.27	-8.109	-22.063	-23.0
14.28	-8.101	-21.853	-19.5
14.29	-8.094	-21.530	-15.4
14.3	-8.088	-21.419	-25.3
14.31	-8.084	-21.700	-5.0
14.32	-8.080	-22.114	-9.0
14.33	-8.078	-21.605	1.1
14.34	-8.077	-17.517	3.3
14.35	-8.076	-5.742	21.6
14.36	-8.074	15.381	23.5
14.37	-8.073	37.459	58.4
14.38	-8.072	48.902	65.0
14.39	-8.072	51.066	95.1
14.4	-8.073	51.133	121.4
14.41	-8.074	51.139	149.0
14.42	-8.075	51.139	152.9
14.43	-8.076	51.139	165.7
14.44	-8.077	51.139	157.3
14.45	-8.077	51.134	147.7
14.46	-8.076	51.047	85.3
14.47	-8.074	49.278	54.6
14.48	-8.072	42.331	-2.3
14.49	-8.071	30.188	-35.6
14.5	-8.070	16.713	-40.7
14.51	-8.068	4.150	-45.0
14.52	-8.068	-6.750	-52.9
14.53	-8.069	-15.577	-62.4
14.54	-8.069	-22.638	-87.0
14.55	-8.066	-28.202	-40.1
14.56	-8.063	-32.155	-61.3
14.57	-8.060	-34.567	-46.6
14.58	-8.059	-36.034	-53.9
14.59	-8.058	-37.491	-51.4
14.6	-8.056	-39.413	-50.6
14.61	-8.054	-41.459	-48.1
14.62	-8.051	-43.027	-65.4
14.63	-8.050	-43.588	-40.8
14.64	-8.049	-42.717	-45.1
14.65	-8.049	-40.338	-41.8
14.66	-8.049	-36.689	-49.5
14.67	-8.049	-32.136	-40.5
14.68	-8.050	-27.059	-49.0
14.69	-8.051	-21.764	-29.5
14.7	-8.051	-16.453	-50.4
14.71	-8.050	-11.384	-44.0
14.72	-8.048	-6.986	-62.6
14.73	-8.047	-3.664	-35.3
14.74	-8.047	-1.602	-27.1
14.75	-8.046	-0.775	-37.7
14.76	-8.046	-1.122	-42.3
14.77	-8.046	-2.580	-26.8
14.78	-8.047	-4.953	-49.5
14.79	-8.047	-7.969	-47.3
14.8	-8.047	-11.380	-49.4
14.81	-8.047	-14.853	-26.8
14.82	-8.046	-18.030	-37.4
14.83	-8.046	-20.870	-44.1
14.84	-8.045	-23.602	-35.1
14.85	-8.043	-26.177	-10.3
14.86	-8.041	-28.286	-42.2
14.87	-8.041	-29.911	-27.4
14.88	-8.042	-31.216	-32.6
14.89	-8.043	-32.175	-36.4
14.9	-8.043	-32.733	-29.9
14.91	-8.044	-32.942	-22.4
14.92	-8.045	-32.898	-39.0
14.93	-8.046	-32.648	-20.3
14.94	-8.046	-32.222	-36.2
14.95	-8.046	-31.755	-21.6
14.96	-8.047	-31.413	-23.9
14.97	-8.047	-31.142	-16.7
14.98	-8.048	-30.747	-21.8
14.99	-8.050	-30.202	-3.0
15.0	-8.052	-29.616	-3.5
15.01	-8.054	-29.061	13.9
15.02	-8.056	-28.533	-5.4
15.03	-8.058	-27.967	17.8
15.04	-8.061	-27.389	-15.5
15.05	-8.063	-26.891	-37.6
15.06	-8.064	-26.477	-34.3
15.07	-8.065	-26.094	-25.1
15.08	-8.066	-25.698	-34.0
15.09	-8.066	-25.284	-18.7
15.1	-8.067	-24.922	-50.7
15.11	-8.069	-24.636	6.8
15.12	-8.072	-24.336	-29.6
15.13	-8.074	-23.936	-24.4
15.14	-8.071	-23.419	208.0
15.15	-8.068	-22.733	287.2
15.16	-8.068	-21.813	309.4
15.17	-8.072	-20.908	126.4
15.18	-8.079	-20.523	-86.8
15.19	-8.087	-20.875	-11.9
15.2	-8.095	-21.633	-45.5
15.21	-8.099	-22.275	-12.0
15.22	-8.095	-22.488	-25.5
15.23	-8.087	-22.309	-32.1
15.24	-8.079	-22.113	-27.6
15.25	-8.074	-22.259	-6.0
15.26	-8.071	-22.736	-8.6
15.27	-8.069	-23.298	4.2
15.28	-8.066	-23.355	-6.6
15.29	-8.064	-21.095	18.4
15.3	-8.064	-12.947	31.9
15.31	-8.064	4.594	43.7
15.32	-8.064	28.106	42.3
15.33	-8.064	45.227	77.0
15.34	-8.065	50.686	98.0
15.35	-8.067	51.119	137.7
15.36	-8.069	51.139	156.7
15.37	-8.072	51.139	179.9
15.38	-8.075	51.139	184.0
15.39	-8.079	51.139	191.6
15.4	-8.086	51.136	159.4
15.41	-8.092	51.120	126.1
15.42	-8.099	50.336	59.5
15.43	-8.106	45.445	14.8
15.44	-8.113	34.473	-23.1
15.45	-8.117	20.769	-32.9
15.46	-8.123	7.703	-66.9
15.47	-8.130	-4.036	-53.7
15.48	-8.140	-14.320	-72.3
15.49	-8.151	-22.963	-59.3
15.5	-8.160	-29.614	-60.9
15.51	-8.169	-34.039	-55.6
15.52	-8.176	-36.689	-72.2
15.53	-8.184	-38.491	-53.5
15.54	-8.193	-40.191	-46.4
15.55	-8.202	-42.180	-42.0
15.56	-8.209	-44.391	-65.4
15.57	-8.216	-46.308	-47.6
15.58	-8.223	-47.238	-47.4
15.59	-8.231	-46.605	-43.9
15.6	-8.239	-44.250	-61.1
15.61	-8.248	-40.452	-45.5
15.62	-8.256	-35.594	-42.2
15.63	-8.265	-30.058	-47.2
15.64	-8.273	-24.269	-60.3
15.65	-8.279	-18.559	-38.6
15.66	-8.285	-13.113	-53.2
15.67	-8.289	-8.153	-44.0
15.68	-8.294	-4.033	-45.5
15.69	-8.297	-1.084	-42.0
15.7	-8.302	0.473	-58.0
15.71	-8.306	0.517	-35.9
15.72	-8.311	-0.819	-39.6
15.73	-8.315	-3.139	-42.6
15.74	-8.319	-6.108	-56.5
15.75	-8.323	-9.461	-33.6
15.76	-8.327	-12.898	-40.5
15.77	-8.331	-16.238	-25.4
15.78	-8.335	-19.413	-45.2
15.79	-8.340	-22.373	-51.8
15.8	-8.346	-25.119	-44.0
15.81	-8.353	-27.686	-24.8
15.82	-8.360	-29.967	-49.3
15.83	-8.366	-31.728	-31.6
15.84	-8.373	-32.958	-46.2
15.85	-8.380	-33.825	-40.0
15.86	-8.387	-34.361	-25.5
15.87	-8.395	-34.575	-29.0
15.88	-8.403	-34.550	-44.4
15.89	-8.411	-34.348	-10.2
15.9	-8.420	-34.041	-29.1
15.91	-8.430	-33.664	-14.1
15.92	-8.441	-33.192	-2.5
15.93	-8.453	-32.694	6.4
15.94	-8.463	-32.288	-6.3
15.95	-8.473	-31.931	17.3
15.96	-8.484	-31.483	-12.2
15.97	-8.493	-30.895	-28.4
15.98	-8.502	-30.191	-42.7
15.99	-8.511	-29.372	-25.9
16.0	-8.519	-28.502	-31.5
16.01	-8.527	-27.680	-18.4
16.02	-8.536	-26.902	-35.5
16.03	-8.544	-26.128	-27.0
16.04	-8.554	-25.327	-0.3
16.05	-8.563	-24.483	-48.6
16.06	-8.568	-23.616	93.2
16.07	-8.568	-22.683	252.3
16.08	-8.569	-21.617	264.9
16.09	-8.578	-20.542	180.8
16.1	-8.589	-19.888	-65.3
16.11	-8.600	-20.100	-21.1
16.12	-8.612	-21.053	-8.7
16.13	-8.623	-21.986	-15.0
16.14	-8.631	-22.392	-27.3
16.15	-8.635	-22.456	-13.5
16.16	-8.635	-22.445	-10.5
16.17	-8.634	-22.509	-3.4
16.18	-8.636	-22.927	0.4
16.19	-8.639	-23.883	11.5
16.2	-8.643	-25.152	15.4
16.21	-8.648	-26.006	32.1
16.22	-8.654	-24.742	27.7
16.23	-8.662	-17.927	46.1
16.24	-8.671	-1.497	46.5
16.25	-8.681	22.925	80.5
16.26	-8.690	42.903	92.7
16.27	-8.700	50.325	110.3
16.28	-8.711	51.120	150.5
16.29	-8.723	51.139	174.4
16.3	-8.734	51.139	171.1
16.31	-8.745	51.139	192.0
16.32	-8.757	51.139	162.0
16.33	-8.769	51.138	133.0
16.34	-8.780	51.130	85.4
16.35	-8.792	50.509	50.5
16.36	-8.803	46.038	-24.7
16.37	-8.816	35.045	-18.8
16.38	-8.829	20.527	-33.2
16.39	-8.844	6.450	-45.8
16.4	-8.862	-6.238	-58.0
16.41	-8.878	-17.488	-50.6
16.42	-8.893	-26.997	-47.4
16.43	-8.906	-34.363	-43.3
16.44	-8.918	-39.578	-49.9
16.45	-8.930	-43.059	-43.5
16.46	-8.941	-45.541	-66.6
16.47	-8.953	-47.763	-48.5
16.48	-8.964	-49.745	-49.9
16.49	-8.978	-50.866	-39.4
16.5	-8.990	-51.128	-51.2
16.51	-9.003	-51.128	-44.8
16.52	-9.016	-50.756	-39.9
16.53	-9.031	-48.663	-29.0
16.54	-9.045	-43.748	-42.9
16.55	-9.059	-36.712	-27.8
16.56	-9.073	-28.727	-47.8
16.57	-9.086	-20.598	-26.3
16.58	-9.098	-13.055	-33.2
16.59	-9.108	-6.486	-26.4
16.6	-9.117	-1.039	-36.2
16.61	-9.126	3.095	-25.0
16.62	-9.136	5.738	-32.2
16.63	-9.146	6.767	-26.9
16.64	-9.156	6.106	-37.8
16.65	-9.168	3.941	-28.0
16.66	-9.179	0.681	-44.8
16.67	-9.190	-3.367	-29.0
16.68	-9.202	-7.855	-26.9
16.69	-9.213	-12.322	-19.0
16.7	-9.225	-16.436	-40.8
16.71	-9.238	-20.083	-28.9
16.72	-9.250	-23.297	-15.0
16.73	-9.263	-26.252	-19.5
16.74	-9.276	-29.042	-46.8
16.75	-9.291	-31.547	-18.5
16.76	-9.306	-33.570	-28.2
16.77	-9.321	-34.983	-17.9
16.78	-9.336	-35.692	-22.2
16.79	-9.351	-35.755	-26.0
16.8	-9.367	-35.464	-14.7
16.81	-9.383	-35.194	12.5
16.82	-9.399	-35.127	-9.4
16.83	-9.415	-35.148	-2.5
16.84	-9.429	-34.964	-6.4
16.85	-9.441	-34.331	14.6
16.86	-9.453	-33.267	-25.6
16.87	-9.464	-32.005	-27.6
16.88	-9.475	-30.780	-28.5
16.89	-9.486	-29.755	-24.3
16.9	-9.496	-28.959	-29.4
16.91	-9.506	-28.302	-17.2
16.92	-9.515	-27.655	-51.5
16.93	-9.526	-26.906	19.8
16.94	-9.540	-26.039	-30.5
16.95	-9.551	-25.070	4.6
16.96	-9.556	-23.956	206.3
16.97	-9.559	-22.695	213.8
16.98	-9.566	-21.447	161.3
16.99	-9.577	-20.598	1.5
17.0	-9.589	-20.492	-66.8
17.01	-9.601	-21.100	6.6
17.02	-9.611	-21.895	-20.0
17.03	-9.618	-22.219	-11.1
17.04	-9.618	-22.005	-17.0
17.05	-9.609	-21.638	6.5
17.06	-9.597	-21.345	-17.5
17.07	-9.587	-21.336	-5.7
17.08	-9.581	-21.942	-0.4
17.09	-9.578	-23.195	18.9
17.1	-9.578	-24.644	15.0
17.11	-9.578	-25.247	33.1
17.12	-9.580	-22.681	32.4
17.13	-9.582	-13.078	44.0
17.14	-9.584	6.672	51.6
17.15	-9.586	31.092	96.9
17.16	-9.588	46.817	105.9
17.17	-9.590	50.927	129.3
17.18	-9.592	51.128	129.2
17.19	-9.595	51.139	168.0
17.2	-9.599	51.139	160.6
17.21	-9.602	51.139	155.2
17.22	-9.605	51.139	132.5
17.23	-9.608	51.131	99.1
17.24	-9.611	50.988	43.1
17.25	-9.613	48.586	10.4
17.26	-9.616	39.984	-35.4
17.27	-9.620	25.883	-24.8
17.28	-9.629	10.892	-55.0
17.29	-9.641	-2.872	-63.9
17.3	-9.652	-15.145	-52.0
17.31	-9.659	-25.598	-47.0
17.32	-9.664	-33.830	-61.1
17.33	-9.672	-39.698	-41.7
17.34	-9.679	-43.636	-56.8
17.35	-9.684	-46.472	-53.0
17.36	-9.688	-48.805	-66.8
17.37	-9.692	-50.433	-40.2
17.38	-9.696	-51.059	-55.0
17.39	-9.699	-51.139	-48.3
17.4	-9.701	-51.139	-40.2
17.41	-9.705	-51.111	-44.0
17.42	-9.709	-50.447	-45.1
17.43	-9.714	-47.408	-25.8
17.44	-9.721	-41.130	-37.2
17.45	-9.727	-32.820	-31.9
17.46	-9.733	-23.797	-47.0
17.47	-9.740	-14.802	-20.8
17.48	-9.746	-6.527	-47.8
17.49	-9.752	0.473	-33.8
17.5	-9.757	5.939	-32.8
17.51	-9.759	9.730	-37.3
17.52	-9.760	11.622	-30.0
17.53	-9.761	11.536	-34.0
17.54	-9.761	9.603	-38.9
17.55	-9.761	6.086	-32.6
17.56	-9.760	1.480	-38.9
17.57	-9.759	-3.573	-4.5
17.58	-9.759	-8.548	-43.4
17.59	-9.759	-13.236	-31.2
17.6	-9.761	-17.653	-27.0
17.61	-9.762	-21.811	-22.8
17.62	-9.763	-25.641	-28.0
17.63	-9.764	-28.973	-24.2
17.64	-9.764	-31.703	-21.3
17.65	-9.764	-33.825	-7.4
17.66	-9.763	-35.309	-8.2
17.67	-9.763	-36.119	-8.8
17.68	-9.761	-36.291	0.3
17.69	-9.760	-35.966	28.5
17.7	-9.757	-35.341	-17.9
17.71	-9.751	-34.650	3.6
17.72	-9.744	-33.956	-9.0
17.73	-9.736	-33.180	-19.9
17.74	-9.727	-32.370	-43.5
17.75	-9.717	-31.508	-24.2
17.76	-9.704	-30.453	-27.5
17.77	-9.688	-29.255	-28.6
17.78	-9.669	-28.091	-35.6
17.79	-9.653	-27.109	-27.1
17.8	-9.640	-26.336	10.4
17.81	-9.627	-25.588	-55.9
17.82	-9.607	-24.623	56.1
17.83	-9.578	-23.436	225.3
17.84	-9.547	-22.258	183.4
17.85	-9.524	-21.369	115.0
17.86	-9.512	-20.922	-73.6
17.87	-9.504	-20.917	-31.1
17.88	-9.496	-21.227	-13.8
17.89	-9.484	-21.458	-30.5
17.9	-9.464	-21.206	-19.6
17.91	-9.433	-20.588	-30.3
17.92	-9.392	-20.088	-25.4
17.93	-9.348	-20.047	4.7
17.94	-9.307	-20.522	-12.4
17.95	-9.269	-21.381	-2.2
17.96	-9.234	-22.403	2.7
17.97	-9.203	-23.241	8.2
17.98	-9.176	-22.941	4.0
17.99	-9.153	-19.136	34.1
18.0	-9.133	-7.958	38.5
18.01	-9.114	12.869	67.0
18.02	-9.096	35.788	81.3
18.03	-9.079	48.413	101.5
18.04	-9.064	51.039	121.7
18.05	-9.049	51.133	152.6
18.06	-9.035	51.139	151.2
18.07	-9.021	51.139	161.4
18.08	-9.008	51.139	135.9
18.09	-8.995	51.139	110.2
18.1	-8.981	51.130	58.4
18.11	-8.966	50.705	23.1
18.12	-8.950	46.964	-47.1
18.13	-8.933	36.580	-38.7
18.14	-8.919	21.736	-42.3
18.15	-8.906	6.719	-55.3
18.16	-8.893	-7.148	-62.7
18.17	-8.878	-19.480	-53.6
18.18	-8.861	-29.584	-75.6
18.19	-8.843	-37.144	-77.9
18.2	-8.826	-42.578	-51.6
18.21	-8.807	-46.628	-48.8
18.22	-8.787	-49.498	-69.8
18.23	-8.768	-50.863	-42.9
18.24	-8.750	-51.131	-65.0
18.25	-8.734	-51.141	-54.0
18.26	-8.719	-51.141	-65.0
18.27	-8.704	-51.138	-47.9
18.28	-8.692	-51.063	-40.3
18.29	-8.680	-49.919	-40.2
18.3	-8.668	-45.702	-48.3
18.31	-8.656	-38.286	-39.7
18.32	-8.642	-29.461	-59.6
18.33	-8.627	-20.413	-41.7
18.34	-8.611	-11.839	-51.5
18.35	-8.597	-4.333	-51.1
18.36	-8.583	1.689	-59.7
18.37	-8.570	5.884	-50.6
18.38	-8.559	8.014	-61.1
18.39	-8.549	8.173	-39.8
18.4	-8.539	6.809	-49.5
18.41	-8.530	4.344	-41.7
18.42	-8.521	1.013	-51.5
18.43	-8.512	-2.981	-40.5
18.44	-8.504	-7.353	-48.0
18.45	-8.497	-11.858	-47.2
18.46	-8.491	-16.345	-50.4
18.47	-8.486	-20.636	-27.3
18.48	-8.481	-24.498	-35.5
18.49	-8.477	-27.777	-33.9
18.5	-8.473	-30.436	-40.2
18.51	-8.468	-32.478	-35.1
18.52	-8.463	-33.944	-32.9
18.53	-8.455	-35.023	-24.9
18.54	-8.447	-35.902	-52.1
18.55	-8.438	-36.570	-18.0
18.56	-8.428	-36.962	-26.3
18.57	-8.419	-37.050	-38.5
18.58	-8.409	-36.813	-21.0
18.59	-8.400	-36.275	2.4
18.6	-8.390	-35.484	-10.5
18.61	-8.381	-34.503	-3.0
18.62	-8.373	-33.372	-15.9
18.63	-8.364	-32.136	-8.4
18.64	-8.357	-30.861	-37.1
18.65	-8.350	-29.567	-38.4
18.66	-8.342	-28.298	-53.7
18.67	-8.334	-27.192	-38.0
18.68	-8.324	-26.283	-41.8
18.69	-8.316	-25.514	-48.5
18.7	-8.308	-24.913	-39.8
18.71	-8.303	-24.520	10.0
18.72	-8.297	-24.233	-68.0
18.73	-8.285	-23.875	98.1
18.74	-8.269	-23.328	187.5
18.75	-8.254	-22.550	205.8
18.76	-8.245	-21.606	174.9
18.77	-8.237	-20.752	-61.8
18.78	-8.229	-20.420	-53.2
18.79	-8.223	-20.794	-5.7
18.8	-8.213	-21.475	-43.3
18.81	-8.199	-21.967	-18.8
18.82	-8.179	-22.119	-38.0
18.83	-8.158	-22.019	-15.3
18.84	-8.137	-21.889	-17.1
18.85	-8.117	-21.964	-22.5
18.86	-8.098	-22.292	-17.3
18.87	-8.081	-22.511	-4.4
18.88	-8.067	-21.292	2.5
18.89	-8.058	-15.519	16.2
18.9	-8.050	-0.652	11.5
18.91	-8.041	22.898	42.5
18.92	-8.032	42.845	45.8
18.93	-8.023	50.330	81.3
18.94	-8.015	51.117	76.5
18.95	-8.008	51.139	117.0
18.96	-8.002	51.139	137.7
18.97	-7.999	51.139	143.9
18.98	-7.995	51.139	161.6
18.99	-7.991	51.139	155.2
19.0	-7.987	51.138	93.3
19.01	-7.984	51.123	77.5
19.02	-7.981	50.369	29.2
19.03	-7.979	45.480	-6.5
19.04	-7.976	34.328	-51.5
19.05	-7.973	20.292	-44.3
19.06	-7.969	6.803	-64.4
19.07	-7.969	-5.473	-70.1
19.08	-7.969	-16.267	-64.8
19.09	-7.969	-25.213	-60.6
19.1	-7.966	-32.031	-79.2
19.11	-7.964	-36.773	-65.2
19.12	-7.963	-39.873	-60.3
19.13	-7.961	-42.053	-55.6
19.14	-7.959	-44.134	-70.7
19.15	-7.956	-46.553	-49.6
19.16	-7.954	-48.992	-66.5
19.17	-7.953	-50.553	-48.5
19.18	-7.952	-50.636	-57.7
19.19	-7.953	-49.078	-54.7
19.2	-7.953	-45.827	-57.6
19.21	-7.954	-41.114	-55.4
19.22	-7.956	-35.372	-47.0
19.23	-7.959	-29.075	-38.5
19.24	-7.960	-22.620	-61.9
19.25	-7.960	-16.316	-41.3
19.26	-7.959	-10.484	-43.4
19.27	-7.958	-5.459	-37.1
19.28	-7.957	-1.548	-55.1
19.29	-7.956	1.033	-48.0
19.3	-7.954	2.130	-59.4
19.31	-7.954	1.648	-48.6
19.32	-7.953	-0.223	-40.3
19.33	-7.952	-3.061	-31.5
19.34	-7.952	-6.470	-54.7
19.35	-7.951	-10.181	-32.1
19.36	-7.950	-13.947	-45.4
19.37	-7.947	-17.567	-43.7
19.38	-7.946	-21.020	-39.3
19.39	-7.944	-24.303	-40.0
19.4	-7.944	-27.308	-56.0
19.41	-7.945	-29.988	-30.6
19.42	-7.946	-32.306	-38.3
19.43	-7.946	-34.173	-31.8
19.44	-7.947	-35.500	-35.5
19.45	-7.948	-36.300	-25.7
19.46	-7.949	-36.669	-30.1
19.47	-7.950	-36.670	-21.7
19.48	-7.951	-36.342	-25.8
19.49	-7.953	-35.823	9.0
19.5	-7.954	-35.334	-23.5
19.51	-7.956	-34.981	-15.2
19.52	-7.959	-34.648	-6.0
19.53	-7.963	-34.105	-10.7
19.54	-7.966	-33.217	-19.2
19.55	-7.967	-32.073	-42.2
19.56	-7.967	-30.847	-56.1
19.57	-7.967	-29.734	-30.5
19.58	-7.966	-28.911	-57.7
19.59	-7.966	-28.394	-21.1
19.6	-7.964	-28.080	-49.1
19.61	-7.964	-27.806	-2.9
19.62	-7.966	-27.358	-43.3
19.63	-7.968	-26.602	-22.3
19.64	-7.964	-25.548	198.6
19.65	-7.958	-24.259	254.6
19.66	-7.955	-22.816	275.2
19.67	-7.958	-21.570	57.8
19.68	-7.961	-21.094	-104.1
19.69	-7.966	-21.555	4.6
19.7	-7.969	-22.466	-34.2
19.71	-7.970	-23.173	-17.5
19.72	-7.966	-23.388	-34.5
19.73	-7.961	-23.255	-27.7
19.74	-7.955	-23.108	-35.4
19.75	-7.951	-23.123	-22.7
19.76	-7.947	-23.302	-16.8
19.77	-7.941	-23.647	-3.3
19.78	-7.934	-23.759	-3.7
19.79	-7.931	-21.842	20.7
19.8	-7.929	-14.131	5.1
19.81	-7.928	3.539	29.8
19.82	-7.928	27.919	39.9
19.83	-7.929	45.492	83.8
19.84	-7.931	50.783	104.0
19.85	-7.932	51.120	131.6
19.86	-7.934	51.139	149.2
19.87	-7.936	51.139	175.2
19.88	-7.938	51.139	170.8
19.89	-7.940	51.139	188.2
19.9	-7.942	51.139	140.2
19.91	-7.944	51.128	105.5
19.92	-7.946	50.906	64.5
19.93	-7.947	48.095	12.5
19.94	-7.948	39.030	-38.9
19.95	-7.948	25.066	-37.6
19.96	-7.948	10.719	-57.2
19.97	-7.951	-2.259	-61.8
19.98	-7.954	-13.681	-72.9
19.99	-7.957	-23.239	-65.3
20.0	-7.959	-30.659	-72.0
20.01	-7.960	-35.969	-72.1
20.02	-7.961	-39.600	-72.9
20.03	-7.962	-42.320	-61.2
20.04	-7.963	-44.852	-57.2
20.05	-7.963	-47.520	-54.4
20.06	-7.963	-49.817	-66.8
20.07	-7.964	-50.934	-35.9
20.08	-7.966	-51.128	-66.5
20.09	-7.970	-50.880	-50.5
20.1	-7.974	-49.314	-43.1
20.11	-7.979	-45.559	-50.9
20.12	-7.986	-40.091	-72.6
20.13	-7.994	-33.717	-38.1
20.14	-8.001	-26.958	-52.1
20.15	-8.006	-20.223	-56.9
20.16	-8.009	-13.881	-47.5
20.17	-8.012	-8.303	-38.1
20.18	-8.014	-3.802	-55.9
20.19	-8.016	-0.569	-60.3
20.2	-8.020	1.280	-63.0
20.21	-8.024	1.675	-42.5
20.22	-8.029	0.619	-56.1
20.23	-8.034	-1.770	-46.0
20.24	-8.037	-5.100	-54.8
20.25	-8.043	-8.827	-38.1
20.26	-8.048	-12.569	-45.9
20.27	-8.055	-16.164	-51.3
20.28	-8.064	-19.595	-52.4
20.29	-8.074	-22.852	-41.9
20.3	-8.087	-25.877	-53.7
20.31	-8.101	-28.655	-32.9
20.32	-8.115	-31.180	-48.3
20.33	-8.129	-33.314	-46.0
20.34	-8.144	-34.841	-47.8
20.35	-8.160	-35.739	-26.8
20.36	-8.175	-36.166	-47.8
20.37	-8.191	-36.245	-28.9
20.38	-8.206	-36.144	-29.9
20.39	-8.221	-35.988	-15.5
20.4	-8.234	-35.778	-20.5
20.41	-8.246	-35.523	-7.8
20.42	-8.259	-35.236	-3.7
20.43	-8.271	-34.891	-13.0
20.44	-8.283	-34.431	-17.9
20.45	-8.296	-33.792	-9.6
20.46	-8.308	-32.922	-55.2
20.47	-8.319	-31.892	-49.3
20.48	-8.331	-30.911	-39.6
20.49	-8.341	-30.202	-22.4
20.5	-8.352	-29.817	-25.1
20.51	-8.366	-29.577	-47.2
20.52	-8.381	-29.231	-11.4
20.53	-8.398	-28.580	-56.1
20.54	-8.411	-27.555	74.0
20.55	-8.419	-26.370	270.4
20.56	-8.426	-25.189	276.8
20.57	-8.437	-23.963	219.7
20.58	-8.451	-22.920	-61.8
20.59	-8.465	-22.564	-46.6
20.6	-8.479	-22.927	-13.6
20.61	-8.493	-23.444	-35.7
20.62	-8.502	-23.638	-33.7
20.63	-8.504	-23.481	-24.6
20.64	-8.498	-23.134	-30.8
20.65	-8.488	-22.911	-23.5
20.66	-8.479	-23.133	-19.8
20.67	-8.471	-23.755	0.2
20.68	-8.464	-24.428	-5.6
20.69	-8.459	-24.450	2.8
20.7	-8.457	-21.972	15.2
20.71	-8.459	-13.134	40.6
20.72	-8.465	6.153	37.3
20.73	-8.475	30.877	56.5
20.74	-8.486	46.856	81.7
20.75	-8.498	50.936	113.2
20.76	-8.508	51.128	123.9
20.77	-8.519	51.139	165.1
20.78	-8.530	51.139	178.0
20.79	-8.541	51.139	185.3
20.8	-8.550	51.139	163.8
20.81	-8.560	51.138	138.0
20.82	-8.571	51.128	82.0
20.83	-8.582	50.613	46.3
20.84	-8.593	46.417	-17.4
20.85	-8.602	35.363	-32.4
20.86	-8.611	20.097	-42.0
20.87	-8.619	4.900	-47.6
20.88	-8.628	-8.912	-57.2
20.89	-8.636	-20.867	-46.4
20.9	-8.643	-30.511	-66.0
20.91	-8.648	-37.672	-55.8
20.92	-8.652	-42.614	-56.7
20.93	-8.658	-45.930	-40.3
20.94	-8.666	-48.345	-56.8
20.95	-8.675	-50.108	-45.9
20.96	-8.685	-50.959	-58.7
20.97	-8.695	-51.133	-55.5
20.98	-8.707	-51.141	-44.0
20.99	-8.720	-51.138	-44.3
21.0	-8.734	-51.066	-35.7
21.01	-8.748	-50.034	-18.0
21.02	-8.761	-46.298	-45.2
21.03	-8.776	-39.800	-40.0
21.04	-8.790	-32.142	-47.0
21.05	-8.803	-24.198	-9.6
21.06	-8.816	-16.291	-46.7
21.07	-8.826	-8.861	-39.5
21.08	-8.838	-2.448	-18.4
21.09	-8.849	2.442	-36.2
21.1	-8.863	5.475	-36.8
21.11	-8.877	6.628	-23.8
21.12	-8.893	6.084	-44.8
21.13	-8.906	4.003	-16.5
21.14	-8.919	0.642	-21.2
21.15	-8.932	-3.559	-32.3
21.16	-8.944	-8.134	-40.4
21.17	-8.956	-12.683	-9.2
21.18	-8.969	-16.930	-26.3
21.19	-8.982	-20.853	-30.3
21.2	-8.997	-24.502	-32.9
21.21	-9.012	-27.775	-17.7
21.22	-9.027	-30.623	-37.8
21.23	-9.043	-33.133	-8.8
21.24	-9.058	-35.258	-0.4
21.25	-9.074	-36.808	-2.1
21.26	-9.091	-37.661	-10.5
21.27	-9.107	-37.888	3.0
21.28	-9.123	-37.677	8.9
21.29	-9.138	-37.247	8.6
21.3	-9.152	-36.809	-7.7
21.31	-9.166	-36.441	14.5
21.32	-9.178	-35.984	-13.6
21.33	-9.191	-35.263	-30.1
21.34	-9.203	-34.342	-28.0
21.35	-9.215	-33.402	-7.0
21.36	-9.226	-32.536	-29.9
21.37	-9.238	-31.750	-15.6
21.38	-9.251	-30.903	-34.6
21.39	-9.265	-29.863	12.9
21.4	-9.279	-28.684	-43.5
21.41	-9.290	-27.484	57.8
21.42	-9.297	-26.266	214.0
21.43	-9.303	-24.994	224.4
21.44	-9.312	-23.702	168.3
21.45	-9.325	-22.630	-34.9
21.46	-9.341	-22.183	-53.9
21.47	-9.357	-22.447	20.0
21.48	-9.372	-22.872	-29.2
21.49	-9.381	-22.906	-10.2
21.5	-9.384	-22.627	-13.8
21.51	-9.381	-22.381	-5.0
21.52	-9.374	-22.380	-8.8
21.53	-9.369	-22.831	6.1
21.54	-9.368	-23.850	12.4
21.55	-9.369	-25.225	26.8
21.56	-9.372	-26.397	4.8
21.57	-9.376	-26.309	37.8
21.58	-9.379	-22.583	46.2
21.59	-9.381	-11.045	53.2
21.6	-9.383	10.986	57.9
21.61	-9.384	35.298	87.4
21.62	-9.385	48.456	106.7
21.63	-9.387	51.047	143.0
21.64	-9.391	51.131	162.9
21.65	-9.396	51.139	182.5
21.66	-9.400	51.139	161.9
21.67	-9.403	51.139	167.8
21.68	-9.405	51.139	133.9
21.69	-9.406	51.130	91.9
21.7	-9.404	50.958	35.9
21.71	-9.402	48.209	3.6
21.72	-9.399	38.513	-23.8
21.73	-9.401	22.739	-34.0
21.74	-9.406	6.084	-57.4
21.75	-9.416	-8.980	-51.2
21.76	-9.424	-22.030	-67.6
21.77	-9.433	-32.747	-52.5
21.78	-9.440	-40.914	-52.3
21.79	-9.446	-46.550	-45.5
21.8	-9.451	-49.775	-69.0
21.81	-9.456	-50.967	-35.4
21.82	-9.462	-51.138	-32.8
21.83	-9.469	-51.141	-50.6
21.84	-9.476	-51.141	-44.0
21.85	-9.483	-51.141	-19.5
21.86	-9.492	-51.139	-41.7
21.87	-9.501	-51.127	-26.5
21.88	-9.513	-50.620	-42.3
21.89	-9.525	-47.517	-27.6
21.9	-9.539	-40.247	-37.2
21.91	-9.555	-30.416	-39.0
21.92	-9.569	-20.075	-33.2
21.93	-9.579	-9.923	-36.9
21.94	-9.588	-0.548	-44.2
21.95	-9.599	7.408	-35.8
21.96	-9.609	13.469	-46.2
21.97	-9.621	17.155	-14.4
21.98	-9.631	18.098	-29.9
21.99	-9.642	16.403	-25.3
22.0	-9.652	12.663	-33.4
22.01	-9.661	7.661	-26.8
22.02	-9.668	2.042	-33.2
22.03	-9.674	-3.688	-22.3
22.04	-9.678	-9.148	-38.2
22.05	-9.683	-14.319	-26.8
22.06	-9.688	-19.297	-6.5
22.07	-9.691	-23.923	-9.9
22.08	-9.694	-27.923	-23.4
22.09	-9.698	-31.222	-3.3
22.1	-9.703	-33.875	-6.9
22.11	-9.707	-35.894	20.0
22.12	-9.710	-37.225	-10.7
22.13	-9.712	-37.869	10.5
22.14	-9.713	-37.936	3.0
22.15	-9.713	-37.539	-24.3
22.16	-9.715	-36.744	-25.8
22.17	-9.717	-35.784	-27.8
22.18	-9.717	-34.917	-46.0
22.19	-9.716	-34.145	-18.6
22.2	-9.712	-33.381	-23.6
22.21	-9.707	-32.627	-41.3
22.22	-9.704	-31.800	-9.3
22.23	-9.704	-30.714	-30.2
22.24	-9.702	-29.303	-22.0
22.25	-9.695	-27.645	178.0
22.26	-9.684	-25.831	172.4
22.27	-9.676	-24.058	121.2
22.28	-9.674	-22.575	-10.1
22.29	-9.673	-21.566	-70.3
22.3	-9.663	-21.027	-17.2
22.31	-9.644	-20.644	-0.3
22.32	-9.616	-20.089	-22.1
22.33	-9.578	-19.520	-4.4
22.34	-9.533	-19.284	-9.6
22.35	-9.486	-19.422	-5.7
22.36	-9.441	-19.922	-7.8
22.37	-9.402	-20.913	2.6
22.38	-9.367	-22.273	15.0
22.39	-9.335	-23.542	23.4
22.4	-9.306	-24.155	15.4
22.41	-9.281	-23.156	39.0
22.42	-9.260	-18.294	26.1
22.43	-9.242	-5.858	58.9
22.44	-9.226	15.744	99.1
22.45	-9.211	37.941	111.7
22.46	-9.199	49.114	97.2
22.47	-9.187	51.083	151.8
22.48	-9.176	51.133	171.7
22.49	-9.166	51.139	176.0
22.5	-9.155	51.139	155.1
22.51	-9.143	51.139	138.2
22.52	-9.129	51.136	80.7
22.53	-9.111	51.113	42.2
22.54	-9.092	50.089	-13.6
22.55	-9.074	43.848	-16.8
22.56	-9.062	30.067	-36.3
22.57	-9.055	13.170	-57.1
22.58	-9.049	-2.569	-62.5
22.59	-9.039	-16.278	-49.4
22.6	-9.028	-27.727	-53.8
22.61	-9.018	-36.889	-63.8
22.62	-9.008	-44.055	-62.2
22.63	-8.995	-48.853	-43.5
22.64	-8.981	-50.819	-68.3
22.65	-8.967	-51.133	-41.6
22.66	-8.953	-51.139	-49.6
22.67	-8.938	-51.141	-44.9
22.68	-8.921	-51.141	-64.8
22.69	-8.904	-51.141	-48.4
22.7	-8.889	-51.134	-39.1
22.71	-8.874	-50.981	-41.2
22.72	-8.860	-49.141	-49.0
22.73	-8.843	-43.131	-37.6
22.74	-8.825	-33.278	-47.9
22.75	-8.806	-21.978	-39.2
22.76	-8.787	-10.703	-66.7
22.77	-8.769	-0.466	-39.3
22.78	-8.752	7.816	-47.9
22.79	-8.736	13.514	-36.6
22.8	-8.720	16.350	-33.6
22.81	-8.704	16.559	-35.4
22.82	-8.687	14.781	-53.2
22.83	-8.669	11.614	-52.2
22.84	-8.650	7.427	-59.8
22.85	-8.631	2.488	-50.8
22.86	-8.611	-2.919	-45.0
22.87	-8.594	-8.575	-35.6
22.88	-8.578	-14.347	-45.6
22.89	-8.564	-20.028	-30.7
22.9	-8.552	-25.213	-50.3
22.91	-8.540	-29.517	-33.1
22.92	-8.529	-32.847	-58.0
22.93	-8.518	-35.306	-40.3
22.94	-8.507	-37.050	-21.4
22.95	-8.495	-38.250	-44.2
22.96	-8.483	-39.011	-20.9
22.97	-8.472	-39.309	-1.4
22.98	-8.462	-39.144	-35.4
22.99	-8.453	-38.669	-12.8
23.0	-8.444	-38.047	-27.4
23.01	-8.436	-37.327	-27.4
23.02	-8.426	-36.522	-39.3
23.03	-8.416	-35.694	-59.5
23.04	-8.406	-34.917	-51.4
23.05	-8.397	-34.181	-34.0
23.06	-8.387	-33.322	-46.1
23.07	-8.377	-32.200	-30.4
23.08	-8.369	-30.878	-56.3
23.09	-8.362	-29.517	-4.1
23.1	-8.355	-28.197	-81.2
23.11	-8.343	-26.939	61.1
23.12	-8.326	-25.795	180.1
23.13	-8.310	-24.680	193.6
23.14	-8.300	-23.423	160.8
23.15	-8.294	-22.172	-69.6
23.16	-8.292	-21.413	-73.3
23.17	-8.290	-21.439	-16.8
23.18	-8.285	-21.934	-40.5
23.19	-8.274	-22.377	-28.4
23.2	-8.256	-22.511	-50.1
23.21	-8.235	-22.377	-25.6
23.22	-8.215	-22.261	-40.8
23.23	-8.196	-22.459	-11.6
23.24	-8.177	-22.983	-31.0
23.25	-8.158	-23.516	-12.4
23.26	-8.140	-22.908	-2.3
23.27	-8.124	-18.117	3.9
23.28	-8.111	-4.194	6.7
23.29	-8.099	19.670	13.0
23.3	-8.088	41.320	25.0
23.31	-8.076	50.078	64.7
23.32	-8.066	51.116	73.2
23.33	-8.057	51.139	110.1
23.34	-8.049	51.139	111.3
23.35	-8.042	51.139	132.0
23.36	-8.036	51.139	143.0
23.37	-8.029	51.139	143.0
23.38	-8.023	51.136	93.5
23.39	-8.016	51.123	53.1
23.4	-8.009	50.289	11.7
23.41	-8.002	44.822	-11.2
23.42	-7.995	32.409	-56.2
23.43	-7.988	17.027	-49.8
23.44	-7.982	2.658	-68.9
23.45	-7.978	-9.991	-68.3
23.46	-7.974	-20.831	-82.3
23.47	-7.968	-29.689	-64.6
23.48	-7.958	-36.419	-69.2
23.49	-7.949	-41.142	-66.3
23.5	-7.942	-44.405	-53.8
23.51	-7.937	-47.047	-60.2
23.52	-7.931	-49.373	-79.1
23.53	-7.924	-50.766	-52.0
23.54	-7.919	-51.123	-73.9
23.55	-7.913	-51.139	-69.3
23.56	-7.908	-51.138	-44.4
23.57	-7.905	-51.033	-45.7
23.58	-7.902	-49.842	-73.7
23.59	-7.899	-45.967	-41.0
23.6	-7.897	-39.502	-60.7
23.61	-7.893	-31.948	-69.1
23.62	-7.889	-24.263	-62.8
23.63	-7.886	-16.834	-34.9
23.64	-7.884	-10.019	-45.5
23.65	-7.882	-4.291	-45.1
23.66	-7.881	-0.056	-58.6
23.67	-7.879	2.484	-44.5
23.68	-7.878	3.258	-50.8
23.69	-7.876	2.398	-49.6
23.7	-7.874	0.245	-70.7
23.71	-7.872	-2.933	-47.7
23.72	-7.869	-6.903	-50.4
23.73	-7.866	-11.223	-44.6
23.74	-7.864	-15.456	-50.1
23.75	-7.861	-19.473	-33.7
23.76	-7.860	-23.263	-51.5
23.77	-7.859	-26.742	-35.9
23.78	-7.858	-29.841	-43.2
23.79	-7.857	-32.527	-59.3
23.8	-7.857	-34.700	-46.8
23.81	-7.857	-36.256	-34.0
23.82	-7.857	-37.255	-58.8
23.83	-7.857	-37.867	-36.2
23.84	-7.856	-38.206	-35.3
23.85	-7.857	-38.306	-17.2
23.86	-7.857	-38.233	-42.8
23.87	-7.857	-38.078	-31.3
23.88	-7.859	-37.891	-13.7
23.89	-7.861	-37.667	-2.3
23.9	-7.864	-37.273	-20.5
23.91	-7.867	-36.581	-4.9
23.92	-7.869	-35.636	-17.1
23.93	-7.872	-34.595	-33.4
23.94	-7.874	-33.550	-46.5
23.95	-7.875	-32.453	-33.9
23.96	-7.876	-31.339	-48.8
23.97	-7.876	-30.455	-38.1
23.98	-7.876	-29.861	-43.7
23.99	-7.878	-29.317	-45.1
24.0	-7.881	-28.613	1.8
24.01	-7.885	-27.728	-54.7
24.02	-7.886	-26.756	28.1
24.03	-7.881	-25.741	224.2
24.04	-7.876	-24.620	232.4
24.05	-7.878	-23.464	257.3
24.06	-7.884	-22.622	-9.1
24.07	-7.892	-22.522	-55.0
24.08	-7.902	-23.109	-10.3
24.09	-7.910	-23.753	-47.8
24.1	-7.911	-24.002	-41.4
24.11	-7.906	-23.906	-45.0
24.12	-7.899	-23.650	-39.9
24.13	-7.893	-23.516	-25.7
24.14	-7.889	-23.789	-23.3
24.15	-7.884	-24.425	-12.5
24.16	-7.881	-25.000	-12.1
24.17	-7.879	-24.423	8.1
24.18	-7.878	-19.839	-9.6
24.19	-7.878	-6.244	30.6
24.2	-7.879	17.770	35.5
24.21	-7.880	40.347	44.7
24.22	-7.881	49.902	57.1
24.23	-7.882	51.113	98.6
24.24	-7.884	51.138	114.7
24.25	-7.886	51.139	153.3
24.26	-7.889	51.139	164.0
24.27	-7.891	51.139	165.1
24.28	-7.893	51.139	163.3
24.29	-7.894	51.138	136.0
24.3	-7.899	51.128	77.2
24.31	-7.904	50.508	39.5
24.32	-7.909	45.791	-16.8
24.33	-7.914	33.925	-14.5
24.34	-7.919	18.208	-50.7
24.35	-7.924	3.192	-51.2
24.36	-7.932	-10.025	-66.9
24.37	-7.942	-21.358	-74.3
24.38	-7.951	-30.639	-68.2
24.39	-7.958	-37.683	-56.9
24.4	-7.964	-42.520	-51.1
24.41	-7.972	-45.580	-55.4
24.42	-7.979	-47.661	-63.5
24.43	-7.985	-49.425	-32.6
24.44	-7.989	-50.669	-67.4
24.45	-7.993	-51.102	-51.6
24.46	-7.998	-51.139	-68.3
24.47	-8.004	-51.138	-44.6
24.48	-8.010	-50.994	-53.0
24.49	-8.017	-49.691	-67.1
24.5	-8.024	-45.839	-38.9
24.51	-8.032	-39.778	-18.8
24.52	-8.040	-32.820	-51.1
24.53	-8.046	-25.573	-54.3
24.54	-8.052	-18.305	-51.4
24.55	-8.056	-11.284	-37.2
24.56	-8.060	-5.009	-47.1
24.57	-8.063	-0.131	-36.7
24.58	-8.066	2.922	-52.0
24.59	-8.070	4.105	-27.8
24.6	-8.074	3.636	-35.1
24.61	-8.078	1.694	-46.6
24.62	-8.081	-1.577	-55.2
24.63	-8.082	-5.800	-36.7
24.64	-8.082	-10.358	-64.7
24.65	-8.081	-14.744	-36.8
24.66	-8.081	-18.775	-37.2
24.67	-8.081	-22.478	-34.9
24.68	-8.081	-25.955	-39.9
24.69	-8.082	-29.277	-34.6
24.7	-8.083	-32.395	-28.2
24.71	-8.086	-35.164	-40.5
24.72	-8.089	-37.375	-59.7
24.73	-8.094	-38.820	-25.3
24.74	-8.100	-39.420	-29.7
24.75	-8.107	-39.305	-18.7
24.76	-8.114	-38.863	-27.2
24.77	-8.121	-38.533	-20.4
24.78	-8.129	-38.344	-27.4
24.79	-8.136	-38.045	-15.0
24.8	-8.144	-37.645	-1.0
24.81	-8.154	-37.208	2.5
24.82	-8.164	-36.511	-17.8
24.83	-8.174	-35.558	-2.5
24.84	-8.185	-34.602	-17.7
24.85	-8.196	-33.616	-10.2
24.86	-8.207	-32.467	-55.7
24.87	-8.218	-31.389	-34.0
24.88	-8.229	-30.730	-29.1
24.89	-8.241	-30.441	-34.4
24.9	-8.253	-30.186	-44.7
24.91	-8.266	-29.742	-24.2
24.92	-8.283	-29.022	-13.2
24.93	-8.301	-28.072	-61.6
24.94	-8.317	-27.067	119.8
24.95	-8.329	-26.108	263.3
24.96	-8.343	-25.122	248.9
24.97	-8.364	-24.069	179.2
24.98	-8.391	-23.086	-62.3
24.99	-8.422	-21.709	-54.0
25.0	-8.457	-19.159	-9.5
25.01	-8.496	-17.281	-23.3
25.02	-8.535	-18.259	-43.4
25.03	-8.572	-18.978	-12.8
25.04	-8.606	-16.012	-66.9
25.05	-8.639	-12.489	-14.8
25.06	-8.670	-12.194	-18.6
25.07	-8.700	-12.733	-17.9
25.08	-8.730	-11.363	16.9
25.09	-8.763	-10.936	8.3
25.1	-8.799	-9.955	14.5
25.11	-8.837	-1.533	37.8
25.12	-8.875	16.403	61.0
25.13	-8.914	36.986	88.7
25.14	-8.953	48.694	96.1
25.15	-8.991	51.055	106.3
25.16	-9.027	51.131	133.4
25.17	-9.064	51.139	206.3
25.18	-9.101	51.139	155.3
25.19	-9.140	51.139	192.8
25.2	-9.181	51.139	167.1
25.21	-9.226	51.136	119.6
25.22	-9.276	51.113	79.3
25.23	-9.329	49.675	24.6
25.24	-9.384	39.491	-18.3
25.25	-9.442	19.811	-7.2
25.26	-9.502	4.728	-10.0
25.27	-9.564	-4.778	-31.0
25.28	-9.627	-16.120	-43.7
25.29	-9.687	-26.042	-22.9
25.3	-9.742	-32.288	-68.1
25.31	-9.796	-35.319	-64.8
25.32	-9.849	-36.170	-3.0
25.33	-9.906	-36.923	-34.4
25.34	-9.964	-40.881	-49.2
25.35	-10.020	-46.269	3.1
25.36	-10.076	-48.427	-72.0
25.37	-10.131	-49.403	-21.1
25.38	-10.190	-49.844	-23.3
25.39	-10.253	-48.248	6.8
25.4	-10.314	-46.902	-10.9
25.41	-10.373	-46.441	-27.9
25.42	-10.431	-44.119	-15.7
25.43	-10.488	-38.719	-34.0
25.44	-10.544	-31.502	-25.8
25.45	-10.598	-23.322	-10.9
25.46	-10.647	-14.345	1.2
25.47	-10.691	-5.684	-28.9
25.48	-10.733	1.594	-38.0
25.49	-10.777	7.328	4.6
25.5	-10.816	10.686	-33.5
25.51	-10.849	10.992	-8.7
25.52	-10.879	8.448	-8.6
25.53	-10.903	3.570	-13.6
25.54	-10.921	-2.225	-44.6
25.55	-10.933	-8.034	-2.7
25.56	-10.936	-14.442	-4.3
25.57	-10.933	-21.656	-33.3
25.58	-10.916	-28.586	-10.4
25.59	-10.888	-34.316	-9.5
25.6	-10.849	-39.602	-33.8
25.61	-10.805	-45.245	0.5
25.62	-10.756	-49.491	-25.3
25.63	-10.704	-50.988	13.4
25.64	-10.651	-51.138	-12.5
25.65	-10.598	-51.141	1.5
25.66	-10.542	-51.141	29.7
25.67	-10.482	-51.141	4.8
25.68	-10.416	-51.141	-45.6
25.69	-10.348	-51.141	-21.7
25.7	-10.279	-51.141	-38.6
25.71	-10.212	-51.141	-27.6
25.72	-10.146	-51.141	-27.2
25.73	-10.081	-51.141	-18.3
25.74	-10.018	-51.141	-41.2
25.75	-9.958	-51.141	-14.1
25.76	-9.907	-51.141	-8.6
25.77	-9.863	-51.141	-55.0
25.78	-9.821	-51.141	139.3
25.79	-9.782	-51.141	237.3
25.8	-9.744	-51.141	201.6
25.81	-9.711	-51.141	67.4
25.82	-9.684	-51.141	-109.7
25.83	-9.661	-51.141	8.7
25.84	-9.639	-51.141	-38.7
25.85	-9.615	-51.141	-3.0
25.86	-9.586	-51.141	-38.4
25.87	-9.552	-51.141	-33.4
25.88	-9.513	-51.141	11.8
25.89	-9.473	-51.141	21.3
25.9	-9.437	-51.141	0.5
25.91	-9.407	-51.141	-17.1
25.92	-9.382	-51.141	38.1
25.93	-9.363	-51.141	30.4
25.94	-9.351	-51.141	12.1
25.95	-9.346	-51.122	38.9
25.96	-9.344	-50.305	47.6
25.97	-9.348	-42.728	83.4
25.98	-9.359	-21.945	95.8
25.99	-9.383	6.720	101.9
26.0	-9.414	32.297	107.0
26.01	-9.447	46.953	182.8
26.02	-9.477	50.897	154.1
26.03	-9.502	51.083	171.8
26.04	-9.522	49.950	152.0
26.05	-9.539	44.498	94.3
26.06	-9.554	33.048	56.7
26.07	-9.566	17.383	11.0
26.08	-9.576	0.563	-24.6
26.09	-9.586	-12.611	-8.3
26.1	-9.594	-18.659	-40.7
26.11	-9.601	-20.228	-30.0
26.12	-9.606	-21.833	-57.6
26.13	-9.603	-24.455	-40.1
26.14	-9.596	-27.386	-13.5
26.15	-9.584	-29.963	-45.6
26.16	-9.568	-31.575	-70.7
26.17	-9.546	-32.495	-19.8
26.18	-9.523	-33.670	-40.4
26.19	-9.501	-35.622	-50.8
26.2	-9.480	-38.003	-18.2
26.21	-9.457	-39.858	-2.3
26.22	-9.432	-40.469	-43.3
26.23	-9.406	-39.694	-39.0
26.24	-9.379	-37.642	-41.6
26.25	-9.348	-34.944	-12.9
26.26	-9.316	-32.511	-54.8
26.27	-9.281	-30.842	-53.6
26.28	-9.246	-29.598	4.5
26.29	-9.214	-27.153	-18.8
26.3	-9.187	-24.275	-71.7
26.31	-9.161	-25.673	-19.9
26.32	-9.133	-30.441	-18.1
26.33	-9.105	-31.392	-7.3
26.34	-9.077	-27.864	-46.5
26.35	-9.049	-25.277	-41.3
26.36	-9.023	-24.623	-39.7
26.37	-8.998	-23.473	-32.7
26.38	-8.978	-21.252	-28.1
26.39	-8.957	-18.688	-10.3
26.4	-8.938	-15.928	-45.7
26.41	-8.920	-14.480	-41.3
26.42	-8.906	-16.348	-11.7
26.43	-8.894	-19.775	-18.1
26.44	-8.883	-23.477	-37.0
26.45	-8.873	-28.394	-14.3
26.46	-8.863	-33.744	-13.6
26.47	-8.854	-38.258	-3.9
26.48	-8.847	-41.134	-24.1
26.49	-8.840	-41.447	-0.5
26.5	-8.834	-39.714	-10.6
26.51	-8.829	-37.972	7.7
26.52	-8.823	-36.839	0.4
26.53	-8.812	-35.256	13.8
26.54	-8.797	-32.781	-2.5
26.55	-8.779	-29.764	-9.8
26.56	-8.761	-27.148	-32.0
26.57	-8.744	-25.431	-21.1
26.58	-8.730	-23.538	-26.0
26.59	-8.719	-20.780	-13.0
26.6	-8.708	-18.545	-37.8
26.61	-8.697	-17.916	14.9
26.62	-8.686	-18.578	-23.2
26.63	-8.676	-20.005	12.0
26.64	-8.662	-21.375	160.8
26.65	-8.644	-21.780	140.5
26.66	-8.624	-21.120	167.7
26.67	-8.607	-20.298	48.8
26.68	-8.595	-20.142	-64.3
26.69	-8.589	-20.580	13.6
26.7	-8.587	-20.992	-26.2
26.71	-8.583	-20.844	6.8
26.72	-8.571	-20.155	-10.0
26.73	-8.553	-19.448	-7.1
26.74	-8.533	-19.383	-25.8
26.75	-8.517	-20.620	4.0
26.76	-8.501	-22.702	21.2
26.77	-8.487	-23.761	-1.2
26.78	-8.473	-22.680	-19.1
26.79	-8.463	-19.441	27.4
26.8	-8.455	-12.739	41.3
26.81	-8.449	0.542	58.5
26.82	-8.446	21.094	28.6
26.83	-8.445	40.578	108.1
26.84	-8.445	49.672	73.8
26.85	-8.445	51.108	68.6
26.86	-8.443	51.134	154.2
26.87	-8.440	51.139	172.8
26.88	-8.434	51.139	120.9
26.89	-8.426	51.139	168.9
26.9	-8.413	51.139	130.8
26.91	-8.399	51.130	42.7
26.92	-8.384	50.959	78.0
26.93	-8.370	48.264	19.9
26.94	-8.357	38.831	-8.3
26.95	-8.344	24.017	-23.0
26.96	-8.333	9.527	-78.0
26.97	-8.324	-2.634	-2.7
26.98	-8.315	-12.883	-51.5
26.99	-8.303	-21.216	-31.3
27.0	-8.289	-27.808	-61.7
27.01	-8.278	-32.739	-59.8
27.02	-8.269	-36.414	-28.3
27.03	-8.262	-39.845	-60.9
27.04	-8.260	-43.622	-39.0
27.05	-8.268	-47.548	-23.6
27.06	-8.291	-50.242	-45.0
27.07	-8.326	-51.078	-54.9
27.08	-8.359	-51.138	-47.7
27.09	-8.382	-51.139	6.4
27.1	-8.391	-51.133	-56.3
27.11	-8.382	-50.753	-48.5
27.12	-8.357	-48.209	-53.1
27.13	-8.325	-42.047	-26.3
27.14	-8.293	-33.333	-29.9
27.15	-8.266	-23.816	-32.2
27.16	-8.246	-14.745	-31.6
27.17	-8.229	-7.103	-45.0
27.18	-8.214	-1.928	-33.4
27.19	-8.200	0.267	-15.1
27.2	-8.189	0.386	-47.1
27.21	-8.179	-0.150	-26.1
27.22	-8.169	-0.795	-50.1
27.23	-8.160	-2.314	-10.7
27.24	-8.151	-5.236	-26.5
27.25	-8.142	-9.075	-32.4
27.26	-8.133	-13.005	-29.4
27.27	-8.123	-16.184	-20.4
27.28	-8.112	-18.275	-44.7
27.29	-8.096	-19.791	-31.0
27.3	-8.079	-21.623	-18.2
27.31	-8.064	-24.058	-3.1
27.32	-8.053	-26.414	-28.2
27.33	-8.038	-28.022	-9.4
27.34	-8.019	-28.644	2.2
27.35	-7.999	-27.950	28.8
27.36	-7.982	-25.927	3.9
27.37	-7.972	-23.911	6.8
27.38	-7.971	-23.700	-24.0
27.39	-7.977	-25.470	-9.7
27.4	-7.991	-27.939	-28.9
27.41	-8.014	-30.008	-37.1
27.42	-8.043	-31.083	-26.2
27.43	-8.073	-30.916	-11.6
27.44	-8.095	-29.909	-45.5
27.45	-8.109	-28.528	-8.0
27.46	-8.116	-26.830	15.5
27.47	-8.112	-24.977	-16.4
27.48	-8.085	-22.953	134.5
27.49	-8.038	-20.517	190.1
27.5	-7.986	-17.714	192.6
27.51	-7.944	-15.091	127.2
27.52	-7.918	-13.366	-73.0
27.53	-7.902	-12.727	-10.8
27.54	-7.895	-12.731	-10.7
27.55	-7.889	-13.103	5.8
27.56	-7.878	-13.452	-11.9
27.57	-7.861	-13.359	-23.8
27.58	-7.839	-13.205	6.8
27.59	-7.818	-13.241	12.3
27.6	-7.798	-13.364	-22.0
27.61	-7.781	-13.725	20.2
27.62	-7.766	-14.772	16.5
27.63	-7.751	-16.092	44.4
27.64	-7.736	-14.739	31.5
27.65	-7.723	-6.761	39.0
27.66	-7.710	9.644	57.8
27.67	-7.699	30.586	90.5
27.68	-7.688	45.745	103.4
27.69	-7.678	50.697	106.0
27.7	-7.668	51.122	102.5
27.71	-7.661	51.139	174.9
27.72	-7.657	51.139	163.7
27.73	-7.657	51.139	163.2
27.74	-7.659	51.138	129.8
27.75	-7.664	51.127	103.2
27.76	-7.673	50.492	63.3
27.77	-7.686	45.413	0.6
27.78	-7.703	32.259	-28.5
27.79	-7.725	14.305	0.9
27.8	-7.750	-3.356	-40.7
27.81	-7.777	-18.814	-49.0
27.82	-7.804	-31.209	-82.4
27.83	-7.831	-40.308	-44.7
27.84	-7.854	-46.508	-38.3
27.85	-7.878	-49.934	-48.2
27.86	-7.902	-51.025	-57.8
27.87	-7.923	-51.139	-33.8
27.88	-7.938	-51.141	-40.3
27.89	-7.947	-51.141	-39.8
27.9	-7.951	-51.141	-65.7
27.91	-7.950	-51.141	-30.7
27.92	-7.946	-51.138	-2.6
27.93	-7.943	-51.025	-4.0
27.94	-7.942	-49.845	-32.1
27.95	-7.944	-46.273	-24.8
27.96	-7.947	-40.756	-39.7
27.97	-7.949	-34.561	-34.7
27.98	-7.946	-28.023	-72.3
27.99	-7.938	-21.309	-23.3
28.0	-7.928	-14.905	-36.3
28.01	-7.919	-9.263	-49.3
28.02	-7.911	-4.722	-57.1
28.03	-7.906	-1.522	-38.1
28.04	-7.905	0.230	-44.5
28.05	-7.908	0.106	-23.3
28.06	-7.914	-1.888	-39.4
28.07	-7.923	-4.727	-57.1
28.08	-7.934	-7.728	-49.0
28.09	-7.947	-10.761	-21.4
28.1	-7.963	-13.642	-23.3
28.11	-7.981	-16.406	-15.6
28.12	-7.999	-19.172	-64.7
28.13	-8.016	-21.833	-19.2
28.14	-8.031	-24.213	-24.6
28.15	-8.043	-26.281	-54.3
28.16	-8.052	-27.955	-10.9
28.17	-8.060	-29.169	-5.1
28.18	-8.066	-30.055	-12.3
28.19	-8.072	-30.552	13.6
28.2	-8.076	-30.550	-14.0
28.21	-8.078	-30.263	-16.8
28.22	-8.070	-30.063	-65.2
28.23	-8.045	-30.180	-43.9
28.24	-8.002	-30.317	-42.8
28.25	-7.952	-30.053	-39.9
28.26	-7.907	-29.313	-26.8
28.27	-7.875	-28.067	-56.9
28.28	-7.853	-26.748	0.4
28.29	-7.841	-25.920	-24.3
28.3	-7.831	-25.442	13.6
28.31	-7.821	-25.191	200.8
28.32	-7.808	-25.344	167.7
28.33	-7.797	-25.725	182.6
28.34	-7.791	-25.820	-28.5
28.35	-7.787	-25.533	-80.3
28.36	-7.788	-25.289	-6.0
28.37	-7.795	-25.336	-14.7
28.38	-7.800	-25.525	-30.5
28.39	-7.796	-25.670	-10.7
28.4	-7.784	-25.794	-32.3
28.41	-7.768	-25.956	-10.9
28.42	-7.755	-25.980	-7.4
28.43	-7.746	-25.758	-10.5
28.44	-7.736	-25.381	-18.8
28.45	-7.724	-24.720	4.6
28.46	-7.713	-23.122	27.9
28.47	-7.702	-18.466	37.4
28.48	-7.692	-7.011	31.8
28.49	-7.685	13.153	58.9
28.5	-7.678	35.294	87.3
28.51	-7.672	48.061	103.2
28.52	-7.669	51.008	98.7
28.53	-7.668	51.133	138.2
28.54	-7.669	51.139	118.6
28.55	-7.669	51.139	174.5
28.56	-7.670	51.139	164.9
28.57	-7.669	51.136	108.5
28.58	-7.666	51.117	92.6
28.59	-7.659	50.163	48.8
28.6	-7.650	44.088	-11.8
28.61	-7.641	30.111	-21.6
28.62	-7.635	12.286	-48.5
28.63	-7.633	-4.713	-59.0
28.64	-7.632	-19.453	-71.6
28.65	-7.633	-31.448	-42.6
28.66	-7.635	-40.564	-42.6
28.67	-7.638	-46.733	-43.8
28.68	-7.642	-49.973	-69.9
28.69	-7.645	-51.013	-45.4
28.7	-7.647	-51.139	-45.7
28.71	-7.647	-51.141	-55.8
28.72	-7.648	-51.141	-55.1
28.73	-7.650	-51.141	-16.8
28.74	-7.653	-51.141	-53.1
28.75	-7.658	-51.139	-27.4
28.76	-7.664	-51.102	-38.3
28.77	-7.673	-50.284	-47.7
28.78	-7.686	-46.816	-42.3
28.79	-7.704	-40.538	-34.2
28.8	-7.727	-33.439	-51.2
28.81	-7.757	-26.541	-37.1
28.82	-7.793	-19.925	-32.8
28.83	-7.833	-13.716	-34.8
28.84	-7.871	-8.216	-43.5
28.85	-7.907	-3.872	-39.0
28.86	-7.943	-0.895	-53.1
28.87	-7.979	0.578	-39.1
28.88	-8.018	0.294	-67.5
28.89	-8.054	-1.698	-47.8
28.9	-8.084	-4.942	-48.0
28.91	-8.107	-9.030	-13.0
28.92	-8.124	-13.653	-35.8
28.93	-8.137	-18.148	-61.3
28.94	-8.149	-21.753	-40.0
28.95	-8.161	-24.247	-12.9
28.96	-8.171	-25.923	-59.8
28.97	-8.182	-27.025	-36.3
28.98	-8.193	-27.539	-22.5
28.99	-8.206	-27.464	-9.4
29.0	-8.221	-26.706	-12.3
29.01	-8.232	-25.467	-17.9
29.02	-8.240	-24.427	-7.1
29.03	-8.243	-23.800	-7.7
29.04	-8.240	-23.392	-58.7
29.05	-8.231	-23.484	-35.1
29.06	-8.214	-24.344	-28.8
29.07	-8.196	-25.452	-38.3
29.08	-8.182	-25.983	-60.0
29.09	-8.175	-25.794	-26.3
29.1	-8.172	-25.247	17.6
29.11	-8.172	-24.420	-46.0
29.12	-8.175	-23.345	21.3
29.13	-8.178	-22.158	209.7
29.14	-8.176	-20.680	204.8
29.15	-8.171	-18.819	161.6
29.16	-8.167	-17.137	-64.0
29.17	-8.162	-16.288	-48.5
29.18	-8.157	-16.297	-9.9
29.19	-8.148	-16.303	-29.7
29.2	-8.133	-15.380	-13.3
29.21	-8.109	-13.920	-16.4
29.22	-8.075	-12.950	-0.5
29.23	-8.035	-12.870	-0.4
29.24	-7.996	-13.258	-29.3
29.25	-7.961	-13.516	-16.7
29.26	-7.930	-13.550	12.7
29.27	-7.904	-13.200	34.6
29.28	-7.885	-11.336	3.7
29.29	-7.873	-5.552	47.1
29.3	-7.866	7.436	60.9
29.31	-7.866	27.158	71.6
29.32	-7.869	43.897	64.4
29.33	-7.876	50.380	115.0
29.34	-7.881	51.122	125.0
29.35	-7.883	51.139	152.2
29.36	-7.883	51.139	154.9
29.37	-7.880	51.139	160.8
29.38	-7.876	51.136	174.3
29.39	-7.874	51.102	128.8
29.4	-7.871	49.984	84.7
29.41	-7.868	43.880	27.7
29.42	-7.863	30.777	-29.6
29.43	-7.858	14.058	-12.0
29.44	-7.854	-2.923	-59.1
29.45	-7.850	-19.077	-53.7
29.46	-7.844	-33.678	-71.0
29.47	-7.836	-44.656	-61.6
29.48	-7.826	-49.936	-58.0
29.49	-7.815	-51.088	-60.4
29.5	-7.805	-51.138	-73.4
29.51	-7.798	-51.141	-49.6
29.52	-7.791	-51.141	-44.2
29.53	-7.783	-51.141	-40.2
29.54	-7.777	-51.141	-59.6
29.55	-7.771	-51.141	-38.5
29.56	-7.767	-51.141	-50.9
29.57	-7.766	-51.139	-38.4
29.58	-7.771	-51.089	-56.1
29.59	-7.783	-50.072	-43.4
29.6	-7.804	-45.942	-43.0
29.61	-7.830	-38.455	-38.2
29.62	-7.860	-30.217	-52.5
29.63	-7.891	-23.447	-42.7
29.64	-7.920	-18.611	-44.9
29.65	-7.941	-15.039	-26.2
29.66	-7.953	-11.511	-43.3
29.67	-7.953	-7.813	-50.8
29.68	-7.943	-4.948	-52.0
29.69	-7.929	-3.158	-30.7
29.7	-7.914	-2.525	-46.0
29.71	-7.901	-3.322	-40.3
29.72	-7.889	-4.661	-28.6
29.73	-7.879	-5.291	-5.9
29.74	-7.868	-5.381	-42.1
29.75	-7.857	-5.920	-29.5
29.76	-7.846	-6.780	-26.7
29.77	-7.836	-7.955	-23.3
29.78	-7.827	-10.002	-22.9
29.79	-7.819	-11.803	7.3
29.8	-7.812	-10.470	-2.2
29.81	-7.806	-6.366	-11.1
29.82	-7.803	-2.792	-7.8
29.83	-7.801	0.139	9.8
29.84	-7.799	4.334	-27.8
29.85	-7.799	9.792	-28.2
29.86	-7.801	11.878	-38.6
29.87	-7.810	4.561	-24.5
29.88	-7.829	-10.181	-16.8
29.89	-7.857	-23.944	-37.7
29.9	-7.895	-33.181	7.2
29.91	-7.939	-40.044	6.0
29.92	-7.981	-45.303	18.1
29.93	-8.018	-48.525	202.6
29.94	-8.045	-49.911	164.1
29.95	-8.062	-49.014	156.7
29.96	-8.071	-46.061	-24.1
29.97	-8.080	-42.748	-73.8
29.98	-8.092	-41.872	9.5
29.99	-8.109	-45.075	-16.5
30.0	-8.123	-49.225	0.8
30.01	-8.126	-50.956	6.5
30.02	-8.118	-51.134	-8.8
30.03	-8.101	-51.141	5.8
30.04	-8.079	-51.141	3.0
30.05	-8.058	-51.141	15.4
30.06	-8.036	-51.141	25.3
30.07	-8.016	-51.141	41.6
30.08	-7.994	-51.141	32.6
30.09	-7.972	-51.133	46.1
30.1	-7.947	-50.969	58.0
30.11	-7.922	-47.377	85.4
30.12	-7.898	-32.302	99.0
30.13	-7.878	-5.419	133.6
30.14	-7.862	22.367	133.1
30.15	-7.855	41.620	174.2
30.16	-7.855	49.702	183.2
30.17	-7.861	51.095	200.8
30.18	-7.871	51.136	193.0
30.19	-7.883	51.134	153.8
30.2	-7.891	51.052	100.4
30.21	-7.891	49.380	85.0
30.22	-7.884	42.842	11.0
30.23	-7.876	31.322	-25.2
30.24	-7.869	18.170	-45.3
30.25	-7.868	5.258	-57.3
30.26	-7.869	-6.427	-40.2
30.27	-7.871	-15.700	-4.9
30.28	-7.873	-22.627	-39.6
30.29	-7.876	-28.191	-22.0
30.3	-7.884	-32.884	-36.0
30.31	-7.895	-36.814	-20.4
30.32	-7.907	-40.192	-23.9
30.33	-7.915	-43.100	-19.0
30.34	-7.916	-45.313	-30.7
30.35	-7.911	-46.508	-18.7
30.36	-7.904	-46.461	-34.1
30.37	-7.899	-45.103	-9.8
30.38	-7.898	-42.594	-13.9
30.39	-7.900	-39.338	-19.0
30.4	-7.905	-35.741	-23.3
30.41	-7.910	-31.906	-8.4
30.42	-7.913	-27.717	-15.0
30.43	-7.911	-23.052	-13.3
30.44	-7.906	-17.681	-32.5
30.45	-7.901	-11.638	-10.2
30.46	-7.894	-5.509	-26.6
30.47	-7.889	0.002	-21.6
30.48	-7.886	4.094	-28.0
30.49	-7.884	6.055	-14.0
30.5	-7.886	6.109	-28.8
30.51	-7.888	5.019	-12.4
30.52	-7.889	3.113	-13.9
30.53	-7.889	0.442	-12.7
30.54	-7.888	-2.934	-13.3
30.55	-7.886	-6.859	-7.5
30.56	-7.888	-10.939	-4.8
30.57	-7.896	-14.644	9.5
30.58	-7.910	-17.659	-13.5
30.59	-7.929	-20.119	25.6
30.6	-7.950	-22.334	15.0
30.61	-7.968	-24.425	-6.5
30.62	-7.979	-26.253	-44.7
30.63	-7.981	-27.664	-33.0
30.64	-7.978	-28.559	-28.5
30.65	-7.977	-28.794	-20.5
30.66	-7.982	-28.506	-15.3
30.67	-7.991	-28.017	-29.6
30.68	-7.999	-27.358	17.3
30.69	-8.004	-26.558	4.0
30.7	-7.998	-25.795	52.6
30.71	-7.976	-25.152	252.7
30.72	-7.951	-24.602	248.7
30.73	-7.937	-24.103	212.6
30.74	-7.935	-23.630	-28.8
30.75	-7.940	-23.156	-46.2
30.76	-7.951	-22.689	10.2
30.77	-7.968	-22.273	-9.2
30.78	-7.982	-21.952	0.5
30.79	-7.986	-21.683	2.1
30.8	-7.979	-21.347	1.1
30.81	-7.965	-20.892	12.2
30.82	-7.953	-20.298	16.8
30.83	-7.947	-19.941	28.1
30.84	-7.946	-20.283	12.3
30.85	-7.946	-20.802	34.1
30.86	-7.942	-20.745	32.3
30.87	-7.936	-19.552	62.6
30.88	-7.931	-15.216	72.0
30.89	-7.926	-4.183	91.2
30.9	-7.922	14.938	103.3
30.91	-7.919	35.791	134.8
30.92	-7.916	48.033	150.9
30.93	-7.913	50.995	178.7
30.94	-7.911	51.131	186.3
30.95	-7.911	51.139	202.6
30.96	-7.910	51.139	169.4
30.97	-7.910	51.139	164.2
30.98	-7.911	51.134	112.0
30.99	-7.911	51.050	62.7
31.0	-7.915	49.294	26.0
31.01	-7.921	42.245	6.6
31.02	-7.928	29.720	-26.2
31.03	-7.936	15.614	-29.1
31.04	-7.942	2.205	-44.4
31.05	-7.946	-10.030	-32.2
31.06	-7.951	-20.791	-44.6
31.07	-7.956	-29.980	-31.9
31.08	-7.961	-37.670	-30.4
31.09	-7.966	-43.925	-34.8
31.1	-7.971	-48.416	-46.4
31.11	-7.976	-50.620	-38.7
31.12	-7.979	-51.117	-40.9
31.13	-7.979	-51.139	-11.1
31.14	-7.974	-51.141	-43.3
31.15	-7.966	-51.138	-35.3
31.16	-7.958	-50.917	-38.6
31.17	-7.949	-49.263	-30.7
31.18	-7.942	-44.914	-35.5
31.19	-7.940	-38.511	-32.5
31.2	-7.942	-31.345	-42.7
31.21	-7.946	-23.944	-35.0
31.22	-7.948	-16.697	-55.2
31.23	-7.949	-10.094	-42.0
31.24	-7.949	-4.567	-46.7
31.25	-7.948	-0.442	-35.3
31.26	-7.946	2.128	-42.8
31.27	-7.942	3.252	-31.1
31.28	-7.941	3.194	-40.1
31.29	-7.941	2.328	-28.0
31.3	-7.943	0.950	-29.5
31.31	-7.947	-0.942	-33.3
31.32	-7.951	-3.223	-38.6
31.33	-7.954	-5.756	2.8
31.34	-7.956	-8.680	-21.3
31.35	-7.958	-11.863	12.1
31.36	-7.959	-14.944	6.7
31.37	-7.961	-17.764	-29.7
31.38	-7.963	-20.325	-45.0
31.39	-7.965	-22.686	-35.5
31.4	-7.967	-24.775	-41.4
31.41	-7.969	-26.388	-33.9
31.42	-7.969	-27.484	-35.0
31.43	-7.968	-28.202	-38.0
31.44	-7.968	-28.650	2.2
31.45	-7.968	-28.961	-17.9
31.46	-7.969	-29.278	69.0
31.47	-7.967	-29.523	259.8
31.48	-7.963	-29.536	230.5
31.49	-7.958	-29.348	168.3
31.5	-7.953	-29.041	-65.3
31.51	-7.949	-28.647	-52.4
31.52	-7.946	-28.180	-1.8
31.53	-7.946	-27.634	-29.7
31.54	-7.947	-27.017	-27.5
31.55	-7.944	-26.167	-22.5
31.56	-7.934	-24.555	-22.2
31.57	-7.923	-22.769	9.0
31.58	-7.916	-21.823	-8.0
31.59	-7.914	-21.014	13.3
31.6	-7.909	-20.398	16.6
31.61	-7.902	-20.995	8.3
31.62	-7.893	-22.277	22.0
31.63	-7.881	-22.825	41.2
31.64	-7.867	-20.308	37.7
31.65	-7.851	-11.581	79.2
31.66	-7.838	4.384	92.3
31.67	-7.831	24.794	114.5
31.68	-7.824	42.063	135.3
31.69	-7.813	49.834	164.0
31.7	-7.801	51.105	163.3
31.71	-7.791	51.136	183.4
31.72	-7.782	51.139	156.7
31.73	-7.776	51.136	136.4
31.74	-7.773	51.102	72.8
31.75	-7.773	50.028	39.9
31.76	-7.776	44.381	-8.5
31.77	-7.786	32.791	-48.9
31.78	-7.799	19.019	-46.4
31.79	-7.817	6.156	-42.3
31.8	-7.839	-4.797	-72.2
31.81	-7.861	-12.855	-66.7
31.82	-7.884	-16.348	-58.6
31.83	-7.907	-14.353	-41.5
31.84	-7.929	-9.548	-66.2
31.85	-7.951	-5.458	-42.7
31.86	-7.973	-3.955	-76.5
31.87	-7.994	-5.973	-57.4
31.88	-8.015	-11.152	-51.0
31.89	-8.034	-17.781	-40.1
31.9	-8.051	-23.800	-60.8
31.91	-8.064	-28.531	-27.8
31.92	-8.077	-32.294	-46.2
31.93	-8.088	-35.050	-54.7
31.94	-8.098	-36.008	-57.6
31.95	-8.107	-34.248	-77.5
31.96	-8.116	-30.338	-55.9
31.97	-8.124	-25.302	-41.3
31.98	-8.129	-19.819	-63.3
31.99	-8.135	-14.831	-39.3
32.0	-8.140	-10.908	-48.3
32.01	-8.144	-7.792	-37.1
32.02	-8.149	-4.155	-51.4
32.03	-8.154	-0.178	-51.4
32.04	-8.159	2.844	-60.5
32.05	-8.164	4.552	-31.8
32.06	-8.169	4.294	-38.4
32.07	-8.171	1.934	-32.1
32.08	-8.174	-1.536	-43.6
32.09	-8.177	-5.570	-21.1
32.1	-8.181	-10.436	-28.8
32.11	-8.186	-15.280	-6.9
32.12	-8.191	-19.080	-18.6
32.13	-8.197	-22.211	-44.2
32.14	-8.206	-24.748	-62.7
32.15	-8.218	-26.164	-32.6
32.16	-8.234	-26.688	-65.6
32.17	-8.252	-26.980	-48.5
32.18	-8.275	-27.419	-47.7
32.19	-8.299	-28.017	-13.8
32.2	-8.326	-28.334	-44.5
32.21	-8.352	-27.905	27.1
32.22	-8.376	-26.769	229.3
32.23	-8.397	-25.494	251.2
32.24	-8.415	-24.438	177.8
32.25	-8.431	-23.480	-7.4
32.26	-8.444	-22.653	-109.3
32.27	-8.456	-22.170	-12.3
32.28	-8.465	-21.595	-27.8
32.29	-8.470	-20.416	-24.1
32.3	-8.466	-18.450	-18.0
32.31	-8.447	-15.678	-13.4
32.32	-8.417	-13.081	-12.2
32.33	-8.384	-11.923	-4.8
32.34	-8.359	-12.500	6.5
32.35	-8.342	-13.886	9.6
32.36	-8.334	-14.491	28.7
32.37	-8.334	-13.159	85.9
32.38	-8.342	-8.819	-2.7
32.39	-8.353	0.213	17.4
32.4	-8.357	15.572	89.8
32.41	-8.356	34.281	54.4
32.42	-8.351	47.108	79.9
32.43	-8.348	50.884	163.3
32.44	-8.346	51.127	163.0
32.45	-8.348	51.139	184.9
32.46	-8.350	51.139	163.6
32.47	-8.353	51.139	213.7
32.48	-8.356	51.139	132.9
32.49	-8.357	51.130	85.5
32.5	-8.356	50.805	100.2
32.51	-8.353	47.623	-24.5
32.52	-8.346	38.736	-56.1
32.53	-8.334	26.602	-1.7
32.54	-8.318	15.203	-60.1
32.55	-8.303	5.420	-36.3
32.56	-8.289	-2.491	-49.3
32.57	-8.278	-7.992	-99.1
32.58	-8.272	-12.545	-68.8
32.59	-8.268	-17.680	-27.5
32.6	-8.266	-23.333	-39.9
32.61	-8.264	-30.484	-26.0
32.62	-8.262	-39.325	-113.2
32.63	-8.262	-46.878	-14.2
32.64	-8.264	-50.422	-8.6
32.65	-8.265	-51.080	-115.3
32.66	-8.267	-50.552	-75.9
32.67	-8.267	-48.542	-25.0
32.68	-8.264	-44.805	-34.7
32.69	-8.258	-39.536	-32.5
32.7	-8.252	-32.633	-57.4
32.71	-8.246	-24.661	-39.5
32.72	-8.239	-17.012	-53.3
32.73	-8.232	-10.702	-44.8
32.74	-8.228	-5.986	-39.5
32.75	-8.226	-2.578	-40.4
32.76	-8.231	-0.284	-54.9
32.77	-8.239	0.833	-48.1
32.78	-8.248	0.773	-54.2
32.79	-8.250	-0.173	-17.4
32.8	-8.249	-2.359	-57.9
32.81	-8.247	-6.844	-53.1
32.82	-8.246	-12.433	-26.4
32.83	-8.244	-16.467	-19.7
32.84	-8.238	-18.364	-0.4
32.85	-8.229	-19.127	-34.0
32.86	-8.221	-20.547	-53.4
32.87	-8.216	-23.366	-7.6
32.88	-8.214	-26.722	-74.2
32.89	-8.210	-30.044	-65.5
32.9	-8.204	-32.792	-69.7
32.91	-8.198	-34.703	-48.6
32.92	-8.193	-36.008	-46.3
32.93	-8.192	-36.122	-0.7
32.94	-8.193	-35.239	-86.3
32.95	-8.196	-34.486	33.3
32.96	-8.196	-32.920	270.5
32.97	-8.197	-30.217	253.8
32.98	-8.199	-27.442	111.8
32.99	-8.201	-24.144	-108.0
33.0	-8.203	-19.656	-71.6
33.01	-8.207	-14.616	-7.1
33.02	-8.211	-10.517	-68.8
33.03	-8.214	-8.605	-12.8
33.04	-8.213	-8.722	-18.9
33.05	-8.206	-10.289	-33.1
33.06	-8.199	-13.314	-49.1
33.07	-8.195	-16.781	-28.4
33.08	-8.192	-18.891	-9.3
33.09	-8.189	-19.434	-19.9
33.1	-8.187	-19.209	16.7
33.11	-8.183	-17.680	37.6
33.12	-8.178	-12.736	-11.3
33.13	-8.170	-1.334	39.8
33.14	-8.162	17.852	68.0
33.15	-8.156	37.916	91.3
33.16	-8.148	48.767	114.9
33.17	-8.141	51.052	125.6
33.18	-8.132	51.134	153.4
33.19	-8.124	51.139	206.5
