Interval=	0.01 s
ExcelDateTime=	3.9773409904742199e+004	21/11/2008 9:50:15.769726
TimeFormat=	StartOfBlock
ChannelTitle=	Channel 1	Channel 2	Channel 3
Range=	20.000 mV	50.000 mV	500.0 µV
0.0	-8.182	-14.647	-81.5
0.01	-8.189	-8.789	-31.3
0.02	-8.195	-3.925	-103.5
0.03	-8.201	-0.667	-43.7
0.04	-8.205	0.747	-73.3
0.05	-8.210	0.413	-51.6
0.06	-8.214	-1.394	-54.5
0.07	-8.218	-4.213	-58.8
0.08	-8.223	-7.577	-67.7
0.09	-8.227	-11.211	-39.9
0.1	-8.232	-15.023	-52.5
0.11	-8.237	-18.930	-52.8
0.12	-8.242	-22.673	-59.8
0.13	-8.249	-26.033	-42.1
0.14	-8.257	-28.917	-47.5
0.15	-8.267	-31.263	-31.3
0.16	-8.279	-33.094	-27.3
0.17	-8.292	-34.527	-11.1
0.18	-8.306	-35.633	-27.5
0.19	-8.320	-36.473	-8.1
0.2	-8.334	-37.059	-29.6
0.21	-8.349	-37.380	-61.5
0.22	-8.362	-37.422	-64.7
0.23	-8.375	-37.206	-19.9
0.24	-8.387	-36.864	-76.0
0.25	-8.399	-36.494	-52.0
0.26	-8.410	-36.177	-60.7
0.27	-8.421	-36.008	-38.9
0.28	-8.435	-35.880	-22.5
0.29	-8.449	-35.534	-54.2
0.3	-8.461	-34.800	132.2
0.31	-8.468	-33.667	249.0
0.32	-8.476	-32.089	232.4
0.33	-8.490	-30.175	74.1
0.34	-8.507	-28.475	-113.1
0.35	-8.526	-27.491	-23.4
0.36	-8.548	-27.070	-44.9
0.37	-8.569	-26.816	-47.4
0.38	-8.586	-26.509	-55.3
0.39	-8.595	-26.020	-12.3
0.4	-8.601	-25.492	-29.4
0.41	-8.604	-25.300	-19.7
0.42	-8.607	-25.553	-16.1
0.43	-8.612	-26.144	-13.7
0.44	-8.617	-26.761	-14.7
0.45	-8.624	-26.256	9.8
0.46	-8.633	-21.655	19.6
0.47	-8.643	-8.008	30.7
0.48	-8.653	16.113	24.4
0.49	-8.664	39.331	80.8
0.5	-8.676	49.672	96.3
0.51	-8.688	51.116	118.9
0.52	-8.699	51.136	132.2
0.53	-8.711	51.139	172.2
0.54	-8.722	51.139	163.5
0.55	-8.734	51.139	151.0
0.56	-8.746	51.130	128.6
0.57	-8.760	50.813	95.1
0.58	-8.774	47.433	33.3
0.59	-8.789	37.148	-0.5
0.6	-8.803	21.678	-34.5
0.61	-8.819	5.694	-49.3
0.62	-8.837	-8.869	-90.7
0.63	-8.856	-21.466	-59.5
0.64	-8.876	-31.853	-65.0
0.65	-8.893	-39.947	-64.8
0.66	-8.909	-45.827	-73.0
0.67	-8.926	-49.433	-66.4
0.68	-8.944	-50.877	-69.1
0.69	-8.961	-51.131	-54.6
0.7	-8.979	-51.141	-74.7
0.71	-8.995	-51.141	-62.7
0.72	-9.011	-51.141	-62.6
0.73	-9.027	-51.139	-50.7
0.74	-9.044	-51.119	-67.6
0.75	-9.061	-50.483	-28.0
0.76	-9.080	-47.133	-52.9
0.77	-9.099	-40.067	-42.6
0.78	-9.116	-31.247	-43.4
0.79	-9.133	-22.545	-48.7
0.8	-9.148	-14.489	-47.0
0.81	-9.163	-7.189	-39.8
0.82	-9.174	-0.777	-50.1
0.83	-9.184	4.233	-34.6
0.84	-9.195	7.169	-40.3
0.85	-9.205	7.670	-28.2
0.86	-9.216	5.916	-44.8
0.87	-9.228	2.583	-35.4
0.88	-9.239	-1.545	-48.3
0.89	-9.250	-5.988	-23.9
0.9	-9.261	-10.648	-34.8
0.91	-9.273	-15.527	-27.5
0.92	-9.285	-20.248	-41.0
0.93	-9.301	-24.277	-18.3
0.94	-9.317	-27.448	-4.7
0.95	-9.334	-29.769	2.6
0.96	-9.349	-31.444	-5.9
0.97	-9.363	-33.091	18.4
0.98	-9.377	-34.891	-14.1
0.99	-9.389	-36.317	-28.6
1.0	-9.398	-36.944	-46.6
1.01	-9.408	-36.742	-40.4
1.02	-9.418	-36.094	-44.6
1.03	-9.429	-35.536	-20.4
1.04	-9.441	-35.258	-32.7
1.05	-9.454	-35.063	-37.0
1.06	-9.468	-34.516	14.5
1.07	-9.481	-33.253	-39.8
1.08	-9.490	-31.520	27.7
1.09	-9.495	-29.891	214.7
1.1	-9.498	-28.516	175.5
1.11	-9.504	-27.322	114.3
1.12	-9.515	-26.377	-82.0
1.13	-9.527	-25.705	-49.6
1.14	-9.539	-25.167	4.5
1.15	-9.549	-24.698	-23.6
1.16	-9.554	-24.450	-27.5
1.17	-9.549	-24.475	-13.1
1.18	-9.537	-24.541	3.3
1.19	-9.521	-24.461	0.6
1.2	-9.510	-24.486	-19.4
1.21	-9.505	-25.023	19.8
1.22	-9.503	-26.114	7.5
1.23	-9.504	-27.248	21.3
1.24	-9.505	-27.022	21.7
1.25	-9.505	-22.456	36.8
1.26	-9.505	-9.263	50.2
1.27	-9.504	13.925	66.4
1.28	-9.502	37.414	71.8
1.29	-9.501	49.048	117.7
1.3	-9.499	51.080	133.7
1.31	-9.498	51.133	162.7
1.32	-9.497	51.139	166.9
1.33	-9.497	51.139	168.5
1.34	-9.498	51.136	133.9
1.35	-9.499	51.114	123.5
1.36	-9.501	50.173	59.0
1.37	-9.502	44.491	21.6
1.38	-9.506	31.963	-10.5
1.39	-9.513	16.436	-45.2
1.4	-9.523	1.513	-66.3
1.41	-9.532	-12.163	-50.9
1.42	-9.536	-24.297	-68.8
1.43	-9.534	-34.397	-47.5
1.44	-9.532	-41.939	-66.1
1.45	-9.529	-46.952	-58.0
1.46	-9.523	-49.848	-60.2
1.47	-9.516	-50.970	-52.5
1.48	-9.508	-51.138	-59.6
1.49	-9.501	-51.141	-50.6
1.5	-9.494	-51.141	-60.4
1.51	-9.487	-51.139	-49.5
1.52	-9.481	-51.098	-59.9
1.53	-9.476	-50.242	-32.6
1.54	-9.470	-46.688	-56.7
1.55	-9.461	-39.886	-44.4
1.56	-9.446	-31.119	-47.0
1.57	-9.426	-21.473	-47.1
1.58	-9.403	-11.794	-44.0
1.59	-9.379	-2.936	-47.5
1.6	-9.353	4.330	-58.8
1.61	-9.328	9.422	-50.1
1.62	-9.304	12.280	-53.1
1.63	-9.282	13.158	-39.7
1.64	-9.261	12.300	-63.4
1.65	-9.241	10.105	-46.8
1.66	-9.221	6.886	-46.2
1.67	-9.200	2.688	-36.8
1.68	-9.178	-2.263	-61.0
1.69	-9.156	-7.450	-47.3
1.7	-9.133	-12.473	-50.3
1.71	-9.111	-17.048	-33.3
1.72	-9.088	-21.113	-34.7
1.73	-9.064	-24.958	-20.2
1.74	-9.041	-28.600	-36.3
1.75	-9.018	-31.638	-21.1
1.76	-8.994	-33.738	-17.8
1.77	-8.972	-34.717	-20.1
1.78	-8.949	-34.780	-47.5
1.79	-8.928	-34.427	-62.5
1.8	-8.905	-33.955	-69.3
1.81	-8.883	-33.459	-56.3
1.82	-8.861	-32.870	-72.4
1.83	-8.839	-32.031	-44.1
1.84	-8.818	-31.038	-69.7
1.85	-8.800	-30.105	-22.5
1.86	-8.784	-29.297	-74.0
1.87	-8.765	-28.577	29.2
1.88	-8.740	-27.852	172.3
1.89	-8.712	-27.005	176.2
1.9	-8.686	-26.045	95.8
1.91	-8.665	-25.163	-89.9
1.92	-8.648	-24.594	-77.4
1.93	-8.634	-24.470	-21.5
1.94	-8.619	-24.545	-70.3
1.95	-8.598	-24.378	-52.3
1.96	-8.569	-23.905	-60.3
1.97	-8.537	-23.303	-28.0
1.98	-8.506	-22.752	-29.7
1.99	-8.476	-22.503	-33.3
2.0	-8.449	-22.639	-31.4
2.01	-8.424	-22.905	-9.1
2.02	-8.401	-22.500	-37.7
2.03	-8.381	-19.322	-5.5
2.04	-8.361	-9.503	-1.4
2.05	-8.344	10.164	15.0
2.06	-8.328	33.547	29.1
2.07	-8.313	47.642	57.8
2.08	-8.299	50.988	52.4
2.09	-8.287	51.131	93.0
2.1	-8.278	51.139	118.2
2.11	-8.270	51.139	130.6
2.12	-8.263	51.139	121.1
2.13	-8.258	51.134	112.9
2.14	-8.252	51.036	62.4
2.15	-8.247	49.075	34.0
2.16	-8.241	41.384	-18.0
2.17	-8.235	27.902	-38.0
2.18	-8.231	12.903	-67.6
2.19	-8.229	-1.086	-85.4
2.2	-8.228	-13.473	-93.8
2.21	-8.224	-24.003	-87.1
2.22	-8.220	-32.577	-82.4
2.23	-8.216	-39.081	-66.6
2.24	-8.211	-43.631	-103.7
2.25	-8.208	-46.800	-85.6
2.26	-8.206	-49.150	-87.8
2.27	-8.204	-50.592	-77.0
2.28	-8.204	-51.081	-89.3
2.29	-8.205	-51.139	-81.9
2.3	-8.209	-51.138	-81.2
2.31	-8.216	-51.072	-62.6
2.32	-8.228	-50.061	-88.3
2.33	-8.240	-46.294	-68.1
2.34	-8.251	-39.444	-78.2
2.35	-8.259	-31.080	-65.3
2.36	-8.264	-22.523	-72.8
2.37	-8.268	-14.483	-67.1
2.38	-8.269	-7.370	-64.1
2.39	-8.269	-1.538	-69.2
2.4	-8.267	2.652	-84.0
2.41	-8.264	5.030	-72.1
2.42	-8.259	5.623	-69.9
2.43	-8.255	4.552	-75.9
2.44	-8.251	2.064	-74.8
2.45	-8.246	-1.463	-44.7
2.46	-8.241	-5.558	-78.0
2.47	-8.237	-9.813	-60.1
2.48	-8.231	-14.116	-83.5
2.49	-8.224	-18.317	-69.4
2.5	-8.217	-22.050	-68.5
2.51	-8.212	-25.166	-59.2
2.52	-8.207	-27.666	-66.3
2.53	-8.204	-29.392	-69.3
2.54	-8.201	-30.328	-59.2
2.55	-8.197	-30.786	-53.1
2.56	-8.194	-31.109	-70.6
2.57	-8.189	-31.381	-41.8
2.58	-8.184	-31.584	-47.9
2.59	-8.180	-31.747	-34.4
2.6	-8.176	-31.834	-54.1
2.61	-8.172	-31.809	-43.4
2.62	-8.168	-31.633	-25.9
2.63	-8.164	-31.277	-24.0
2.64	-8.160	-30.806	-62.7
2.65	-8.156	-30.306	-64.8
2.66	-8.151	-29.745	-72.7
2.67	-8.146	-29.086	-58.0
2.68	-8.143	-28.416	-65.4
2.69	-8.140	-27.820	-54.4
2.7	-8.139	-27.253	-73.8
2.71	-8.139	-26.548	-8.2
2.72	-8.139	-25.675	-77.5
2.73	-8.136	-24.802	49.6
2.74	-8.126	-23.927	202.5
2.75	-8.114	-22.948	220.7
2.76	-8.109	-21.933	193.6
2.77	-8.109	-21.117	-41.1
2.78	-8.110	-20.795	-81.4
2.79	-8.113	-21.061	-35.1
2.8	-8.114	-21.622	-76.4
2.81	-8.110	-22.055	-53.5
2.82	-8.101	-22.142	-56.8
2.83	-8.092	-21.964	-32.5
2.84	-8.086	-21.922	-54.5
2.85	-8.079	-22.288	-45.7
2.86	-8.072	-22.684	-40.6
2.87	-8.066	-22.178	-13.6
2.88	-8.061	-18.588	-29.1
2.89	-8.058	-7.564	-0.4
2.9	-8.054	13.867	9.7
2.91	-8.051	37.084	26.7
2.92	-8.046	48.989	35.9
2.93	-8.040	51.080	78.4
2.94	-8.034	51.133	94.8
2.95	-8.029	51.139	131.7
2.96	-8.024	51.139	140.5
2.97	-8.020	51.139	169.2
2.98	-8.016	51.139	167.8
2.99	-8.010	51.130	159.0
3.0	-8.005	50.950	125.8
3.01	-8.000	48.392	75.5
3.02	-7.996	39.694	0.2
3.03	-7.993	25.798	-23.9
3.04	-7.988	11.295	-63.1
3.05	-7.984	-1.733	-74.0
3.06	-7.982	-13.034	-81.4
3.07	-7.980	-22.423	-81.8
3.08	-7.977	-29.830	-91.1
3.09	-7.973	-35.313	-83.8
3.1	-7.967	-38.873	-98.7
3.11	-7.963	-40.831	-74.0
3.12	-7.959	-41.948	-87.1
3.13	-7.956	-43.072	-72.7
3.14	-7.954	-44.788	-75.1
3.15	-7.952	-46.934	-78.1
3.16	-7.950	-48.622	-77.2
3.17	-7.948	-48.872	-59.5
3.18	-7.947	-47.177	-77.0
3.19	-7.947	-43.634	-50.5
3.2	-7.947	-38.753	-79.5
3.21	-7.949	-33.056	-67.6
3.22	-7.952	-26.966	-57.0
3.23	-7.954	-20.913	-60.4
3.24	-7.957	-15.216	-76.6
3.25	-7.959	-10.186	-55.7
3.26	-7.961	-6.186	-75.5
3.27	-7.962	-3.428	-65.8
3.28	-7.962	-1.981	-71.1
3.29	-7.963	-1.819	-57.1
3.3	-7.963	-2.845	-59.9
3.31	-7.963	-4.928	-73.2
3.32	-7.964	-7.880	-60.3
3.33	-7.967	-11.336	-58.9
3.34	-7.971	-14.875	-74.2
3.35	-7.974	-18.200	-52.3
3.36	-7.979	-21.161	-62.6
3.37	-7.984	-23.827	-52.5
3.38	-7.988	-26.348	-79.1
3.39	-7.993	-28.695	-52.3
3.4	-7.998	-30.794	-55.8
3.41	-8.003	-32.605	-56.2
3.42	-8.008	-34.017	-48.8
3.43	-8.012	-34.928	-34.3
3.44	-8.017	-35.405	-49.7
3.45	-8.022	-35.533	-28.4
3.46	-8.029	-35.309	-16.6
3.47	-8.036	-34.836	-8.1
3.48	-8.043	-34.305	-29.5
3.49	-8.052	-33.852	-15.2
3.5	-8.060	-33.494	-42.5
3.51	-8.068	-33.123	-61.1
3.52	-8.076	-32.708	-64.6
3.53	-8.084	-32.306	-45.3
3.54	-8.091	-31.875	-76.1
3.55	-8.098	-31.470	-56.7
3.56	-8.106	-31.295	-50.5
3.57	-8.120	-31.323	-16.9
3.58	-8.136	-31.302	-87.1
3.59	-8.148	-31.009	64.7
3.6	-8.154	-30.305	244.3
3.61	-8.156	-29.192	279.3
3.62	-8.162	-27.808	211.1
3.63	-8.172	-26.433	-69.3
3.64	-8.182	-25.497	-84.9
3.65	-8.193	-25.169	-32.8
3.66	-8.200	-25.125	-61.4
3.67	-8.203	-25.034	-29.1
3.68	-8.197	-24.833	-60.7
3.69	-8.188	-24.517	-27.4
3.7	-8.178	-24.250	-25.4
3.71	-8.172	-24.314	-29.8
3.72	-8.171	-24.748	-33.5
3.73	-8.172	-25.208	-3.5
3.74	-8.178	-24.641	-18.5
3.75	-8.190	-20.070	15.2
3.76	-8.207	-6.395	7.5
3.77	-8.226	17.581	40.5
3.78	-8.246	40.127	58.8
3.79	-8.265	49.825	72.6
3.8	-8.284	51.113	97.6
3.81	-8.305	51.136	133.8
3.82	-8.326	51.139	145.4
3.83	-8.347	51.139	161.0
3.84	-8.368	51.139	162.3
3.85	-8.389	51.136	164.1
3.86	-8.410	51.117	102.5
3.87	-8.429	50.233	79.3
3.88	-8.446	44.755	19.9
3.89	-8.462	32.416	-20.2
3.9	-8.476	16.998	-53.2
3.91	-8.491	2.311	-58.5
3.92	-8.507	-10.863	-73.5
3.93	-8.524	-22.223	-67.7
3.94	-8.540	-31.502	-73.2
3.95	-8.556	-38.528	-92.1
3.96	-8.571	-43.416	-84.6
3.97	-8.587	-46.653	-52.7
3.98	-8.604	-48.855	-67.3
3.99	-8.621	-50.309	-64.0
4.0	-8.638	-50.991	-74.8
4.01	-8.654	-51.134	-56.1
4.02	-8.671	-51.141	-82.8
4.03	-8.688	-51.138	-51.6
4.04	-8.707	-51.070	-43.9
4.05	-8.728	-50.034	-55.3
4.06	-8.748	-46.206	-56.5
4.07	-8.769	-39.448	-44.1
4.08	-8.790	-31.450	-58.1
4.09	-8.809	-23.361	-35.5
4.1	-8.828	-15.628	-49.5
4.11	-8.846	-8.553	-43.6
4.12	-8.862	-2.598	-53.2
4.13	-8.878	1.705	-47.8
4.14	-8.894	4.122	-52.4
4.15	-8.911	4.663	-44.7
4.16	-8.928	3.377	-59.0
4.17	-8.944	0.636	-30.9
4.18	-8.961	-3.023	-37.9
4.19	-8.977	-7.330	-51.7
4.2	-8.992	-11.964	-53.8
4.21	-9.008	-16.452	-40.6
4.22	-9.023	-20.534	-45.5
4.23	-9.039	-24.172	-36.5
4.24	-9.056	-27.353	-51.1
4.25	-9.073	-30.038	-39.8
4.26	-9.090	-32.291	-40.7
4.27	-9.107	-34.167	-27.2
4.28	-9.123	-35.484	-31.4
4.29	-9.138	-36.186	-15.4
4.3	-9.154	-36.469	-14.8
4.31	-9.169	-36.509	-0.8
4.32	-9.185	-36.328	-20.7
4.33	-9.200	-35.888	-12.3
4.34	-9.214	-35.306	-11.5
4.35	-9.228	-34.739	-28.5
4.36	-9.241	-34.133	-46.8
4.37	-9.254	-33.470	-20.3
4.38	-9.266	-32.889	-50.9
4.39	-9.280	-32.383	-39.6
4.4	-9.294	-31.816	-43.4
4.41	-9.311	-31.141	-43.0
4.42	-9.331	-30.391	6.5
4.43	-9.351	-29.619	-65.6
4.44	-9.363	-28.897	65.1
4.45	-9.368	-28.091	225.3
4.46	-9.372	-26.894	173.7
4.47	-9.381	-25.348	125.6
4.48	-9.396	-23.948	-72.9
4.49	-9.415	-23.189	-40.3
4.5	-9.436	-23.034	-16.5
4.51	-9.456	-23.016	-28.1
4.52	-9.468	-22.864	-24.5
4.53	-9.469	-22.630	-35.0
4.54	-9.464	-22.486	-22.0
4.55	-9.457	-22.736	-6.6
4.56	-9.451	-23.600	-13.1
4.57	-9.447	-24.820	10.0
4.58	-9.444	-25.867	-5.4
4.59	-9.444	-26.030	16.6
4.6	-9.444	-23.375	20.3
4.61	-9.445	-13.798	37.1
4.62	-9.445	6.703	43.6
4.63	-9.444	31.973	70.8
4.64	-9.444	47.381	90.2
4.65	-9.444	50.983	102.6
4.66	-9.443	51.131	123.1
4.67	-9.444	51.139	170.1
4.68	-9.445	51.139	172.9
4.69	-9.446	51.139	176.9
4.7	-9.447	51.139	128.9
4.71	-9.447	51.130	107.4
4.72	-9.448	50.700	64.8
4.73	-9.449	46.692	18.2
4.74	-9.451	35.333	-20.3
4.75	-9.455	18.984	-28.4
4.76	-9.463	2.648	-62.5
4.77	-9.473	-11.908	-54.4
4.78	-9.484	-24.361	-62.1
4.79	-9.492	-34.441	-57.0
4.8	-9.498	-42.052	-61.0
4.81	-9.505	-47.289	-60.5
4.82	-9.513	-50.139	-70.7
4.83	-9.520	-51.042	-53.1
4.84	-9.527	-51.139	-67.8
4.85	-9.534	-51.141	-46.9
4.86	-9.540	-51.141	-49.4
4.87	-9.543	-51.141	-46.9
4.88	-9.546	-51.138	-43.4
4.89	-9.550	-51.086	-56.5
4.9	-9.555	-50.070	-55.2
4.91	-9.561	-45.978	-33.8
4.92	-9.569	-38.316	-40.4
4.93	-9.575	-28.888	-35.4
4.94	-9.579	-19.106	-50.6
4.95	-9.582	-9.778	-33.3
4.96	-9.584	-1.483	-37.8
4.97	-9.585	5.400	-31.3
4.98	-9.586	10.406	-49.6
4.99	-9.587	13.203	-41.3
5.0	-9.588	13.686	-49.0
5.01	-9.587	11.919	-38.9
5.02	-9.587	8.281	-51.8
5.03	-9.586	3.358	-31.1
5.04	-9.585	-2.270	-42.7
5.05	-9.584	-8.039	-30.0
5.06	-9.583	-13.516	-30.0
5.07	-9.584	-18.511	-29.7
5.08	-9.586	-23.027	-34.6
5.09	-9.590	-27.108	-20.7
5.1	-9.594	-30.573	-10.4
5.11	-9.596	-33.247	-5.3
5.12	-9.596	-35.284	-26.8
5.13	-9.596	-36.694	-8.6
5.14	-9.595	-37.394	2.7
5.15	-9.592	-37.577	-13.8
5.16	-9.589	-37.414	-49.6
5.17	-9.586	-36.961	-33.8
5.18	-9.582	-36.361	-57.3
5.19	-9.575	-35.756	-48.2
5.2	-9.565	-35.120	-28.5
5.21	-9.554	-34.302	-47.8
5.22	-9.544	-33.131	-19.6
5.23	-9.535	-31.572	-44.9
5.24	-9.522	-29.761	4.1
5.25	-9.501	-27.827	189.7
5.26	-9.476	-25.891	161.6
5.27	-9.451	-24.223	108.3
5.28	-9.434	-23.120	-70.0
5.29	-9.422	-22.666	-68.2
5.3	-9.408	-22.564	-6.3
5.31	-9.389	-22.448	-32.8
5.32	-9.361	-22.213	-31.3
5.33	-9.321	-21.895	-18.6
5.34	-9.270	-21.553	-16.0
5.35	-9.214	-21.245	-20.6
5.36	-9.161	-21.139	-25.0
5.37	-9.113	-21.430	3.0
5.38	-9.071	-22.061	0.6
5.39	-9.034	-22.516	13.0
5.4	-9.000	-21.586	2.9
5.41	-8.968	-16.795	27.3
5.42	-8.938	-4.122	37.0
5.43	-8.908	17.925	48.8
5.44	-8.879	39.603	71.1
5.45	-8.852	49.622	102.4
5.46	-8.826	51.113	113.5
5.47	-8.799	51.134	153.3
5.48	-8.774	51.139	147.9
5.49	-8.749	51.139	162.1
5.5	-8.726	51.139	146.0
5.51	-8.703	51.134	101.0
5.52	-8.679	51.045	45.1
5.53	-8.655	49.116	17.9
5.54	-8.633	41.011	-35.3
5.55	-8.614	26.255	-55.0
5.56	-8.598	9.733	-55.6
5.57	-8.584	-5.550	-59.3
5.58	-8.570	-19.178	-87.8
5.59	-8.555	-30.761	-65.1
5.6	-8.538	-39.866	-74.3
5.61	-8.522	-46.314	-77.5
5.62	-8.505	-49.894	-72.8
5.63	-8.487	-51.025	-70.3
5.64	-8.469	-51.139	-77.7
5.65	-8.453	-51.141	-67.6
5.66	-8.438	-51.141	-86.6
5.67	-8.424	-51.141	-52.8
5.68	-8.412	-51.139	-56.6
5.69	-8.401	-51.114	-56.9
5.7	-8.391	-50.392	-64.2
5.71	-8.383	-46.716	-55.3
5.72	-8.374	-38.895	-66.5
5.73	-8.364	-28.978	-64.5
5.74	-8.353	-19.095	-63.6
5.75	-8.341	-10.005	-62.9
5.76	-8.328	-2.223	-69.5
5.77	-8.315	3.794	-52.5
5.78	-8.304	7.819	-77.6
5.79	-8.293	9.670	-75.1
5.8	-8.284	9.341	-58.5
5.81	-8.276	7.245	-60.0
5.82	-8.269	3.944	-58.1
5.83	-8.264	-0.141	-53.9
5.84	-8.259	-4.700	-67.1
5.85	-8.256	-9.466	-57.2
5.86	-8.252	-14.183	-69.3
5.87	-8.250	-18.684	-45.0
5.88	-8.248	-22.814	-69.4
5.89	-8.244	-26.423	-57.7
5.9	-8.241	-29.478	-45.5
5.91	-8.238	-32.034	-47.6
5.92	-8.234	-34.100	-61.8
5.93	-8.230	-35.586	-51.8
5.94	-8.226	-36.488	-54.6
5.95	-8.223	-36.883	-34.7
5.96	-8.221	-36.858	-46.3
5.97	-8.219	-36.625	-46.2
5.98	-8.218	-36.295	-30.2
5.99	-8.217	-35.795	-22.8
6.0	-8.216	-35.186	-37.9
6.01	-8.214	-34.514	-4.0
6.02	-8.214	-33.703	-29.6
6.03	-8.214	-32.770	-55.7
6.04	-8.215	-31.747	-56.2
6.05	-8.215	-30.647	-49.1
6.06	-8.215	-29.542	-60.6
6.07	-8.215	-28.558	-56.3
6.08	-8.214	-27.773	-58.9
6.09	-8.214	-27.091	-42.9
6.1	-8.216	-26.384	-21.0
6.11	-8.217	-25.697	-68.1
6.12	-8.213	-24.977	75.5
6.13	-8.203	-24.097	180.8
6.14	-8.195	-23.052	177.9
6.15	-8.192	-21.955	150.5
6.16	-8.192	-21.142	-94.6
6.17	-8.196	-20.902	-42.1
6.18	-8.201	-21.094	-38.8
6.19	-8.204	-21.356	-62.3
6.2	-8.200	-21.463	-42.0
6.21	-8.191	-21.347	-39.9
6.22	-8.179	-21.141	-29.6
6.23	-8.169	-21.272	-30.2
6.24	-8.159	-21.928	-41.1
6.25	-8.149	-22.681	-25.9
6.26	-8.139	-22.563	-11.4
6.27	-8.131	-19.295	-6.4
6.28	-8.122	-8.381	-9.7
6.29	-8.113	13.444	14.8
6.3	-8.106	37.163	30.9
6.31	-8.101	49.113	54.5
6.32	-8.096	51.094	60.2
6.33	-8.092	51.133	93.8
6.34	-8.089	51.139	123.6
6.35	-8.088	51.139	148.7
6.36	-8.087	51.139	155.4
6.37	-8.087	51.139	166.3
6.38	-8.087	51.136	139.0
6.39	-8.087	51.123	107.9
6.4	-8.087	50.297	38.9
6.41	-8.086	44.798	30.8
6.42	-8.085	32.183	-24.1
6.43	-8.082	16.408	-63.0
6.44	-8.079	1.634	-70.7
6.45	-8.078	-11.244	-81.0
6.46	-8.076	-22.072	-79.0
6.47	-8.074	-30.833	-78.8
6.48	-8.070	-37.455	-86.7
6.49	-8.065	-41.889	-66.9
6.5	-8.062	-44.481	-75.9
6.51	-8.061	-46.017	-67.9
6.52	-8.059	-47.378	-70.5
6.53	-8.056	-49.031	-53.2
6.54	-8.051	-50.475	-70.4
6.55	-8.046	-51.069	-59.3
6.56	-8.043	-51.128	-63.4
6.57	-8.041	-50.788	-70.3
6.58	-8.039	-48.902	-70.1
6.59	-8.037	-44.589	-63.6
6.6	-8.035	-38.461	-58.3
6.61	-8.033	-31.450	-47.8
6.62	-8.030	-24.064	-76.1
6.63	-8.027	-16.713	-64.2
6.64	-8.023	-9.873	-58.1
6.65	-8.019	-4.030	-50.8
6.66	-8.017	0.431	-59.8
6.67	-8.014	3.220	-54.6
6.68	-8.012	4.172	-63.3
6.69	-8.010	3.308	-48.0
6.7	-8.009	0.888	-61.7
6.71	-8.008	-2.675	-51.0
6.72	-8.006	-6.889	-51.8
6.73	-8.006	-11.372	-64.6
6.74	-8.005	-15.883	-63.4
6.75	-8.004	-20.197	-30.4
6.76	-8.004	-24.214	-46.4
6.77	-8.004	-27.873	-49.6
6.78	-8.004	-30.966	-45.5
6.79	-8.004	-33.378	-36.8
6.8	-8.004	-35.184	-49.7
6.81	-8.005	-36.530	-50.0
6.82	-8.006	-37.478	-41.2
6.83	-8.008	-37.977	-32.3
6.84	-8.009	-38.142	-26.0
6.85	-8.012	-38.181	-8.4
6.86	-8.015	-38.042	-21.9
6.87	-8.019	-37.658	-4.7
6.88	-8.023	-37.089	-6.0
6.89	-8.028	-36.442	-25.9
6.9	-8.033	-35.792	-59.0
6.91	-8.038	-35.023	-59.6
6.92	-8.042	-34.144	-54.9
6.93	-8.046	-33.370	-42.4
6.94	-8.049	-32.722	-48.7
6.95	-8.055	-32.084	-64.8
6.96	-8.064	-31.353	-13.2
6.97	-8.075	-30.473	-25.9
6.98	-8.084	-29.530	7.9
6.99	-8.086	-28.494	221.3
7.0	-8.084	-27.233	259.7
7.01	-8.086	-25.706	288.9
7.02	-8.092	-24.114	13.5
7.03	-8.106	-22.981	-90.5
7.04	-8.123	-22.622	-7.8
7.05	-8.140	-22.872	-52.2
7.06	-8.153	-23.334	-39.7
7.07	-8.156	-23.633	-27.6
7.08	-8.149	-23.745	-20.0
7.09	-8.138	-24.000	-26.2
7.1	-8.127	-24.633	-27.7
7.11	-8.119	-25.461	-10.7
7.12	-8.114	-26.800	-23.5
7.13	-8.111	-27.255	3.2
7.14	-8.110	-21.752	9.3
7.15	-8.111	-8.670	26.8
7.16	-8.112	12.103	31.1
7.17	-8.115	35.527	42.8
7.18	-8.120	48.630	69.8
7.19	-8.127	51.069	110.8
7.2	-8.136	51.131	122.5
7.21	-8.145	51.139	155.1
7.22	-8.154	51.139	164.0
7.23	-8.165	51.139	180.4
7.24	-8.176	51.139	167.8
7.25	-8.189	51.134	137.7
7.26	-8.200	51.028	90.0
7.27	-8.212	48.870	39.4
7.28	-8.223	40.283	-11.0
7.29	-8.233	25.188	-33.3
7.3	-8.242	8.719	-58.0
7.31	-8.250	-6.230	-61.6
7.32	-8.258	-19.439	-79.3
7.33	-8.264	-30.583	-76.7
7.34	-8.268	-39.123	-66.8
7.35	-8.267	-45.041	-63.4
7.36	-8.266	-48.717	-74.5
7.37	-8.264	-50.520	-65.5
7.38	-8.266	-51.069	-62.3
7.39	-8.269	-51.139	-60.2
7.4	-8.273	-51.141	-72.7
7.41	-8.281	-51.141	-41.5
7.42	-8.290	-51.141	-55.1
7.43	-8.301	-51.138	-64.4
7.44	-8.314	-51.033	-56.8
7.45	-8.329	-49.789	-44.6
7.46	-8.345	-45.675	-53.0
7.47	-8.361	-38.856	-47.8
7.48	-8.376	-30.950	-48.7
7.49	-8.392	-22.902	-51.9
7.5	-8.407	-15.145	-47.6
7.51	-8.422	-8.111	-37.2
7.52	-8.437	-2.297	-54.6
7.53	-8.453	1.836	-30.5
7.54	-8.469	4.002	-59.2
7.55	-8.486	4.195	-57.3
7.56	-8.504	2.602	-26.7
7.57	-8.521	-0.500	-32.1
7.58	-8.537	-4.633	-43.2
7.59	-8.554	-9.180	-28.9
7.6	-8.569	-13.700	-36.8
7.61	-8.585	-18.159	-42.9
7.62	-8.601	-22.531	-39.7
7.63	-8.617	-26.541	-43.1
7.64	-8.634	-29.966	-48.4
7.65	-8.651	-32.784	-23.1
7.66	-8.669	-35.136	-23.8
7.67	-8.688	-37.078	-16.3
7.68	-8.706	-38.509	-26.4
7.69	-8.725	-39.481	-3.4
7.7	-8.744	-40.042	8.6
7.71	-8.765	-40.117	-9.7
7.72	-8.786	-39.852	-14.1
7.73	-8.808	-39.505	10.5
7.74	-8.831	-39.170	-23.0
7.75	-8.852	-38.723	-31.6
7.76	-8.873	-38.077	-41.9
7.77	-8.892	-37.348	-41.6
7.78	-8.911	-36.617	-24.8
7.79	-8.929	-35.786	-16.4
7.8	-8.948	-34.770	-58.9
7.81	-8.969	-33.627	17.0
7.82	-8.992	-32.420	-25.3
7.83	-9.013	-31.156	-31.1
7.84	-9.026	-29.842	178.7
7.85	-9.036	-28.395	202.3
7.86	-9.046	-26.783	188.7
7.87	-9.061	-25.216	17.1
7.88	-9.080	-24.072	-106.2
7.89	-9.101	-23.548	3.4
7.9	-9.124	-23.414	-20.1
7.91	-9.144	-23.334	-16.1
7.92	-9.157	-23.200	-28.2
7.93	-9.164	-23.036	-17.6
7.94	-9.167	-22.920	-13.5
7.95	-9.169	-23.094	-12.3
7.96	-9.172	-23.813	-4.4
7.97	-9.177	-24.989	13.9
7.98	-9.183	-26.072	9.1
7.99	-9.190	-25.747	22.5
8.0	-9.199	-20.981	28.6
8.01	-9.209	-6.700	36.7
8.02	-9.218	18.075	60.1
8.03	-9.228	40.755	79.9
8.04	-9.237	50.009	88.3
8.05	-9.246	51.114	130.1
8.06	-9.256	51.138	146.3
8.07	-9.268	51.139	166.8
8.08	-9.279	51.139	164.1
8.09	-9.291	51.139	162.6
8.1	-9.302	51.136	113.9
8.11	-9.312	51.114	83.0
8.12	-9.321	50.094	45.3
8.13	-9.328	43.838	-3.7
8.14	-9.336	29.856	-25.0
8.15	-9.346	12.323	-40.9
8.16	-9.361	-4.400	-56.9
8.17	-9.379	-19.150	-53.9
8.18	-9.399	-31.564	-59.3
8.19	-9.418	-41.309	-54.1
8.2	-9.436	-47.733	-58.6
8.21	-9.453	-50.547	-52.0
8.22	-9.467	-51.117	-66.5
8.23	-9.480	-51.139	-47.0
8.24	-9.492	-51.141	-47.8
8.25	-9.504	-51.141	-55.2
8.26	-9.516	-51.141	-52.8
8.27	-9.529	-51.141	-40.9
8.28	-9.543	-51.139	-41.0
8.29	-9.559	-51.105	-48.5
8.3	-9.576	-50.308	-42.4
8.31	-9.592	-46.642	-31.6
8.32	-9.607	-39.242	-41.1
8.33	-9.623	-29.878	-48.4
8.34	-9.637	-20.111	-34.7
8.35	-9.650	-10.586	-31.8
8.36	-9.661	-1.909	-53.0
8.37	-9.670	5.334	-35.9
8.38	-9.680	10.453	-39.3
8.39	-9.691	12.923	-42.2
8.4	-9.703	12.872	-51.3
8.41	-9.714	10.778	-46.5
8.42	-9.726	7.086	-43.7
8.43	-9.739	2.233	-33.4
8.44	-9.753	-3.328	-45.3
8.45	-9.766	-9.242	-37.2
8.46	-9.779	-15.155	-34.3
8.47	-9.791	-20.656	-34.0
8.48	-9.801	-25.322	-25.0
8.49	-9.813	-28.822	-16.6
8.5	-9.824	-31.439	-24.4
8.51	-9.836	-33.744	-4.2
8.52	-9.848	-35.767	-6.9
8.53	-9.861	-37.288	-6.7
8.54	-9.875	-38.264	-7.6
8.55	-9.889	-38.731	-13.6
8.56	-9.906	-38.798	-46.5
8.57	-9.921	-38.581	-41.9
8.58	-9.934	-38.142	-28.0
8.59	-9.945	-37.552	-38.6
8.6	-9.956	-36.869	-22.9
8.61	-9.968	-36.178	-45.5
8.62	-9.981	-35.394	-30.1
8.63	-9.993	-34.300	0.8
8.64	-10.001	-32.855	-26.2
8.65	-10.003	-31.263	141.2
8.66	-9.999	-29.783	188.0
8.67	-9.995	-28.489	126.6
8.68	-9.995	-27.475	-6.8
8.69	-10.001	-26.805	-73.6
8.7	-10.006	-26.353	-13.0
8.71	-10.009	-25.945	-23.1
8.72	-10.009	-25.309	-20.1
8.73	-10.002	-24.381	-8.0
8.74	-9.982	-23.492	-19.6
8.75	-9.954	-22.956	-1.4
8.76	-9.926	-22.973	0.5
8.77	-9.902	-23.672	2.1
8.78	-9.884	-24.894	-6.0
8.79	-9.869	-26.198	6.8
8.8	-9.853	-26.858	35.0
8.81	-9.836	-25.488	31.1
8.82	-9.818	-19.242	43.3
8.83	-9.800	-3.723	63.5
8.84	-9.783	20.886	68.4
8.85	-9.768	42.073	96.5
8.86	-9.751	50.225	114.4
8.87	-9.734	51.117	140.7
8.88	-9.717	51.139	161.0
8.89	-9.702	51.139	163.8
8.9	-9.688	51.139	144.6
8.91	-9.675	51.139	135.7
8.92	-9.661	51.128	83.0
8.93	-9.647	50.753	41.2
8.94	-9.631	46.964	-1.2
8.95	-9.617	35.837	-32.0
8.96	-9.607	19.556	-50.9
8.97	-9.600	3.053	-44.5
8.98	-9.592	-11.920	-55.1
8.99	-9.581	-24.972	-59.8
9.0	-9.564	-35.825	-64.3
9.01	-9.545	-44.134	-53.8
9.02	-9.524	-49.145	-47.3
9.03	-9.498	-50.914	-65.1
9.04	-9.464	-51.138	-56.7
9.05	-9.426	-51.141	-35.8
9.06	-9.384	-51.141	-54.2
9.07	-9.339	-51.141	-48.1
9.08	-9.292	-51.141	-54.1
9.09	-9.246	-51.138	-67.0
9.1	-9.203	-51.075	-43.0
9.11	-9.164	-49.811	-41.7
9.12	-9.130	-44.763	-45.9
9.13	-9.101	-35.523	-32.2
9.14	-9.073	-24.450	-53.8
9.15	-9.048	-13.288	-46.1
9.16	-9.025	-2.911	-48.9
9.17	-9.003	5.739	-61.5
9.18	-8.981	11.925	-44.2
9.19	-8.958	15.489	-35.5
9.2	-8.936	16.606	-63.9
9.21	-8.913	15.556	-46.8
9.22	-8.889	12.647	-41.2
9.23	-8.867	8.191	-62.7
9.24	-8.848	2.575	-55.9
9.25	-8.830	-3.591	-42.1
9.26	-8.814	-9.642	-50.6
9.27	-8.799	-15.247	-61.4
9.28	-8.787	-20.288	-53.5
9.29	-8.776	-24.688	-25.3
9.3	-8.765	-28.488	-44.4
9.31	-8.756	-31.763	-23.5
9.32	-8.746	-34.473	-19.4
9.33	-8.736	-36.453	-36.3
9.34	-8.726	-37.669	-23.0
9.35	-8.715	-38.211	-14.5
9.36	-8.703	-38.197	-52.7
9.37	-8.691	-37.878	-68.3
9.38	-8.678	-37.520	-62.4
9.39	-8.663	-37.138	-71.6
9.4	-8.648	-36.616	-65.3
9.41	-8.633	-35.995	-40.2
9.42	-8.618	-35.323	-77.8
9.43	-8.606	-34.447	-17.2
9.44	-8.595	-33.280	-42.9
9.45	-8.581	-31.878	-42.1
9.46	-8.561	-30.291	147.3
9.47	-8.535	-28.633	171.7
9.48	-8.510	-26.914	156.4
9.49	-8.491	-25.161	-35.3
9.5	-8.476	-23.744	-120.2
9.51	-8.463	-23.048	-20.9
9.52	-8.451	-22.981	-56.0
9.53	-8.433	-23.073	-42.5
9.54	-8.410	-23.039	-45.2
9.55	-8.382	-22.867	-37.4
9.56	-8.353	-22.625	-30.8
9.57	-8.325	-22.661	-44.3
9.58	-8.300	-23.227	-31.2
9.59	-8.276	-23.956	-10.6
9.6	-8.254	-24.147	-23.0
9.61	-8.235	-22.142	-2.6
9.62	-8.218	-14.031	-1.1
9.63	-8.202	4.830	2.7
9.64	-8.187	29.936	22.8
9.65	-8.173	46.578	50.7
9.66	-8.161	50.917	68.7
9.67	-8.149	51.127	93.4
9.68	-8.140	51.139	103.0
9.69	-8.133	51.139	123.3
9.7	-8.127	51.139	138.2
9.71	-8.123	51.139	128.2
9.72	-8.119	51.134	106.9
9.73	-8.114	51.044	60.9
9.74	-8.110	49.088	3.5
9.75	-8.106	40.967	-30.7
9.76	-8.103	26.452	-43.2
9.77	-8.101	10.456	-65.2
9.78	-8.101	-4.209	-91.8
9.79	-8.102	-17.219	-82.6
9.8	-8.102	-28.328	-69.9
9.81	-8.101	-37.300	-82.5
9.82	-8.100	-43.961	-78.0
9.83	-8.099	-48.286	-69.3
9.84	-8.098	-50.455	-73.4
9.85	-8.099	-51.081	-66.9
9.86	-8.101	-51.139	-83.0
9.87	-8.103	-51.141	-77.0
9.88	-8.105	-51.141	-65.4
9.89	-8.108	-51.141	-65.1
9.9	-8.111	-51.136	-78.8
9.91	-8.113	-50.845	-69.4
9.92	-8.113	-48.652	-62.2
9.93	-8.112	-42.922	-57.4
9.94	-8.108	-34.558	-60.5
9.95	-8.101	-25.442	-60.0
9.96	-8.093	-16.566	-70.4
9.97	-8.083	-8.527	-65.2
9.98	-8.074	-1.675	-54.5
9.99	-8.065	3.684	-58.6
10.0	-8.056	7.191	-63.8
10.01	-8.049	8.728	-65.4
10.02	-8.043	8.433	-56.7
10.03	-8.036	6.463	-42.3
10.04	-8.031	3.044	-67.0
10.05	-8.026	-1.402	-68.3
10.06	-8.022	-6.333	-57.2
10.07	-8.016	-11.309	-51.2
10.08	-8.011	-16.047	-57.4
10.09	-8.006	-20.447	-57.4
10.1	-8.001	-24.477	-58.7
10.11	-7.995	-27.938	-56.1
10.12	-7.988	-30.672	-58.6
10.13	-7.980	-32.727	-56.2
10.14	-7.971	-34.136	-68.4
10.15	-7.964	-34.944	-50.2
10.16	-7.957	-35.286	-19.0
10.17	-7.951	-35.341	-32.7
10.18	-7.945	-35.256	-22.4
10.19	-7.940	-35.102	-24.7
10.2	-7.936	-34.913	-29.0
10.21	-7.933	-34.702	-45.2
10.22	-7.929	-34.427	-63.0
10.23	-7.928	-34.055	-54.8
10.24	-7.926	-33.677	-66.5
10.25	-7.924	-33.366	-55.4
10.26	-7.921	-33.066	-86.2
10.27	-7.919	-32.659	-39.0
10.28	-7.918	-32.066	-19.9
10.29	-7.918	-31.263	-53.0
10.3	-7.914	-30.144	146.3
10.31	-7.907	-28.603	220.6
10.32	-7.899	-26.822	252.9
10.33	-7.894	-25.130	105.7
10.34	-7.892	-23.813	-110.1
10.35	-7.893	-23.070	-33.7
10.36	-7.896	-22.820	-60.0
10.37	-7.897	-22.727	-57.8
10.38	-7.893	-22.530	-37.8
10.39	-7.887	-22.214	-47.5
10.4	-7.881	-22.020	-34.9
10.41	-7.876	-22.222	-28.9
10.42	-7.871	-22.808	-39.4
10.43	-7.866	-23.469	-21.5
10.44	-7.861	-23.202	-6.5
10.45	-7.856	-19.311	-16.2
10.46	-7.851	-6.978	-4.7
10.47	-7.845	16.077	12.9
10.48	-7.839	39.133	42.4
10.49	-7.836	49.628	64.2
10.5	-7.834	51.113	81.3
10.51	-7.833	51.136	109.8
10.52	-7.833	51.139	128.6
10.53	-7.833	51.139	147.8
10.54	-7.834	51.139	181.5
10.55	-7.836	51.139	172.7
10.56	-7.838	51.134	138.8
10.57	-7.841	51.041	107.9
10.58	-7.842	49.020	52.5
10.59	-7.843	40.619	11.9
10.6	-7.844	25.544	-32.3
10.61	-7.845	8.970	-65.5
10.62	-7.846	-5.836	-76.5
10.63	-7.849	-18.363	-80.3
10.64	-7.853	-28.563	-80.8
10.65	-7.857	-36.470	-81.1
10.66	-7.859	-42.094	-77.4
10.67	-7.862	-45.600	-91.4
10.68	-7.866	-47.513	-80.8
10.69	-7.871	-48.689	-49.4
10.7	-7.875	-49.822	-68.3
10.71	-7.878	-50.734	-67.5
10.72	-7.881	-51.095	-68.0
10.73	-7.886	-51.139	-70.4
10.74	-7.891	-51.116	-57.4
10.75	-7.898	-50.573	-67.9
10.76	-7.904	-48.128	-66.7
10.77	-7.914	-43.127	-61.5
10.78	-7.925	-36.386	-58.4
10.79	-7.936	-28.859	-62.0
10.8	-7.948	-21.152	-67.8
10.81	-7.958	-13.667	-56.9
10.82	-7.968	-6.820	-52.3
10.83	-7.979	-1.139	-67.9
10.84	-7.989	2.903	-61.4
10.85	-8.001	5.044	-55.8
10.86	-8.013	5.341	-46.7
10.87	-8.026	3.925	-59.3
10.88	-8.039	1.033	-68.0
10.89	-8.051	-2.850	-60.5
10.9	-8.063	-7.297	-63.2
10.91	-8.073	-11.934	-45.3
10.92	-8.086	-16.444	-46.9
10.93	-8.098	-20.781	-54.8
10.94	-8.111	-24.967	-44.8
10.95	-8.125	-28.875	-42.5
10.96	-8.137	-32.323	-32.3
10.97	-8.150	-35.219	-23.7
10.98	-8.162	-37.572	-46.7
10.99	-8.176	-39.291	-35.3
11.0	-8.189	-40.314	-16.6
11.01	-8.203	-40.828	-13.6
11.02	-8.217	-40.928	-1.6
11.03	-8.232	-40.616	-2.8
11.04	-8.248	-40.016	1.9
11.05	-8.264	-39.184	-20.7
11.06	-8.281	-38.056	-51.1
11.07	-8.297	-36.741	-39.0
11.08	-8.314	-35.477	-40.0
11.09	-8.329	-34.344	-56.1
11.1	-8.344	-33.323	-28.7
11.11	-8.361	-32.373	-37.6
11.12	-8.378	-31.433	15.3
11.13	-8.397	-30.481	-39.6
11.14	-8.412	-29.497	62.7
11.15	-8.422	-28.500	263.3
11.16	-8.431	-27.450	276.7
11.17	-8.445	-26.216	209.4
11.18	-8.464	-25.016	-32.3
11.19	-8.484	-24.361	-46.4
11.2	-8.506	-24.352	-15.9
11.21	-8.529	-24.547	-29.0
11.22	-8.547	-24.581	1.9
11.23	-8.561	-24.441	-24.3
11.24	-8.569	-24.213	9.6
11.25	-8.576	-24.172	9.5
11.26	-8.582	-24.697	2.0
11.27	-8.588	-25.733	11.2
11.28	-8.594	-26.717	22.3
11.29	-8.601	-26.625	30.5
11.3	-8.610	-23.081	15.0
11.31	-8.621	-11.295	37.9
11.32	-8.634	12.031	71.4
11.33	-8.647	36.953	70.1
11.34	-8.660	49.178	89.2
11.35	-8.674	51.103	124.0
11.36	-8.688	51.133	166.5
11.37	-8.703	51.139	177.3
11.38	-8.717	51.139	176.5
11.39	-8.732	51.139	186.7
11.4	-8.746	51.139	180.2
11.41	-8.759	51.130	134.3
11.42	-8.773	50.964	90.9
11.43	-8.787	48.220	39.5
11.44	-8.802	38.375	-7.9
11.45	-8.817	22.209	-27.7
11.46	-8.834	5.072	-39.9
11.47	-8.854	-10.461	-38.1
11.48	-8.876	-24.020	-35.0
11.49	-8.897	-35.383	-54.7
11.5	-8.916	-44.020	-50.7
11.51	-8.933	-49.113	-51.5
11.52	-8.952	-50.903	-46.4
11.53	-8.972	-51.138	-24.7
11.54	-8.992	-51.141	-50.5
11.55	-9.011	-51.141	-55.0
11.56	-9.029	-51.141	-29.5
11.57	-9.046	-51.141	-50.0
11.58	-9.063	-51.141	-30.0
11.59	-9.081	-51.136	-36.7
11.6	-9.099	-50.917	-36.5
11.61	-9.118	-48.906	-21.9
11.62	-9.137	-43.084	-47.4
11.63	-9.156	-34.214	-34.0
11.64	-9.176	-24.467	-25.1
11.65	-9.193	-14.919	-38.4
11.66	-9.207	-6.155	-33.0
11.67	-9.221	1.214	-44.5
11.68	-9.234	6.770	-22.3
11.69	-9.248	10.277	-27.3
11.7	-9.262	11.519	-28.0
11.71	-9.277	10.455	-27.7
11.72	-9.294	7.339	-37.5
11.73	-9.310	2.650	-38.5
11.74	-9.326	-3.039	-32.8
11.75	-9.341	-9.127	-35.4
11.76	-9.357	-15.081	-34.4
11.77	-9.373	-20.502	-24.3
11.78	-9.388	-25.131	-26.9
11.79	-9.403	-28.984	-29.3
11.8	-9.419	-32.264	-14.4
11.81	-9.435	-35.114	-16.3
11.82	-9.451	-37.473	-10.9
11.83	-9.470	-39.170	7.0
11.84	-9.489	-40.150	6.3
11.85	-9.508	-40.553	-11.8
11.86	-9.523	-40.628	-1.3
11.87	-9.538	-40.408	10.0
11.88	-9.552	-39.766	-0.8
11.89	-9.565	-38.914	-40.9
11.9	-9.578	-38.173	-29.0
11.91	-9.592	-37.550	-36.7
11.92	-9.606	-36.914	-23.1
11.93	-9.619	-36.205	-26.3
11.94	-9.634	-35.452	-40.2
11.95	-9.650	-34.633	22.7
11.96	-9.664	-33.586	-39.3
11.97	-9.671	-32.236	46.5
11.98	-9.673	-30.669	212.8
11.99	-9.674	-28.909	207.8
12.0	-9.679	-27.097	139.3
12.01	-9.691	-25.558	-61.8
12.02	-9.706	-24.494	-34.6
12.03	-9.721	-23.884	-2.6
12.04	-9.737	-23.400	-22.4
12.05	-9.746	-22.697	-13.4
12.06	-9.744	-21.844	-10.3
12.07	-9.734	-21.094	2.9
12.08	-9.720	-20.875	-18.1
12.09	-9.708	-21.666	4.0
12.1	-9.699	-23.553	16.5
12.11	-9.692	-26.031	12.9
12.12	-9.687	-27.631	39.8
12.13	-9.684	-26.472	32.4
12.14	-9.681	-19.822	40.2
12.15	-9.678	-2.991	44.5
12.16	-9.674	22.927	74.8
12.17	-9.672	43.603	90.9
12.18	-9.672	50.550	111.3
12.19	-9.672	51.113	129.8
12.2	-9.673	51.139	157.4
12.21	-9.675	51.139	164.4
12.22	-9.679	51.139	173.1
12.23	-9.683	51.139	160.6
12.24	-9.687	51.133	118.0
12.25	-9.691	51.030	72.6
12.26	-9.695	48.798	10.7
12.27	-9.699	39.609	-0.2
12.28	-9.705	23.170	-13.3
12.29	-9.716	4.934	-62.4
12.3	-9.731	-11.783	-46.5
12.31	-9.748	-26.377	-56.6
12.32	-9.761	-38.361	-59.3
12.33	-9.771	-46.617	-53.0
12.34	-9.780	-50.350	-35.5
12.35	-9.791	-51.109	-61.5
12.36	-9.801	-51.139	-57.0
12.37	-9.809	-51.141	-42.8
12.38	-9.814	-51.141	-74.5
12.39	-9.816	-51.141	-40.2
12.4	-9.818	-51.141	-22.3
12.41	-9.818	-51.141	-52.9
12.42	-9.818	-51.134	-39.3
12.43	-9.818	-50.978	-37.0
12.44	-9.818	-49.148	-29.1
12.45	-9.818	-43.094	-47.4
12.46	-9.818	-33.063	-26.9
12.47	-9.818	-21.573	-34.2
12.48	-9.819	-10.042	-42.2
12.49	-9.818	0.683	-31.0
12.5	-9.815	9.663	-45.6
12.51	-9.811	16.238	-43.6
12.52	-9.806	20.031	-19.9
12.53	-9.798	20.902	-37.8
12.54	-9.787	19.128	-39.8
12.55	-9.773	15.225	-36.0
12.56	-9.756	9.695	-34.1
12.57	-9.739	3.222	-37.4
12.58	-9.722	-3.502	-36.5
12.59	-9.707	-10.111	-28.5
12.6	-9.697	-16.363	-15.6
12.61	-9.692	-21.973	-36.6
12.62	-9.689	-26.884	-9.7
12.63	-9.688	-31.122	-2.9
12.64	-9.686	-34.534	-7.2
12.65	-9.684	-37.034	-12.3
12.66	-9.678	-38.714	-14.1
12.67	-9.668	-39.719	-33.0
12.68	-9.653	-40.169	-31.9
12.69	-9.635	-40.113	-47.2
12.7	-9.613	-39.597	-51.3
12.71	-9.589	-38.763	-39.8
12.72	-9.563	-37.864	-23.4
12.73	-9.535	-36.994	-51.3
12.74	-9.509	-35.947	-23.7
12.75	-9.486	-34.597	-32.4
12.76	-9.463	-32.898	-31.3
12.77	-9.434	-30.681	154.5
12.78	-9.398	-28.033	194.3
12.79	-9.358	-25.409	147.5
12.8	-9.322	-23.209	14.5
12.81	-9.293	-21.636	-96.1
12.82	-9.269	-20.805	-16.3
12.83	-9.246	-20.642	-37.5
12.84	-9.221	-20.783	-32.6
12.85	-9.189	-20.997	-23.6
12.86	-9.148	-21.320	-29.1
12.87	-9.104	-21.714	-23.7
12.88	-9.060	-22.311	-19.5
12.89	-9.021	-23.406	-8.7
12.9	-8.986	-24.903	-6.6
12.91	-8.953	-26.291	-25.7
12.92	-8.922	-26.602	12.6
12.93	-8.894	-23.481	24.3
12.94	-8.867	-12.436	30.1
12.95	-8.842	9.905	47.5
12.96	-8.818	35.016	72.0
12.97	-8.794	48.500	78.8
12.98	-8.773	51.055	105.9
12.99	-8.752	51.131	136.3
13.0	-8.734	51.139	143.8
13.01	-8.716	51.139	135.6
13.02	-8.699	51.139	133.0
13.03	-8.683	51.138	104.8
13.04	-8.668	51.127	81.7
13.05	-8.652	50.470	26.9
13.06	-8.636	45.373	-15.8
13.07	-8.623	32.488	-45.9
13.08	-8.611	15.277	-53.7
13.09	-8.602	-1.561	-74.7
13.1	-8.591	-16.805	-69.4
13.11	-8.579	-30.014	-71.0
13.12	-8.564	-40.664	-88.7
13.13	-8.548	-47.716	-75.8
13.14	-8.533	-50.633	-57.8
13.15	-8.514	-51.125	-69.0
13.16	-8.495	-51.139	-63.5
13.17	-8.478	-51.141	-61.3
13.18	-8.462	-51.141	-66.7
13.19	-8.447	-51.141	-82.8
13.2	-8.433	-51.141	-51.2
13.21	-8.421	-51.138	-87.7
13.22	-8.409	-51.083	-64.5
13.23	-8.399	-49.906	-46.3
13.24	-8.389	-45.008	-56.4
13.25	-8.379	-35.875	-63.6
13.26	-8.367	-25.053	-68.0
13.27	-8.354	-14.536	-65.6
13.28	-8.342	-5.228	-58.2
13.29	-8.330	2.202	-68.0
13.3	-8.319	7.430	-69.0
13.31	-8.308	10.303	-66.0
13.32	-8.297	10.872	-53.5
13.33	-8.286	9.486	-55.1
13.34	-8.277	6.530	-56.7
13.35	-8.269	2.348	-61.0
13.36	-8.260	-2.614	-59.6
13.37	-8.251	-7.897	-67.8
13.38	-8.242	-13.202	-56.6
13.39	-8.235	-18.352	-69.6
13.4	-8.229	-23.106	-54.7
13.41	-8.224	-27.269	-59.8
13.42	-8.217	-30.664	-52.9
13.43	-8.211	-33.105	-48.2
13.44	-8.201	-34.673	-36.8
13.45	-8.191	-35.595	-51.3
13.46	-8.181	-36.086	-23.4
13.47	-8.172	-36.364	-25.9
13.48	-8.163	-36.539	-39.0
13.49	-8.154	-36.673	-26.3
13.5	-8.147	-36.722	-21.2
13.51	-8.139	-36.558	-33.9
13.52	-8.131	-36.220	-41.4
13.53	-8.121	-35.800	-76.3
13.54	-8.113	-35.317	-50.5
13.55	-8.104	-34.811	-57.8
13.56	-8.096	-34.280	-56.3
13.57	-8.089	-33.700	-61.1
13.58	-8.082	-33.316	-6.9
13.59	-8.076	-33.103	-48.8
13.6	-8.068	-32.563	9.3
13.61	-8.056	-31.538	167.6
13.62	-8.044	-30.180	172.4
13.63	-8.036	-28.547	190.9
13.64	-8.034	-26.998	-12.0
13.65	-8.037	-26.141	-99.0
13.66	-8.046	-25.966	-5.5
13.67	-8.056	-25.823	-46.8
13.68	-8.062	-25.358	-35.9
13.69	-8.061	-24.625	-48.6
13.7	-8.056	-23.645	-36.5
13.71	-8.051	-22.723	-37.2
13.72	-8.047	-22.381	-29.4
13.73	-8.043	-22.578	-33.6
13.74	-8.036	-22.631	-10.9
13.75	-8.031	-20.916	-8.8
13.76	-8.027	-13.464	-16.3
13.77	-8.023	5.045	15.1
13.78	-8.018	30.234	38.3
13.79	-8.012	46.775	36.1
13.8	-8.007	50.939	57.9
13.81	-8.002	51.128	73.3
13.82	-7.996	51.139	119.5
13.83	-7.992	51.139	143.4
13.84	-7.988	51.139	164.7
13.85	-7.985	51.139	156.0
13.86	-7.981	51.139	143.7
13.87	-7.978	51.127	117.0
13.88	-7.974	50.875	84.8
13.89	-7.971	47.680	26.0
13.9	-7.969	37.248	-5.7
13.91	-7.966	21.131	-56.5
13.92	-7.964	4.805	-62.3
13.93	-7.963	-9.519	-61.2
13.94	-7.963	-21.688	-67.1
13.95	-7.961	-31.567	-87.5
13.96	-7.959	-39.050	-87.4
13.97	-7.957	-44.234	-81.9
13.98	-7.956	-47.388	-56.3
13.99	-7.956	-49.095	-65.9
14.0	-7.954	-50.138	-62.8
14.01	-7.951	-50.822	-71.7
14.02	-7.948	-51.103	-54.3
14.03	-7.945	-51.139	-85.3
14.04	-7.942	-51.141	-83.6
14.05	-7.941	-51.136	-61.4
14.06	-7.941	-50.869	-59.5
14.07	-7.941	-48.886	-58.0
14.08	-7.941	-43.838	-76.2
14.09	-7.940	-36.622	-75.1
14.1	-7.939	-28.700	-24.3
14.11	-7.938	-20.761	-47.5
14.12	-7.934	-13.425	-62.9
14.13	-7.929	-7.172	-64.8
14.14	-7.924	-2.316	-51.1
14.15	-7.919	0.828	-61.1
14.16	-7.918	2.178	-45.9
14.17	-7.918	1.827	-48.0
14.18	-7.919	-0.145	-65.9
14.19	-7.921	-3.439	-53.9
14.2	-7.921	-7.597	-33.1
14.21	-7.920	-12.258	-70.8
14.22	-7.919	-16.989	-44.5
14.23	-7.918	-21.278	-41.5
14.24	-7.918	-25.039	-35.6
14.25	-7.918	-28.469	-59.5
14.26	-7.918	-31.513	-64.6
14.27	-7.918	-34.103	-61.0
14.28	-7.918	-36.277	-35.7
14.29	-7.919	-38.025	-37.0
14.3	-7.921	-39.291	-29.9
14.31	-7.925	-39.984	-17.3
14.32	-7.930	-40.194	-4.9
14.33	-7.936	-40.133	-22.1
14.34	-7.941	-39.934	-6.0
14.35	-7.946	-39.592	-15.5
14.36	-7.952	-39.075	-42.0
14.37	-7.958	-38.427	-53.0
14.38	-7.963	-37.692	-50.6
14.39	-7.970	-36.967	-68.8
14.4	-7.978	-36.313	-45.4
14.41	-7.986	-35.633	-45.9
14.42	-7.997	-34.898	-31.0
14.43	-8.010	-34.087	-17.9
14.44	-8.024	-33.138	-78.2
14.45	-8.033	-32.111	92.5
14.46	-8.034	-31.000	264.9
14.47	-8.035	-29.616	288.3
14.48	-8.040	-28.030	195.5
14.49	-8.052	-26.683	-88.5
14.5	-8.069	-25.977	-45.9
14.51	-8.088	-25.920	-13.4
14.52	-8.107	-26.102	-40.0
14.53	-8.118	-26.163	-52.0
14.54	-8.121	-26.122	-29.5
14.55	-8.117	-26.181	-31.0
14.56	-8.114	-26.605	-37.5
14.57	-8.116	-27.598	-24.4
14.58	-8.124	-28.938	-15.4
14.59	-8.139	-29.861	-20.7
14.6	-8.158	-28.825	-1.9
14.61	-8.181	-22.388	9.9
14.62	-8.204	-5.369	22.4
14.63	-8.229	21.227	29.8
14.64	-8.255	42.870	57.5
14.65	-8.282	50.434	72.6
14.66	-8.309	51.111	96.5
14.67	-8.338	51.139	124.1
14.68	-8.367	51.139	168.7
14.69	-8.395	51.139	153.8
14.7	-8.421	51.139	178.2
14.71	-8.444	51.136	152.4
14.72	-8.464	51.083	121.0
14.73	-8.481	49.614	66.2
14.74	-8.496	42.455	19.1
14.75	-8.510	28.261	-30.0
14.76	-8.523	11.572	-44.9
14.77	-8.535	-4.078	-52.3
14.78	-8.549	-17.880	-67.6
14.79	-8.564	-29.594	-71.3
14.8	-8.579	-39.023	-68.0
14.81	-8.594	-45.884	-73.9
14.82	-8.608	-49.755	-58.4
14.83	-8.623	-51.002	-69.7
14.84	-8.639	-51.139	-47.3
14.85	-8.654	-51.141	-62.1
14.86	-8.668	-51.141	-54.8
14.87	-8.679	-51.141	-56.2
14.88	-8.691	-51.141	-52.6
14.89	-8.703	-51.139	-68.1
14.9	-8.716	-51.100	-42.5
14.91	-8.729	-50.275	-51.0
14.92	-8.742	-46.869	-56.1
14.93	-8.756	-40.480	-47.1
14.94	-8.768	-32.744	-45.5
14.95	-8.781	-24.905	-63.0
14.96	-8.792	-17.356	-35.6
14.97	-8.801	-10.425	-47.5
14.98	-8.809	-4.623	-47.0
14.99	-8.818	-0.511	-42.7
15.0	-8.826	1.658	-47.0
15.01	-8.835	1.853	-41.3
15.02	-8.842	0.067	-38.7
15.03	-8.851	-3.323	-61.3
15.04	-8.858	-7.602	-31.8
15.05	-8.865	-12.252	-44.6
15.06	-8.872	-16.916	-38.5
15.07	-8.878	-21.242	-37.1
15.08	-8.886	-25.078	-38.7
15.09	-8.894	-28.448	-40.2
15.1	-8.902	-31.456	-41.1
15.11	-8.913	-34.172	-43.2
15.12	-8.924	-36.483	-24.1
15.13	-8.936	-38.292	-36.3
15.14	-8.948	-39.542	3.3
15.15	-8.961	-40.177	-15.1
15.16	-8.975	-40.348	2.5
15.17	-8.988	-40.231	4.7
15.18	-9.000	-39.888	-39.4
15.19	-9.011	-39.402	-60.2
15.2	-9.023	-38.884	-35.4
15.21	-9.033	-38.395	-39.1
15.22	-9.043	-37.867	-35.2
15.23	-9.054	-37.195	-50.0
15.24	-9.065	-36.336	-52.2
15.25	-9.078	-35.266	-2.0
15.26	-9.092	-34.011	-34.5
15.27	-9.104	-32.688	7.7
15.28	-9.111	-31.361	203.6
15.29	-9.113	-29.906	206.0
15.3	-9.118	-28.291	170.1
15.31	-9.129	-26.789	-49.5
15.32	-9.144	-25.713	-71.0
15.33	-9.161	-25.200	-15.8
15.34	-9.181	-25.016	-39.4
15.35	-9.196	-24.766	-32.4
15.36	-9.203	-24.459	-25.0
15.37	-9.203	-24.291	-15.5
15.38	-9.201	-24.450	-3.5
15.39	-9.199	-25.178	-14.1
15.4	-9.199	-26.395	-7.2
15.41	-9.201	-27.708	-5.4
15.42	-9.204	-28.492	4.3
15.43	-9.211	-27.255	-1.0
15.44	-9.219	-20.717	39.0
15.45	-9.227	-4.222	33.5
15.46	-9.236	21.322	43.9
15.47	-9.245	42.533	73.7
15.48	-9.255	50.323	125.6
15.49	-9.264	51.116	129.4
15.5	-9.274	51.139	140.5
15.51	-9.286	51.139	157.3
15.52	-9.299	51.139	176.7
15.53	-9.314	51.133	142.9
15.54	-9.328	51.000	118.7
15.55	-9.340	48.605	69.4
15.56	-9.351	39.636	21.5
15.57	-9.361	24.553	-21.8
15.58	-9.374	8.498	-22.6
15.59	-9.390	-5.920	-48.8
15.6	-9.410	-18.547	-48.1
15.61	-9.430	-29.400	-51.5
15.62	-9.447	-38.203	-42.5
15.63	-9.463	-44.698	-61.7
15.64	-9.477	-48.800	-58.1
15.65	-9.491	-50.656	-71.7
15.66	-9.505	-51.108	-49.6
15.67	-9.516	-51.139	-49.7
15.68	-9.526	-51.141	-57.0
15.69	-9.537	-51.141	-65.8
15.7	-9.548	-51.141	-37.5
15.71	-9.559	-51.138	-41.5
15.72	-9.569	-51.038	-42.3
15.73	-9.578	-49.870	-43.9
15.74	-9.588	-45.963	-25.5
15.75	-9.597	-39.152	-40.5
15.76	-9.606	-30.758	-27.5
15.77	-9.615	-21.916	-41.1
15.78	-9.622	-13.333	-29.9
15.79	-9.627	-5.542	-23.6
15.8	-9.633	0.856	-29.8
15.81	-9.639	5.375	-51.7
15.82	-9.646	7.852	-26.3
15.83	-9.652	8.192	-43.5
15.84	-9.658	6.430	-44.0
15.85	-9.666	2.858	-42.8
15.86	-9.672	-2.095	-22.8
15.87	-9.679	-7.763	-26.5
15.88	-9.684	-13.378	-25.9
15.89	-9.688	-18.420	-31.4
15.9	-9.693	-22.677	-34.3
15.91	-9.697	-26.197	-32.9
15.92	-9.703	-29.159	-14.8
15.93	-9.710	-31.667	-31.9
15.94	-9.717	-33.584	1.0
15.95	-9.726	-34.819	-11.2
15.96	-9.735	-35.491	4.9
15.97	-9.743	-35.706	-5.3
15.98	-9.751	-35.669	-14.1
15.99	-9.757	-35.572	-4.4
16.0	-9.763	-35.266	-8.9
16.01	-9.772	-34.603	-41.5
16.02	-9.781	-33.800	-27.5
16.03	-9.787	-33.047	-53.1
16.04	-9.791	-32.347	-28.8
16.05	-9.794	-31.694	-38.7
16.06	-9.799	-30.945	-14.5
16.07	-9.804	-29.934	-5.0
16.08	-9.809	-28.772	-66.4
16.09	-9.808	-27.495	79.4
16.1	-9.803	-26.027	197.9
16.11	-9.797	-24.600	168.7
16.12	-9.796	-23.523	76.1
16.13	-9.801	-22.755	-108.2
16.14	-9.808	-22.222	-8.6
16.15	-9.812	-21.911	-20.1
16.16	-9.808	-21.606	-26.3
16.17	-9.788	-21.167	-14.3
16.18	-9.749	-20.719	-19.0
16.19	-9.697	-20.434	-14.3
16.2	-9.644	-20.491	-8.3
16.21	-9.597	-21.081	-4.2
16.22	-9.556	-22.217	8.5
16.23	-9.519	-23.539	15.6
16.24	-9.486	-24.350	18.0
16.25	-9.457	-23.397	13.2
16.26	-9.431	-17.994	46.3
16.27	-9.406	-4.075	37.4
16.28	-9.383	18.898	68.0
16.29	-9.360	40.355	85.2
16.3	-9.339	49.797	116.8
16.31	-9.321	51.119	131.8
16.32	-9.304	51.136	139.2
16.33	-9.287	51.139	149.8
16.34	-9.270	51.136	171.6
16.35	-9.252	51.094	126.0
16.36	-9.233	49.870	102.5
16.37	-9.211	43.541	33.8
16.38	-9.189	30.513	1.0
16.39	-9.168	14.933	-20.2
16.4	-9.150	0.384	-47.9
16.41	-9.134	-12.458	-55.0
16.42	-9.119	-23.548	-53.3
16.43	-9.100	-32.759	-74.1
16.44	-9.079	-39.872	-61.2
16.45	-9.057	-44.708	-75.2
16.46	-9.035	-47.413	-62.2
16.47	-9.011	-48.730	-79.1
16.48	-8.986	-49.422	-48.9
16.49	-8.962	-49.953	-57.5
16.5	-8.939	-50.533	-40.3
16.51	-8.916	-50.966	-83.9
16.52	-8.894	-51.042	-65.8
16.53	-8.873	-50.306	-51.2
16.54	-8.851	-48.006	-60.1
16.55	-8.829	-43.898	-56.8
16.56	-8.805	-38.133	-45.5
16.57	-8.780	-31.022	-51.0
16.58	-8.754	-23.128	-60.4
16.59	-8.726	-15.048	-65.7
16.6	-8.698	-7.422	-49.1
16.61	-8.671	-0.836	-73.4
16.62	-8.643	4.216	-49.7
16.63	-8.615	7.350	-61.6
16.64	-8.588	8.467	-50.0
16.65	-8.559	7.678	-61.8
16.66	-8.531	5.213	-58.4
16.67	-8.502	1.478	-57.8
16.68	-8.475	-3.041	-41.0
16.69	-8.449	-7.903	-64.1
16.7	-8.424	-12.678	-58.7
16.71	-8.401	-17.063	-71.3
16.72	-8.380	-20.972	-57.0
16.73	-8.361	-24.420	-57.2
16.74	-8.344	-27.375	-58.6
16.75	-8.330	-29.745	-66.7
16.76	-8.317	-31.470	-52.1
16.77	-8.304	-32.566	-64.3
16.78	-8.294	-33.198	-47.1
16.79	-8.284	-33.511	-29.4
16.8	-8.274	-33.478	-22.3
16.81	-8.266	-33.080	-50.7
16.82	-8.258	-32.458	-7.7
16.83	-8.251	-31.806	-32.0
16.84	-8.244	-31.177	-32.3
16.85	-8.238	-30.525	-40.9
16.86	-8.231	-29.805	-80.3
16.87	-8.224	-29.061	-70.5
16.88	-8.217	-28.364	-59.6
16.89	-8.210	-27.634	-74.1
16.9	-8.204	-26.828	-44.3
16.91	-8.199	-26.013	-66.8
16.92	-8.198	-25.191	-16.9
16.93	-8.197	-24.292	-80.5
16.94	-8.191	-23.327	60.3
16.95	-8.180	-22.336	157.5
16.96	-8.171	-21.316	156.7
16.97	-8.169	-20.359	82.4
16.98	-8.171	-19.638	-106.9
16.99	-8.177	-19.306	-70.1
17.0	-8.185	-19.409	-27.9
17.01	-8.189	-19.694	-65.4
17.02	-8.185	-19.920	-45.2
17.03	-8.174	-19.988	-62.1
17.04	-8.161	-19.894	-41.2
17.05	-8.151	-19.886	-48.7
17.06	-8.143	-20.208	-33.9
17.07	-8.134	-20.763	-37.1
17.08	-8.123	-20.955	-16.8
17.09	-8.114	-19.264	-30.0
17.1	-8.108	-12.355	-12.1
17.11	-8.102	4.356	5.9
17.12	-8.097	28.272	14.1
17.13	-8.092	45.666	13.9
17.14	-8.088	50.817	52.4
17.15	-8.084	51.122	70.6
17.16	-8.081	51.139	109.5
17.17	-8.079	51.139	109.1
17.18	-8.078	51.138	139.7
17.19	-8.078	51.130	118.1
17.2	-8.079	50.520	127.0
17.21	-8.078	46.142	79.5
17.22	-8.078	35.494	24.9
17.23	-8.078	21.622	-10.6
17.24	-8.078	8.328	-37.7
17.25	-8.078	-3.450	-76.8
17.26	-8.078	-13.569	-70.5
17.27	-8.081	-22.047	-81.7
17.28	-8.086	-28.889	-84.4
17.29	-8.088	-33.997	-78.0
17.3	-8.086	-37.405	-83.3
17.31	-8.083	-39.347	-109.4
17.32	-8.081	-40.172	-68.3
17.33	-8.079	-40.533	-84.7
17.34	-8.076	-41.192	-88.9
17.35	-8.071	-42.400	-87.3
17.36	-8.067	-43.794	-61.8
17.37	-8.063	-44.625	-81.1
17.38	-8.060	-44.289	-65.0
17.39	-8.058	-42.617	-85.3
17.4	-8.056	-39.581	-75.1
17.41	-8.054	-35.198	-84.8
17.42	-8.052	-29.755	-75.4
17.43	-8.050	-23.725	-75.0
17.44	-8.047	-17.478	-80.2
17.45	-8.045	-11.395	-68.7
17.46	-8.042	-5.963	-47.9
17.47	-8.039	-1.611	-92.9
17.48	-8.035	1.355	-61.9
17.49	-8.032	2.698	-75.8
17.5	-8.028	2.348	-74.3
17.51	-8.024	0.539	-77.9
17.52	-8.021	-2.389	-69.5
17.53	-8.018	-5.972	-60.8
17.54	-8.016	-9.703	-59.7
17.55	-8.012	-13.295	-74.6
17.56	-8.010	-16.605	-46.9
17.57	-8.007	-19.603	-80.2
17.58	-8.004	-22.286	-64.7
17.59	-8.002	-24.561	-67.3
17.6	-7.999	-26.497	-77.5
17.61	-7.998	-28.205	-65.8
17.62	-7.996	-29.456	-45.0
17.63	-7.994	-30.153	-65.1
17.64	-7.993	-30.553	-51.2
17.65	-7.993	-30.692	-39.2
17.66	-7.994	-30.519	-14.5
17.67	-7.996	-30.209	-53.6
17.68	-7.998	-29.905	-16.4
17.69	-7.998	-29.717	-26.4
17.7	-7.999	-29.602	-34.8
17.71	-8.001	-29.345	-49.3
17.72	-8.001	-28.997	-75.0
17.73	-8.002	-28.586	-76.3
17.74	-8.003	-28.069	-57.1
17.75	-8.004	-27.538	-62.4
17.76	-8.008	-26.938	-66.9
17.77	-8.011	-26.183	-65.5
17.78	-8.017	-25.361	3.8
17.79	-8.023	-24.703	-86.2
17.8	-8.024	-24.319	82.9
17.81	-8.020	-23.881	230.2
17.82	-8.017	-23.041	251.4
17.83	-8.019	-21.858	153.4
17.84	-8.026	-20.723	-87.9
17.85	-8.038	-20.114	-57.4
17.86	-8.054	-20.175	-24.3
17.87	-8.069	-20.547	-66.7
17.88	-8.078	-20.763	-49.2
17.89	-8.076	-20.675	-54.1
17.9	-8.067	-20.530	-35.0
17.91	-8.058	-20.655	-48.5
17.92	-8.051	-21.114	-31.5
17.93	-8.044	-21.697	-30.4
17.94	-8.038	-21.916	3.0
17.95	-8.034	-20.456	-18.4
17.96	-8.031	-14.130	8.8
17.97	-8.028	1.580	7.2
17.98	-8.026	25.263	36.3
17.99	-8.024	44.078	50.1
18.0	-8.022	50.541	69.5
18.01	-8.020	51.116	101.6
18.02	-8.018	51.139	142.7
18.03	-8.016	51.139	143.0
18.04	-8.012	51.138	174.6
18.05	-8.009	51.130	160.5
18.06	-8.003	50.663	150.6
18.07	-7.996	46.931	96.2
18.08	-7.989	37.184	61.2
18.09	-7.983	23.816	-4.0
18.1	-7.978	10.661	-25.9
18.11	-7.972	-1.198	-60.9
18.12	-7.967	-11.681	-67.5
18.13	-7.965	-20.614	-85.6
18.14	-7.966	-27.836	-75.4
18.15	-7.966	-33.358	-81.2
18.16	-7.968	-37.222	-75.6
18.17	-7.971	-39.550	-89.3
18.18	-7.976	-40.669	-76.5
18.19	-7.984	-41.144	-80.3
18.2	-7.994	-41.613	-61.4
18.21	-8.004	-42.409	-77.9
18.22	-8.018	-43.423	-55.7
18.23	-8.034	-44.181	-72.7
18.24	-8.052	-44.045	-61.4
18.25	-8.070	-42.605	-57.1
18.26	-8.089	-39.752	-60.4
18.27	-8.109	-35.559	-60.0
18.28	-8.129	-30.308	-55.4
18.29	-8.149	-24.408	-65.2
18.3	-8.169	-18.223	-54.9
18.31	-8.188	-12.130	-78.2
18.32	-8.206	-6.498	-38.5
18.33	-8.222	-1.730	-60.9
18.34	-8.237	1.708	-45.9
18.35	-8.251	3.592	-57.7
18.36	-8.264	3.845	-64.1
18.37	-8.278	2.494	-65.9
18.38	-8.292	-0.077	-51.0
18.39	-8.307	-3.359	-45.2
18.4	-8.322	-7.020	-48.3
18.41	-8.338	-10.672	-76.3
18.42	-8.355	-13.997	-46.2
18.43	-8.373	-17.089	-59.1
18.44	-8.390	-20.056	-42.8
18.45	-8.408	-22.795	-57.9
18.46	-8.426	-25.100	-37.8
18.47	-8.444	-26.830	-37.2
18.48	-8.463	-28.150	-27.3
18.49	-8.482	-29.308	-27.9
18.5	-8.502	-30.208	-20.8
18.51	-8.522	-30.620	-20.6
18.52	-8.542	-30.681	-23.4
18.53	-8.562	-30.678	-10.2
18.54	-8.582	-30.739	3.8
18.55	-8.603	-30.897	-42.3
18.56	-8.623	-31.095	-36.8
18.57	-8.642	-31.114	-66.9
18.58	-8.661	-30.863	-36.2
18.59	-8.678	-30.559	-48.7
18.6	-8.695	-30.302	-39.4
18.61	-8.713	-29.973	-63.6
18.62	-8.733	-29.541	-9.4
18.63	-8.756	-28.983	-62.3
18.64	-8.774	-28.167	44.1
18.65	-8.787	-26.923	196.7
18.66	-8.798	-25.313	198.5
18.67	-8.814	-23.447	117.3
18.68	-8.834	-22.263	-80.2
18.69	-8.857	-23.308	-63.4
18.7	-8.883	-23.013	-16.5
18.71	-8.909	-20.466	-56.8
18.72	-8.931	-20.847	-8.7
18.73	-8.945	-21.664	-38.9
18.74	-8.953	-20.322	-25.3
18.75	-8.959	-20.123	-27.6
18.76	-8.967	-21.388	-23.3
18.77	-8.978	-22.797	-23.6
18.78	-8.988	-23.809	-3.5
18.79	-8.998	-23.934	0.3
18.8	-9.010	-21.834	10.9
18.81	-9.023	-13.669	13.6
18.82	-9.034	4.875	68.0
18.83	-9.046	29.530	43.8
18.84	-9.058	46.281	72.5
18.85	-9.071	50.889	88.5
18.86	-9.083	51.127	127.8
18.87	-9.097	51.139	144.5
18.88	-9.110	51.139	168.9
18.89	-9.123	51.139	157.5
18.9	-9.135	51.130	133.0
18.91	-9.147	50.847	105.6
18.92	-9.158	47.789	80.8
18.93	-9.169	38.523	7.1
18.94	-9.180	24.778	-25.7
18.95	-9.193	10.941	-46.0
18.96	-9.207	-1.495	-38.0
18.97	-9.224	-12.473	-59.0
18.98	-9.241	-21.906	-62.1
18.99	-9.258	-29.747	-75.1
19.0	-9.273	-35.922	-52.8
19.01	-9.288	-40.186	-70.2
19.02	-9.304	-42.633	-51.5
19.03	-9.322	-44.047	-77.3
19.04	-9.338	-45.228	-60.5
19.05	-9.354	-46.634	-63.4
19.06	-9.368	-48.356	-57.6
19.07	-9.383	-49.769	-63.2
19.08	-9.396	-49.956	-36.7
19.09	-9.410	-48.400	-44.8
19.1	-9.424	-45.002	-51.4
19.11	-9.440	-39.948	-45.3
19.12	-9.456	-33.439	-29.7
19.13	-9.471	-25.625	-60.5
19.14	-9.485	-17.041	-42.3
19.15	-9.499	-9.891	-46.2
19.16	-9.513	-3.713	-38.4
19.17	-9.524	3.888	-54.2
19.18	-9.534	9.002	-40.7
19.19	-9.544	10.095	-37.6
19.2	-9.556	10.348	-39.6
19.21	-9.569	9.002	-65.2
19.22	-9.582	5.602	-26.7
19.23	-9.597	1.281	-52.4
19.24	-9.611	-3.586	-49.8
19.25	-9.626	-8.427	-47.2
19.26	-9.643	-12.872	-42.9
19.27	-9.664	-16.863	-43.1
19.28	-9.687	-20.341	-22.7
19.29	-9.711	-23.375	-50.5
19.3	-9.735	-26.056	-24.9
19.31	-9.759	-28.403	-33.1
19.32	-9.785	-30.238	-33.0
19.33	-9.813	-31.528	-14.6
19.34	-9.840	-32.533	0.7
19.35	-9.866	-33.212	-22.0
19.36	-9.893	-33.575	-12.4
19.37	-9.923	-33.855	-11.3
19.38	-9.956	-33.938	3.1
19.39	-9.988	-33.670	-39.2
19.4	-10.018	-33.170	-57.4
19.41	-10.046	-32.611	-51.4
19.42	-10.072	-32.172	-25.7
19.43	-10.096	-31.713	-43.5
19.44	-10.118	-30.969	-35.1
19.45	-10.141	-29.958	-16.1
19.46	-10.165	-28.763	-1.8
19.47	-10.184	-27.494	-52.4
19.48	-10.196	-26.294	117.6
19.49	-10.201	-25.094	184.0
19.5	-10.206	-23.789	151.8
19.51	-10.217	-22.559	14.7
19.52	-10.235	-21.639	-84.6
19.53	-10.254	-21.059	4.1
19.54	-10.273	-20.703	-10.0
19.55	-10.287	-20.305	-43.9
19.56	-10.289	-19.736	-4.2
19.57	-10.277	-19.208	-22.5
19.58	-10.254	-18.977	1.5
19.59	-10.229	-19.267	-8.5
19.6	-10.208	-20.244	1.6
19.61	-10.190	-21.700	23.6
19.62	-10.176	-23.153	31.2
19.63	-10.164	-23.906	9.6
19.64	-10.155	-22.467	35.7
19.65	-10.147	-15.586	21.7
19.66	-10.140	1.228	61.5
19.67	-10.134	25.880	73.3
19.68	-10.131	44.658	97.0
19.69	-10.128	50.675	93.0
19.7	-10.124	51.117	134.2
19.71	-10.121	51.139	163.5
19.72	-10.119	51.139	171.7
19.73	-10.119	51.139	151.4
19.74	-10.120	51.130	152.0
19.75	-10.123	50.728	89.0
19.76	-10.125	47.067	47.3
19.77	-10.127	36.864	5.6
19.78	-10.129	22.195	-18.1
19.79	-10.137	7.272	-48.6
19.8	-10.149	-6.330	-49.5
19.81	-10.163	-18.300	-64.5
19.82	-10.174	-28.359	-61.1
19.83	-10.184	-36.216	-58.5
19.84	-10.193	-42.000	-32.8
19.85	-10.203	-46.194	-68.8
19.86	-10.208	-49.119	-53.3
19.87	-10.208	-50.675	-53.9
19.88	-10.204	-51.108	-53.5
19.89	-10.198	-51.139	-59.7
19.9	-10.192	-51.141	-36.2
19.91	-10.186	-51.138	-40.5
19.92	-10.181	-51.031	-40.6
19.93	-10.179	-49.850	-57.9
19.94	-10.176	-45.978	-37.0
19.95	-10.170	-39.188	-52.8
19.96	-10.158	-30.366	-17.4
19.97	-10.141	-20.156	-44.6
19.98	-10.121	-9.327	-28.5
19.99	-10.096	1.030	-36.1
20.0	-10.068	9.828	-47.9
20.01	-10.038	16.402	-32.7
20.02	-10.006	20.348	-43.0
20.03	-9.974	21.489	-54.4
20.04	-9.943	20.225	-21.0
20.05	-9.915	17.316	-57.0
20.06	-9.889	13.344	-20.0
20.07	-9.863	8.542	-34.6
20.08	-9.836	3.117	-43.6
20.09	-9.810	-2.505	-39.0
20.1	-9.784	-8.016	-27.6
20.11	-9.757	-13.177	-23.4
20.12	-9.731	-17.723	-20.7
20.13	-9.704	-21.663	-27.4
20.14	-9.679	-25.180	-5.5
20.15	-9.652	-28.284	-18.9
20.16	-9.626	-30.731	-23.9
20.17	-9.599	-32.370	-2.6
20.18	-9.572	-33.377	0.0
20.19	-9.546	-33.995	-55.5
20.2	-9.521	-34.406	-34.1
20.21	-9.498	-34.658	-48.5
20.22	-9.474	-34.636	-36.7
20.23	-9.450	-34.278	-37.1
20.24	-9.425	-33.638	-45.5
20.25	-9.400	-32.809	-47.9
20.26	-9.376	-31.964	1.8
20.27	-9.350	-31.153	-77.1
20.28	-9.319	-30.244	91.1
20.29	-9.281	-28.945	191.9
20.3	-9.241	-27.092	162.6
20.31	-9.206	-24.989	44.8
20.32	-9.179	-23.088	-87.2
20.33	-9.159	-21.711	-50.3
20.34	-9.143	-21.114	-29.6
20.35	-9.125	-21.056	-43.1
20.36	-9.102	-20.884	-21.2
20.37	-9.071	-20.381	-40.5
20.38	-9.035	-19.836	-27.1
20.39	-8.999	-19.698	-17.7
20.4	-8.965	-20.423	-5.4
20.41	-8.931	-21.900	-29.9
20.42	-8.897	-23.345	24.0
20.43	-8.864	-23.767	2.1
20.44	-8.832	-21.491	-15.8
20.45	-8.803	-12.858	21.6
20.46	-8.775	6.375	44.8
20.47	-8.749	31.103	40.8
20.48	-8.726	46.952	67.9
20.49	-8.705	50.944	77.3
20.5	-8.687	51.128	121.7
20.51	-8.670	51.139	124.3
20.52	-8.653	51.139	145.4
20.53	-8.636	51.139	128.8
20.54	-8.618	51.128	127.5
20.55	-8.599	50.816	46.9
20.56	-8.579	47.502	18.3
20.57	-8.558	37.645	-2.7
20.58	-8.538	23.255	-49.2
20.59	-8.521	8.914	-74.3
20.6	-8.506	-3.939	-54.9
20.61	-8.492	-15.178	-92.7
20.62	-8.477	-24.689	-81.0
20.63	-8.461	-32.478	-70.7
20.64	-8.446	-38.384	-79.7
20.65	-8.429	-42.431	-89.5
20.66	-8.412	-45.247	-75.5
20.67	-8.394	-47.595	-89.0
20.68	-8.376	-49.617	-72.9
20.69	-8.359	-50.805	-80.3
20.7	-8.341	-51.123	-55.8
20.71	-8.324	-51.139	-70.0
20.72	-8.308	-51.136	-64.9
20.73	-8.294	-50.848	-66.3
20.74	-8.280	-48.684	-62.8
20.75	-8.268	-42.916	-82.7
20.76	-8.254	-34.319	-60.9
20.77	-8.240	-24.714	-78.5
20.78	-8.225	-15.142	-62.4
20.79	-8.211	-6.369	-65.5
20.8	-8.196	0.978	-61.3
20.81	-8.183	6.475	-71.1
20.82	-8.169	9.911	-59.7
20.83	-8.157	11.189	-77.8
20.84	-8.147	10.413	-64.0
20.85	-8.137	8.053	-71.4
20.86	-8.128	4.648	-63.2
20.87	-8.119	0.577	-81.2
20.88	-8.111	-3.831	-64.3
20.89	-8.104	-8.328	-62.4
20.9	-8.098	-12.772	-59.0
20.91	-8.091	-17.088	-81.3
20.92	-8.084	-21.156	-55.5
20.93	-8.078	-24.767	-60.9
20.94	-8.072	-27.891	-50.6
20.95	-8.067	-30.544	-67.1
20.96	-8.063	-32.603	-56.1
20.97	-8.058	-34.064	-52.9
20.98	-8.052	-35.008	-48.6
20.99	-8.046	-35.434	-48.6
21.0	-8.043	-35.580	-36.0
21.01	-8.041	-35.748	-43.2
21.02	-8.041	-35.847	-13.3
21.03	-8.039	-35.673	-42.6
21.04	-8.037	-35.259	-46.2
21.05	-8.034	-34.591	-75.5
21.06	-8.033	-33.736	-67.0
21.07	-8.031	-32.997	-78.8
21.08	-8.027	-32.462	-52.9
21.09	-8.024	-31.867	-62.4
21.1	-8.021	-31.050	-73.1
21.11	-8.019	-29.952	-43.1
21.12	-8.019	-28.492	-66.6
21.13	-8.016	-26.959	43.4
21.14	-8.007	-25.580	173.3
21.15	-7.996	-24.166	177.2
21.16	-7.989	-22.697	160.3
21.17	-7.983	-21.441	-87.5
21.18	-7.982	-20.741	-71.4
21.19	-7.986	-20.759	-46.8
21.2	-7.987	-21.191	-67.1
21.21	-7.981	-21.548	-45.4
21.22	-7.971	-21.631	-52.9
21.23	-7.959	-21.475	-46.7
21.24	-7.948	-21.350	-34.9
21.25	-7.937	-21.723	-51.4
21.26	-7.926	-22.645	-29.7
21.27	-7.914	-23.213	-33.6
21.28	-7.901	-21.197	-19.6
21.29	-7.889	-12.017	-23.8
21.3	-7.881	9.011	19.7
21.31	-7.874	34.270	9.0
21.32	-7.866	48.319	42.6
21.33	-7.859	51.047	46.9
21.34	-7.852	51.130	80.8
21.35	-7.844	51.139	101.1
21.36	-7.836	51.139	127.3
21.37	-7.829	51.139	143.6
21.38	-7.822	51.139	158.6
21.39	-7.817	51.136	122.7
21.4	-7.813	51.081	104.5
21.41	-7.809	49.625	33.2
21.42	-7.805	42.780	2.2
21.43	-7.801	29.520	-35.8
21.44	-7.797	14.194	-54.0
21.45	-7.793	-0.047	-93.2
21.46	-7.789	-12.619	-95.6
21.47	-7.788	-23.289	-90.5
21.48	-7.786	-31.794	-89.0
21.49	-7.782	-37.964	-103.2
21.5	-7.779	-41.984	-82.0
21.51	-7.776	-44.328	-95.6
21.52	-7.773	-45.645	-72.4
21.53	-7.769	-46.809	-89.2
21.54	-7.763	-48.422	-76.8
21.55	-7.758	-50.081	-94.0
21.56	-7.753	-50.963	-85.4
21.57	-7.749	-51.119	-78.3
21.58	-7.744	-50.719	-94.3
21.59	-7.741	-48.697	-90.6
21.6	-7.739	-44.213	-62.3
21.61	-7.739	-37.873	-91.0
21.62	-7.737	-30.664	-74.1
21.63	-7.736	-23.158	-80.9
21.64	-7.734	-15.775	-75.5
21.65	-7.732	-9.003	-84.8
21.66	-7.731	-3.358	-69.6
21.67	-7.729	0.795	-83.8
21.68	-7.728	3.338	-75.5
21.69	-7.727	4.156	-86.2
21.7	-7.726	3.233	-59.7
21.71	-7.726	0.873	-72.5
21.72	-7.726	-2.503	-69.7
21.73	-7.725	-6.495	-74.6
21.74	-7.724	-10.750	-72.5
21.75	-7.725	-15.109	-88.5
21.76	-7.727	-19.438	-64.6
21.77	-7.729	-23.433	-72.8
21.78	-7.731	-26.945	-72.4
21.79	-7.734	-30.016	-81.1
21.8	-7.737	-32.539	-54.8
21.81	-7.741	-34.420	-58.6
21.82	-7.744	-35.822	-64.4
21.83	-7.750	-36.877	-67.1
21.84	-7.756	-37.542	-21.3
21.85	-7.761	-37.791	-46.0
21.86	-7.766	-37.691	-32.7
21.87	-7.771	-37.273	-32.8
21.88	-7.777	-36.636	-29.7
21.89	-7.784	-35.991	-68.0
21.9	-7.794	-35.344	-72.3
21.91	-7.809	-34.595	-69.3
21.92	-7.828	-33.867	-76.5
21.93	-7.851	-33.209	-70.6
21.94	-7.881	-32.473	-70.4
21.95	-7.914	-31.686	-56.0
21.96	-7.948	-30.959	-43.1
21.97	-7.979	-30.138	-59.5
21.98	-8.002	-29.227	178.8
21.99	-8.017	-28.325	247.9
22.0	-8.029	-27.230	274.3
22.01	-8.042	-25.938	53.0
22.02	-8.056	-24.836	-127.6
22.03	-8.072	-24.291	-51.2
22.04	-8.090	-24.339	-61.7
22.05	-8.106	-24.556	-77.1
22.06	-8.116	-24.520	-40.8
22.07	-8.119	-24.352	-58.1
22.08	-8.117	-24.356	-50.0
22.09	-8.113	-24.722	-37.3
22.1	-8.111	-25.653	-32.0
22.11	-8.109	-26.939	-39.9
22.12	-8.109	-27.475	-21.1
22.13	-8.111	-24.845	-25.1
22.14	-8.113	-14.536	10.9
22.15	-8.115	7.720	12.6
22.16	-8.116	33.883	27.5
22.17	-8.117	48.292	41.6
22.18	-8.121	51.048	87.6
22.19	-8.127	51.130	101.1
22.2	-8.136	51.139	142.6
22.21	-8.146	51.139	148.0
22.22	-8.157	51.139	170.2
22.23	-8.167	51.139	144.8
22.24	-8.179	51.133	126.8
22.25	-8.192	51.020	96.1
22.26	-8.206	48.761	36.0
22.27	-8.221	39.991	-32.3
22.28	-8.236	24.800	-37.8
22.29	-8.249	8.181	-77.5
22.3	-8.263	-7.003	-74.8
22.31	-8.277	-20.250	-82.1
22.32	-8.293	-31.345	-72.8
22.33	-8.308	-40.084	-92.6
22.34	-8.319	-46.275	-78.7
22.35	-8.331	-49.773	-89.8
22.36	-8.345	-50.984	-65.3
22.37	-8.360	-51.139	-74.6
22.38	-8.376	-51.141	-71.3
22.39	-8.391	-51.141	-70.1
22.4	-8.404	-51.141	-65.3
22.41	-8.419	-51.141	-91.8
22.42	-8.434	-51.136	-62.4
22.43	-8.449	-51.047	-53.0
22.44	-8.465	-49.820	-66.9
22.45	-8.482	-45.548	-62.8
22.46	-8.498	-38.303	-51.9
22.47	-8.513	-29.792	-77.9
22.48	-8.526	-21.014	-46.5
22.49	-8.537	-12.503	-66.2
22.5	-8.548	-4.773	-45.2
22.51	-8.558	1.538	-49.4
22.52	-8.569	5.809	-69.6
22.53	-8.579	7.772	-63.4
22.54	-8.591	7.575	-55.2
22.55	-8.603	5.525	-70.1
22.56	-8.617	1.989	-50.5
22.57	-8.631	-2.519	-58.3
22.58	-8.645	-7.467	-47.0
22.59	-8.659	-12.503	-54.6
22.6	-8.675	-17.427	-38.5
22.61	-8.691	-21.997	-73.9
22.62	-8.709	-25.972	-50.8
22.63	-8.727	-29.392	-48.5
22.64	-8.746	-32.425	-34.0
22.65	-8.766	-35.047	-28.4
22.66	-8.787	-37.084	-21.3
22.67	-8.807	-38.472	-22.4
22.68	-8.826	-39.355	-12.6
22.69	-8.843	-39.942	-33.6
22.7	-8.858	-40.316	-28.3
22.71	-8.873	-40.409	-62.9
22.72	-8.887	-40.208	-46.0
22.73	-8.901	-39.717	-55.8
22.74	-8.914	-38.948	-30.7
22.75	-8.926	-38.042	-73.1
22.76	-8.939	-37.123	-29.4
22.77	-8.954	-36.219	-23.2
22.78	-8.967	-35.206	-50.3
22.79	-8.975	-33.898	122.5
22.8	-8.976	-32.275	202.4
22.81	-8.979	-30.388	189.3
22.82	-8.987	-28.452	43.0
22.83	-8.999	-26.958	-104.9
22.84	-9.016	-26.248	-21.7
22.85	-9.034	-25.966	-39.2
22.86	-9.051	-26.022	-23.5
22.87	-9.060	-26.381	-42.6
22.88	-9.061	-25.631	-17.2
22.89	-9.057	-23.909	-45.5
22.9	-9.053	-23.239	-26.3
22.91	-9.050	-24.045	-13.0
22.92	-9.049	-25.630	-2.6
22.93	-9.052	-27.220	-12.2
22.94	-9.058	-27.663	19.5
22.95	-9.064	-24.750	24.9
22.96	-9.071	-13.625	27.2
22.97	-9.078	9.727	28.1
22.98	-9.084	35.653	65.6
22.99	-9.089	48.870	84.1
23.0	-9.096	51.088	126.0
23.01	-9.101	51.131	130.8
23.02	-9.106	51.139	179.8
23.03	-9.111	51.139	170.0
23.04	-9.117	51.139	148.8
23.05	-9.122	51.138	127.0
23.06	-9.127	51.127	79.2
23.07	-9.133	50.541	36.9
23.08	-9.138	45.789	9.1
23.09	-9.143	33.427	-37.0
23.1	-9.152	16.620	-27.7
23.11	-9.164	0.225	-61.5
23.12	-9.180	-14.450	-47.6
23.13	-9.194	-27.263	-66.2
23.14	-9.206	-38.005	-61.0
23.15	-9.217	-45.964	-78.2
23.16	-9.231	-50.066	-56.1
23.17	-9.246	-51.081	-58.5
23.18	-9.259	-51.138	-70.4
23.19	-9.270	-51.141	-54.7
23.2	-9.279	-51.141	-45.5
23.21	-9.287	-51.141	-59.3
23.22	-9.296	-51.141	-38.0
23.23	-9.303	-51.141	-57.4
23.24	-9.311	-51.134	-42.3
23.25	-9.319	-50.842	-60.2
23.26	-9.329	-48.342	-21.3
23.27	-9.339	-41.358	-43.4
23.28	-9.349	-31.025	-41.4
23.29	-9.357	-19.972	-37.2
23.3	-9.364	-9.361	-38.5
23.31	-9.369	0.197	-40.3
23.32	-9.372	8.006	-30.5
23.33	-9.377	13.420	-41.5
23.34	-9.383	16.120	-31.5
23.35	-9.388	16.202	-41.5
23.36	-9.394	13.989	-45.3
23.37	-9.401	9.961	-38.4
23.38	-9.406	4.694	-40.6
23.39	-9.411	-1.272	-43.1
23.4	-9.416	-7.452	-11.4
23.41	-9.421	-13.458	-32.6
23.42	-9.428	-19.066	-1.3
23.43	-9.436	-24.050	-4.6
23.44	-9.444	-28.298	1.8
23.45	-9.451	-31.894	-14.2
23.46	-9.458	-34.827	6.3
23.47	-9.464	-37.048	-25.9
23.48	-9.468	-38.588	-14.9
23.49	-9.472	-39.336	-52.1
23.5	-9.475	-39.292	-51.5
23.51	-9.476	-38.769	-26.9
23.52	-9.474	-38.100	-24.1
23.53	-9.469	-37.425	-50.2
23.54	-9.463	-36.789	-45.1
23.55	-9.457	-36.077	-0.0
23.56	-9.448	-34.981	-47.5
23.57	-9.432	-33.384	57.1
23.58	-9.409	-31.481	208.0
23.59	-9.382	-29.481	137.9
23.6	-9.361	-27.669	81.7
23.61	-9.351	-26.272	-86.2
23.62	-9.349	-25.192	-31.6
23.63	-9.347	-24.283	-16.5
23.64	-9.337	-23.498	-35.8
23.65	-9.315	-22.780	-33.7
23.66	-9.279	-22.178	-11.4
23.67	-9.234	-21.831	-12.0
23.68	-9.184	-21.869	1.7
23.69	-9.136	-22.364	-1.2
23.7	-9.089	-23.277	-17.6
23.71	-9.044	-24.453	2.3
23.72	-9.001	-25.427	27.6
23.73	-8.961	-24.900	19.6
23.74	-8.924	-19.920	30.5
23.75	-8.888	-5.633	32.2
23.76	-8.854	18.833	77.4
23.77	-8.821	41.052	87.6
23.78	-8.790	50.047	115.2
23.79	-8.759	51.114	130.5
23.8	-8.729	51.139	161.9
23.81	-8.701	51.139	158.8
23.82	-8.674	51.139	161.5
23.83	-8.649	51.139	122.8
23.84	-8.626	51.133	118.4
23.85	-8.604	51.025	55.8
23.86	-8.583	48.758	6.2
23.87	-8.564	39.575	-38.7
23.88	-8.548	23.250	-42.7
23.89	-8.535	5.195	-72.5
23.9	-8.522	-11.416	-57.5
23.91	-8.508	-26.008	-73.4
23.92	-8.494	-38.078	-68.8
23.93	-8.480	-46.517	-89.1
23.94	-8.467	-50.350	-81.0
23.95	-8.453	-51.111	-52.3
23.96	-8.436	-51.139	-64.7
23.97	-8.419	-51.141	-83.5
23.98	-8.403	-51.141	-56.3
23.99	-8.388	-51.141	-70.6
24.0	-8.373	-51.141	-63.8
24.01	-8.359	-51.139	-71.6
24.02	-8.346	-51.128	-61.6
24.03	-8.334	-50.588	-72.3
24.04	-8.323	-47.083	-50.7
24.05	-8.312	-38.792	-67.3
24.06	-8.301	-27.831	-67.2
24.07	-8.290	-16.844	-68.0
24.08	-8.278	-6.853	-45.0
24.09	-8.266	1.425	-65.1
24.1	-8.256	7.513	-58.9
24.11	-8.246	11.123	-79.0
24.12	-8.237	12.223	-55.4
24.13	-8.228	11.241	-59.4
24.14	-8.221	8.661	-72.4
24.15	-8.213	4.861	-67.2
24.16	-8.206	0.264	-66.6
24.17	-8.199	-4.786	-62.8
24.18	-8.191	-9.992	-44.6
24.19	-8.182	-15.098	-75.9
24.2	-8.173	-19.927	-59.3
24.21	-8.163	-24.256	-63.3
24.22	-8.154	-27.958	-45.5
24.23	-8.146	-31.061	-73.6
24.24	-8.139	-33.570	-52.3
24.25	-8.133	-35.472	-40.6
24.26	-8.127	-36.792	-34.5
24.27	-8.123	-37.623	-51.0
24.28	-8.118	-38.188	-33.8
24.29	-8.114	-38.633	-39.3
24.3	-8.109	-38.886	-24.2
24.31	-8.104	-38.911	-29.2
24.32	-8.100	-38.763	-24.1
24.33	-8.097	-38.355	-44.9
24.34	-8.094	-37.591	-38.1
24.35	-8.091	-36.550	-56.1
24.36	-8.089	-35.403	-57.4
24.37	-8.091	-34.230	-61.8
24.38	-8.097	-33.061	-36.0
24.39	-8.105	-32.008	-78.8
24.4	-8.119	-30.970	-30.5
24.41	-8.138	-29.772	-39.1
24.42	-8.158	-28.545	-42.9
24.43	-8.168	-27.367	149.3
24.44	-8.170	-26.091	188.2
24.45	-8.169	-24.666	190.8
24.46	-8.174	-23.270	68.4
24.47	-8.185	-22.239	-105.9
24.48	-8.202	-21.803	-21.2
24.49	-8.217	-21.794	-74.2
24.5	-8.223	-21.828	-46.4
24.51	-8.211	-21.709	-34.0
24.52	-8.188	-21.430	-41.3
24.53	-8.161	-21.147	-45.3
24.54	-8.139	-21.189	-18.7
24.55	-8.122	-21.553	-22.5
24.56	-8.106	-21.639	-13.8
24.57	-8.092	-20.128	-19.4
24.58	-8.081	-13.906	-1.1
24.59	-8.072	2.711	-0.3
24.6	-8.064	27.730	27.3
24.61	-8.058	45.797	38.5
24.62	-8.053	50.863	52.9
24.63	-8.046	51.125	70.1
24.64	-8.039	51.139	105.7
24.65	-8.034	51.139	112.0
24.66	-8.030	51.139	167.9
24.67	-8.026	51.139	173.8
24.68	-8.023	51.139	166.6
24.69	-8.019	51.130	130.9
24.7	-8.015	50.956	113.9
24.71	-8.011	48.211	47.5
24.72	-8.006	38.602	8.1
24.73	-8.002	23.291	-37.4
24.74	-7.997	7.483	-62.2
24.75	-7.994	-6.681	-66.3
24.76	-7.994	-18.909	-67.3
24.77	-7.994	-29.008	-84.8
24.78	-7.994	-36.945	-58.9
24.79	-7.992	-42.630	-83.3
24.8	-7.990	-46.166	-62.0
24.81	-7.989	-48.220	-57.3
24.82	-7.989	-49.617	-65.2
24.83	-7.987	-50.627	-63.1
24.84	-7.985	-51.075	-42.0
24.85	-7.982	-51.139	-78.5
24.86	-7.981	-51.139	-69.4
24.87	-7.980	-51.128	-66.8
24.88	-7.979	-50.709	-53.6
24.89	-7.978	-48.270	-59.2
24.9	-7.977	-42.714	-46.9
24.91	-7.977	-35.136	-64.1
24.92	-7.976	-26.944	-49.8
24.93	-7.974	-18.777	-49.9
24.94	-7.973	-11.073	-46.4
24.95	-7.969	-4.348	-75.0
24.96	-7.966	0.823	-57.3
24.97	-7.963	4.066	-64.8
24.98	-7.961	5.356	-46.5
24.99	-7.958	4.900	-57.8
25.0	-7.954	2.975	-50.2
25.01	-7.952	-0.128	-49.2
25.02	-7.949	-4.123	-54.7
25.03	-7.947	-8.688	-53.5
25.04	-7.946	-13.534	-50.0
25.05	-7.944	-18.383	-57.3
25.06	-7.942	-22.883	-37.8
25.07	-7.941	-26.798	-56.9
25.08	-7.939	-30.152	-39.8
25.09	-7.938	-32.998	-56.3
25.1	-7.938	-35.303	-45.7
25.11	-7.938	-37.100	-44.0
25.12	-7.937	-38.402	-26.7
25.13	-7.937	-39.136	-40.5
25.14	-7.938	-39.384	-23.2
25.15	-7.939	-39.314	-18.2
25.16	-7.939	-39.022	-3.0
25.17	-7.941	-38.555	-19.1
25.18	-7.941	-37.933	-27.2
25.19	-7.942	-37.141	-54.3
25.2	-7.944	-36.189	-54.1
25.21	-7.944	-35.228	-53.7
25.22	-7.944	-34.347	-51.4
25.23	-7.943	-33.513	-55.9
25.24	-7.943	-32.727	-48.9
25.25	-7.944	-31.888	-25.7
25.26	-7.947	-30.900	-26.7
25.27	-7.949	-29.803	-69.7
25.28	-7.949	-28.658	182.6
25.29	-7.946	-27.494	275.7
25.3	-7.945	-26.225	325.6
25.31	-7.949	-24.800	105.1
25.32	-7.954	-23.606	-117.3
25.33	-7.960	-23.091	-25.9
25.34	-7.967	-23.206	-46.0
25.35	-7.971	-23.588	-55.5
25.36	-7.971	-23.877	-36.4
25.37	-7.967	-23.938	-48.1
25.38	-7.962	-23.984	-23.1
25.39	-7.960	-24.422	-37.7
25.4	-7.960	-25.381	-33.3
25.41	-7.961	-26.445	-13.8
25.42	-7.963	-26.623	6.9
25.43	-7.966	-23.628	-9.0
25.44	-7.969	-12.956	9.5
25.45	-7.972	9.231	21.9
25.46	-7.975	34.681	57.1
25.47	-7.978	48.461	58.3
25.48	-7.981	51.055	96.2
25.49	-7.986	51.131	120.2
25.5	-7.993	51.139	163.1
25.51	-8.002	51.139	162.7
25.52	-8.013	51.139	189.7
25.53	-8.026	51.139	186.3
25.54	-8.039	51.134	179.7
25.55	-8.054	51.052	114.3
25.56	-8.068	49.166	50.8
25.57	-8.081	41.059	-5.3
25.58	-8.093	26.194	-16.6
25.59	-8.103	9.630	-68.1
25.6	-8.114	-5.483	-91.5
25.61	-8.126	-18.778	-65.9
25.62	-8.139	-30.050	-67.7
25.63	-8.151	-39.031	-101.0
25.64	-8.163	-45.550	-56.8
25.65	-8.176	-49.430	-74.6
25.66	-8.189	-50.902	-81.3
25.67	-8.205	-51.134	-86.2
25.68	-8.223	-51.141	-63.1
25.69	-8.241	-51.141	-59.6
25.7	-8.261	-51.141	-65.3
25.71	-8.284	-51.141	-75.2
25.72	-8.311	-51.136	-71.2
25.73	-8.341	-50.975	-61.3
25.74	-8.374	-49.331	-52.2
25.75	-8.410	-44.336	-98.3
25.76	-8.449	-36.542	-48.8
25.77	-8.488	-27.709	-63.0
25.78	-8.526	-18.616	-71.6
25.79	-8.560	-9.998	-68.7
25.8	-8.589	-2.750	-72.1
25.81	-8.613	2.725	-61.6
25.82	-8.634	6.514	-40.0
25.83	-8.652	8.631	-80.5
25.84	-8.669	8.963	-69.5
25.85	-8.686	7.788	-51.5
25.86	-8.703	5.555	-78.8
25.87	-8.719	2.180	-91.1
25.88	-8.735	-2.605	-9.3
25.89	-8.751	-8.258	-45.8
25.9	-8.767	-13.813	-36.3
25.91	-8.784	-18.950	-62.1
25.92	-8.802	-23.288	-54.9
25.93	-8.820	-26.217	-49.0
25.94	-8.840	-27.755	-73.5
25.95	-8.861	-28.202	-45.7
25.96	-8.884	-29.169	-4.9
25.97	-8.908	-31.291	-10.3
25.98	-8.934	-31.794	-23.0
25.99	-8.959	-29.366	-15.8
26.0	-8.984	-26.723	-12.6
26.01	-9.008	-26.469	-46.6
26.02	-9.032	-27.563	-28.6
26.03	-9.055	-27.736	-49.7
26.04	-9.077	-26.616	-30.3
26.05	-9.098	-24.522	-48.2
26.06	-9.117	-21.577	-26.0
26.07	-9.137	-18.455	-55.2
26.08	-9.157	-15.380	-28.0
26.09	-9.178	-11.502	-31.1
26.1	-9.197	-7.083	-62.6
26.11	-9.211	-3.842	147.3
26.12	-9.219	-2.347	265.2
26.13	-9.228	-1.348	230.8
26.14	-9.241	-0.078	73.7
26.15	-9.259	0.844	-101.1
26.16	-9.277	0.798	-28.8
26.17	-9.299	0.195	-59.3
26.18	-9.321	-0.234	-7.3
26.19	-9.339	-1.008	-29.0
26.2	-9.352	-3.150	-26.4
26.21	-9.361	-6.492	-30.5
26.22	-9.369	-10.363	-35.6
26.23	-9.379	-14.548	-19.0
26.24	-9.388	-18.644	-11.7
26.25	-9.397	-21.413	8.0
26.26	-9.406	-21.047	11.0
26.27	-9.417	-14.827	1.4
26.28	-9.430	1.450	34.4
26.29	-9.443	26.009	11.2
26.3	-9.457	44.836	106.1
26.31	-9.473	50.733	106.6
26.32	-9.488	51.117	87.2
26.33	-9.506	51.139	209.7
26.34	-9.528	51.139	116.1
26.35	-9.552	51.139	116.3
26.36	-9.577	51.139	193.8
26.37	-9.604	51.139	87.4
26.38	-9.633	51.136	128.6
26.39	-9.664	51.114	61.0
26.4	-9.696	49.948	-7.4
26.41	-9.731	42.648	-47.2
26.42	-9.766	27.000	-7.6
26.43	-9.800	9.072	-28.6
26.44	-9.835	-7.306	-78.7
26.45	-9.868	-22.453	-91.8
26.46	-9.898	-35.413	-44.6
26.47	-9.923	-44.978	-82.2
26.48	-9.947	-49.906	-42.3
26.49	-9.971	-51.083	-58.5
26.5	-9.996	-51.138	-84.4
26.51	-10.022	-51.141	-66.0
26.52	-10.047	-51.141	-33.9
26.53	-10.073	-51.141	-57.5
26.54	-10.099	-51.141	-51.5
26.55	-10.123	-51.141	5.4
26.56	-10.145	-51.141	-88.8
26.57	-10.169	-51.136	-93.7
26.58	-10.196	-50.980	-23.3
26.59	-10.222	-49.358	-31.4
26.6	-10.247	-44.316	-39.2
26.61	-10.272	-36.233	-49.7
26.62	-10.299	-27.166	-26.1
26.63	-10.326	-18.342	-65.7
26.64	-10.352	-10.450	-9.2
26.65	-10.378	-3.881	-11.2
26.66	-10.403	1.611	-52.6
26.67	-10.424	5.667	-68.1
26.68	-10.444	6.641	-22.9
26.69	-10.464	4.397	-19.7
26.7	-10.484	0.173	-21.2
26.71	-10.503	-4.656	-16.8
26.72	-10.521	-8.458	-35.5
26.73	-10.535	-11.233	-37.1
26.74	-10.548	-14.416	-4.5
26.75	-10.559	-18.980	-37.4
26.76	-10.571	-23.405	-0.7
26.77	-10.583	-26.148	-10.8
26.78	-10.597	-28.172	-1.8
26.79	-10.614	-30.239	19.6
26.8	-10.632	-32.947	65.1
26.81	-10.644	-37.127	-23.7
26.82	-10.653	-38.539	-51.2
26.83	-10.665	-35.691	4.9
26.84	-10.677	-37.967	-7.7
26.85	-10.688	-43.078	-39.6
26.86	-10.701	-45.225	-55.9
26.87	-10.715	-48.327	-17.3
26.88	-10.733	-50.741	50.8
26.89	-10.751	-51.134	-52.5
26.9	-10.763	-51.139	70.8
26.91	-10.768	-51.139	190.6
26.92	-10.770	-51.116	222.8
26.93	-10.778	-50.809	129.9
26.94	-10.795	-50.059	-27.2
26.95	-10.821	-49.397	-10.9
26.96	-10.849	-49.009	-31.0
26.97	-10.875	-48.214	-24.7
26.98	-10.893	-47.116	8.5
26.99	-10.899	-46.847	-19.0
27.0	-10.898	-47.561	-10.3
27.01	-10.898	-48.206	12.8
27.02	-10.905	-48.486	35.6
27.03	-10.922	-49.200	-13.8
27.04	-10.947	-50.181	38.7
27.05	-10.981	-50.383	34.9
27.06	-11.023	-47.891	-6.6
27.07	-11.068	-40.528	79.4
27.08	-11.110	-26.794	82.3
27.09	-11.153	-1.408	46.4
27.1	-11.202	29.742	135.8
27.11	-11.253	47.567	114.5
27.12	-11.307	51.025	130.2
27.13	-11.358	51.128	167.6
27.14	-11.408	51.139	177.8
27.15	-11.458	51.139	158.2
27.16	-11.508	51.139	193.5
27.17	-11.553	51.136	128.7
27.18	-11.598	51.109	67.2
27.19	-11.642	50.080	24.5
27.2	-11.686	43.967	-15.7
27.21	-11.730	30.431	3.6
27.22	-11.776	13.408	-26.2
27.23	-11.826	-2.981	-36.1
27.24	-11.878	-17.669	3.1
27.25	-11.922	-30.528	-32.1
27.26	-11.961	-41.211	-22.5
27.27	-12.006	-48.188	-42.9
27.28	-12.054	-50.795	-20.7
27.29	-12.100	-51.136	-39.8
27.3	-12.150	-51.141	-5.5
27.31	-12.201	-51.141	-1.5
27.32	-12.244	-51.141	-20.8
27.33	-12.274	-51.141	-26.8
27.34	-12.301	-51.141	-19.7
27.35	-12.337	-51.141	-12.2
27.36	-12.382	-51.141	-1.2
27.37	-12.429	-51.138	-40.7
27.38	-12.478	-51.080	-6.3
27.39	-12.524	-49.753	-43.8
27.4	-12.566	-43.927	-27.3
27.41	-12.605	-33.045	18.9
27.42	-12.642	-20.994	3.7
27.43	-12.682	-10.353	-55.3
27.44	-12.731	-1.253	13.1
27.45	-12.788	6.020	-11.0
27.46	-12.846	11.075	-43.1
27.47	-12.898	13.845	7.0
27.48	-12.938	14.039	-44.4
27.49	-12.973	11.505	-58.3
27.5	-13.020	6.592	13.7
27.51	-13.075	-0.045	4.5
27.52	-13.129	-7.388	-44.4
27.53	-13.184	-14.597	-63.2
27.54	-13.240	-21.345	6.7
27.55	-13.296	-27.375	-12.1
27.56	-13.356	-32.773	4.9
27.57	-13.416	-36.748	14.8
27.58	-13.473	-40.566	-29.3
27.59	-13.533	-45.475	4.8
27.6	-13.604	-47.450	-2.3
27.61	-13.684	-45.891	-59.1
27.62	-13.761	-42.656	-21.5
27.63	-13.827	-38.131	-73.2
27.64	-13.881	-34.075	8.7
27.65	-13.924	-29.584	-6.7
27.66	-13.961	-23.748	-53.0
27.67	-14.003	-19.738	0.8
27.68	-14.050	-21.211	-30.8
27.69	-14.093	-25.880	38.9
27.7	-14.121	-27.478	137.8
27.71	-14.135	-25.425	156.0
27.72	-14.150	-23.647	193.9
27.73	-14.170	-22.189	-28.9
27.74	-14.192	-18.772	-46.7
27.75	-14.219	-15.866	31.0
27.76	-14.249	-14.980	-44.9
27.77	-14.268	-14.317	-31.2
27.78	-14.266	-13.172	25.8
27.79	-14.244	-10.953	-7.4
27.8	-14.216	-9.592	74.7
27.81	-14.189	-10.528	29.0
27.82	-14.163	-13.020	-1.0
27.83	-14.136	-16.291	46.2
27.84	-14.102	-19.339	2.9
27.85	-14.054	-21.498	6.5
27.86	-13.996	-22.639	71.1
27.87	-13.929	-22.573	45.5
27.88	-13.850	-14.242	59.3
27.89	-13.758	7.634	94.8
27.9	-13.657	33.013	110.7
27.91	-13.553	47.641	87.9
27.92	-13.449	50.995	124.0
27.93	-13.341	51.133	116.9
27.94	-13.234	51.139	157.8
27.95	-13.138	51.139	136.2
27.96	-13.059	51.138	98.9
27.97	-12.999	51.125	72.0
27.98	-12.952	50.489	33.0
27.99	-12.916	45.586	-1.2
28.0	-12.892	32.552	-6.0
28.01	-12.879	13.805	-62.4
28.02	-12.864	-4.370	-43.0
28.03	-12.834	-19.086	1.5
28.04	-12.800	-31.552	-44.4
28.05	-12.768	-41.992	-80.2
28.06	-12.736	-48.520	-44.5
28.07	-12.703	-50.844	-55.2
28.08	-12.669	-51.136	-14.8
28.09	-12.636	-51.141	-35.5
28.1	-12.604	-51.141	-52.7
28.11	-12.570	-51.141	-21.3
28.12	-12.535	-51.141	-23.5
28.13	-12.493	-51.141	-41.3
28.14	-12.439	-51.141	10.9
28.15	-12.371	-51.141	-27.4
28.16	-12.291	-51.139	8.9
28.17	-12.205	-51.130	-33.5
28.18	-12.117	-50.550	-15.1
28.19	-12.028	-45.548	-4.0
28.2	-11.939	-31.080	-34.0
28.21	-11.853	-8.478	12.0
28.22	-11.766	14.819	-4.3
28.23	-11.683	30.645	-39.5
28.24	-11.601	35.950	6.9
28.25	-11.523	34.063	-9.7
28.26	-11.447	28.167	-34.3
28.27	-11.374	19.861	-21.2
28.28	-11.305	11.777	-15.5
28.29	-11.241	5.995	-35.1
28.3	-11.179	2.452	-10.0
28.31	-11.119	-0.139	-13.1
28.32	-11.059	-3.572	-15.4
28.33	-10.999	-8.819	-19.8
28.34	-10.941	-14.956	12.3
28.35	-10.887	-20.789	-15.3
28.36	-10.836	-25.642	-28.3
28.37	-10.788	-29.248	-19.5
28.38	-10.741	-31.166	-46.9
28.39	-10.694	-30.425	-67.9
28.4	-10.646	-28.478	-27.0
28.41	-10.594	-27.688	-48.1
28.42	-10.539	-28.584	-33.3
28.43	-10.481	-30.755	-17.5
28.44	-10.413	-33.328	-38.1
28.45	-10.334	-35.895	90.7
28.46	-10.245	-37.869	160.3
28.47	-10.154	-38.183	126.6
28.48	-10.075	-36.603	13.7
28.49	-10.021	-33.831	-125.1
28.5	-9.982	-30.280	-31.3
28.51	-9.947	-26.411	-37.8
28.52	-9.908	-24.133	-36.7
28.53	-9.861	-24.102	-36.4
28.54	-9.804	-24.030	-33.2
28.55	-9.743	-23.041	-28.3
28.56	-9.686	-22.113	-20.4
28.57	-9.632	-20.852	-24.7
28.58	-9.581	-18.700	-25.8
28.59	-9.530	-17.172	-24.5
28.6	-9.481	-17.938	7.9
28.61	-9.434	-19.755	-1.7
28.62	-9.391	-19.723	16.0
28.63	-9.354	-13.828	30.5
28.64	-9.318	3.277	49.7
28.65	-9.276	28.214	61.0
28.66	-9.231	45.873	96.5
28.67	-9.188	50.861	106.0
28.68	-9.146	51.125	132.9
28.69	-9.104	51.139	126.5
28.7	-9.063	51.139	135.0
28.71	-9.023	51.139	100.8
28.72	-8.983	51.136	85.9
28.73	-8.942	51.113	43.3
28.74	-8.901	49.903	-5.8
28.75	-8.865	41.864	-33.3
28.76	-8.838	25.484	-37.7
28.77	-8.822	8.705	-62.0
28.78	-8.814	-5.250	-53.0
28.79	-8.801	-17.580	-61.7
28.8	-8.777	-27.988	-52.0
28.81	-8.753	-37.300	-59.0
28.82	-8.726	-45.216	-46.7
28.83	-8.697	-49.808	-56.5
28.84	-8.668	-51.066	-57.7
28.85	-8.639	-51.138	-57.6
28.86	-8.610	-51.141	-25.5
28.87	-8.585	-51.141	-55.6
28.88	-8.562	-51.141	-56.4
28.89	-8.541	-51.141	-39.0
28.9	-8.524	-51.141	-56.4
28.91	-8.512	-51.141	-58.2
28.92	-8.503	-51.139	-25.2
28.93	-8.489	-51.130	-41.0
28.94	-8.469	-50.580	-39.7
28.95	-8.444	-47.031	-50.3
28.96	-8.416	-38.809	-42.2
28.97	-8.386	-28.184	-46.2
28.98	-8.356	-18.262	-43.1
28.99	-8.326	-10.053	-65.0
29.0	-8.297	-3.278	-47.5
29.01	-8.271	1.477	-53.9
29.02	-8.256	3.108	-57.1
29.03	-8.245	2.211	-53.1
29.04	-8.230	-0.139	-37.9
29.05	-8.209	-3.992	-41.1
29.06	-8.185	-9.042	-40.7
29.07	-8.161	-14.066	-42.2
29.08	-8.137	-18.063	-22.2
29.09	-8.114	-21.117	-35.8
29.1	-8.089	-24.655	-23.0
29.11	-8.065	-29.131	-21.9
29.12	-8.050	-32.822	-8.2
29.13	-8.041	-34.252	-2.4
29.14	-8.033	-34.175	7.1
29.15	-8.019	-35.080	-23.6
29.16	-8.003	-36.892	-33.3
29.17	-7.987	-37.564	-23.1
29.18	-7.970	-38.867	-17.3
29.19	-7.949	-42.872	-13.3
29.2	-7.923	-46.803	-35.6
29.21	-7.896	-47.745	-47.5
29.22	-7.875	-46.505	24.3
29.23	-7.861	-43.327	-35.6
29.24	-7.849	-38.634	120.6
29.25	-7.824	-35.708	181.9
29.26	-7.789	-35.772	162.9
29.27	-7.762	-37.209	85.3
29.28	-7.745	-38.158	-74.6
29.29	-7.737	-36.872	-19.3
29.3	-7.732	-32.256	-18.0
29.31	-7.721	-24.467	-9.7
29.32	-7.700	-17.072	8.5
29.33	-7.671	-13.975	-38.6
29.34	-7.640	-14.542	-29.0
29.35	-7.612	-15.763	-22.4
29.36	-7.591	-17.012	-2.5
29.37	-7.581	-19.966	-13.0
29.38	-7.579	-23.452	28.6
29.39	-7.574	-24.684	11.4
29.4	-7.563	-21.955	20.0
29.41	-7.552	-11.292	36.1
29.42	-7.545	11.283	49.6
29.43	-7.541	36.361	59.1
29.44	-7.541	49.023	88.0
29.45	-7.543	51.095	104.7
29.46	-7.545	51.133	129.4
29.47	-7.546	51.139	142.0
29.48	-7.548	51.139	166.6
29.49	-7.549	51.139	177.5
29.5	-7.549	51.139	152.6
29.51	-7.551	51.134	119.1
29.52	-7.552	51.053	89.7
29.53	-7.552	49.269	16.6
29.54	-7.553	41.883	-11.5
29.55	-7.557	28.720	-55.5
29.56	-7.563	14.019	-32.8
29.57	-7.571	-0.184	-67.1
29.58	-7.576	-13.698	-64.6
29.59	-7.578	-25.864	-12.3
29.6	-7.576	-36.089	-27.3
29.61	-7.572	-44.077	-40.2
29.62	-7.569	-49.070	-26.2
29.63	-7.564	-50.900	-28.3
29.64	-7.560	-51.138	-19.3
29.65	-7.556	-51.141	-28.4
29.66	-7.551	-51.141	-19.1
29.67	-7.546	-51.141	-33.0
29.68	-7.541	-51.141	-25.1
29.69	-7.536	-51.141	-31.1
29.7	-7.530	-51.141	-27.1
29.71	-7.524	-51.136	-28.0
29.72	-7.515	-51.034	-18.2
29.73	-7.498	-49.339	-38.9
29.74	-7.478	-42.844	-31.4
29.75	-7.459	-32.142	-38.7
29.76	-7.444	-22.464	-39.2
29.77	-7.429	-15.758	-39.0
29.78	-7.413	-10.433	-27.0
29.79	-7.395	-6.225	-41.1
29.8	-7.379	-3.600	-38.3
29.81	-7.364	-2.509	-43.0
29.82	-7.349	-3.086	-28.4
29.83	-7.330	-5.238	-35.3
29.84	-7.311	-8.233	-28.5
29.85	-7.296	-11.584	-28.1
29.86	-7.282	-15.300	-13.4
29.87	-7.268	-19.084	-11.2
29.88	-7.250	-22.458	-8.7
29.89	-7.233	-25.325	-10.2
29.9	-7.216	-27.583	-4.4
29.91	-7.196	-29.528	-28.6
29.92	-7.173	-31.798	-38.6
29.93	-7.154	-33.694	-52.6
29.94	-7.144	-34.230	-42.4
29.95	-7.134	-33.781	-48.2
29.96	-7.119	-32.705	-23.4
29.97	-7.102	-30.794	-83.7
29.98	-7.084	-28.428	-28.7
29.99	-7.069	-26.214	-1.9
30.0	-7.049	-24.156	10.7
30.01	-7.022	-21.988	238.5
30.02	-6.991	-19.895	294.4
30.03	-6.969	-18.344	235.8
30.04	-6.959	-17.172	32.3
30.05	-6.957	-16.389	-85.7
30.06	-6.960	-16.500	7.2
30.07	-6.960	-16.994	-34.4
30.08	-6.953	-17.120	-14.8
30.09	-6.939	-17.095	-21.1
30.1	-6.926	-17.241	-18.8
30.11	-6.911	-17.495	-15.6
30.12	-6.887	-18.145	-3.9
30.13	-6.861	-19.898	-7.5
30.14	-6.841	-22.666	1.4
30.15	-6.824	-25.494	7.8
30.16	-6.809	-26.769	26.7
30.17	-6.794	-22.980	28.7
30.18	-6.780	-9.122	50.3
30.19	-6.768	15.527	63.0
30.2	-6.756	39.127	91.7
30.21	-6.746	49.636	109.4
30.22	-6.739	51.116	145.2
30.23	-6.734	51.136	165.9
30.24	-6.729	51.139	186.6
30.25	-6.726	51.138	187.4
30.26	-6.724	51.128	189.6
30.27	-6.723	50.444	146.6
30.28	-6.722	45.525	95.6
30.29	-6.720	33.552	34.1
30.3	-6.717	17.677	-3.3
30.31	-6.713	2.178	-41.7
30.32	-6.709	-11.383	-58.5
30.33	-6.708	-22.691	-76.1
30.34	-6.708	-31.898	-72.6
30.35	-6.705	-39.192	-76.4
30.36	-6.701	-44.936	-71.1
30.37	-6.694	-48.942	-82.1
30.38	-6.688	-50.758	-73.7
30.39	-6.680	-51.125	-74.0
30.4	-6.671	-51.141	-67.3
30.41	-6.660	-51.141	-73.5
30.42	-6.646	-51.141	-62.4
30.43	-6.634	-51.141	-67.4
30.44	-6.632	-51.138	-58.6
30.45	-6.634	-50.977	-63.6
30.46	-6.635	-49.702	-59.0
30.47	-6.633	-46.205	-60.2
30.48	-6.630	-40.714	-52.7
30.49	-6.625	-34.077	-63.4
30.5	-6.617	-27.223	-54.3
30.51	-6.607	-20.508	-61.7
30.52	-6.598	-13.198	-53.4
30.53	-6.587	-6.716	-66.6
30.54	-6.576	-2.780	-62.6
30.55	-6.566	-0.655	-71.2
30.56	-6.558	0.025	-73.2
30.57	-6.549	-0.713	-58.5
30.58	-6.542	-2.706	-37.9
30.59	-6.536	-6.039	-48.3
30.6	-6.532	-10.945	-47.4
30.61	-6.529	-16.572	-39.8
30.62	-6.526	-21.200	-42.2
30.63	-6.524	-24.931	-51.1
30.64	-6.523	-28.508	-22.0
30.65	-6.520	-31.859	-49.0
30.66	-6.516	-34.736	-62.2
30.67	-6.510	-36.719	-67.1
30.68	-6.502	-37.927	-66.5
30.69	-6.488	-38.792	-79.9
30.7	-6.474	-39.156	-57.6
30.71	-6.465	-39.214	-88.1
30.72	-6.462	-39.655	-40.9
30.73	-6.461	-40.138	-66.0
30.74	-6.458	-40.039	-19.5
30.75	-6.449	-39.811	245.6
30.76	-6.439	-39.480	298.3
30.77	-6.432	-38.377	229.7
30.78	-6.431	-36.705	-9.6
30.79	-6.433	-34.911	-124.2
30.8	-6.436	-33.077	-31.2
30.81	-6.439	-31.302	-51.3
30.82	-6.436	-29.622	-18.8
30.83	-6.425	-28.069	-32.4
30.84	-6.408	-26.577	-22.8
30.85	-6.393	-25.086	-22.5
30.86	-6.383	-23.605	-14.6
30.87	-6.377	-21.941	-6.3
30.88	-6.371	-19.994	-4.2
30.89	-6.366	-17.703	-6.9
30.9	-6.361	-14.231	25.6
30.91	-6.355	-6.614	25.3
30.92	-6.344	9.506	45.8
30.93	-6.332	31.339	59.6
30.94	-6.323	46.566	91.9
30.95	-6.317	50.889	116.1
30.96	-6.313	51.127	136.9
30.97	-6.310	51.139	171.2
30.98	-6.309	51.139	197.3
30.99	-6.311	51.136	185.8
31.0	-6.311	51.102	182.2
31.01	-6.310	50.048	140.9
31.02	-6.310	44.516	91.3
31.03	-6.311	33.119	24.7
31.04	-6.311	19.513	-20.3
31.05	-6.311	6.872	-65.3
31.06	-6.313	-4.066	-81.0
31.07	-6.317	-13.383	-94.7
31.08	-6.321	-21.475	-88.4
31.09	-6.324	-28.391	-92.2
31.1	-6.326	-33.839	-82.8
31.11	-6.329	-37.714	-85.4
31.12	-6.332	-40.250	-86.3
31.13	-6.335	-41.831	-83.4
31.14	-6.339	-42.928	-63.6
31.15	-6.344	-43.931	-77.2
31.16	-6.350	-44.909	-68.1
31.17	-6.356	-45.527	-70.1
31.18	-6.362	-45.491	-68.5
31.19	-6.369	-44.575	-69.7
31.2	-6.377	-42.627	-59.1
31.21	-6.385	-39.836	-59.6
31.22	-6.393	-36.206	-53.2
31.23	-6.400	-31.827	-72.3
31.24	-6.406	-26.970	-84.0
31.25	-6.410	-21.770	-88.5
31.26	-6.414	-17.158	-72.0
31.27	-6.418	-14.205	-70.4
31.28	-6.423	-12.909	-59.1
31.29	-6.428	-13.041	-60.6
31.3	-6.433	-14.647	-61.5
31.31	-6.439	-16.950	-58.4
31.32	-6.445	-19.081	-49.7
31.33	-6.451	-21.384	-57.0
31.34	-6.458	-24.094	-51.5
31.35	-6.466	-26.827	-41.5
31.36	-6.475	-29.273	-35.5
31.37	-6.485	-31.150	-48.1
31.38	-6.496	-32.547	-25.5
31.39	-6.508	-34.525	-30.9
31.4	-6.521	-37.819	-15.6
31.41	-6.533	-41.391	-13.3
31.42	-6.546	-43.770	-36.7
31.43	-6.558	-45.073	-61.6
31.44	-6.571	-46.125	-62.4
31.45	-6.583	-46.092	-69.0
31.46	-6.594	-44.078	-66.9
31.47	-6.604	-41.422	-52.5
31.48	-6.612	-39.423	-67.7
31.49	-6.621	-37.850	-40.4
31.5	-6.633	-36.466	-28.6
31.51	-6.643	-35.389	-40.5
31.52	-6.648	-34.309	211.2
31.53	-6.648	-32.766	277.9
31.54	-6.651	-31.030	269.3
31.55	-6.659	-29.881	70.3
31.56	-6.675	-29.284	-105.7
31.57	-6.696	-28.775	-27.5
31.58	-6.717	-28.797	-49.6
31.59	-6.732	-28.914	-45.3
31.6	-6.737	-27.761	-38.2
31.61	-6.733	-26.139	-46.1
31.62	-6.726	-25.061	-25.2
31.63	-6.719	-23.944	-34.6
31.64	-6.716	-22.902	-25.7
31.65	-6.713	-22.467	-12.2
31.66	-6.711	-22.117	4.3
31.67	-6.709	-19.630	0.1
31.68	-6.709	-10.984	13.9
31.69	-6.708	6.475	24.2
31.7	-6.707	28.666	49.1
31.71	-6.707	44.897	73.1
31.72	-6.706	50.536	111.2
31.73	-6.700	51.127	130.8
31.74	-6.692	51.133	164.2
31.75	-6.686	50.831	177.4
31.76	-6.681	48.105	185.5
31.77	-6.678	40.131	184.3
31.78	-6.677	27.744	159.6
31.79	-6.675	14.239	100.0
31.8	-6.673	1.577	51.7
31.81	-6.672	-9.505	-12.8
31.82	-6.673	-18.461	-40.3
31.83	-6.679	-25.109	-59.6
31.84	-6.695	-29.958	-75.7
31.85	-6.719	-33.436	-85.6
31.86	-6.740	-35.784	-79.0
31.87	-6.753	-37.352	-86.9
31.88	-6.761	-38.303	-82.1
31.89	-6.767	-38.644	-82.4
31.9	-6.773	-38.350	-71.5
31.91	-6.779	-37.622	-76.1
31.92	-6.784	-36.970	-70.9
31.93	-6.788	-36.780	-78.5
31.94	-6.791	-36.959	-74.5
31.95	-6.793	-37.005	-68.1
31.96	-6.794	-36.480	-62.9
31.97	-6.796	-35.198	-75.8
31.98	-6.798	-32.941	-63.5
31.99	-6.801	-29.658	-66.9
32.0	-6.806	-25.839	-64.5
32.01	-6.810	-22.008	-69.0
32.02	-6.813	-18.305	-62.1
32.03	-6.814	-14.939	-68.4
32.04	-6.814	-12.216	-70.2
32.05	-6.814	-10.145	-61.0
32.06	-6.815	-8.709	-50.5
32.07	-6.817	-7.995	-64.8
32.08	-6.821	-8.020	-57.5
32.09	-6.824	-8.886	-63.9
32.1	-6.829	-10.750	-63.0
32.11	-6.834	-13.389	-63.2
32.12	-6.839	-16.223	-56.1
32.13	-6.843	-18.622	-54.1
32.14	-6.848	-20.142	-44.9
32.15	-6.854	-21.028	-46.2
32.16	-6.861	-22.019	-25.2
32.17	-6.867	-23.339	-30.5
32.18	-6.874	-24.713	-17.0
32.19	-6.882	-25.984	-17.2
32.2	-6.890	-26.995	-41.5
32.21	-6.898	-27.397	-60.3
32.22	-6.906	-26.953	-62.1
32.23	-6.914	-25.858	-61.2
32.24	-6.923	-24.509	-63.8
32.25	-6.929	-23.284	-57.9
32.26	-6.934	-22.666	-66.3
32.27	-6.938	-22.722	-30.0
32.28	-6.942	-22.984	-41.1
32.29	-6.947	-23.178	-31.9
32.3	-6.948	-23.216	231.4
32.31	-6.946	-22.941	278.5
32.32	-6.946	-22.256	283.6
32.33	-6.949	-21.291	60.3
32.34	-6.954	-20.428	-108.8
32.35	-6.965	-20.023	-23.8
32.36	-6.978	-20.125	-51.2
32.37	-6.987	-20.613	-48.0
32.38	-6.991	-21.150	-48.2
32.39	-6.987	-21.280	-46.8
32.4	-6.984	-20.975	-31.9
32.41	-6.981	-20.588	-36.2
32.42	-6.977	-20.417	-21.0
32.43	-6.971	-20.573	-17.1
32.44	-6.964	-20.431	-0.8
32.45	-6.960	-17.986	3.6
32.46	-6.958	-10.100	19.2
32.47	-6.956	5.248	22.3
32.48	-6.956	25.297	44.7
32.49	-6.961	41.998	75.2
32.5	-6.966	49.658	106.4
32.51	-6.971	51.083	135.8
32.52	-6.977	51.008	169.8
32.53	-6.985	49.200	186.8
32.54	-6.993	42.805	204.7
32.55	-7.001	32.013	180.1
32.56	-7.009	19.672	153.5
32.57	-7.017	7.533	103.4
32.58	-7.024	-3.483	45.2
32.59	-7.031	-12.663	-12.1
32.6	-7.036	-19.573	-46.5
32.61	-7.043	-24.408	-68.0
32.62	-7.052	-28.027	-80.5
32.63	-7.063	-31.025	-91.7
32.64	-7.074	-33.458	-81.5
32.65	-7.083	-35.297	-85.4
32.66	-7.093	-36.341	-82.6
32.67	-7.102	-36.239	-78.0
32.68	-7.112	-35.102	-73.3
32.69	-7.121	-33.794	-78.8
