Interval=	0.01 s
ExcelDateTime=	3.9773407366362509e+004	21/11/2008 9:46:36.453721
TimeFormat=	StartOfBlock
ChannelTitle=	Channel 1	Channel 2	Channel 3
Range=	20.000 mV	50.000 mV	500.0 µV
0.0	-8.009	-9.123	-20.4
0.01	-8.015	-14.634	-76.4
0.02	-8.021	-20.000	-48.6
0.03	-8.027	-24.850	-70.2
0.04	-8.034	-29.027	-48.5
0.05	-8.042	-32.508	-43.1
0.06	-8.050	-35.273	-36.2
0.07	-8.059	-37.317	-41.1
0.08	-8.068	-38.795	-67.4
0.09	-8.076	-39.928	-32.5
0.1	-8.086	-40.767	-20.4
0.11	-8.094	-41.192	-20.5
0.12	-8.104	-41.138	-17.6
0.13	-8.113	-40.744	-42.0
0.14	-8.122	-40.216	-13.5
0.15	-8.131	-39.630	-21.8
0.16	-8.140	-38.911	-31.5
0.17	-8.148	-37.944	-67.5
0.18	-8.156	-36.820	-65.7
0.19	-8.162	-35.836	-33.6
0.2	-8.168	-35.109	-42.2
0.21	-8.173	-34.411	-38.7
0.22	-8.179	-33.497	-56.0
0.23	-8.186	-32.334	-26.4
0.24	-8.193	-31.027	-34.4
0.25	-8.201	-29.777	-39.4
0.26	-8.204	-28.672	204.9
0.27	-8.204	-27.519	269.9
0.28	-8.204	-26.161	266.1
0.29	-8.210	-24.759	58.3
0.3	-8.218	-23.691	-102.2
0.31	-8.226	-23.202	-19.1
0.32	-8.233	-23.238	-40.4
0.33	-8.238	-23.566	-61.2
0.34	-8.238	-23.922	-10.5
0.35	-8.231	-24.153	-22.2
0.36	-8.217	-24.338	-37.9
0.37	-8.203	-24.670	-17.7
0.38	-8.190	-25.228	-12.1
0.39	-8.179	-25.925	-27.8
0.4	-8.169	-26.281	2.3
0.41	-8.159	-24.714	14.9
0.42	-8.151	-17.863	25.9
0.43	-8.143	-0.969	40.7
0.44	-8.138	24.473	66.6
0.45	-8.135	44.264	87.2
0.46	-8.134	50.653	111.1
0.47	-8.134	51.116	140.2
0.48	-8.136	51.139	161.2
0.49	-8.139	51.139	176.7
0.5	-8.143	51.139	198.9
0.51	-8.149	51.139	193.0
0.52	-8.156	51.139	184.5
0.53	-8.164	51.127	124.6
0.54	-8.171	50.889	82.2
0.55	-8.176	47.506	14.9
0.56	-8.181	36.027	-34.8
0.57	-8.184	17.931	-44.3
0.58	-8.187	-0.627	-66.8
0.59	-8.190	-16.967	-86.5
0.6	-8.193	-30.697	-69.0
0.61	-8.193	-41.364	-72.8
0.62	-8.193	-48.036	-70.5
0.63	-8.191	-50.663	-78.0
0.64	-8.189	-51.123	-70.3
0.65	-8.188	-51.141	-77.3
0.66	-8.186	-51.141	-62.6
0.67	-8.184	-51.141	-60.8
0.68	-8.183	-51.141	-74.7
0.69	-8.183	-51.141	-68.3
0.7	-8.185	-51.141	-44.2
0.71	-8.189	-51.134	-52.6
0.72	-8.196	-50.764	-52.4
0.73	-8.206	-47.786	-60.4
0.74	-8.218	-40.036	-52.4
0.75	-8.231	-29.464	-59.5
0.76	-8.243	-18.933	-62.4
0.77	-8.255	-9.280	-60.8
0.78	-8.266	-1.041	-41.7
0.79	-8.276	5.300	-52.5
0.8	-8.286	9.473	-54.0
0.81	-8.297	11.292	-57.5
0.82	-8.308	10.877	-57.2
0.83	-8.320	8.528	-61.7
0.84	-8.332	4.472	-51.3
0.85	-8.346	-0.966	-41.6
0.86	-8.358	-6.925	-49.9
0.87	-8.371	-12.291	-55.0
0.88	-8.384	-17.034	-41.5
0.89	-8.398	-21.859	-55.4
0.9	-8.412	-26.638	-39.8
0.91	-8.428	-30.934	-57.2
0.92	-8.442	-34.603	-56.9
0.93	-8.457	-37.525	-44.5
0.94	-8.471	-39.814	-36.8
0.95	-8.484	-41.652	-45.5
0.96	-8.498	-42.770	-27.5
0.97	-8.512	-42.794	-32.5
0.98	-8.525	-42.153	-28.3
0.99	-8.537	-41.480	-5.0
1.0	-8.549	-40.873	-3.0
1.01	-8.562	-40.378	-20.0
1.02	-8.575	-39.934	-4.3
1.03	-8.588	-39.377	-19.3
1.04	-8.601	-38.630	-41.7
1.05	-8.614	-37.531	-33.3
1.06	-8.626	-35.836	-34.5
1.07	-8.639	-33.855	-53.8
1.08	-8.651	-32.247	-37.8
1.09	-8.661	-31.091	-24.3
1.1	-8.672	-30.177	-56.1
1.11	-8.684	-29.352	-19.2
1.12	-8.697	-28.583	-35.5
1.13	-8.709	-27.920	-25.6
1.14	-8.715	-26.953	179.7
1.15	-8.717	-24.984	207.0
1.16	-8.723	-22.302	185.3
1.17	-8.734	-20.186	-13.5
1.18	-8.749	-19.317	-83.6
1.19	-8.765	-19.561	-21.4
1.2	-8.783	-20.456	-56.9
1.21	-8.799	-21.278	-24.7
1.22	-8.808	-21.802	-25.9
1.23	-8.811	-22.419	-29.0
1.24	-8.809	-23.191	-11.7
1.25	-8.807	-23.839	-35.9
1.26	-8.806	-24.597	-22.6
1.27	-8.806	-25.828	-16.7
1.28	-8.809	-26.991	-0.6
1.29	-8.814	-26.663	-4.3
1.3	-8.819	-21.828	-3.6
1.31	-8.826	-7.091	23.1
1.32	-8.831	18.516	52.4
1.33	-8.837	41.367	57.6
1.34	-8.843	50.180	104.3
1.35	-8.850	51.111	112.9
1.36	-8.857	51.139	136.8
1.37	-8.865	51.139	169.6
1.38	-8.873	51.139	153.9
1.39	-8.882	51.139	156.6
1.4	-8.891	51.139	153.8
1.41	-8.900	51.131	97.4
1.42	-8.909	50.981	62.4
1.43	-8.917	48.103	5.0
1.44	-8.926	37.163	-32.7
1.45	-8.936	18.673	-49.9
1.46	-8.947	-0.952	-56.9
1.47	-8.962	-18.342	-65.6
1.48	-8.978	-32.984	-92.6
1.49	-8.991	-43.913	-60.9
1.5	-9.004	-49.609	-48.1
1.51	-9.018	-51.053	-92.1
1.52	-9.032	-51.136	-38.1
1.53	-9.046	-51.141	-66.3
1.54	-9.058	-51.141	-76.3
1.55	-9.068	-51.141	-68.1
1.56	-9.078	-51.141	-85.9
1.57	-9.088	-51.141	-66.9
1.58	-9.100	-51.139	-47.1
1.59	-9.112	-51.127	-53.0
1.6	-9.124	-50.581	-45.9
1.61	-9.136	-47.111	-59.2
1.62	-9.148	-38.950	-38.8
1.63	-9.159	-28.038	-40.1
1.64	-9.170	-16.691	-55.0
1.65	-9.181	-5.778	-54.4
1.66	-9.191	3.788	-51.5
1.67	-9.201	11.442	-62.0
1.68	-9.214	16.809	-41.0
1.69	-9.228	19.214	-64.6
1.7	-9.241	18.695	-48.3
1.71	-9.251	15.777	-36.4
1.72	-9.262	10.783	-47.8
1.73	-9.273	4.334	-48.1
1.74	-9.283	-2.564	-43.1
1.75	-9.291	-9.089	-61.7
1.76	-9.301	-15.350	-42.5
1.77	-9.311	-21.578	-38.3
1.78	-9.322	-27.378	-54.7
1.79	-9.337	-32.509	-38.5
1.8	-9.352	-36.863	-37.3
1.81	-9.366	-40.175	-50.3
1.82	-9.378	-42.267	-23.3
1.83	-9.390	-43.267	-18.3
1.84	-9.402	-43.716	-0.4
1.85	-9.414	-43.708	-14.1
1.86	-9.426	-42.898	-5.3
1.87	-9.438	-41.717	-22.8
1.88	-9.450	-40.734	-24.5
1.89	-9.463	-39.797	-38.5
1.9	-9.476	-38.609	-48.2
1.91	-9.488	-36.959	-52.6
1.92	-9.498	-35.134	-69.3
1.93	-9.506	-33.853	-27.8
1.94	-9.514	-32.917	-43.4
1.95	-9.524	-31.611	-7.9
1.96	-9.533	-29.872	-11.4
1.97	-9.540	-27.956	-61.8
1.98	-9.542	-25.983	166.8
1.99	-9.541	-24.109	208.6
2.0	-9.543	-22.714	162.2
2.01	-9.548	-21.961	-5.3
2.02	-9.558	-21.775	-91.1
2.03	-9.566	-22.078	-14.0
2.04	-9.571	-22.438	-43.7
2.05	-9.571	-22.116	-37.0
2.06	-9.566	-21.105	-10.2
2.07	-9.551	-20.413	-35.2
2.08	-9.529	-20.628	-34.6
2.09	-9.506	-21.602	-16.3
2.1	-9.488	-23.225	-3.3
2.11	-9.474	-25.244	-21.8
2.12	-9.464	-27.216	-9.1
2.13	-9.456	-28.311	18.8
2.14	-9.448	-26.645	25.4
2.15	-9.439	-18.636	31.5
2.16	-9.429	0.333	43.6
2.17	-9.419	26.773	62.1
2.18	-9.408	45.481	82.5
2.19	-9.398	50.830	104.4
2.2	-9.388	51.123	141.1
2.21	-9.377	51.139	148.4
2.22	-9.367	51.139	175.3
2.23	-9.356	51.139	169.4
2.24	-9.343	51.139	157.2
2.25	-9.329	51.134	104.4
2.26	-9.314	51.091	50.2
2.27	-9.298	49.617	9.8
2.28	-9.283	41.381	-25.3
2.29	-9.271	23.803	-58.8
2.3	-9.266	2.705	-42.5
2.31	-9.264	-16.380	-63.7
2.32	-9.261	-32.269	-70.4
2.33	-9.250	-43.905	-79.6
2.34	-9.238	-49.719	-76.1
2.35	-9.229	-51.075	-49.6
2.36	-9.218	-51.138	-52.3
2.37	-9.206	-51.141	-67.9
2.38	-9.192	-51.141	-62.3
2.39	-9.179	-51.141	-75.8
2.4	-9.164	-51.141	-40.7
2.41	-9.149	-51.141	-53.0
2.42	-9.135	-51.139	-67.1
2.43	-9.122	-51.133	-66.4
2.44	-9.109	-50.628	-54.0
2.45	-9.096	-47.081	-53.9
2.46	-9.082	-38.389	-45.6
2.47	-9.068	-26.589	-48.5
2.48	-9.051	-14.534	-36.8
2.49	-9.034	-3.119	-55.4
2.5	-9.016	6.914	-57.0
2.51	-8.998	14.394	-50.9
2.52	-8.981	19.059	-57.8
2.53	-8.963	21.272	-54.8
2.54	-8.945	20.764	-60.4
2.55	-8.926	17.103	-58.1
2.56	-8.907	10.641	-48.9
2.57	-8.888	2.709	-54.1
2.58	-8.868	-5.098	-49.8
2.59	-8.850	-12.322	-66.4
2.6	-8.832	-19.286	-52.6
2.61	-8.816	-25.745	-54.8
2.62	-8.799	-31.633	-36.8
2.63	-8.784	-37.227	-62.9
2.64	-8.770	-42.109	-57.9
2.65	-8.758	-45.833	-25.5
2.66	-8.746	-48.450	-12.8
2.67	-8.735	-49.775	-19.5
2.68	-8.724	-49.675	-24.0
2.69	-8.714	-48.458	-43.8
2.7	-8.704	-46.553	-27.4
2.71	-8.694	-44.486	-40.7
2.72	-8.682	-42.394	-59.7
2.73	-8.671	-39.977	-53.9
2.74	-8.659	-37.833	-42.4
2.75	-8.647	-36.795	-57.8
2.76	-8.634	-36.230	-42.2
2.77	-8.621	-35.639	-64.9
2.78	-8.611	-35.389	-27.5
2.79	-8.604	-35.005	-45.2
2.8	-8.595	-33.663	-34.3
2.81	-8.581	-31.489	143.7
2.82	-8.563	-28.872	189.8
2.83	-8.547	-26.348	166.2
2.84	-8.537	-25.020	1.3
2.85	-8.531	-24.991	-110.2
2.86	-8.527	-25.180	-26.5
2.87	-8.524	-25.120	-65.1
2.88	-8.518	-24.781	-36.7
2.89	-8.504	-24.520	-39.2
2.9	-8.484	-25.177	-60.1
2.91	-8.461	-26.408	-43.3
2.92	-8.439	-27.219	-12.2
2.93	-8.419	-27.472	-21.6
2.94	-8.401	-27.575	-24.2
2.95	-8.383	-27.405	-13.9
2.96	-8.366	-25.417	1.8
2.97	-8.351	-18.044	-1.9
2.98	-8.339	-0.152	12.9
2.99	-8.328	25.906	20.3
3.0	-8.316	45.084	46.2
3.01	-8.306	50.789	67.8
3.02	-8.296	51.120	86.7
3.03	-8.288	51.139	117.4
3.04	-8.281	51.139	138.9
3.05	-8.273	51.139	131.3
3.06	-8.266	51.139	150.2
3.07	-8.258	51.139	123.6
3.08	-8.251	51.127	96.4
3.09	-8.242	50.723	45.5
3.1	-8.235	46.683	-18.4
3.11	-8.229	34.898	-48.9
3.12	-8.223	17.670	-60.7
3.13	-8.217	0.300	-60.3
3.14	-8.214	-15.195	-70.9
3.15	-8.212	-28.319	-92.1
3.16	-8.207	-38.492	-84.6
3.17	-8.202	-45.497	-84.7
3.18	-8.196	-49.480	-57.7
3.19	-8.190	-50.922	-74.6
3.2	-8.184	-51.134	-78.0
3.21	-8.178	-51.141	-72.7
3.22	-8.171	-51.141	-60.8
3.23	-8.166	-51.141	-70.1
3.24	-8.163	-51.141	-72.9
3.25	-8.161	-51.139	-66.5
3.26	-8.159	-51.117	-54.9
3.27	-8.158	-50.433	-75.5
3.28	-8.158	-46.798	-52.1
3.29	-8.158	-39.027	-61.1
3.3	-8.157	-29.100	-75.9
3.31	-8.154	-18.928	-60.4
3.32	-8.151	-9.300	-51.8
3.33	-8.147	-1.131	-54.1
3.34	-8.144	4.761	-54.1
3.35	-8.141	8.037	-78.4
3.36	-8.138	8.852	-67.4
3.37	-8.137	7.144	-59.8
3.38	-8.136	3.072	-40.9
3.39	-8.134	-2.044	-69.0
3.4	-8.132	-7.150	-76.9
3.41	-8.130	-12.052	-59.8
3.42	-8.129	-16.723	-49.9
3.43	-8.128	-21.505	-53.8
3.44	-8.128	-26.359	-51.3
3.45	-8.128	-30.702	-59.3
3.46	-8.128	-34.769	-36.4
3.47	-8.129	-39.011	-64.0
3.48	-8.129	-42.627	-46.7
3.49	-8.131	-44.694	-46.6
3.5	-8.131	-45.614	-51.3
3.51	-8.133	-46.200	-53.6
3.52	-8.134	-46.255	-46.1
3.53	-8.134	-45.375	-45.9
3.54	-8.135	-43.872	-21.8
3.55	-8.136	-42.213	-36.1
3.56	-8.137	-40.830	-48.8
3.57	-8.139	-39.928	-9.9
3.58	-8.141	-39.777	-10.9
3.59	-8.143	-40.644	-25.9
3.6	-8.146	-41.436	-10.8
3.61	-8.149	-40.883	-21.3
3.62	-8.151	-39.177	-11.0
3.63	-8.154	-37.017	-35.5
3.64	-8.156	-35.022	-51.8
3.65	-8.158	-33.516	-55.6
3.66	-8.158	-32.559	-43.7
3.67	-8.156	-32.170	-43.2
3.68	-8.154	-32.297	-47.6
3.69	-8.154	-32.628	-53.3
3.7	-8.157	-32.492	2.4
3.71	-8.159	-31.523	-39.5
3.72	-8.155	-29.945	93.3
3.73	-8.146	-27.977	180.8
3.74	-8.139	-25.695	186.4
3.75	-8.139	-23.733	136.4
3.76	-8.142	-23.022	-64.7
3.77	-8.149	-23.803	-47.3
3.78	-8.158	-25.564	-36.5
3.79	-8.163	-27.050	-64.0
3.8	-8.159	-27.350	-7.0
3.81	-8.149	-26.988	-41.7
3.82	-8.136	-26.619	-26.7
3.83	-8.126	-26.367	-33.9
3.84	-8.118	-26.470	-35.8
3.85	-8.111	-27.258	-1.5
3.86	-8.104	-27.909	-12.2
3.87	-8.098	-25.520	-6.2
3.88	-8.094	-16.325	8.2
3.89	-8.091	3.723	-4.8
3.9	-8.089	29.961	42.3
3.91	-8.088	46.861	46.8
3.92	-8.086	50.958	72.5
3.93	-8.086	51.130	94.2
3.94	-8.087	51.139	124.1
3.95	-8.089	51.139	146.3
3.96	-8.091	51.139	158.2
3.97	-8.092	51.139	162.6
3.98	-8.094	51.139	147.5
3.99	-8.095	51.128	120.1
4.0	-8.096	50.650	89.3
4.01	-8.098	46.320	26.4
4.02	-8.099	34.134	8.0
4.03	-8.101	16.644	-47.7
4.04	-8.104	-0.970	-65.3
4.05	-8.109	-17.331	-52.9
4.06	-8.117	-31.595	-63.8
4.07	-8.127	-42.159	-80.3
4.08	-8.135	-48.358	-67.7
4.09	-8.142	-50.738	-70.5
4.1	-8.149	-51.128	-43.8
4.11	-8.159	-51.139	-56.0
4.12	-8.168	-51.141	-61.9
4.13	-8.174	-51.141	-79.6
4.14	-8.179	-51.141	-51.8
4.15	-8.185	-51.141	-44.5
4.16	-8.193	-51.141	-69.5
4.17	-8.201	-51.138	-64.6
4.18	-8.211	-51.088	-42.0
4.19	-8.223	-50.028	-35.1
4.2	-8.235	-45.734	-64.0
4.21	-8.248	-38.158	-67.8
4.22	-8.259	-29.653	-44.0
4.23	-8.269	-21.109	-69.1
4.24	-8.277	-12.469	-43.7
4.25	-8.283	-4.280	-55.3
4.26	-8.287	2.584	-47.2
4.27	-8.291	7.306	-42.0
4.28	-8.295	9.631	-64.9
4.29	-8.300	9.667	-54.3
4.3	-8.306	7.544	-33.0
4.31	-8.312	3.733	-46.4
4.32	-8.318	-1.063	-37.3
4.33	-8.323	-6.242	-51.9
4.34	-8.329	-11.123	-39.7
4.35	-8.335	-15.094	-55.2
4.36	-8.342	-18.167	-47.8
4.37	-8.351	-20.398	-39.1
4.38	-8.360	-21.675	-43.0
4.39	-8.371	-22.617	-54.0
4.4	-8.383	-23.773	-27.5
4.41	-8.394	-24.903	-41.9
4.42	-8.406	-26.334	-39.0
4.43	-8.419	-29.573	-29.5
4.44	-8.433	-34.983	-47.3
4.45	-8.449	-39.903	-42.5
4.46	-8.466	-42.075	-32.3
4.47	-8.483	-42.308	-38.1
4.48	-8.501	-41.881	-26.3
4.49	-8.518	-40.964	-55.5
4.5	-8.534	-39.606	-20.3
4.51	-8.551	-38.256	-21.6
4.52	-8.568	-37.595	-19.9
4.53	-8.586	-37.825	-2.0
4.54	-8.604	-37.977	-20.0
4.55	-8.623	-37.280	-10.1
4.56	-8.640	-35.933	10.8
4.57	-8.658	-34.170	-13.2
4.58	-8.674	-32.217	-21.4
4.59	-8.689	-30.280	-46.8
4.6	-8.704	-28.405	-33.6
4.61	-8.719	-26.889	-37.0
4.62	-8.732	-25.658	-23.9
4.63	-8.744	-24.191	-35.2
4.64	-8.758	-22.786	-41.9
4.65	-8.774	-21.767	-6.6
4.66	-8.790	-20.898	-54.3
4.67	-8.803	-20.042	39.0
4.68	-8.810	-18.933	213.8
4.69	-8.819	-17.445	207.8
4.7	-8.834	-15.816	220.5
4.71	-8.854	-14.744	-1.9
4.72	-8.875	-15.741	-52.2
4.73	-8.896	-19.022	-5.9
4.74	-8.915	-22.261	-42.7
4.75	-8.928	-23.870	-13.3
4.76	-8.933	-24.681	-35.5
4.77	-8.931	-25.606	-46.3
4.78	-8.927	-26.522	-22.1
4.79	-8.924	-27.216	-10.7
4.8	-8.922	-27.869	8.9
4.81	-8.922	-28.459	-6.0
4.82	-8.926	-28.072	1.7
4.83	-8.930	-24.359	4.3
4.84	-8.936	-12.439	17.6
4.85	-8.944	11.406	33.6
4.86	-8.952	36.877	64.1
4.87	-8.961	49.220	72.3
4.88	-8.971	51.105	90.2
4.89	-8.979	51.134	111.3
4.9	-8.988	51.139	155.7
4.91	-8.997	51.139	157.7
4.92	-9.006	51.139	149.8
4.93	-9.015	51.139	169.4
4.94	-9.024	51.139	143.8
4.95	-9.034	51.127	101.8
4.96	-9.043	50.892	73.0
4.97	-9.051	47.533	6.9
4.98	-9.059	36.172	-12.3
4.99	-9.069	18.467	-39.8
5.0	-9.080	0.541	-51.2
5.01	-9.094	-15.209	-70.5
5.02	-9.109	-28.470	-65.6
5.03	-9.123	-38.881	-66.8
5.04	-9.134	-45.992	-47.8
5.05	-9.146	-49.723	-47.2
5.06	-9.157	-50.966	-41.0
5.07	-9.168	-51.138	-54.6
5.08	-9.178	-51.141	-56.1
5.09	-9.186	-51.141	-55.2
5.1	-9.194	-51.141	-41.9
5.11	-9.202	-51.141	-61.6
5.12	-9.209	-51.136	-38.5
5.13	-9.217	-50.916	-30.1
5.14	-9.225	-48.959	-41.8
5.15	-9.234	-43.300	-33.0
5.16	-9.244	-34.586	-30.2
5.17	-9.254	-24.839	-46.0
5.18	-9.261	-14.958	-26.8
5.19	-9.266	-5.425	-35.6
5.2	-9.269	3.305	-33.0
5.21	-9.272	10.619	-59.2
5.22	-9.275	15.548	-33.6
5.23	-9.278	17.670	-25.6
5.24	-9.281	17.220	-41.1
5.25	-9.284	14.070	-32.5
5.26	-9.287	8.322	-28.9
5.27	-9.291	1.036	-35.1
5.28	-9.293	-6.616	-33.1
5.29	-9.296	-13.894	-41.0
5.3	-9.299	-20.625	-21.7
5.31	-9.304	-26.861	-36.0
5.32	-9.306	-32.333	-20.8
5.33	-9.308	-36.839	-17.6
5.34	-9.309	-40.492	-14.7
5.35	-9.309	-43.370	-39.4
5.36	-9.308	-45.447	-15.9
5.37	-9.307	-46.561	-15.9
5.38	-9.306	-46.463	-17.9
5.39	-9.306	-45.586	-28.1
5.4	-9.306	-44.734	-10.2
5.41	-9.309	-43.933	-14.9
5.42	-9.313	-42.906	3.5
5.43	-9.318	-41.681	8.7
5.44	-9.322	-40.403	3.4
5.45	-9.326	-39.117	0.8
5.46	-9.329	-37.561	-1.4
5.47	-9.331	-35.705	-1.2
5.48	-9.332	-33.998	-1.5
5.49	-9.333	-32.577	-22.1
5.5	-9.334	-31.342	-26.6
5.51	-9.332	-30.236	-14.3
5.52	-9.329	-29.113	-11.7
5.53	-9.322	-27.988	-56.7
5.54	-9.314	-27.011	-61.9
5.55	-9.307	-26.098	15.7
5.56	-9.303	-25.066	8.1
5.57	-9.296	-24.184	-43.5
5.58	-9.283	-23.595	164.7
5.59	-9.263	-22.928	204.2
5.6	-9.245	-22.197	173.0
5.61	-9.235	-21.813	14.9
5.62	-9.234	-21.927	-81.2
5.63	-9.232	-22.302	3.2
5.64	-9.223	-22.553	-19.9
5.65	-9.204	-22.439	-6.5
5.66	-9.175	-22.248	-9.9
5.67	-9.136	-22.453	-18.4
5.68	-9.091	-23.213	-0.2
5.69	-9.048	-24.530	-39.0
5.7	-9.009	-26.219	-6.0
5.71	-8.974	-27.983	9.9
5.72	-8.943	-29.467	21.7
5.73	-8.914	-30.039	6.6
5.74	-8.888	-28.528	33.5
5.75	-8.864	-21.534	40.8
5.76	-8.842	-3.347	43.2
5.77	-8.822	23.894	62.1
5.78	-8.802	44.391	87.0
5.79	-8.783	50.706	112.6
5.8	-8.767	51.117	149.0
5.81	-8.752	51.139	148.7
5.82	-8.738	51.139	175.4
5.83	-8.726	51.139	191.0
5.84	-8.714	51.139	148.0
5.85	-8.703	51.134	87.3
5.86	-8.691	51.048	78.7
5.87	-8.678	48.916	21.5
5.88	-8.664	39.336	-14.6
5.89	-8.652	21.508	-33.0
5.9	-8.643	1.803	-60.3
5.91	-8.636	-15.536	-68.0
5.92	-8.629	-30.123	-46.8
5.93	-8.618	-41.795	-87.9
5.94	-8.605	-48.794	-63.2
5.95	-8.593	-50.947	-59.1
5.96	-8.581	-51.134	-59.4
5.97	-8.568	-51.141	-46.3
5.98	-8.553	-51.141	-62.8
5.99	-8.540	-51.141	-66.7
6.0	-8.527	-51.141	-51.0
6.01	-8.514	-51.141	-69.0
6.02	-8.502	-51.141	-50.8
6.03	-8.491	-51.139	-65.5
6.04	-8.482	-51.103	-63.9
6.05	-8.473	-50.144	-55.5
6.06	-8.464	-45.434	-29.1
6.07	-8.455	-35.822	-55.5
6.08	-8.443	-23.948	-45.6
6.09	-8.431	-12.208	-39.9
6.1	-8.419	-1.739	-47.9
6.11	-8.407	6.448	-68.6
6.12	-8.395	12.131	-55.8
6.13	-8.384	15.555	-47.8
6.14	-8.374	16.713	-49.3
6.15	-8.364	15.577	-61.6
6.16	-8.354	12.064	-55.1
6.17	-8.344	5.988	-52.5
6.18	-8.334	-2.034	-53.9
6.19	-8.323	-10.491	-70.2
6.2	-8.313	-18.155	-34.8
6.21	-8.303	-24.583	-50.4
6.22	-8.293	-29.875	-66.9
6.23	-8.284	-34.119	-45.2
6.24	-8.276	-37.270	-44.5
6.25	-8.269	-39.583	-65.6
6.26	-8.261	-41.238	-34.0
6.27	-8.253	-42.330	-54.0
6.28	-8.246	-43.356	-52.3
6.29	-8.239	-44.166	-47.0
6.3	-8.232	-43.978	-51.0
6.31	-8.226	-42.798	-43.8
6.32	-8.221	-41.170	-35.5
6.33	-8.216	-39.511	-63.0
6.34	-8.210	-37.816	-45.7
6.35	-8.204	-35.867	-40.6
6.36	-8.199	-33.875	-35.9
6.37	-8.196	-32.114	-23.8
6.38	-8.194	-30.433	-4.5
6.39	-8.193	-29.036	-21.8
6.4	-8.194	-28.655	-11.4
6.41	-8.194	-29.284	-31.7
6.42	-8.196	-30.109	-42.1
6.43	-8.196	-30.484	-61.0
6.44	-8.196	-30.544	-47.3
6.45	-8.196	-30.688	-55.1
6.46	-8.195	-30.555	-60.8
6.47	-8.194	-29.859	-47.5
6.48	-8.193	-28.817	-57.5
6.49	-8.194	-27.564	-6.7
6.5	-8.196	-26.383	-56.0
6.51	-8.194	-25.339	-19.8
6.52	-8.185	-24.208	170.2
6.53	-8.175	-22.850	170.2
6.54	-8.170	-21.770	200.6
6.55	-8.170	-21.806	-29.2
6.56	-8.172	-22.536	-94.0
6.57	-8.176	-23.334	-18.8
6.58	-8.179	-24.450	-46.8
6.59	-8.175	-25.802	-36.8
6.6	-8.165	-26.844	-66.2
6.61	-8.152	-27.002	-50.1
6.62	-8.139	-26.520	-24.8
6.63	-8.128	-26.300	-39.9
6.64	-8.117	-26.497	-15.2
6.65	-8.105	-26.734	-31.3
6.66	-8.092	-26.495	-19.9
6.67	-8.082	-23.272	-2.4
6.68	-8.074	-11.325	-6.8
6.69	-8.067	12.731	5.0
6.7	-8.061	37.725	35.7
6.71	-8.055	49.416	46.8
6.72	-8.049	51.108	80.0
6.73	-8.045	51.134	86.1
6.74	-8.042	51.139	115.2
6.75	-8.041	51.139	140.0
6.76	-8.039	51.139	149.1
6.77	-8.038	51.139	142.3
6.78	-8.037	51.138	159.2
6.79	-8.037	51.125	69.2
6.8	-8.036	50.284	42.7
6.81	-8.037	44.452	7.4
6.82	-8.037	30.581	-50.3
6.83	-8.036	12.769	-46.7
6.84	-8.036	-3.998	-55.9
6.85	-8.037	-18.631	-93.5
6.86	-8.039	-31.355	-71.3
6.87	-8.041	-41.641	-80.1
6.88	-8.041	-48.106	-62.8
6.89	-8.040	-50.656	-72.9
6.9	-8.040	-51.123	-85.5
6.91	-8.041	-51.141	-68.6
6.92	-8.041	-51.141	-68.5
6.93	-8.040	-51.141	-69.3
6.94	-8.040	-51.141	-55.3
6.95	-8.041	-51.141	-66.7
6.96	-8.044	-51.139	-57.8
6.97	-8.049	-51.130	-71.4
6.98	-8.055	-50.695	-38.4
6.99	-8.063	-47.964	-58.2
7.0	-8.072	-41.525	-76.6
7.01	-8.081	-32.697	-70.9
7.02	-8.088	-23.259	-63.8
7.03	-8.093	-13.820	-70.2
7.04	-8.095	-4.722	-58.7
7.05	-8.096	3.053	-53.2
7.06	-8.095	8.530	-49.5
7.07	-8.094	10.973	-66.3
7.08	-8.095	9.502	-41.5
7.09	-8.097	4.716	-75.1
7.1	-8.100	-1.041	-73.0
7.11	-8.103	-6.253	-57.5
7.12	-8.106	-10.855	-53.3
7.13	-8.109	-15.120	-68.3
7.14	-8.113	-19.311	-46.7
7.15	-8.118	-23.427	-43.1
7.16	-8.125	-27.502	-57.8
7.17	-8.133	-31.377	-64.9
7.18	-8.140	-34.516	-38.3
7.19	-8.148	-36.898	-60.1
7.2	-8.156	-38.914	-61.6
7.21	-8.166	-40.814	-44.3
7.22	-8.174	-42.647	-49.1
7.23	-8.184	-44.291	-53.0
7.24	-8.193	-45.689	-34.7
7.25	-8.203	-46.464	-52.3
7.26	-8.212	-46.194	-41.8
7.27	-8.221	-45.027	-45.9
7.28	-8.231	-43.359	-46.0
7.29	-8.241	-41.580	-53.4
7.3	-8.252	-40.017	-32.5
7.31	-8.264	-38.673	-59.7
7.32	-8.277	-37.397	-30.0
7.33	-8.290	-36.322	-12.8
7.34	-8.304	-35.328	-29.4
7.35	-8.318	-34.448	3.7
7.36	-8.332	-34.614	5.3
7.37	-8.348	-35.494	-41.5
7.38	-8.362	-35.464	-52.5
7.39	-8.376	-34.417	-71.6
7.4	-8.389	-33.095	-44.0
7.41	-8.401	-31.694	-60.8
7.42	-8.413	-30.333	-54.3
7.43	-8.424	-29.097	-50.7
7.44	-8.436	-27.978	-32.1
7.45	-8.450	-27.072	-8.8
7.46	-8.464	-26.769	-54.4
7.47	-8.473	-27.422	61.9
7.48	-8.476	-28.506	185.0
7.49	-8.478	-28.936	187.9
7.5	-8.487	-28.359	170.2
7.51	-8.501	-27.333	-65.5
7.52	-8.516	-26.667	-50.5
7.53	-8.534	-26.611	-31.9
7.54	-8.552	-26.350	-53.5
7.55	-8.565	-25.284	-36.6
7.56	-8.569	-23.986	-25.7
7.57	-8.568	-22.952	-35.4
7.58	-8.562	-22.280	-60.0
7.59	-8.556	-22.233	-32.1
7.6	-8.551	-22.716	0.6
7.61	-8.549	-23.286	-28.2
7.62	-8.551	-23.556	-13.2
7.63	-8.556	-21.858	1.8
7.64	-8.563	-12.717	4.8
7.65	-8.571	9.513	21.0
7.66	-8.579	35.511	53.3
7.67	-8.588	48.902	57.9
7.68	-8.598	51.094	86.3
7.69	-8.607	51.133	93.0
7.7	-8.618	51.139	140.8
7.71	-8.629	51.139	143.9
7.72	-8.639	51.139	156.5
7.73	-8.650	51.139	153.7
7.74	-8.661	51.138	126.8
7.75	-8.673	51.127	80.4
7.76	-8.686	50.361	49.9
7.77	-8.698	44.702	0.7
7.78	-8.711	30.680	-36.6
7.79	-8.723	12.055	-61.9
7.8	-8.737	-5.916	-49.1
7.81	-8.754	-21.467	-84.0
7.82	-8.772	-34.013	-88.8
7.83	-8.789	-43.209	-63.4
7.84	-8.804	-48.702	-55.2
7.85	-8.820	-50.792	-81.6
7.86	-8.837	-51.130	-63.8
7.87	-8.854	-51.139	-61.8
7.88	-8.869	-51.141	-48.9
7.89	-8.884	-51.141	-73.8
7.9	-8.896	-51.141	-68.1
7.91	-8.909	-51.141	-57.3
7.92	-8.923	-51.139	-48.5
7.93	-8.938	-51.120	-63.3
7.94	-8.954	-50.564	-55.7
7.95	-8.970	-47.614	-49.5
7.96	-8.986	-41.314	-51.6
7.97	-9.001	-33.167	-65.8
7.98	-9.014	-24.586	-39.8
7.99	-9.024	-15.772	-53.1
8.0	-9.032	-6.758	-47.6
8.01	-9.039	1.628	-52.1
8.02	-9.046	8.091	-50.2
8.03	-9.054	11.725	-40.3
8.04	-9.063	11.923	-40.5
8.05	-9.072	8.844	-56.2
8.06	-9.082	3.733	-46.4
8.07	-9.094	-2.319	-51.2
8.08	-9.105	-8.642	-40.2
8.09	-9.117	-14.645	-46.8
8.1	-9.131	-20.044	-36.8
8.11	-9.144	-24.498	-46.7
8.12	-9.158	-27.991	-52.8
8.13	-9.171	-31.556	-47.4
8.14	-9.183	-36.073	-21.9
8.15	-9.195	-40.680	-35.7
8.16	-9.207	-43.950	-46.1
8.17	-9.219	-45.747	-50.9
8.18	-9.232	-46.511	-20.3
8.19	-9.246	-46.305	-31.7
8.2	-9.259	-45.192	-29.8
8.21	-9.274	-43.692	-32.3
8.22	-9.288	-42.514	-17.3
8.23	-9.304	-41.816	-11.0
8.24	-9.319	-41.053	-20.5
8.25	-9.335	-39.866	-27.4
8.26	-9.350	-38.538	5.6
8.27	-9.364	-37.277	-0.3
8.28	-9.379	-35.770	-23.8
8.29	-9.393	-33.813	-45.8
8.3	-9.406	-31.952	-25.4
8.31	-9.418	-30.788	-49.7
8.32	-9.429	-29.867	-51.7
8.33	-9.439	-28.727	-36.1
8.34	-9.448	-27.730	-36.4
8.35	-9.459	-27.009	-6.0
8.36	-9.472	-26.380	-31.1
8.37	-9.482	-25.570	-54.1
8.38	-9.487	-24.484	176.3
8.39	-9.491	-23.206	192.7
8.4	-9.498	-21.969	141.6
8.41	-9.510	-21.380	-6.4
8.42	-9.525	-21.752	-60.5
8.43	-9.536	-22.680	-10.1
8.44	-9.544	-23.264	-50.0
8.45	-9.545	-23.192	-35.4
8.46	-9.539	-23.020	-15.5
8.47	-9.524	-22.992	-30.7
8.48	-9.503	-23.072	-14.6
8.49	-9.483	-23.441	-10.8
8.5	-9.468	-24.328	-6.6
8.51	-9.457	-25.789	-3.7
8.52	-9.451	-27.475	6.9
8.53	-9.446	-28.592	1.6
8.54	-9.441	-28.080	21.2
8.55	-9.437	-23.263	34.0
8.56	-9.434	-8.477	36.0
8.57	-9.432	17.497	48.6
8.58	-9.431	40.883	107.9
8.59	-9.429	50.089	115.3
8.6	-9.429	51.113	127.5
8.61	-9.430	51.139	144.8
8.62	-9.432	51.139	163.7
8.63	-9.434	51.139	148.7
8.64	-9.436	51.139	153.3
8.65	-9.439	51.136	110.5
8.66	-9.441	51.123	56.2
8.67	-9.442	50.231	7.8
8.68	-9.442	43.995	-15.7
8.69	-9.444	29.053	-40.9
8.7	-9.449	9.928	-47.1
8.71	-9.457	-7.777	-80.3
8.72	-9.464	-23.039	-75.9
8.73	-9.467	-35.986	-80.2
8.74	-9.469	-45.436	-61.9
8.75	-9.474	-50.034	-80.5
8.76	-9.477	-51.089	-56.4
8.77	-9.479	-51.139	-60.8
8.78	-9.479	-51.141	-87.7
8.79	-9.479	-51.141	-79.0
8.8	-9.478	-51.141	-53.9
8.81	-9.476	-51.141	-62.4
8.82	-9.475	-51.141	-52.4
8.83	-9.476	-51.141	-46.1
8.84	-9.478	-51.133	-55.1
8.85	-9.478	-50.842	-54.4
8.86	-9.476	-48.255	-57.2
8.87	-9.472	-41.089	-59.5
8.88	-9.464	-29.300	-42.0
8.89	-9.453	-14.336	-62.5
8.9	-9.438	-0.159	-30.5
8.91	-9.422	11.238	-57.6
8.92	-9.406	20.675	-53.3
8.93	-9.390	26.295	-56.4
8.94	-9.374	27.383	-47.4
8.95	-9.359	25.414	-53.3
8.96	-9.345	21.550	-58.3
8.97	-9.331	16.605	-50.1
8.98	-9.316	10.255	-37.8
8.99	-9.303	2.661	-51.8
9.0	-9.291	-4.928	-41.4
9.01	-9.281	-12.275	-69.5
9.02	-9.273	-19.541	-40.5
9.03	-9.266	-26.488	-37.8
9.04	-9.260	-32.928	-46.2
9.05	-9.254	-38.303	-36.2
9.06	-9.247	-42.108	-40.1
9.07	-9.240	-44.402	-19.1
9.08	-9.233	-45.586	-5.1
9.09	-9.225	-46.338	-32.0
9.1	-9.215	-46.931	-21.1
9.11	-9.203	-46.941	-38.7
9.12	-9.189	-46.311	-9.6
9.13	-9.176	-45.450	-42.9
9.14	-9.164	-44.184	-55.5
9.15	-9.152	-42.206	-48.5
9.16	-9.139	-39.969	-60.4
9.17	-9.123	-38.022	-52.9
9.18	-9.107	-36.392	-31.2
9.19	-9.091	-34.903	-72.4
9.2	-9.076	-33.420	-2.0
9.21	-9.064	-31.884	-67.8
9.22	-9.049	-30.147	-9.5
9.23	-9.028	-28.145	172.2
9.24	-9.004	-26.203	165.0
9.25	-8.981	-24.400	129.6
9.26	-8.966	-22.672	-46.5
9.27	-8.956	-21.461	-89.5
9.28	-8.949	-20.964	-17.1
9.29	-8.940	-20.645	-67.4
9.3	-8.927	-20.138	-25.0
9.31	-8.907	-19.647	-30.8
9.32	-8.879	-19.636	-51.3
9.33	-8.846	-20.356	-35.2
9.34	-8.815	-21.773	-3.5
9.35	-8.786	-23.742	-24.8
9.36	-8.759	-25.781	-15.4
9.37	-8.734	-27.355	-21.2
9.38	-8.713	-27.998	13.4
9.39	-8.693	-26.075	15.2
9.4	-8.672	-17.852	13.8
9.41	-8.653	1.064	29.7
9.42	-8.634	27.131	54.2
9.43	-8.616	45.573	73.6
9.44	-8.599	50.841	105.1
9.45	-8.583	51.123	125.0
9.46	-8.569	51.139	157.5
9.47	-8.556	51.139	155.4
9.48	-8.543	51.139	146.7
9.49	-8.529	51.139	101.0
9.5	-8.515	51.136	83.6
9.51	-8.501	51.117	46.1
9.52	-8.487	50.055	-12.4
9.53	-8.474	43.083	-66.3
9.54	-8.463	27.313	-46.2
9.55	-8.456	8.258	-84.2
9.56	-8.449	-9.180	-81.5
9.57	-8.441	-24.731	-82.8
9.58	-8.430	-37.714	-86.6
9.59	-8.418	-46.522	-78.0
9.6	-8.407	-50.378	-85.5
9.61	-8.394	-51.114	-90.6
9.62	-8.381	-51.139	-69.8
9.63	-8.367	-51.141	-83.9
9.64	-8.356	-51.141	-64.8
9.65	-8.344	-51.141	-64.8
9.66	-8.333	-51.141	-74.0
9.67	-8.323	-51.141	-84.3
9.68	-8.314	-51.139	-50.2
9.69	-8.306	-51.114	-63.6
9.7	-8.299	-50.300	-53.7
9.71	-8.293	-45.833	-70.0
9.72	-8.286	-36.158	-59.7
9.73	-8.277	-23.714	-62.5
9.74	-8.269	-11.172	-49.2
9.75	-8.260	0.000	-68.6
9.76	-8.251	8.994	-70.5
9.77	-8.242	15.469	-64.0
9.78	-8.234	18.769	-52.0
9.79	-8.226	18.730	-63.0
9.8	-8.217	16.503	-76.9
9.81	-8.209	13.028	-66.8
9.82	-8.200	8.363	-54.0
9.83	-8.191	2.752	-69.0
9.84	-8.184	-3.320	-41.5
9.85	-8.176	-9.666	-67.5
9.86	-8.169	-16.161	-69.5
9.87	-8.164	-22.238	-66.4
9.88	-8.157	-27.528	-51.2
9.89	-8.150	-32.238	-65.8
9.9	-8.143	-36.386	-62.8
9.91	-8.135	-39.953	-42.9
9.92	-8.127	-42.733	-49.8
9.93	-8.120	-44.245	-41.8
9.94	-8.114	-44.545	-51.6
9.95	-8.109	-43.931	-70.3
9.96	-8.106	-42.891	-31.9
9.97	-8.102	-41.809	-49.2
9.98	-8.100	-40.544	-38.4
9.99	-8.099	-39.445	-45.5
10.0	-8.101	-39.359	-8.6
10.01	-8.105	-40.013	-22.1
10.02	-8.113	-40.053	-25.9
10.03	-8.123	-39.188	-14.6
10.04	-8.131	-38.120	-50.0
10.05	-8.137	-37.031	-70.3
10.06	-8.142	-35.908	-50.1
10.07	-8.146	-34.716	-51.1
10.08	-8.148	-33.388	-47.3
10.09	-8.151	-32.383	-81.1
10.1	-8.154	-31.925	-47.5
10.11	-8.158	-31.489	-5.3
10.12	-8.162	-30.636	-72.3
10.13	-8.163	-29.333	5.8
10.14	-8.156	-27.797	166.7
10.15	-8.147	-26.144	154.9
10.16	-8.142	-24.373	192.0
10.17	-8.143	-22.548	-16.6
10.18	-8.146	-20.956	-88.7
10.19	-8.152	-20.050	-30.5
10.2	-8.156	-19.700	-49.6
10.21	-8.154	-19.617	-64.4
10.22	-8.144	-20.136	-46.4
10.23	-8.132	-21.188	-48.4
10.24	-8.121	-22.048	-37.3
10.25	-8.111	-22.642	-22.7
10.26	-8.100	-23.273	-30.7
10.27	-8.089	-23.580	-24.8
10.28	-8.079	-22.603	-2.1
10.29	-8.070	-17.922	-22.0
10.3	-8.062	-4.481	-1.0
10.31	-8.054	19.361	-3.9
10.32	-8.047	41.322	23.2
10.33	-8.041	50.125	44.8
10.34	-8.034	51.113	76.3
10.35	-8.029	51.139	95.8
10.36	-8.025	51.139	124.6
10.37	-8.022	51.139	127.3
10.38	-8.021	51.139	146.9
10.39	-8.019	51.139	148.9
10.4	-8.018	51.139	137.2
10.41	-8.017	51.130	89.0
10.42	-8.016	50.683	42.4
10.43	-8.016	46.541	19.7
10.44	-8.015	34.839	-23.2
10.45	-8.015	18.184	-74.7
10.46	-8.015	1.913	-51.3
10.47	-8.016	-11.978	-71.7
10.48	-8.019	-23.189	-90.8
10.49	-8.019	-32.361	-88.1
10.5	-8.018	-40.228	-69.9
10.51	-8.016	-45.897	-71.7
10.52	-8.015	-48.856	-52.4
10.53	-8.015	-50.344	-67.3
10.54	-8.014	-51.025	-72.6
10.55	-8.011	-51.138	-64.2
10.56	-8.009	-51.141	-48.6
10.57	-8.007	-51.141	-72.1
10.58	-8.006	-51.141	-63.0
10.59	-8.006	-51.136	-73.4
10.6	-8.007	-50.894	-57.2
10.61	-8.009	-49.131	-60.6
10.62	-8.011	-44.442	-52.5
10.63	-8.012	-37.047	-57.2
10.64	-8.013	-28.142	-61.9
10.65	-8.012	-18.916	-62.0
10.66	-8.011	-10.211	-52.3
10.67	-8.010	-2.605	-63.6
10.68	-8.008	3.484	-53.4
10.69	-8.008	7.595	-56.1
10.7	-8.007	9.238	-46.2
10.71	-8.007	8.492	-56.1
10.72	-8.006	5.336	-37.7
10.73	-8.006	-0.106	-61.8
10.74	-8.005	-6.450	-47.0
10.75	-8.004	-12.527	-53.7
10.76	-8.004	-18.091	-54.1
10.77	-8.004	-22.956	-24.7
10.78	-8.004	-27.267	-42.7
10.79	-8.004	-31.211	-61.5
10.8	-8.005	-34.558	-42.1
10.81	-8.005	-37.347	-45.8
10.82	-8.006	-39.802	-41.6
10.83	-8.008	-41.756	-56.8
10.84	-8.009	-42.916	-32.2
10.85	-8.011	-43.317	-27.8
10.86	-8.013	-43.266	-16.6
10.87	-8.015	-43.105	-48.4
10.88	-8.016	-43.156	-23.4
10.89	-8.018	-43.055	-18.3
10.9	-8.021	-42.244	-7.1
10.91	-8.024	-41.078	-21.7
10.92	-8.027	-39.964	-19.9
10.93	-8.030	-38.834	-5.5
10.94	-8.033	-37.716	-39.6
10.95	-8.034	-36.764	-55.0
10.96	-8.036	-36.155	-46.7
10.97	-8.037	-35.702	-60.7
10.98	-8.037	-34.988	-41.8
10.99	-8.039	-33.886	-70.4
11.0	-8.040	-32.438	-3.9
11.01	-8.044	-30.833	-20.0
11.02	-8.047	-29.505	-49.1
11.03	-8.046	-28.653	159.7
11.04	-8.041	-27.786	234.5
11.05	-8.037	-26.569	267.3
11.06	-8.039	-25.250	114.3
11.07	-8.045	-24.245	-107.5
11.08	-8.054	-24.144	-26.1
11.09	-8.065	-24.589	-41.4
11.1	-8.073	-24.616	-26.8
11.11	-8.074	-24.533	-37.8
11.12	-8.067	-24.678	-31.0
11.13	-8.058	-24.750	-28.2
11.14	-8.051	-25.113	-19.6
11.15	-8.046	-25.992	-34.3
11.16	-8.041	-26.988	-9.4
11.17	-8.037	-27.538	2.0
11.18	-8.035	-26.497	3.2
11.19	-8.034	-20.419	1.7
11.2	-8.033	-3.245	21.7
11.21	-8.033	23.502	29.9
11.22	-8.031	44.125	74.3
11.23	-8.028	50.658	94.8
11.24	-8.026	51.116	94.6
11.25	-8.026	51.139	120.5
11.26	-8.027	51.139	174.5
11.27	-8.030	51.139	171.0
11.28	-8.033	51.139	180.5
11.29	-8.036	51.139	163.5
11.3	-8.040	51.130	146.8
11.31	-8.044	50.983	84.7
11.32	-8.049	48.616	32.2
11.33	-8.053	40.584	-18.3
11.34	-8.056	26.813	-49.3
11.35	-8.058	9.870	-65.3
11.36	-8.063	-6.619	-61.1
11.37	-8.069	-20.489	-88.5
11.38	-8.077	-32.320	-64.3
11.39	-8.083	-41.644	-79.9
11.4	-8.088	-47.580	-49.8
11.41	-8.093	-50.333	-61.7
11.42	-8.099	-51.070	-90.5
11.43	-8.106	-51.139	-60.4
11.44	-8.111	-51.141	-56.9
11.45	-8.114	-51.141	-91.7
11.46	-8.116	-51.141	-60.6
11.47	-8.120	-51.141	-61.2
11.48	-8.126	-51.139	-60.4
11.49	-8.132	-51.134	-56.1
11.5	-8.139	-50.761	-70.4
11.51	-8.146	-48.044	-59.9
11.52	-8.153	-41.295	-52.0
11.53	-8.159	-32.092	-75.9
11.54	-8.164	-22.614	-69.8
11.55	-8.168	-13.603	-67.4
11.56	-8.169	-5.634	-44.1
11.57	-8.168	0.789	-58.1
11.58	-8.168	5.430	-52.0
11.59	-8.167	8.167	-63.0
11.6	-8.168	8.938	-58.3
11.61	-8.169	7.644	-64.7
11.62	-8.171	4.267	-40.0
11.63	-8.171	-1.095	-68.9
11.64	-8.172	-7.433	-55.4
11.65	-8.171	-13.195	-47.0
11.66	-8.171	-18.269	-59.5
11.67	-8.170	-23.184	-47.4
11.68	-8.171	-27.583	-36.1
11.69	-8.172	-31.255	-54.5
11.7	-8.174	-34.602	-47.8
11.71	-8.179	-37.783	-63.5
11.72	-8.183	-40.439	-48.9
11.73	-8.188	-42.200	-48.3
11.74	-8.194	-43.495	-37.7
11.75	-8.200	-44.581	-42.5
11.76	-8.207	-44.878	-23.2
11.77	-8.213	-44.389	-16.2
11.78	-8.220	-43.517	-11.3
11.79	-8.227	-42.428	-24.5
11.8	-8.234	-41.316	-24.4
11.81	-8.242	-40.189	-35.6
11.82	-8.249	-39.159	-54.3
11.83	-8.257	-38.170	-73.5
11.84	-8.263	-36.988	-50.9
11.85	-8.269	-36.039	-56.8
11.86	-8.275	-35.414	-23.7
11.87	-8.281	-34.570	-61.1
11.88	-8.289	-33.688	-5.6
11.89	-8.297	-32.770	-67.2
11.9	-8.301	-31.283	20.3
11.91	-8.299	-29.350	228.4
11.92	-8.292	-27.341	235.2
11.93	-8.289	-25.550	214.6
11.94	-8.293	-24.170	-32.6
11.95	-8.302	-23.472	-86.8
11.96	-8.314	-23.923	-26.5
11.97	-8.323	-24.988	-59.1
11.98	-8.327	-25.456	-12.4
11.99	-8.322	-25.172	-47.5
12.0	-8.306	-24.881	-16.1
12.01	-8.284	-24.981	-35.3
12.02	-8.263	-25.366	-28.5
12.03	-8.245	-26.192	-21.6
12.04	-8.231	-27.575	-11.8
12.05	-8.220	-28.689	-21.1
12.06	-8.213	-27.633	0.9
12.07	-8.208	-20.697	9.0
12.08	-8.208	-2.563	31.0
12.09	-8.212	24.364	55.7
12.1	-8.221	44.530	71.8
12.11	-8.232	50.720	74.6
12.12	-8.246	51.117	119.5
12.13	-8.260	51.139	155.9
12.14	-8.276	51.139	168.4
12.15	-8.291	51.139	172.8
12.16	-8.306	51.139	178.7
12.17	-8.321	51.139	142.9
12.18	-8.334	51.127	107.7
12.19	-8.347	50.795	64.7
12.2	-8.360	47.250	12.5
12.21	-8.372	36.553	-56.8
12.22	-8.383	20.492	-41.8
12.23	-8.394	3.728	-44.7
12.24	-8.408	-11.591	-66.8
12.25	-8.421	-24.520	-79.4
12.26	-8.432	-34.933	-57.4
12.27	-8.441	-43.027	-92.1
12.28	-8.449	-48.369	-68.0
12.29	-8.459	-50.673	-60.2
12.3	-8.469	-51.123	-63.1
12.31	-8.479	-51.139	-52.1
12.32	-8.488	-51.141	-54.6
12.33	-8.498	-51.141	-61.9
12.34	-8.509	-51.141	-62.7
12.35	-8.520	-51.141	-52.7
12.36	-8.532	-51.136	-51.0
12.37	-8.544	-50.925	-72.3
12.38	-8.556	-48.898	-37.2
12.39	-8.569	-42.859	-52.1
12.4	-8.582	-33.623	-40.2
12.41	-8.595	-23.594	-62.5
12.42	-8.606	-13.588	-61.7
12.43	-8.615	-4.128	-42.5
12.44	-8.623	3.789	-56.3
12.45	-8.630	9.206	-56.4
12.46	-8.638	11.663	-40.6
12.47	-8.647	11.389	-54.4
12.48	-8.657	8.773	-53.2
12.49	-8.668	4.614	-62.4
12.5	-8.681	-0.070	-40.1
12.51	-8.693	-4.753	-63.0
12.52	-8.706	-9.161	-48.2
12.53	-8.718	-13.423	-58.8
12.54	-8.731	-17.905	-36.4
12.55	-8.743	-22.531	-33.4
12.56	-8.756	-27.022	-42.4
12.57	-8.769	-31.370	-20.3
12.58	-8.783	-35.359	-23.0
12.59	-8.797	-38.425	-44.6
12.6	-8.811	-40.436	-1.0
12.61	-8.826	-41.541	-13.7
12.62	-8.841	-41.716	-29.4
12.63	-8.857	-41.097	-13.2
12.64	-8.873	-40.230	-13.0
12.65	-8.888	-39.544	-38.2
12.66	-8.903	-39.009	-38.0
12.67	-8.918	-38.533	-55.8
12.68	-8.932	-38.027	-45.0
12.69	-8.945	-37.303	-51.4
12.7	-8.958	-36.361	-51.0
12.71	-8.972	-35.352	-35.2
12.72	-8.988	-34.255	-2.5
12.73	-9.003	-32.997	-80.1
12.74	-9.016	-31.450	113.2
12.75	-9.025	-29.517	230.1
12.76	-9.033	-27.877	215.1
12.77	-9.044	-27.234	93.0
12.78	-9.059	-26.953	-105.9
12.79	-9.073	-26.378	-37.5
12.8	-9.084	-25.845	-12.0
12.81	-9.092	-24.942	-58.3
12.82	-9.096	-23.308	-37.8
12.83	-9.094	-22.822	-36.0
12.84	-9.086	-23.689	-16.4
12.85	-9.078	-23.819	-13.2
12.86	-9.072	-24.428	-22.5
12.87	-9.071	-26.909	-32.5
12.88	-9.071	-29.197	4.1
12.89	-9.073	-29.881	-5.8
12.9	-9.076	-28.467	14.2
12.91	-9.081	-22.455	20.5
12.92	-9.086	-7.330	45.4
12.93	-9.092	17.653	53.0
12.94	-9.098	40.436	56.7
12.95	-9.104	49.920	116.3
12.96	-9.110	51.113	154.4
12.97	-9.116	51.138	149.2
12.98	-9.123	51.139	157.8
12.99	-9.131	51.139	155.5
13.0	-9.138	51.139	156.0
13.01	-9.145	51.139	110.9
13.02	-9.152	51.125	71.6
13.03	-9.161	50.764	14.8
13.04	-9.170	46.761	-0.2
13.05	-9.179	34.634	-37.8
13.06	-9.189	16.880	-32.8
13.07	-9.202	-0.616	-84.1
13.08	-9.216	-15.922	-81.8
13.09	-9.229	-28.777	-79.5
13.1	-9.238	-38.834	-64.4
13.11	-9.247	-45.892	-66.9
13.12	-9.257	-49.758	-87.6
13.13	-9.266	-50.997	-60.7
13.14	-9.274	-51.139	-43.0
13.15	-9.283	-51.141	-65.0
13.16	-9.291	-51.141	-59.2
13.17	-9.298	-51.141	-76.3
13.18	-9.306	-51.141	-57.5
13.19	-9.314	-51.139	-52.4
13.2	-9.322	-51.113	-41.5
13.21	-9.331	-50.344	-71.3
13.22	-9.340	-46.423	-49.3
13.23	-9.348	-38.212	-35.4
13.24	-9.356	-28.097	-55.8
13.25	-9.364	-18.450	-59.7
13.26	-9.372	-9.613	-37.8
13.27	-9.379	-1.295	-68.0
13.28	-9.386	6.042	-69.4
13.29	-9.393	11.308	-57.3
13.3	-9.401	14.002	-36.6
13.31	-9.409	14.298	-42.1
13.32	-9.418	12.392	-63.5
13.33	-9.427	8.513	-50.6
13.34	-9.436	3.239	-18.1
13.35	-9.444	-2.709	-78.9
13.36	-9.452	-8.778	-58.5
13.37	-9.461	-14.716	-40.2
13.38	-9.472	-20.509	-35.4
13.39	-9.486	-25.786	-56.0
13.4	-9.502	-30.488	-54.8
13.41	-9.523	-34.806	-30.4
13.42	-9.547	-38.070	-2.9
13.43	-9.571	-40.017	-15.8
13.44	-9.595	-41.138	-16.9
13.45	-9.619	-41.519	-19.3
13.46	-9.643	-41.256	-4.7
13.47	-9.668	-40.533	-37.5
13.48	-9.693	-39.370	-56.9
13.49	-9.720	-38.302	-56.9
13.5	-9.744	-37.680	-44.6
13.51	-9.767	-37.138	-62.3
13.52	-9.788	-36.623	-22.9
13.53	-9.809	-36.119	-54.3
13.54	-9.831	-35.122	-33.2
13.55	-9.854	-33.425	-10.5
13.56	-9.873	-31.333	-67.1
13.57	-9.883	-29.041	131.2
13.58	-9.886	-26.516	216.2
13.59	-9.891	-24.072	167.2
13.6	-9.902	-22.380	49.1
13.61	-9.919	-21.761	-95.7
13.62	-9.936	-22.080	-10.7
13.63	-9.952	-22.947	-51.2
13.64	-9.962	-23.484	-35.2
13.65	-9.963	-23.252	-13.7
13.66	-9.951	-22.813	-16.9
13.67	-9.930	-22.634	-40.9
13.68	-9.902	-22.750	-14.2
13.69	-9.874	-23.145	-4.8
13.7	-9.843	-24.039	-6.9
13.71	-9.811	-25.428	-4.9
13.72	-9.779	-26.434	20.1
13.73	-9.747	-25.559	15.6
13.74	-9.716	-20.245	21.4
13.75	-9.688	-6.033	49.2
13.76	-9.662	18.123	62.5
13.77	-9.641	40.500	74.4
13.78	-9.623	49.916	110.4
13.79	-9.607	51.113	113.6
13.8	-9.594	51.138	159.1
13.81	-9.583	51.139	147.0
13.82	-9.573	51.139	159.1
13.83	-9.562	51.139	171.3
13.84	-9.549	51.138	119.4
13.85	-9.533	51.127	53.2
13.86	-9.514	50.361	21.1
13.87	-9.494	44.539	-32.5
13.88	-9.477	29.858	-47.6
13.89	-9.464	10.480	-50.1
13.9	-9.454	-7.609	-75.4
13.91	-9.443	-22.978	-61.5
13.92	-9.428	-35.734	-42.7
13.93	-9.410	-45.123	-64.9
13.94	-9.395	-49.903	-43.8
13.95	-9.379	-51.075	-88.8
13.96	-9.361	-51.138	-62.3
13.97	-9.342	-51.141	-70.7
13.98	-9.323	-51.141	-57.6
13.99	-9.304	-51.141	-45.6
14.0	-9.285	-51.141	-56.8
14.01	-9.266	-51.141	-62.3
14.02	-9.248	-51.134	-42.1
14.03	-9.230	-50.788	-50.7
14.04	-9.213	-48.036	-64.0
14.05	-9.195	-40.675	-49.7
14.06	-9.178	-29.845	-47.0
14.07	-9.162	-18.045	-48.4
14.08	-9.147	-6.767	-39.4
14.09	-9.132	3.183	-67.0
14.1	-9.116	11.580	-47.6
14.11	-9.099	18.167	-69.2
14.12	-9.081	22.322	-50.9
14.13	-9.064	23.370	-42.5
14.14	-9.047	21.159	-42.6
14.15	-9.031	16.363	-69.9
14.16	-9.015	10.180	-45.9
14.17	-8.999	3.416	-62.6
14.18	-8.983	-3.550	-47.3
14.19	-8.967	-10.280	-44.4
14.2	-8.951	-16.538	-47.9
14.21	-8.936	-22.356	-39.9
14.22	-8.922	-27.480	-41.0
14.23	-8.909	-31.423	-32.7
14.24	-8.896	-34.189	-5.5
14.25	-8.883	-35.964	-22.2
14.26	-8.871	-36.781	-37.2
14.27	-8.861	-36.784	-35.5
14.28	-8.849	-36.098	-10.5
14.29	-8.838	-34.834	-44.3
14.3	-8.826	-33.903	-61.3
14.31	-8.814	-34.777	-53.5
14.32	-8.802	-36.866	-60.2
14.33	-8.788	-37.861	-57.0
14.34	-8.773	-37.303	-33.2
14.35	-8.759	-36.200	-75.9
14.36	-8.746	-34.853	-8.6
14.37	-8.736	-33.353	-72.5
14.38	-8.723	-31.888	-26.8
14.39	-8.706	-30.303	171.1
14.4	-8.685	-28.538	189.8
14.41	-8.666	-26.748	155.5
14.42	-8.653	-25.134	-28.8
14.43	-8.644	-24.047	-104.7
14.44	-8.636	-23.694	-17.1
14.45	-8.629	-23.805	-65.8
14.46	-8.618	-24.030	-39.6
14.47	-8.601	-24.273	-26.1
14.48	-8.576	-24.548	-42.7
14.49	-8.549	-24.911	-40.9
14.5	-8.521	-25.553	-38.5
14.51	-8.496	-26.298	-28.7
14.52	-8.470	-26.491	-10.3
14.53	-8.444	-25.898	-19.1
14.54	-8.419	-24.234	16.7
14.55	-8.396	-19.431	-3.3
14.56	-8.374	-6.630	18.2
14.57	-8.352	16.781	37.9
14.58	-8.330	39.720	32.8
14.59	-8.309	49.778	73.2
14.6	-8.289	51.111	119.6
14.61	-8.271	51.136	103.3
14.62	-8.254	51.139	148.9
14.63	-8.240	51.139	160.8
14.64	-8.227	51.139	145.5
14.65	-8.214	51.139	108.1
14.66	-8.201	51.128	91.1
14.67	-8.188	50.902	33.4
14.68	-8.176	47.614	-20.8
14.69	-8.164	36.483	-41.6
14.7	-8.156	19.019	-52.6
14.71	-8.149	1.136	-76.3
14.72	-8.144	-14.478	-63.1
14.73	-8.139	-27.302	-83.2
14.74	-8.134	-37.294	-66.5
14.75	-8.128	-44.363	-67.3
14.76	-8.123	-48.611	-65.9
14.77	-8.117	-50.584	-79.3
14.78	-8.110	-51.105	-67.1
14.79	-8.103	-51.139	-56.6
14.8	-8.096	-51.141	-57.0
14.81	-8.090	-51.141	-81.9
14.82	-8.085	-51.141	-60.9
14.83	-8.082	-51.138	-57.5
14.84	-8.079	-51.072	-57.8
14.85	-8.078	-49.802	-72.3
14.86	-8.076	-45.016	-61.4
14.87	-8.072	-36.908	-59.3
14.88	-8.068	-27.661	-35.7
14.89	-8.063	-18.172	-34.2
14.9	-8.056	-9.003	-65.2
14.91	-8.049	-1.133	-70.6
14.92	-8.041	4.520	-45.2
14.93	-8.035	7.836	-61.6
14.94	-8.031	9.244	-40.1
14.95	-8.027	8.792	-50.9
14.96	-8.024	6.459	-57.9
14.97	-8.021	2.463	-48.7
14.98	-8.019	-2.863	-50.1
14.99	-8.017	-8.647	-82.8
15.0	-8.015	-13.989	-33.3
15.01	-8.014	-18.777	-50.4
15.02	-8.012	-23.155	-55.0
15.03	-8.011	-27.355	-35.3
15.04	-8.010	-31.656	-52.2
15.05	-8.010	-35.564	-47.7
15.06	-8.009	-38.303	-32.4
15.07	-8.009	-39.738	-71.5
15.08	-8.009	-40.189	-52.6
15.09	-8.009	-40.097	-30.7
15.1	-8.009	-39.788	-45.7
15.11	-8.008	-39.516	-53.1
15.12	-8.009	-39.258	-38.6
15.13	-8.010	-38.902	-16.2
15.14	-8.011	-38.545	-5.5
15.15	-8.012	-38.144	-33.5
15.16	-8.014	-37.477	-14.2
15.17	-8.017	-36.273	-16.7
15.18	-8.019	-34.681	-24.2
15.19	-8.023	-33.545	-62.3
15.2	-8.024	-33.028	-61.5
15.21	-8.026	-32.430	-48.5
15.22	-8.027	-31.873	-37.1
15.23	-8.027	-31.544	-39.9
15.24	-8.029	-30.981	-64.9
15.25	-8.031	-30.206	-36.1
15.26	-8.036	-29.216	-20.4
15.27	-8.037	-27.691	-26.5
15.28	-8.033	-25.961	154.3
15.29	-8.026	-24.459	163.3
15.3	-8.022	-23.002	208.8
15.31	-8.023	-21.584	61.2
15.32	-8.026	-20.672	-89.9
15.33	-8.034	-20.605	-20.4
15.34	-8.042	-21.550	-48.7
15.35	-8.045	-23.189	-67.3
15.36	-8.041	-24.555	-38.8
15.37	-8.031	-25.108	-39.0
15.38	-8.022	-25.189	-36.5
15.39	-8.014	-25.384	-28.0
15.4	-8.008	-25.986	-5.1
15.41	-8.001	-26.589	-18.9
15.42	-7.995	-26.064	-0.8
15.43	-7.990	-22.242	-28.9
15.44	-7.985	-10.889	-4.4
15.45	-7.981	11.536	36.8
15.46	-7.979	36.259	43.8
15.47	-7.978	48.941	42.5
15.48	-7.979	51.088	79.3
15.49	-7.981	51.133	94.7
15.5	-7.984	51.139	111.3
15.51	-7.988	51.139	123.5
15.52	-7.993	51.139	164.9
15.53	-7.998	51.139	169.6
15.54	-8.002	51.139	140.2
15.55	-8.008	51.128	94.7
15.56	-8.012	50.897	62.0
15.57	-8.018	47.698	13.9
15.58	-8.021	36.980	-24.8
15.59	-8.026	20.095	-61.2
15.6	-8.030	2.480	-67.9
15.61	-8.038	-13.022	-78.5
15.62	-8.049	-25.453	-50.3
15.63	-8.059	-34.916	-68.1
15.64	-8.067	-41.345	-70.5
15.65	-8.074	-44.809	-73.0
15.66	-8.083	-46.416	-62.1
15.67	-8.093	-47.314	-79.1
15.68	-8.103	-48.417	-63.0
15.69	-8.111	-49.895	-61.7
15.7	-8.118	-50.892	-53.3
15.71	-8.128	-51.131	-51.6
15.72	-8.139	-51.138	-56.8
15.73	-8.152	-51.086	-52.7
15.74	-8.166	-50.259	-63.4
15.75	-8.180	-47.039	-80.6
15.76	-8.194	-40.863	-38.8
15.77	-8.209	-32.700	-49.4
15.78	-8.223	-23.586	-49.6
15.79	-8.234	-14.375	-73.7
15.8	-8.244	-5.867	-57.6
15.81	-8.251	1.006	-47.5
15.82	-8.257	5.361	-71.5
15.83	-8.263	6.756	-49.8
15.84	-8.270	5.719	-26.8
15.85	-8.278	3.539	-64.9
15.86	-8.287	0.627	-50.0
15.87	-8.297	-3.391	-75.8
15.88	-8.307	-8.309	-56.9
15.89	-8.317	-13.561	-39.5
15.9	-8.328	-18.491	-43.0
15.91	-8.338	-22.577	-47.5
15.92	-8.349	-26.013	-59.0
15.93	-8.361	-29.417	-58.9
15.94	-8.373	-33.450	-47.7
15.95	-8.386	-38.059	-43.7
15.96	-8.399	-41.728	-29.2
15.97	-8.414	-43.436	-40.8
15.98	-8.428	-43.755	-25.1
15.99	-8.441	-43.409	-56.5
16.0	-8.454	-42.686	-51.4
16.01	-8.468	-41.847	-26.3
16.02	-8.482	-41.297	-40.2
16.03	-8.498	-41.209	-32.2
16.04	-8.514	-41.317	-6.7
16.05	-8.531	-41.250	-17.9
16.06	-8.548	-40.706	8.3
16.07	-8.566	-39.478	-23.7
16.08	-8.581	-37.519	-40.3
16.09	-8.596	-35.119	-40.6
16.1	-8.611	-33.083	-37.8
16.11	-8.626	-31.841	-65.8
16.12	-8.641	-31.181	-35.3
16.13	-8.655	-30.655	-43.6
16.14	-8.670	-29.761	-48.8
16.15	-8.686	-28.341	-37.6
16.16	-8.704	-26.620	-33.7
16.17	-8.721	-24.942	-69.4
16.18	-8.731	-23.706	136.9
16.19	-8.736	-23.142	197.5
16.2	-8.742	-22.580	192.5
16.21	-8.754	-21.486	88.0
16.22	-8.770	-20.725	-86.3
16.23	-8.787	-21.197	-25.3
16.24	-8.808	-22.425	-20.9
16.25	-8.828	-23.316	-43.5
16.26	-8.842	-23.441	-45.0
16.27	-8.849	-23.442	-36.3
16.28	-8.850	-23.914	-12.8
16.29	-8.848	-24.717	-47.3
16.3	-8.848	-26.053	-26.6
16.31	-8.848	-27.738	-17.1
16.32	-8.850	-28.839	10.8
16.33	-8.855	-28.316	-0.5
16.34	-8.862	-23.414	15.5
16.35	-8.869	-8.966	12.0
16.36	-8.877	16.367	14.0
16.37	-8.885	40.002	63.1
16.38	-8.894	49.884	77.6
16.39	-8.903	51.111	82.8
16.4	-8.914	51.138	146.8
16.41	-8.924	51.139	125.2
16.42	-8.935	51.139	151.0
16.43	-8.945	51.139	175.3
16.44	-8.955	51.139	161.6
16.45	-8.964	51.134	103.8
16.46	-8.973	51.097	68.7
16.47	-8.982	49.767	13.6
16.48	-8.991	42.317	-14.5
16.49	-8.998	26.609	-34.4
16.5	-9.006	8.053	-65.3
16.51	-9.017	-8.684	-72.5
16.52	-9.030	-22.839	-47.7
16.53	-9.044	-34.239	-80.4
16.54	-9.055	-42.648	-91.5
16.55	-9.065	-47.948	-60.1
16.56	-9.076	-50.428	-55.9
16.57	-9.087	-51.083	-93.4
16.58	-9.098	-51.139	-53.0
16.59	-9.107	-51.141	-58.7
16.6	-9.116	-51.141	-57.7
16.61	-9.124	-51.141	-65.7
16.62	-9.133	-51.139	-63.2
16.63	-9.143	-51.134	-52.9
16.64	-9.152	-50.766	-49.4
16.65	-9.163	-48.197	-61.9
16.66	-9.174	-41.916	-48.7
16.67	-9.186	-33.055	-51.7
16.68	-9.197	-23.106	-42.5
16.69	-9.207	-12.678	-61.7
16.7	-9.213	-2.650	-42.4
16.71	-9.217	5.658	-68.1
16.72	-9.222	11.277	-50.2
16.73	-9.227	13.941	-42.0
16.74	-9.233	13.817	-61.2
16.75	-9.240	11.281	-51.4
16.76	-9.247	6.998	-38.3
16.77	-9.253	1.747	-38.6
16.78	-9.259	-4.228	-35.5
16.79	-9.265	-10.842	-51.8
16.8	-9.271	-17.589	-35.8
16.81	-9.278	-24.019	-56.8
16.82	-9.285	-29.858	-43.7
16.83	-9.292	-34.464	-38.6
16.84	-9.299	-37.500	-46.2
16.85	-9.306	-39.358	-54.3
16.86	-9.313	-40.416	-41.0
16.87	-9.321	-41.064	-55.0
16.88	-9.329	-41.511	-26.6
16.89	-9.338	-41.688	-49.0
16.9	-9.345	-42.102	-46.9
16.91	-9.353	-43.153	-28.5
16.92	-9.361	-43.873	-23.5
16.93	-9.369	-43.475	-29.2
16.94	-9.380	-42.159	-27.2
16.95	-9.392	-39.922	-19.9
16.96	-9.402	-37.423	-17.7
16.97	-9.410	-35.583	-18.6
16.98	-9.416	-34.125	-4.1
16.99	-9.422	-32.780	-51.7
17.0	-9.429	-31.653	-54.3
17.01	-9.437	-31.022	-46.1
17.02	-9.446	-31.073	-37.8
17.03	-9.454	-31.138	-39.9
17.04	-9.462	-30.653	-41.2
17.05	-9.470	-29.809	-63.5
17.06	-9.479	-28.728	4.9
17.07	-9.488	-26.977	-59.7
17.08	-9.492	-24.595	28.6
17.09	-9.492	-22.763	208.7
17.1	-9.494	-22.419	207.4
17.11	-9.501	-23.402	101.7
17.12	-9.513	-24.614	-63.4
17.13	-9.523	-25.205	-28.6
17.14	-9.531	-25.345	-13.0
17.15	-9.535	-25.067	-48.5
17.16	-9.532	-24.306	-10.7
17.17	-9.519	-23.783	-34.6
17.18	-9.498	-23.889	-15.6
17.19	-9.475	-24.522	-17.0
17.2	-9.457	-25.856	-23.2
17.21	-9.446	-27.700	-13.2
17.22	-9.439	-29.486	-1.9
17.23	-9.434	-30.689	-12.5
17.24	-9.430	-30.327	29.2
17.25	-9.426	-25.730	20.6
17.26	-9.423	-11.609	41.4
17.27	-9.421	14.063	61.0
17.28	-9.420	38.836	75.9
17.29	-9.419	49.659	74.7
17.3	-9.418	51.109	113.5
17.31	-9.418	51.136	134.8
17.32	-9.418	51.139	143.8
17.33	-9.419	51.139	165.1
17.34	-9.421	51.139	171.1
17.35	-9.421	51.139	111.9
17.36	-9.420	51.125	97.4
17.37	-9.419	50.842	39.3
17.38	-9.419	46.984	-15.5
17.39	-9.418	34.320	-40.6
17.4	-9.421	14.930	-32.5
17.41	-9.429	-4.558	-61.8
17.42	-9.439	-21.441	-69.4
17.43	-9.445	-35.091	-64.3
17.44	-9.446	-44.719	-72.5
17.45	-9.446	-49.653	-81.2
17.46	-9.446	-51.020	-66.5
17.47	-9.444	-51.138	-69.2
17.48	-9.438	-51.141	-62.8
17.49	-9.430	-51.141	-44.7
17.5	-9.419	-51.141	-42.8
17.51	-9.406	-51.141	-78.4
17.52	-9.393	-51.141	-69.2
17.53	-9.382	-51.138	-48.9
17.54	-9.373	-51.072	-43.8
17.55	-9.366	-49.766	-76.5
17.56	-9.356	-44.594	-34.2
17.57	-9.345	-35.039	-31.2
17.58	-9.332	-23.370	-49.0
17.59	-9.319	-11.528	-59.4
17.6	-9.303	-0.547	-54.2
17.61	-9.286	8.877	-56.0
17.62	-9.268	16.105	-34.1
17.63	-9.249	20.630	-63.1
17.64	-9.231	22.280	-49.8
17.65	-9.215	21.089	-46.6
17.66	-9.200	17.098	-47.9
17.67	-9.186	10.711	-59.9
17.68	-9.171	3.050	-35.0
17.69	-9.156	-4.642	-59.2
17.7	-9.141	-11.772	-53.9
17.71	-9.128	-18.306	-41.3
17.72	-9.117	-24.317	-39.1
17.73	-9.107	-29.784	-31.6
17.74	-9.099	-34.761	-24.7
17.75	-9.090	-39.186	-48.4
17.76	-9.081	-42.325	-56.4
17.77	-9.072	-43.877	-63.1
17.78	-9.063	-44.509	-24.9
17.79	-9.055	-44.516	-27.0
17.8	-9.047	-43.995	-31.9
17.81	-9.041	-43.106	-12.0
17.82	-9.033	-41.834	2.4
17.83	-9.026	-40.445	-4.7
17.84	-9.016	-39.106	-6.0
17.85	-9.006	-37.630	-43.7
17.86	-8.993	-35.867	-49.8
17.87	-8.980	-33.936	-54.5
17.88	-8.967	-32.339	-31.7
17.89	-8.953	-31.250	-55.4
17.9	-8.938	-30.381	-43.9
17.91	-8.922	-29.613	-27.4
17.92	-8.909	-28.798	-51.6
17.93	-8.897	-27.784	-5.8
17.94	-8.887	-26.697	-43.2
17.95	-8.875	-25.616	-36.0
17.96	-8.857	-24.692	176.5
17.97	-8.836	-23.938	190.5
17.98	-8.818	-22.631	193.0
17.99	-8.806	-20.800	-33.1
18.0	-8.799	-19.563	-108.5
18.01	-8.794	-19.292	-3.9
18.02	-8.789	-19.717	-47.8
18.03	-8.780	-20.659	-27.0
18.04	-8.764	-21.631	-23.3
18.05	-8.739	-22.258	-52.0
18.06	-8.712	-22.953	-23.7
18.07	-8.685	-23.916	-21.0
18.08	-8.661	-24.981	-12.4
18.09	-8.638	-26.253	-25.8
18.1	-8.616	-27.377	3.8
18.11	-8.596	-27.202	-1.3
18.12	-8.578	-23.498	-29.3
18.13	-8.561	-12.002	18.5
18.14	-8.544	10.714	51.8
18.15	-8.529	35.795	48.0
18.16	-8.515	48.794	97.7
18.17	-8.503	51.077	86.0
18.18	-8.493	51.131	128.1
18.19	-8.484	51.139	120.2
18.2	-8.476	51.139	129.2
18.21	-8.467	51.139	151.5
18.22	-8.459	51.139	136.9
18.23	-8.451	51.136	87.7
18.24	-8.442	51.069	38.0
18.25	-8.433	49.297	-2.5
18.26	-8.424	40.845	-36.8
18.27	-8.418	24.477	-61.8
18.28	-8.414	5.905	-71.0
18.29	-8.411	-10.913	-90.4
18.3	-8.408	-25.448	-60.6
18.31	-8.401	-37.230	-70.5
18.32	-8.393	-45.569	-64.7
18.33	-8.384	-49.873	-82.8
18.34	-8.376	-51.048	-65.8
18.35	-8.367	-51.138	-71.8
18.36	-8.359	-51.141	-84.7
18.37	-8.351	-51.141	-88.1
18.38	-8.345	-51.141	-56.4
18.39	-8.339	-51.141	-60.4
18.4	-8.334	-51.141	-75.2
18.41	-8.329	-51.139	-46.2
18.42	-8.324	-51.120	-43.1
18.43	-8.318	-50.572	-74.5
18.44	-8.311	-47.647	-53.2
18.45	-8.304	-41.238	-66.6
18.46	-8.295	-32.781	-72.0
18.47	-8.286	-24.050	-56.1
18.48	-8.276	-15.861	-34.2
18.49	-8.268	-8.819	-73.0
18.5	-8.259	-3.280	-56.5
18.51	-8.251	1.119	-60.5
18.52	-8.244	4.066	-68.4
18.53	-8.238	4.375	-59.8
18.54	-8.231	2.358	-41.7
18.55	-8.224	-1.011	-58.7
18.56	-8.218	-5.766	-53.1
18.57	-8.212	-11.459	-55.0
18.58	-8.206	-17.098	-52.3
18.59	-8.201	-22.438	-73.3
18.6	-8.196	-27.370	-45.9
18.61	-8.191	-31.397	-60.0
18.62	-8.186	-34.655	-47.6
18.63	-8.183	-37.681	-57.6
18.64	-8.179	-39.903	-68.8
18.65	-8.176	-41.016	-35.3
18.66	-8.173	-41.764	-34.2
18.67	-8.171	-42.341	-44.7
18.68	-8.168	-42.541	-36.0
18.69	-8.166	-42.506	-59.6
18.7	-8.164	-42.438	-28.1
18.71	-8.163	-42.597	-38.1
18.72	-8.162	-43.073	-37.7
18.73	-8.161	-42.720	-37.3
18.74	-8.161	-40.831	-14.7
18.75	-8.162	-38.586	-18.6
18.76	-8.164	-36.623	-13.8
18.77	-8.165	-34.816	-17.4
18.78	-8.165	-33.439	-39.4
18.79	-8.165	-32.408	-52.0
18.8	-8.165	-31.263	-31.9
18.81	-8.165	-29.936	-54.9
18.82	-8.164	-28.913	-30.9
18.83	-8.161	-28.402	-39.9
18.84	-8.158	-27.948	-49.5
18.85	-8.156	-27.323	-66.0
18.86	-8.157	-26.666	-11.9
18.87	-8.158	-26.109	-58.4
18.88	-8.156	-25.770	29.7
18.89	-8.147	-25.508	191.1
18.9	-8.137	-24.833	196.9
18.91	-8.133	-23.631	194.8
18.92	-8.133	-22.881	3.8
18.93	-8.135	-23.342	-98.4
18.94	-8.139	-24.673	-22.4
18.95	-8.142	-26.178	-34.2
18.96	-8.139	-27.042	-43.2
18.97	-8.131	-27.056	-37.5
18.98	-8.119	-26.733	-19.1
18.99	-8.106	-26.064	-37.7
19.0	-8.094	-25.086	-20.9
19.01	-8.084	-24.691	-12.2
19.02	-8.072	-25.142	-28.6
19.03	-8.061	-25.125	-39.7
19.04	-8.051	-21.517	9.1
19.05	-8.043	-9.017	16.3
19.06	-8.035	14.872	36.4
19.07	-8.027	38.822	38.4
19.08	-8.021	49.620	60.7
19.09	-8.014	51.108	72.5
19.1	-8.010	51.136	117.6
19.11	-8.006	51.139	138.8
19.12	-8.002	51.139	160.1
19.13	-7.999	51.139	173.4
19.14	-7.996	51.139	164.7
19.15	-7.993	51.139	105.3
19.16	-7.991	51.130	103.3
19.17	-7.988	50.961	68.6
19.18	-7.986	47.952	17.7
19.19	-7.984	37.011	-15.7
19.2	-7.981	18.966	-42.3
19.21	-7.978	-0.102	-61.9
19.22	-7.976	-16.561	-63.8
19.23	-7.976	-29.280	-106.0
19.24	-7.973	-38.459	-55.9
19.25	-7.969	-44.827	-69.6
19.26	-7.966	-48.830	-69.8
19.27	-7.964	-50.681	-58.3
19.28	-7.963	-51.116	-68.8
19.29	-7.961	-51.139	-64.6
19.3	-7.958	-51.141	-93.3
19.31	-7.954	-51.141	-82.7
19.32	-7.952	-51.141	-29.8
19.33	-7.951	-51.141	-69.7
19.34	-7.951	-51.136	-61.5
19.35	-7.950	-50.823	-57.6
19.36	-7.951	-48.448	-57.6
19.37	-7.951	-42.259	-51.3
19.38	-7.952	-33.370	-69.7
19.39	-7.953	-23.922	-71.8
19.4	-7.952	-14.873	-74.7
19.41	-7.949	-6.738	-81.0
19.42	-7.947	0.034	-43.6
19.43	-7.945	5.277	-62.7
19.44	-7.944	8.642	-59.7
19.45	-7.944	9.958	-75.8
19.46	-7.943	9.519	-46.9
19.47	-7.942	7.380	-57.2
19.48	-7.942	3.977	-52.4
19.49	-7.942	-0.181	-39.6
19.5	-7.942	-4.939	-70.7
19.51	-7.942	-9.842	-80.5
19.52	-7.942	-14.853	-25.1
19.53	-7.942	-20.141	-56.1
19.54	-7.942	-25.280	-40.5
19.55	-7.943	-30.017	-43.0
19.56	-7.944	-34.239	-36.4
19.57	-7.945	-37.678	-48.9
19.58	-7.946	-40.481	-40.2
19.59	-7.946	-42.638	-63.6
19.6	-7.948	-43.716	-64.4
19.61	-7.949	-43.805	-37.4
19.62	-7.951	-43.341	-32.5
19.63	-7.953	-42.605	-48.5
19.64	-7.954	-41.717	-35.6
19.65	-7.956	-40.566	-29.2
19.66	-7.958	-38.944	-3.5
19.67	-7.960	-37.041	-23.1
19.68	-7.963	-35.444	-21.0
19.69	-7.966	-34.133	-6.3
19.7	-7.969	-32.587	-15.1
19.71	-7.971	-30.864	-57.0
19.72	-7.974	-29.247	-66.1
19.73	-7.976	-27.867	-43.3
19.74	-7.979	-26.711	-41.3
19.75	-7.982	-25.445	-35.4
19.76	-7.986	-24.066	-70.5
19.77	-7.992	-23.086	-42.3
19.78	-8.002	-22.616	19.1
19.79	-8.012	-22.155	-75.0
19.8	-8.019	-21.411	107.8
19.81	-8.020	-20.619	190.0
19.82	-8.021	-19.778	251.1
19.83	-8.031	-18.698	181.6
19.84	-8.048	-17.933	-86.6
19.85	-8.069	-17.978	-54.8
19.86	-8.092	-18.666	-25.2
19.87	-8.114	-19.897	-70.3
19.88	-8.133	-21.250	-33.3
19.89	-8.144	-22.166	-38.5
19.9	-8.148	-22.775	-55.8
19.91	-8.149	-23.338	-37.2
19.92	-8.148	-23.939	-15.5
19.93	-8.145	-24.611	-43.3
19.94	-8.142	-24.906	-3.9
19.95	-8.141	-24.013	1.2
19.96	-8.144	-19.961	-2.5
19.97	-8.152	-7.802	13.1
19.98	-8.164	15.502	23.5
19.99	-8.179	39.022	19.1
20.0	-8.192	49.645	87.5
20.01	-8.204	51.109	105.6
20.02	-8.215	51.136	129.1
20.03	-8.228	51.139	128.0
20.04	-8.244	51.139	166.1
20.05	-8.261	51.139	174.4
20.06	-8.279	51.139	158.6
20.07	-8.299	51.138	119.3
20.08	-8.319	51.127	82.7
20.09	-8.338	50.361	30.9
20.1	-8.355	44.595	-1.7
20.11	-8.370	30.283	-38.9
20.12	-8.383	11.706	-52.5
20.13	-8.396	-5.508	-76.2
20.14	-8.411	-20.247	-90.0
20.15	-8.426	-32.541	-81.1
20.16	-8.438	-42.083	-62.1
20.17	-8.449	-48.202	-93.4
20.18	-8.460	-50.698	-84.2
20.19	-8.473	-51.127	-83.3
20.2	-8.486	-51.139	-61.5
20.21	-8.498	-51.141	-63.8
20.22	-8.508	-51.141	-82.6
20.23	-8.519	-51.141	-77.4
20.24	-8.528	-51.141	-66.2
20.25	-8.538	-51.141	-82.9
20.26	-8.547	-51.136	-60.5
20.27	-8.557	-50.991	-57.0
20.28	-8.567	-49.414	-60.4
20.29	-8.577	-44.303	-62.2
20.3	-8.588	-35.748	-63.1
20.31	-8.599	-25.734	-64.5
20.32	-8.611	-15.619	-44.0
20.33	-8.624	-6.245	-85.7
20.34	-8.634	1.463	-74.1
20.35	-8.645	6.841	-66.5
20.36	-8.656	9.478	-77.7
20.37	-8.668	9.186	-65.2
20.38	-8.680	6.392	-46.8
20.39	-8.694	1.816	-69.0
20.4	-8.707	-3.727	-50.7
20.41	-8.720	-9.294	-57.7
20.42	-8.732	-14.563	-77.1
20.43	-8.744	-19.713	-67.9
20.44	-8.755	-24.592	-38.6
20.45	-8.766	-28.897	-82.5
20.46	-8.775	-32.675	-52.3
20.47	-8.784	-36.197	-45.8
20.48	-8.794	-39.231	-57.6
20.49	-8.804	-41.494	-45.9
20.5	-8.814	-42.992	-49.5
20.51	-8.824	-43.558	-60.3
20.52	-8.834	-43.548	-32.5
20.53	-8.843	-43.614	-49.7
20.54	-8.853	-43.773	-18.0
20.55	-8.862	-43.773	-19.6
20.56	-8.872	-43.439	-34.2
20.57	-8.882	-42.709	-11.3
20.58	-8.893	-41.720	-6.4
20.59	-8.902	-40.495	-51.4
20.6	-8.911	-38.814	-50.1
20.61	-8.919	-36.953	-82.2
20.62	-8.927	-35.534	-47.9
20.63	-8.935	-34.464	-41.2
20.64	-8.943	-33.541	-36.4
20.65	-8.951	-32.973	-73.4
20.66	-8.959	-32.606	-52.5
20.67	-8.970	-31.992	-0.7
20.68	-8.981	-31.109	-63.8
20.69	-8.988	-30.089	70.9
20.7	-8.989	-28.761	221.4
20.71	-8.990	-27.122	204.0
20.72	-8.997	-25.352	96.1
20.73	-9.010	-23.958	-91.8
20.74	-9.024	-23.600	-40.2
20.75	-9.039	-24.047	-28.5
20.76	-9.051	-24.425	-26.3
20.77	-9.059	-24.347	-51.3
20.78	-9.060	-24.256	-48.1
20.79	-9.054	-24.478	-30.5
20.8	-9.047	-24.970	-29.6
20.81	-9.042	-25.967	-32.4
20.82	-9.040	-27.555	-0.1
20.83	-9.040	-29.353	-4.6
20.84	-9.043	-30.530	2.0
20.85	-9.047	-29.486	13.1
20.86	-9.051	-23.331	20.8
20.87	-9.056	-7.136	34.5
20.88	-9.061	19.391	43.9
20.89	-9.065	42.053	62.4
20.9	-9.069	50.322	112.9
20.91	-9.076	51.108	102.6
20.92	-9.082	51.139	141.8
20.93	-9.089	51.139	154.6
20.94	-9.098	51.139	160.1
20.95	-9.107	51.139	145.4
20.96	-9.116	51.139	115.3
20.97	-9.123	51.131	95.9
20.98	-9.131	50.988	24.8
20.99	-9.138	48.094	-13.6
21.0	-9.144	36.791	-32.0
21.01	-9.153	17.331	-74.5
21.02	-9.164	-3.580	-58.2
21.03	-9.174	-22.156	-77.9
21.04	-9.182	-37.248	-67.0
21.05	-9.186	-46.914	-80.3
21.06	-9.188	-50.595	-67.1
21.07	-9.189	-51.128	-78.9
21.08	-9.189	-51.139	-65.5
21.09	-9.188	-51.141	-68.4
21.1	-9.186	-51.141	-62.6
21.11	-9.186	-51.141	-85.6
21.12	-9.186	-51.141	-59.9
21.13	-9.187	-51.141	-59.2
21.14	-9.190	-51.141	-59.7
21.15	-9.194	-51.136	-46.2
21.16	-9.202	-51.044	-61.7
21.17	-9.211	-49.377	-67.0
21.18	-9.221	-43.098	-40.0
21.19	-9.229	-32.180	-69.1
21.2	-9.237	-19.714	-58.6
21.21	-9.243	-7.675	-58.3
21.22	-9.249	3.163	-47.1
21.23	-9.254	12.361	-71.3
21.24	-9.259	19.277	-48.4
21.25	-9.264	22.870	-40.0
21.26	-9.270	22.909	-57.0
21.27	-9.276	20.003	-46.7
21.28	-9.283	14.806	-55.8
21.29	-9.290	8.150	-73.1
21.3	-9.297	0.838	-53.9
21.31	-9.306	-6.461	-49.3
21.32	-9.313	-13.341	-37.9
21.33	-9.319	-20.016	-53.7
21.34	-9.327	-26.384	-39.3
21.35	-9.335	-32.097	-47.4
21.36	-9.344	-37.123	-46.1
21.37	-9.353	-41.081	-45.9
21.38	-9.363	-43.739	-28.6
21.39	-9.373	-45.523	-32.9
21.4	-9.384	-46.728	-25.9
21.41	-9.395	-47.181	-13.3
21.42	-9.406	-46.903	-24.0
21.43	-9.418	-46.352	-48.0
21.44	-9.429	-45.792	3.3
21.45	-9.439	-44.959	-23.2
21.46	-9.450	-43.391	-46.7
21.47	-9.461	-41.233	-79.3
21.48	-9.469	-39.277	-33.9
21.49	-9.476	-37.694	-34.6
21.5	-9.481	-36.092	-48.1
21.51	-9.484	-34.581	-62.9
21.52	-9.488	-33.269	-46.5
21.53	-9.491	-31.814	-18.6
21.54	-9.495	-30.117	-36.2
21.55	-9.495	-28.392	101.7
21.56	-9.491	-26.678	176.4
21.57	-9.491	-24.731	163.9
21.58	-9.496	-22.672	40.0
21.59	-9.504	-21.138	-128.4
21.6	-9.509	-20.458	-27.6
21.61	-9.508	-20.322	-26.0
21.62	-9.499	-20.058	-37.8
21.63	-9.478	-19.569	-31.1
21.64	-9.443	-19.384	-20.3
21.65	-9.398	-19.559	-25.6
21.66	-9.353	-20.103	-20.2
21.67	-9.313	-21.430	-26.1
21.68	-9.279	-23.559	-3.5
21.69	-9.249	-25.838	-2.3
21.7	-9.221	-27.584	0.2
21.71	-9.196	-27.992	-2.8
21.72	-9.174	-24.763	40.0
21.73	-9.152	-13.263	39.6
21.74	-9.133	9.939	55.5
21.75	-9.115	35.561	70.7
21.76	-9.099	48.784	106.4
21.77	-9.084	51.078	125.4
21.78	-9.071	51.131	128.1
21.79	-9.058	51.139	167.8
21.8	-9.047	51.139	162.5
21.81	-9.036	51.139	121.9
21.82	-9.026	51.139	140.8
21.83	-9.014	51.127	59.3
21.84	-9.002	50.634	16.0
21.85	-8.990	45.805	-0.1
21.86	-8.979	31.772	-68.7
21.87	-8.970	11.159	-62.0
21.88	-8.964	-10.381	-69.9
21.89	-8.956	-30.053	-88.1
21.9	-8.943	-44.033	-39.8
21.91	-8.929	-50.009	-96.9
21.92	-8.915	-51.102	-67.3
21.93	-8.901	-51.139	-77.9
21.94	-8.884	-51.141	-74.2
21.95	-8.867	-51.141	-54.4
21.96	-8.852	-51.141	-68.6
21.97	-8.836	-51.141	-70.7
21.98	-8.821	-51.141	-53.7
21.99	-8.807	-51.141	-54.4
22.0	-8.794	-51.141	-40.0
22.01	-8.783	-51.136	-69.3
22.02	-8.772	-51.047	-63.5
22.03	-8.761	-49.242	-61.5
22.04	-8.748	-42.131	-53.1
22.05	-8.735	-29.547	-46.7
22.06	-8.721	-15.122	-48.8
22.07	-8.707	-1.331	-61.7
22.08	-8.693	10.555	-43.3
22.09	-8.678	19.806	-65.8
22.1	-8.662	26.030	-55.6
22.11	-8.648	28.922	-59.0
22.12	-8.633	28.864	-62.9
22.13	-8.619	26.470	-56.9
22.14	-8.605	21.759	-67.1
22.15	-8.591	14.911	-70.6
22.16	-8.576	6.792	-26.3
22.17	-8.563	-1.948	-54.0
22.18	-8.553	-10.938	-70.6
22.19	-8.543	-19.806	-50.7
22.2	-8.533	-28.289	-48.5
22.21	-8.524	-35.594	-62.7
22.22	-8.515	-41.139	-44.1
22.23	-8.506	-45.158	-52.8
22.24	-8.496	-47.625	-58.7
22.25	-8.484	-48.753	-74.7
22.26	-8.473	-49.338	-30.7
22.27	-8.461	-49.744	-49.2
22.28	-8.450	-49.852	-33.4
22.29	-8.439	-49.406	-24.6
22.3	-8.429	-48.506	-17.5
22.31	-8.420	-47.447	-32.3
22.32	-8.412	-45.984	-23.9
22.33	-8.405	-44.117	-22.1
22.34	-8.397	-42.236	-61.3
22.35	-8.389	-40.333	-70.0
22.36	-8.382	-38.275	-55.9
22.37	-8.374	-36.211	-53.9
22.38	-8.365	-34.642	-43.4
22.39	-8.356	-33.677	-70.1
22.4	-8.350	-32.722	-27.5
22.41	-8.346	-31.608	-17.5
22.42	-8.342	-30.319	-80.9
22.43	-8.332	-28.611	82.6
22.44	-8.319	-26.800	186.2
22.45	-8.306	-25.067	185.9
22.46	-8.298	-23.364	126.8
22.47	-8.296	-21.925	-105.5
22.48	-8.296	-20.805	-50.7
22.49	-8.298	-20.044	-36.7
22.5	-8.297	-19.409	-57.3
22.51	-8.290	-18.433	-39.6
22.52	-8.276	-17.358	-58.5
22.53	-8.258	-16.302	-50.2
22.54	-8.241	-15.261	-28.6
22.55	-8.225	-14.913	-38.1
22.56	-8.208	-15.481	-13.4
22.57	-8.193	-16.603	-29.2
22.58	-8.179	-17.400	-14.9
22.59	-8.168	-15.405	-5.9
22.6	-8.158	-5.430	12.8
22.61	-8.149	16.392	11.2
22.62	-8.142	39.372	25.7
22.63	-8.134	49.739	43.4
22.64	-8.127	51.108	77.3
22.65	-8.122	51.136	89.7
22.66	-8.116	51.139	130.6
22.67	-8.112	51.139	138.5
22.68	-8.106	51.139	142.4
22.69	-8.099	51.139	149.0
22.7	-8.092	51.139	113.1
22.71	-8.087	51.127	47.6
22.72	-8.081	50.638	34.4
22.73	-8.076	45.863	-24.1
22.74	-8.071	32.169	-28.3
22.75	-8.066	12.920	-54.1
22.76	-8.063	-5.456	-79.9
22.77	-8.063	-21.481	-85.7
22.78	-8.062	-34.920	-67.5
22.79	-8.060	-44.616	-82.7
22.8	-8.056	-49.641	-79.0
22.81	-8.053	-51.025	-83.9
22.82	-8.050	-51.138	-64.9
22.83	-8.047	-51.141	-52.2
22.84	-8.043	-51.141	-83.2
22.85	-8.039	-51.141	-77.3
22.86	-8.036	-51.141	-53.8
22.87	-8.034	-51.141	-71.6
22.88	-8.033	-51.141	-56.9
22.89	-8.032	-51.136	-80.1
22.9	-8.031	-50.841	-53.0
22.91	-8.031	-48.594	-58.2
22.92	-8.030	-42.688	-67.8
22.93	-8.027	-33.894	-75.6
22.94	-8.024	-23.969	-55.3
22.95	-8.020	-13.791	-36.6
22.96	-8.016	-4.213	-56.2
22.97	-8.011	3.253	-85.1
22.98	-8.007	7.950	-50.7
22.99	-8.004	10.180	-60.8
23.0	-8.001	9.567	-58.9
23.01	-8.000	5.775	-68.6
23.02	-7.999	-0.102	-45.4
23.03	-7.998	-6.306	-56.8
23.04	-7.997	-12.181	-63.3
23.05	-7.996	-17.909	-50.6
23.06	-7.994	-23.339	-53.6
23.07	-7.994	-28.341	-68.7
23.08	-7.993	-33.006	-48.8
23.09	-7.993	-37.030	-50.7
23.1	-7.993	-40.355	-50.5
23.11	-7.994	-43.423	-66.9
23.12	-7.995	-46.008	-47.6
23.13	-7.996	-47.333	-56.8
23.14	-7.997	-47.509	-70.0
23.15	-7.998	-47.208	-23.3
23.16	-7.999	-46.675	-29.1
23.17	-8.001	-46.002	-74.5
23.18	-8.004	-45.078	-10.7
23.19	-8.007	-44.077	-10.0
23.2	-8.011	-43.623	-16.8
23.21	-8.014	-43.284	-34.4
23.22	-8.018	-42.214	-31.4
23.23	-8.022	-40.956	-38.7
23.24	-8.025	-40.183	-48.6
23.25	-8.029	-39.531	-62.1
23.26	-8.031	-38.469	-55.1
23.27	-8.033	-36.853	-49.8
23.28	-8.035	-35.052	-43.3
23.29	-8.037	-33.608	-77.1
23.3	-8.041	-32.337	-29.8
23.31	-8.047	-30.784	-37.1
23.32	-8.049	-29.333	-18.2
23.33	-8.046	-28.478	156.0
23.34	-8.038	-28.008	219.7
23.35	-8.034	-27.548	199.2
23.36	-8.037	-27.086	28.3
23.37	-8.044	-26.756	-101.2
23.38	-8.055	-26.500	-29.0
23.39	-8.069	-26.077	-58.1
23.4	-8.078	-25.317	-30.0
23.41	-8.077	-24.572	-41.0
23.42	-8.068	-24.459	-35.1
23.43	-8.056	-25.339	-34.9
23.44	-8.047	-27.020	-11.0
23.45	-8.040	-28.702	-16.1
23.46	-8.035	-29.872	-42.4
23.47	-8.031	-30.047	-32.5
23.48	-8.028	-27.303	2.9
23.49	-8.027	-17.716	8.1
23.5	-8.026	3.273	6.2
23.51	-8.024	30.105	8.3
23.52	-8.023	46.934	66.5
23.53	-8.023	50.959	81.9
23.54	-8.024	51.130	104.0
23.55	-8.026	51.139	119.9
23.56	-8.029	51.139	144.7
23.57	-8.032	51.139	148.6
23.58	-8.036	51.139	182.3
23.59	-8.039	51.139	137.8
23.6	-8.043	51.134	96.2
23.61	-8.047	51.045	64.5
23.62	-8.051	48.980	13.8
23.63	-8.054	39.927	-46.4
23.64	-8.057	22.839	-45.6
23.65	-8.061	3.327	-61.1
23.66	-8.067	-14.122	-77.9
23.67	-8.075	-28.406	-70.2
23.68	-8.082	-39.430	-52.8
23.69	-8.088	-46.830	-95.1
23.7	-8.091	-50.298	-95.9
23.71	-8.098	-51.100	-62.7
23.72	-8.106	-51.139	-77.6
23.73	-8.113	-51.141	-87.4
23.74	-8.117	-51.141	-49.1
23.75	-8.122	-51.141	-53.5
23.76	-8.126	-51.141	-41.7
23.77	-8.132	-51.141	-85.9
23.78	-8.139	-51.139	-77.8
23.79	-8.147	-51.136	-57.8
23.8	-8.156	-50.759	-76.3
23.81	-8.166	-47.827	-67.5
23.82	-8.176	-40.103	-45.1
23.83	-8.184	-29.256	-59.9
23.84	-8.189	-18.270	-53.1
23.85	-8.194	-7.994	-60.0
23.86	-8.196	0.870	-66.7
23.87	-8.199	6.780	-73.2
23.88	-8.203	9.275	-42.4
23.89	-8.207	9.306	-59.3
23.9	-8.214	7.680	-45.3
23.91	-8.221	4.572	-49.2
23.92	-8.229	-0.031	-55.4
23.93	-8.236	-5.711	-57.9
23.94	-8.243	-11.545	-64.3
23.95	-8.251	-17.523	-83.5
23.96	-8.258	-23.970	-55.1
23.97	-8.266	-30.206	-36.9
23.98	-8.274	-35.856	-43.5
23.99	-8.284	-40.786	-60.1
24.0	-8.293	-44.325	-51.1
24.01	-8.304	-46.500	-51.0
24.02	-8.314	-47.700	-30.0
24.03	-8.324	-47.872	-68.0
24.04	-8.335	-47.533	-55.4
24.05	-8.346	-47.581	-23.6
24.06	-8.357	-47.958	-32.6
24.07	-8.369	-48.039	-40.0
24.08	-8.381	-47.725	-9.5
24.09	-8.393	-47.014	-39.5
24.1	-8.406	-45.822	-28.7
24.11	-8.420	-44.503	-8.6
24.12	-8.435	-43.320	-20.0
24.13	-8.450	-41.850	-9.4
24.14	-8.464	-39.811	-3.7
24.15	-8.478	-37.706	-39.2
24.16	-8.492	-36.120	-27.9
24.17	-8.506	-35.316	-68.5
24.18	-8.518	-35.389	-63.5
24.19	-8.531	-35.716	-43.5
24.2	-8.543	-35.492	-25.2
24.21	-8.555	-34.741	-48.0
24.22	-8.568	-33.783	-25.2
24.23	-8.585	-32.975	-30.4
24.24	-8.603	-32.266	-42.2
24.25	-8.616	-31.384	133.7
24.26	-8.624	-30.350	218.7
24.27	-8.634	-28.955	222.1
24.28	-8.651	-27.131	73.3
24.29	-8.670	-25.180	-101.8
24.3	-8.691	-23.688	-17.0
24.31	-8.714	-23.230	-32.6
24.32	-8.737	-23.816	-64.6
24.33	-8.754	-25.570	-58.9
24.34	-8.764	-28.208	-23.2
24.35	-8.769	-30.141	-29.5
24.36	-8.772	-30.452	-16.1
24.37	-8.775	-29.992	-30.2
24.38	-8.777	-29.520	-6.4
24.39	-8.780	-29.142	-0.5
24.4	-8.783	-28.653	-18.3
24.41	-8.786	-25.245	0.8
24.42	-8.789	-12.611	37.0
24.43	-8.794	12.459	30.8
24.44	-8.801	37.930	58.5
24.45	-8.812	49.502	67.0
24.46	-8.825	51.106	106.1
24.47	-8.841	51.136	132.8
24.48	-8.859	51.139	141.2
24.49	-8.878	51.139	143.7
24.5	-8.898	51.139	163.0
24.51	-8.918	51.139	149.4
24.52	-8.939	51.136	110.6
24.53	-8.959	51.111	54.6
24.54	-8.979	49.881	24.1
24.55	-8.998	42.341	-16.4
24.56	-9.016	26.473	-28.4
24.57	-9.035	8.188	-73.2
24.58	-9.056	-9.130	-56.7
24.59	-9.078	-25.319	-49.0
24.6	-9.099	-38.777	-72.9
24.61	-9.117	-47.469	-90.9
24.62	-9.135	-50.722	-38.3
24.63	-9.154	-51.133	-50.5
24.64	-9.175	-51.141	-74.4
24.65	-9.196	-51.141	-67.6
24.66	-9.217	-51.141	-41.7
24.67	-9.237	-51.141	-66.0
24.68	-9.257	-51.141	-39.8
24.69	-9.278	-51.141	-46.9
24.7	-9.300	-51.139	-64.6
24.71	-9.324	-51.108	-41.3
24.72	-9.351	-50.242	-37.4
24.73	-9.378	-46.023	-43.8
24.74	-9.407	-37.659	-44.7
24.75	-9.436	-27.886	-53.8
24.76	-9.464	-18.297	-57.5
24.77	-9.492	-8.711	-39.8
24.78	-9.517	0.470	-21.6
24.79	-9.541	8.002	-75.3
24.8	-9.566	12.327	-26.3
24.81	-9.594	13.489	-34.8
24.82	-9.629	12.700	-28.8
24.83	-9.667	10.966	-35.2
24.84	-9.706	8.733	-67.6
24.85	-9.747	5.347	-33.9
24.86	-9.789	0.975	-30.3
24.87	-9.830	-3.336	-52.3
24.88	-9.873	-8.344	-26.0
24.89	-9.919	-14.894	-19.1
24.9	-9.970	-21.202	-59.5
24.91	-10.024	-25.463	-37.8
24.92	-10.076	-28.613	-3.7
24.93	-10.125	-33.023	-58.9
24.94	-10.174	-40.445	-12.3
24.95	-10.227	-47.764	-49.5
24.96	-10.281	-50.803	-36.1
24.97	-10.336	-51.128	14.6
24.98	-10.393	-51.141	20.7
24.99	-10.449	-51.141	-19.3
25.0	-10.506	-51.141	-12.1
25.01	-10.564	-51.141	2.1
25.02	-10.621	-51.141	-40.7
25.03	-10.676	-51.141	-21.4
25.04	-10.727	-51.141	-53.9
25.05	-10.775	-51.141	-85.7
25.06	-10.822	-51.141	6.6
25.07	-10.872	-51.141	-29.5
25.08	-10.924	-51.141	-40.6
25.09	-10.979	-51.141	7.2
25.1	-11.039	-51.141	-42.3
25.11	-11.094	-51.141	23.4
25.12	-11.139	-51.141	208.6
25.13	-11.178	-51.141	200.3
25.14	-11.217	-51.141	165.0
25.15	-11.262	-51.141	-65.1
25.16	-11.313	-51.141	-77.1
25.17	-11.364	-51.141	13.8
25.18	-11.409	-51.141	-36.2
25.19	-11.448	-51.134	-11.8
25.2	-11.476	-50.955	-31.4
25.21	-11.495	-50.147	-11.4
25.22	-11.506	-48.856	-4.1
25.23	-11.513	-47.444	-29.4
25.24	-11.523	-45.159	3.0
25.25	-11.534	-41.297	-15.8
25.26	-11.546	-36.739	25.0
25.27	-11.559	-32.992	21.3
25.28	-11.573	-29.622	64.6
25.29	-11.588	-23.170	56.3
25.3	-11.601	-9.505	39.5
25.31	-11.614	12.613	64.0
25.32	-11.627	35.730	106.6
25.33	-11.641	48.375	133.3
25.34	-11.656	51.036	157.2
25.35	-11.674	51.133	163.4
25.36	-11.694	51.139	197.6
25.37	-11.709	51.139	164.0
25.38	-11.719	51.139	128.9
25.39	-11.731	51.138	92.1
25.4	-11.745	51.127	45.3
25.41	-11.758	50.400	36.8
25.42	-11.769	45.202	-4.2
25.43	-11.784	32.442	-44.1
25.44	-11.805	14.395	-28.6
25.45	-11.831	-6.648	-56.0
25.46	-11.851	-28.745	-32.4
25.47	-11.868	-44.723	-84.2
25.48	-11.885	-50.502	-37.0
25.49	-11.905	-51.123	-47.1
25.5	-11.922	-51.141	-63.8
25.51	-11.934	-51.141	-48.0
25.52	-11.939	-51.141	-48.2
25.53	-11.940	-51.141	-47.9
25.54	-11.948	-51.141	-75.2
25.55	-11.961	-51.141	-32.2
25.56	-11.979	-51.141	-12.5
25.57	-12.002	-51.141	-74.1
25.58	-12.024	-51.136	-53.1
25.59	-12.047	-50.933	-29.2
25.6	-12.069	-49.080	-35.9
25.61	-12.093	-43.636	-12.4
25.62	-12.118	-35.048	-15.5
25.63	-12.145	-25.225	-58.8
25.64	-12.173	-15.408	-49.4
25.65	-12.203	-6.700	-62.7
25.66	-12.236	-0.402	-4.1
25.67	-12.272	2.759	-20.9
25.68	-12.312	3.447	-47.1
25.69	-12.354	3.031	-6.1
25.7	-12.389	1.898	-52.6
25.71	-12.411	-0.928	-77.1
25.72	-12.431	-5.633	10.1
25.73	-12.460	-10.939	-26.2
25.74	-12.494	-15.908	-39.4
25.75	-12.532	-20.309	-27.0
25.76	-12.573	-24.111	-36.2
25.77	-12.615	-27.638	-6.5
25.78	-12.654	-30.770	-43.5
25.79	-12.691	-33.153	-62.9
25.8	-12.731	-36.178	44.6
25.81	-12.773	-39.155	20.7
25.82	-12.812	-40.377	-2.2
25.83	-12.846	-42.131	-34.1
25.84	-12.877	-44.086	-9.9
25.85	-12.910	-43.992	19.2
25.86	-12.945	-43.550	-63.5
25.87	-12.976	-44.120	-52.3
25.88	-12.995	-44.242	-24.1
25.89	-13.001	-42.773	-70.3
25.9	-13.010	-40.395	-15.2
25.91	-13.026	-37.603	5.3
25.92	-13.043	-34.556	2.9
25.93	-13.060	-31.750	-36.0
25.94	-13.073	-29.738	88.9
25.95	-13.078	-28.392	155.6
25.96	-13.080	-26.123	182.3
25.97	-13.089	-23.872	105.0
25.98	-13.110	-22.444	-37.1
25.99	-13.133	-20.858	-45.4
26.0	-13.156	-20.664	26.4
26.01	-13.177	-22.398	2.6
26.02	-13.194	-24.566	-23.5
26.03	-13.201	-26.259	31.1
26.04	-13.196	-27.186	17.4
26.05	-13.183	-27.373	-24.6
26.06	-13.169	-27.359	13.6
26.07	-13.160	-27.497	13.6
26.08	-13.158	-27.589	20.4
26.09	-13.161	-27.369	23.3
26.1	-13.163	-26.766	41.2
26.11	-13.163	-25.025	60.0
26.12	-13.163	-20.447	48.7
26.13	-13.171	-10.705	91.1
26.14	-13.183	6.627	185.2
26.15	-13.194	28.791	98.3
26.16	-13.206	45.111	81.0
26.17	-13.222	50.606	191.1
26.18	-13.242	51.123	175.3
26.19	-13.263	51.139	194.6
26.2	-13.282	51.139	191.7
26.21	-13.302	51.138	91.3
26.22	-13.322	51.127	132.5
26.23	-13.337	50.530	81.6
26.24	-13.343	45.728	43.4
26.25	-13.348	33.022	-0.5
26.26	-13.358	15.234	-10.8
26.27	-13.367	-2.553	-0.3
26.28	-13.364	-18.767	-8.8
26.29	-13.349	-32.763	-16.0
26.3	-13.326	-43.150	-16.7
26.31	-13.288	-48.967	-37.9
26.32	-13.232	-50.906	6.6
26.33	-13.158	-51.136	-27.3
26.34	-13.065	-51.141	-40.9
26.35	-12.955	-51.141	-30.6
26.36	-12.844	-51.141	-39.1
26.37	-12.746	-51.141	44.4
26.38	-12.656	-51.141	-41.7
26.39	-12.569	-51.141	-23.0
26.4	-12.477	-51.139	35.1
26.41	-12.380	-51.117	-42.4
26.42	-12.279	-50.447	9.2
26.43	-12.178	-46.848	-56.8
26.44	-12.076	-39.241	-36.6
26.45	-11.974	-29.753	10.2
26.46	-11.869	-20.528	-52.6
26.47	-11.766	-11.859	-28.8
26.48	-11.664	-3.073	41.8
26.49	-11.568	4.286	-19.9
26.5	-11.477	8.580	-79.8
26.51	-11.389	11.848	-10.1
26.52	-11.303	15.450	-0.3
26.53	-11.217	18.023	-56.9
26.54	-11.131	17.817	-3.8
26.55	-11.047	14.938	-39.6
26.56	-10.969	11.361	7.2
26.57	-10.898	8.373	-5.1
26.58	-10.834	6.369	-48.8
26.59	-10.779	4.863	5.6
26.6	-10.731	4.044	31.5
26.61	-10.688	4.150	-29.6
26.62	-10.649	3.494	-19.9
26.63	-10.610	2.364	15.9
26.64	-10.568	5.852	-29.0
26.65	-10.522	18.159	-59.0
26.66	-10.473	33.405	8.1
26.67	-10.421	43.080	-29.4
26.68	-10.368	43.808	-43.9
26.69	-10.315	39.720	-56.2
26.7	-10.263	36.023	-55.7
26.71	-10.213	32.328	14.7
26.72	-10.161	28.873	-80.6
26.73	-10.104	26.989	61.2
26.74	-10.037	24.020	189.0
26.75	-9.958	12.455	145.0
26.76	-9.878	-5.948	137.6
26.77	-9.809	-17.661	-76.1
26.78	-9.751	-19.845	-43.7
26.79	-9.696	-22.059	-36.2
26.8	-9.643	-26.681	-59.6
26.81	-9.598	-29.091	-20.4
26.82	-9.556	-31.559	-40.6
26.83	-9.505	-39.973	-23.5
26.84	-9.443	-48.445	-55.1
26.85	-9.377	-51.009	-29.4
26.86	-9.309	-51.134	-21.3
26.87	-9.239	-51.141	-24.1
26.88	-9.172	-51.141	14.1
26.89	-9.114	-51.130	-24.9
26.9	-9.063	-50.953	14.2
26.91	-9.021	-47.331	27.9
26.92	-8.988	-32.978	0.2
26.93	-8.951	-7.197	18.8
26.94	-8.907	21.636	64.1
26.95	-8.862	42.436	145.7
26.96	-8.819	50.200	161.5
26.97	-8.782	51.120	158.8
26.98	-8.750	51.138	242.8
26.99	-8.726	51.136	171.0
27.0	-8.707	51.066	229.2
27.01	-8.687	49.320	180.4
27.02	-8.663	41.336	81.5
27.03	-8.636	25.766	72.6
27.04	-8.607	6.978	6.3
27.05	-8.585	-11.447	-32.6
27.06	-8.568	-28.189	-6.9
27.07	-8.553	-41.536	-22.6
27.08	-8.533	-48.942	-7.2
27.09	-8.510	-50.983	-27.0
27.1	-8.489	-51.136	-19.2
27.11	-8.467	-51.141	-14.5
27.12	-8.443	-51.141	-25.6
27.13	-8.416	-51.141	-43.4
27.14	-8.386	-51.141	-24.5
27.15	-8.353	-51.141	-22.9
27.16	-8.319	-51.141	-30.1
27.17	-8.286	-51.134	-30.7
27.18	-8.256	-50.877	-0.5
27.19	-8.235	-47.859	-17.7
27.2	-8.217	-37.467	-32.0
27.21	-8.189	-17.633	-34.8
27.22	-8.151	10.455	-15.6
27.23	-8.110	36.813	-20.9
27.24	-8.069	49.194	-22.2
27.25	-8.026	51.103	-33.9
27.26	-7.982	51.133	-9.8
27.27	-7.942	51.139	-31.9
27.28	-7.911	51.139	-17.8
27.29	-7.889	51.139	-33.1
27.3	-7.866	51.139	-49.3
27.31	-7.835	51.139	-34.6
27.32	-7.800	51.139	-23.0
27.33	-7.763	51.139	-38.2
27.34	-7.728	51.139	-30.6
27.35	-7.695	51.139	-26.9
27.36	-7.660	51.123	-3.7
27.37	-7.621	50.833	-27.2
27.38	-7.581	45.914	-22.4
27.39	-7.545	28.998	-21.4
27.4	-7.518	3.467	-18.9
27.41	-7.501	-20.141	-21.3
27.42	-7.478	-37.122	-11.9
27.43	-7.448	-46.094	-15.0
27.44	-7.420	-47.622	14.9
27.45	-7.394	-45.769	-0.3
27.46	-7.373	-45.097	-13.9
27.47	-7.357	-45.759	0.9
27.48	-7.345	-45.941	3.6
27.49	-7.334	-46.495	-33.1
27.5	-7.324	-47.320	-10.4
27.51	-7.316	-47.303	-42.3
27.52	-7.306	-48.183	-30.7
27.53	-7.294	-50.091	-31.0
27.54	-7.279	-51.038	-65.4
27.55	-7.264	-51.113	-68.9
27.56	-7.250	-50.180	6.4
27.57	-7.236	-44.400	-56.9
27.58	-7.218	-32.489	49.6
27.59	-7.192	-22.286	262.9
27.6	-7.162	-19.881	289.0
27.61	-7.140	-20.858	228.7
27.62	-7.136	-19.892	-36.2
27.63	-7.144	-17.422	-90.6
27.64	-7.147	-15.753	18.7
27.65	-7.141	-15.400	-60.8
27.66	-7.128	-15.464	16.8
27.67	-7.104	-16.859	44.2
27.68	-7.076	-16.253	-34.7
27.69	-7.049	-7.595	27.6
27.7	-7.026	-0.158	66.6
27.71	-7.008	-3.244	-50.0
27.72	-6.991	-6.964	31.8
27.73	-6.974	-7.252	54.3
27.74	-6.961	-12.638	37.3
27.75	-6.949	-20.902	55.7
27.76	-6.937	-15.830	73.7
27.77	-6.923	10.775	88.9
27.78	-6.907	38.991	110.8
27.79	-6.890	50.017	131.5
27.8	-6.871	51.100	174.3
27.81	-6.851	51.139	192.4
27.82	-6.826	51.139	218.3
27.83	-6.801	51.139	217.0
27.84	-6.784	51.139	208.9
27.85	-6.772	51.134	162.7
27.86	-6.756	51.098	124.8
27.87	-6.737	49.692	54.2
27.88	-6.719	41.656	15.0
27.89	-6.701	24.898	-25.2
27.9	-6.685	5.097	-53.1
27.91	-6.674	-14.039	-81.2
27.92	-6.668	-31.833	-84.3
27.93	-6.660	-44.789	-90.1
27.94	-6.652	-50.252	-84.7
27.95	-6.643	-51.119	-92.8
27.96	-6.634	-51.138	-88.6
27.97	-6.626	-51.141	-94.6
27.98	-6.616	-51.141	-83.2
27.99	-6.606	-51.141	-90.8
28.0	-6.596	-51.141	-78.7
28.01	-6.588	-51.141	-83.8
28.02	-6.583	-51.141	-73.4
28.03	-6.581	-51.138	-83.3
28.04	-6.583	-51.069	-80.9
28.05	-6.587	-49.719	-90.8
28.06	-6.590	-44.734	-72.6
28.07	-6.591	-36.945	-78.8
28.08	-6.588	-29.070	-66.9
28.09	-6.584	-20.656	-70.9
28.1	-6.580	-11.358	-58.5
28.11	-6.578	-4.020	-66.8
28.12	-6.576	-0.017	-59.3
28.13	-6.574	3.241	-49.8
28.14	-6.572	6.186	-39.8
28.15	-6.574	5.438	-45.1
28.16	-6.576	1.389	-38.8
28.17	-6.576	-1.542	-49.0
28.18	-6.574	-2.456	-17.8
28.19	-6.573	-4.364	-12.6
28.2	-6.574	-8.100	2.6
28.21	-6.577	-11.317	-16.2
28.22	-6.580	-13.222	16.4
28.23	-6.583	-14.833	27.9
28.24	-6.584	-17.028	-40.3
28.25	-6.584	-22.256	-4.6
28.26	-6.582	-31.508	34.6
28.27	-6.578	-40.288	-32.6
28.28	-6.567	-44.859	-9.4
28.29	-6.558	-46.191	-22.5
28.3	-6.558	-45.263	-33.5
28.31	-6.559	-43.014	-43.7
28.32	-6.558	-42.136	13.7
28.33	-6.554	-43.742	13.5
28.34	-6.553	-45.684	6.9
28.35	-6.551	-46.483	-42.9
28.36	-6.548	-47.291	183.6
28.37	-6.541	-48.461	372.3
28.38	-6.532	-49.200	343.7
28.39	-6.526	-48.670	154.0
28.4	-6.526	-45.236	-87.4
28.41	-6.527	-39.405	-43.1
28.42	-6.527	-34.819	-8.5
28.43	-6.526	-33.072	-20.6
28.44	-6.521	-31.867	-7.3
28.45	-6.511	-29.164	-24.3
28.46	-6.497	-25.511	-2.8
28.47	-6.483	-21.753	-3.3
28.48	-6.473	-17.516	4.5
28.49	-6.466	-12.084	-14.5
28.5	-6.456	-5.709	17.7
28.51	-6.443	-0.669	24.6
28.52	-6.428	1.283	23.9
28.53	-6.414	4.298	20.3
28.54	-6.406	15.991	56.4
28.55	-6.401	34.555	81.0
28.56	-6.396	47.522	97.8
28.57	-6.391	50.963	134.9
28.58	-6.384	51.130	175.4
28.59	-6.378	51.139	190.9
28.6	-6.372	51.139	222.3
28.61	-6.367	51.139	228.9
28.62	-6.369	51.122	220.5
28.63	-6.377	50.331	179.1
28.64	-6.388	43.428	123.9
28.65	-6.397	24.769	60.5
28.66	-6.402	-0.370	14.8
28.67	-6.408	-22.386	-21.8
28.68	-6.418	-37.739	-37.0
28.69	-6.431	-46.361	-52.8
28.7	-6.446	-48.866	-48.1
28.71	-6.458	-46.414	-59.3
28.72	-6.466	-40.775	-54.0
28.73	-6.469	-33.442	-54.2
28.74	-6.469	-24.973	-39.4
28.75	-6.466	-16.298	-62.3
28.76	-6.463	-10.125	-51.9
28.77	-6.460	-10.497	-62.4
28.78	-6.456	-20.156	-54.4
28.79	-6.449	-35.645	-49.6
28.8	-6.439	-47.223	-39.3
28.81	-6.426	-50.858	-35.3
28.82	-6.414	-51.128	-31.7
28.83	-6.407	-51.139	-45.5
28.84	-6.405	-51.131	-46.9
28.85	-6.407	-50.644	-53.8
28.86	-6.411	-47.059	-48.7
28.87	-6.412	-38.609	-52.8
28.88	-6.409	-28.638	-49.0
28.89	-6.405	-20.534	-40.3
28.9	-6.401	-14.122	-56.6
28.91	-6.398	-8.667	-89.1
28.92	-6.396	-4.306	-17.9
28.93	-6.391	-1.716	-48.6
28.94	-6.389	-1.213	-48.2
28.95	-6.389	-2.805	-25.5
28.96	-6.389	-6.503	-59.2
28.97	-6.389	-11.286	-28.5
28.98	-6.389	-15.461	-14.8
28.99	-6.390	-18.603	-35.4
29.0	-6.393	-21.252	6.9
29.01	-6.396	-23.491	-18.5
29.02	-6.400	-24.722	-2.8
29.03	-6.402	-24.711	3.1
29.04	-6.404	-25.772	-22.8
29.05	-6.403	-28.702	-65.8
29.06	-6.401	-31.642	-63.7
29.07	-6.396	-34.863	-44.4
29.08	-6.390	-38.966	-61.8
29.09	-6.386	-42.184	-43.5
29.1	-6.388	-42.930	-23.7
29.11	-6.393	-41.755	-26.1
29.12	-6.397	-39.092	-61.7
29.13	-6.394	-34.800	-21.8
29.14	-6.386	-29.575	259.2
29.15	-6.376	-24.809	308.1
29.16	-6.373	-21.692	304.6
29.17	-6.378	-20.598	66.4
29.18	-6.384	-20.945	-95.9
29.19	-6.389	-21.970	-36.4
29.2	-6.391	-23.180	-38.2
29.21	-6.384	-23.827	-46.1
29.22	-6.370	-23.433	-67.7
29.23	-6.357	-22.403	-44.6
29.24	-6.349	-21.377	-19.5
29.25	-6.348	-20.678	-33.5
29.26	-6.349	-20.394	-22.8
29.27	-6.349	-20.347	-34.5
29.28	-6.348	-20.192	-8.7
29.29	-6.348	-19.006	-1.9
29.3	-6.351	-13.416	19.1
29.31	-6.354	2.609	18.3
29.32	-6.354	27.311	34.1
29.33	-6.354	45.561	57.3
29.34	-6.355	50.841	96.5
29.35	-6.359	51.123	115.3
29.36	-6.367	51.139	164.7
29.37	-6.376	51.139	190.3
29.38	-6.384	51.139	211.3
29.39	-6.394	51.128	208.4
29.4	-6.404	50.597	191.6
29.41	-6.414	46.020	130.1
29.42	-6.423	33.394	80.9
29.43	-6.431	15.289	21.0
29.44	-6.437	-2.880	-13.2
29.45	-6.441	-18.948	-52.0
29.46	-6.446	-32.205	-61.1
29.47	-6.456	-42.236	-73.3
29.48	-6.471	-48.458	-71.7
29.49	-6.487	-50.805	-85.5
29.5	-6.504	-51.131	-73.3
29.51	-6.524	-51.036	-92.4
29.52	-6.547	-50.616	-77.9
29.53	-6.572	-50.384	-78.3
29.54	-6.598	-50.766	-70.8
29.55	-6.623	-51.098	-68.0
29.56	-6.648	-51.139	-57.3
29.57	-6.674	-51.141	-70.5
29.58	-6.699	-51.141	-61.8
29.59	-6.723	-51.127	-66.9
29.6	-6.745	-50.727	-55.6
29.61	-6.766	-48.650	-73.7
29.62	-6.786	-44.089	-65.6
29.63	-6.806	-37.928	-71.7
29.64	-6.826	-31.430	-66.4
29.65	-6.846	-25.241	-74.0
29.66	-6.864	-19.447	-63.1
29.67	-6.881	-13.983	-68.3
29.68	-6.896	-9.019	-60.5
29.69	-6.907	-5.186	-72.1
29.7	-6.911	-2.923	-61.5
29.71	-6.898	-2.059	-67.6
29.72	-6.862	-2.461	-56.0
29.73	-6.823	-4.011	-58.0
29.74	-6.793	-6.341	-58.9
29.75	-6.769	-9.066	-60.7
29.76	-6.749	-11.767	-34.7
29.77	-6.732	-14.270	-48.8
29.78	-6.718	-16.684	-25.9
29.79	-6.704	-18.503	-18.2
29.8	-6.692	-18.817	-35.4
29.81	-6.683	-17.861	-63.9
29.82	-6.681	-17.131	-58.2
29.83	-6.689	-18.139	-70.0
29.84	-6.714	-20.761	-53.4
29.85	-6.750	-23.577	-55.0
29.86	-6.788	-26.534	-64.9
29.87	-6.823	-30.192	-26.4
29.88	-6.853	-33.870	-68.9
29.89	-6.876	-36.848	55.9
29.9	-6.891	-39.030	287.1
29.91	-6.901	-40.495	296.7
29.92	-6.911	-41.200	275.5
29.93	-6.919	-40.933	-23.3
29.94	-6.923	-39.572	-75.6
29.95	-6.926	-37.230	-30.7
29.96	-6.924	-34.302	-58.7
29.97	-6.911	-31.131	-43.3
29.98	-6.886	-27.731	-37.1
29.99	-6.857	-24.388	-37.5
30.0	-6.830	-21.695	-27.3
30.01	-6.808	-19.602	-33.7
30.02	-6.789	-17.772	-16.3
30.03	-6.771	-16.181	-10.7
30.04	-6.758	-14.131	1.9
30.05	-6.748	-8.845	1.7
30.06	-6.744	4.438	22.0
30.07	-6.746	25.823	23.1
30.08	-6.753	43.853	57.4
30.09	-6.771	50.463	69.5
30.1	-6.799	51.117	102.8
30.11	-6.833	51.139	131.5
30.12	-6.866	51.139	160.3
30.13	-6.888	51.134	176.8
30.14	-6.901	51.058	199.8
30.15	-6.908	49.380	193.8
30.16	-6.913	42.336	172.5
30.17	-6.921	29.748	101.9
30.18	-6.936	16.203	59.6
30.19	-6.953	4.486	-3.6
30.2	-6.968	-4.956	-28.2
30.21	-6.981	-11.930	-62.7
30.22	-6.991	-16.873	-70.9
30.23	-6.999	-20.850	-82.7
30.24	-7.006	-24.461	-78.8
30.25	-7.010	-27.525	-87.2
30.26	-7.012	-29.673	-70.7
30.27	-7.015	-30.913	-81.8
30.28	-7.016	-31.908	-70.6
30.29	-7.014	-33.430	-75.9
30.3	-7.008	-35.870	-72.4
30.31	-7.000	-39.317	-84.2
30.32	-6.991	-43.350	-75.6
30.33	-6.983	-47.142	-75.0
30.34	-6.975	-49.806	-63.1
30.35	-6.968	-50.931	-77.8
30.36	-6.961	-50.995	-61.5
30.37	-6.954	-50.070	-72.4
30.38	-6.947	-47.580	-64.3
30.39	-6.941	-43.431	-73.5
30.4	-6.934	-37.973	-67.9
30.41	-6.929	-31.822	-71.2
30.42	-6.926	-25.853	-60.7
30.43	-6.928	-20.866	-68.0
30.44	-6.933	-17.169	-56.8
30.45	-6.940	-14.630	-69.1
30.46	-6.948	-12.995	-58.5
30.47	-6.957	-12.091	-67.9
30.48	-6.965	-11.981	-51.8
30.49	-6.972	-12.708	-47.1
30.5	-6.978	-14.055	-33.6
30.51	-6.984	-15.806	-32.9
30.52	-6.990	-17.863	-17.4
30.53	-6.996	-20.056	-53.1
30.54	-6.999	-22.214	-66.8
30.55	-7.002	-24.228	-77.4
30.56	-7.004	-25.903	-62.6
30.57	-7.007	-27.022	-73.9
30.58	-7.011	-27.463	-56.2
30.59	-7.016	-27.384	-80.1
30.6	-7.021	-27.073	-32.0
30.61	-7.027	-26.658	-67.1
30.62	-7.029	-26.316	11.4
30.63	-7.028	-26.056	249.2
30.64	-7.026	-25.727	279.8
30.65	-7.026	-25.338	261.7
30.66	-7.027	-25.034	35.7
30.67	-7.031	-25.145	-109.4
30.68	-7.039	-25.939	-22.5
30.69	-7.050	-27.263	-70.0
30.7	-7.060	-28.634	-42.3
30.71	-7.066	-29.636	-53.5
30.72	-7.066	-30.183	-37.5
30.73	-7.063	-30.519	-32.1
30.74	-7.061	-31.044	-24.2
30.75	-7.060	-31.513	-13.1
30.76	-7.059	-30.691	-1.7
30.77	-7.061	-27.783	-31.3
30.78	-7.063	-22.667	43.2
30.79	-7.065	-13.111	27.2
30.8	-7.066	5.445	-6.0
30.81	-7.067	29.841	44.8
30.82	-7.068	46.389	87.0
30.83	-7.071	50.897	97.0
30.84	-7.074	51.127	137.3
30.85	-7.078	51.139	163.1
30.86	-7.083	51.139	194.1
30.87	-7.089	51.139	193.8
30.88	-7.098	51.130	206.6
30.89	-7.109	50.798	168.0
30.9	-7.123	47.428	112.4
30.91	-7.138	37.505	45.4
30.92	-7.155	22.886	13.0
30.93	-7.173	7.783	-35.1
30.94	-7.194	-6.466	-57.4
30.95	-7.222	-19.613	-79.9
30.96	-7.251	-31.525	-71.3
30.97	-7.276	-41.752	-80.8
30.98	-7.298	-48.441	-73.8
30.99	-7.317	-50.844	-85.2
31.0	-7.335	-51.136	-72.5
31.01	-7.353	-51.141	-75.2
31.02	-7.367	-51.141	-68.2
31.03	-7.380	-51.141	-73.9
31.04	-7.391	-51.138	-64.3
31.05	-7.399	-51.045	-71.8
31.06	-7.406	-49.878	-55.0
31.07	-7.411	-45.939	-68.3
31.08	-7.414	-39.984	-57.7
31.09	-7.414	-34.464	-58.7
31.1	-7.410	-29.445	-48.7
31.11	-7.402	-23.763	-55.5
31.12	-7.393	-17.258	-51.7
31.13	-7.384	-10.209	-60.5
31.14	-7.378	-2.870	-49.1
31.15	-7.376	4.392	-50.9
31.16	-7.378	10.784	-52.9
31.17	-7.381	15.363	-74.8
31.18	-7.383	17.906	-59.6
31.19	-7.383	18.625	-56.0
31.2	-7.383	17.795	-47.4
31.21	-7.381	15.677	-57.8
31.22	-7.379	12.125	-33.2
31.23	-7.379	7.752	-38.0
31.24	-7.381	3.653	-16.3
31.25	-7.384	0.133	-19.1
31.26	-7.390	-2.659	-7.8
31.27	-7.398	-5.125	-19.4
31.28	-7.407	-8.412	-33.7
31.29	-7.421	-12.767	-63.0
31.3	-7.438	-17.416	-55.7
31.31	-7.454	-21.661	-65.2
31.32	-7.469	-24.831	-45.1
31.33	-7.485	-26.820	-36.1
31.34	-7.501	-28.461	-44.1
