Interval=	0.01 s
ExcelDateTime=	3.9773408522774545e+004	21/11/2008 9:48:16.36772
TimeFormat=	StartOfBlock
ChannelTitle=	Channel 1	Channel 2	Channel 3
Range=	20.000 mV	50.000 mV	500.0 µV
0.0	-8.383	-50.970	-123.4
0.01	-8.367	-51.133	-55.6
0.02	-8.351	-51.141	-77.7
0.03	-8.332	-51.141	-68.3
0.04	-8.313	-51.141	-73.4
0.05	-8.293	-51.141	-75.7
0.06	-8.274	-51.141	-78.1
0.07	-8.256	-51.141	-64.8
0.08	-8.239	-51.141	-58.8
0.09	-8.224	-51.138	-69.1
0.1	-8.211	-51.077	-77.0
0.11	-8.197	-49.692	-58.0
0.12	-8.184	-43.645	-60.2
0.13	-8.172	-32.188	-68.9
0.14	-8.161	-18.863	-79.3
0.15	-8.150	-6.503	-56.5
0.16	-8.139	3.861	-64.0
0.17	-8.127	11.602	-67.4
0.18	-8.115	16.191	-65.4
0.19	-8.104	17.433	-69.6
0.2	-8.094	15.588	-66.8
0.21	-8.081	11.147	-68.0
0.22	-8.068	4.850	-79.9
0.23	-8.057	-2.481	-61.1
0.24	-8.048	-10.192	-79.6
0.25	-8.040	-17.758	-54.0
0.26	-8.033	-24.767	-58.8
0.27	-8.026	-31.003	-88.9
0.28	-8.019	-36.388	-67.1
0.29	-8.012	-40.830	-56.9
0.3	-8.006	-44.255	-73.4
0.31	-8.002	-46.628	-51.3
0.32	-7.998	-47.963	-68.0
0.33	-7.994	-48.473	-49.0
0.34	-7.991	-48.500	-44.8
0.35	-7.989	-48.294	-57.3
0.36	-7.987	-48.045	-42.2
0.37	-7.984	-47.802	-29.3
0.38	-7.982	-47.436	-30.6
0.39	-7.981	-46.844	-24.4
0.4	-7.979	-45.969	-28.0
0.41	-7.978	-44.842	-34.5
0.42	-7.978	-43.552	-52.9
0.43	-7.978	-42.202	-54.3
0.44	-7.977	-40.972	-67.5
0.45	-7.975	-39.878	-56.5
0.46	-7.973	-38.705	-60.9
0.47	-7.970	-37.388	-49.7
0.48	-7.966	-35.983	-58.2
0.49	-7.964	-34.536	-10.7
0.5	-7.965	-33.156	-67.6
0.51	-7.963	-31.825	58.0
0.52	-7.953	-30.428	172.0
0.53	-7.941	-28.898	183.3
0.54	-7.936	-27.170	155.4
0.55	-7.937	-25.520	-72.8
0.56	-7.941	-24.550	-61.6
0.57	-7.946	-24.438	-25.9
0.58	-7.950	-24.733	-68.3
0.59	-7.948	-24.997	-42.4
0.6	-7.941	-25.188	-54.0
0.61	-7.931	-25.466	-37.6
0.62	-7.922	-26.016	-41.7
0.63	-7.914	-26.869	-29.6
0.64	-7.906	-27.750	-20.8
0.65	-7.898	-28.069	-20.5
0.66	-7.889	-26.272	-21.1
0.67	-7.883	-18.395	-6.0
0.68	-7.876	1.334	8.0
0.69	-7.869	28.531	24.7
0.7	-7.863	46.459	27.9
0.71	-7.860	50.930	64.4
0.72	-7.858	51.128	87.9
0.73	-7.857	51.139	114.7
0.74	-7.856	51.139	137.0
0.75	-7.855	51.139	161.3
0.76	-7.854	51.139	160.3
0.77	-7.854	51.139	154.6
0.78	-7.854	51.134	111.0
0.79	-7.854	51.070	70.3
0.8	-7.854	49.214	23.4
0.81	-7.854	39.908	-13.5
0.82	-7.854	21.431	-45.2
0.83	-7.854	0.298	-58.4
0.84	-7.854	-18.569	-80.8
0.85	-7.856	-34.183	-72.6
0.86	-7.857	-45.102	-80.0
0.87	-7.856	-50.091	-81.7
0.88	-7.853	-51.102	-85.7
0.89	-7.848	-51.139	-75.8
0.9	-7.843	-51.141	-77.1
0.91	-7.839	-51.141	-65.4
0.92	-7.835	-51.141	-71.6
0.93	-7.829	-51.141	-57.1
0.94	-7.823	-51.141	-74.0
0.95	-7.817	-51.141	-74.4
0.96	-7.812	-51.141	-70.1
0.97	-7.806	-51.134	-71.6
0.98	-7.800	-50.858	-65.6
0.99	-7.795	-48.353	-61.5
1.0	-7.791	-41.164	-73.4
1.01	-7.789	-30.403	-57.0
1.02	-7.787	-19.072	-64.7
1.03	-7.784	-8.653	-67.6
1.04	-7.782	0.127	-66.8
1.05	-7.780	6.608	-44.9
1.06	-7.779	10.372	-61.4
1.07	-7.779	11.384	-62.4
1.08	-7.778	9.853	-48.6
1.09	-7.778	6.102	-59.3
1.1	-7.778	0.564	-62.7
1.11	-7.779	-6.113	-47.5
1.12	-7.780	-13.158	-52.6
1.13	-7.781	-20.023	-39.2
1.14	-7.783	-26.481	-63.0
1.15	-7.785	-32.330	-57.5
1.16	-7.786	-37.308	-50.8
1.17	-7.788	-41.370	-46.2
1.18	-7.791	-44.567	-53.5
1.19	-7.794	-46.920	-46.9
1.2	-7.796	-48.548	-48.9
1.21	-7.799	-49.522	-43.7
1.22	-7.802	-49.831	-44.9
1.23	-7.804	-49.614	-31.3
1.24	-7.808	-49.092	-46.3
1.25	-7.810	-48.386	-44.8
1.26	-7.812	-47.516	-36.2
1.27	-7.814	-46.545	-37.9
1.28	-7.816	-45.502	-39.9
1.29	-7.817	-44.341	-12.2
1.3	-7.820	-43.111	-17.8
1.31	-7.822	-41.861	-5.4
1.32	-7.825	-40.563	-6.2
1.33	-7.827	-39.197	-20.6
1.34	-7.829	-37.741	-36.6
1.35	-7.831	-36.284	-32.5
1.36	-7.833	-35.022	-58.8
1.37	-7.834	-34.108	-52.8
1.38	-7.836	-33.477	-45.2
1.39	-7.838	-32.828	-49.9
1.4	-7.839	-31.984	-51.7
1.41	-7.842	-31.016	-2.6
1.42	-7.844	-30.003	-67.9
1.43	-7.843	-28.913	70.5
1.44	-7.838	-27.700	250.2
1.45	-7.833	-26.394	293.3
1.46	-7.831	-25.048	239.8
1.47	-7.833	-23.941	-22.9
1.48	-7.836	-23.566	-67.4
1.49	-7.840	-24.045	-28.6
1.5	-7.844	-24.898	-59.2
1.51	-7.846	-25.663	-33.5
1.52	-7.843	-26.227	-40.6
1.53	-7.839	-26.659	-31.3
1.54	-7.837	-27.198	-29.3
1.55	-7.837	-28.073	-12.8
1.56	-7.838	-29.189	-16.3
1.57	-7.839	-30.017	-4.9
1.58	-7.841	-29.178	-12.8
1.59	-7.842	-23.336	19.2
1.6	-7.844	-6.644	26.0
1.61	-7.848	20.709	32.6
1.62	-7.851	43.066	57.6
1.63	-7.854	50.544	82.5
1.64	-7.858	51.109	106.9
1.65	-7.863	51.139	149.8
1.66	-7.868	51.139	164.9
1.67	-7.873	51.139	191.9
1.68	-7.878	51.139	193.6
1.69	-7.883	51.139	187.2
1.7	-7.888	51.134	152.5
1.71	-7.894	51.106	103.3
1.72	-7.899	49.827	36.9
1.73	-7.904	41.944	0.2
1.74	-7.907	24.530	-39.9
1.75	-7.911	3.411	-50.3
1.76	-7.918	-15.816	-76.9
1.77	-7.926	-32.033	-72.1
1.78	-7.935	-43.928	-68.6
1.79	-7.944	-49.769	-78.3
1.8	-7.954	-51.080	-78.5
1.81	-7.964	-51.138	-70.0
1.82	-7.976	-51.141	-78.1
1.83	-7.988	-51.141	-50.2
1.84	-7.999	-51.141	-63.3
1.85	-8.009	-51.141	-71.7
1.86	-8.019	-51.141	-66.7
1.87	-8.029	-51.141	-54.0
1.88	-8.038	-51.141	-67.2
1.89	-8.047	-51.136	-60.7
1.9	-8.056	-51.036	-55.8
1.91	-8.066	-49.319	-51.6
1.92	-8.076	-42.913	-62.9
1.93	-8.084	-32.020	-42.5
1.94	-8.092	-20.075	-49.9
1.95	-8.097	-9.023	-68.4
1.96	-8.101	0.402	-71.0
1.97	-8.103	7.583	-53.5
1.98	-8.106	12.134	-57.2
1.99	-8.109	13.884	-53.5
2.0	-8.113	12.884	-66.8
2.01	-8.116	9.408	-51.0
2.02	-8.119	3.956	-60.8
2.03	-8.123	-2.770	-45.7
2.04	-8.124	-10.092	-40.4
2.05	-8.123	-17.364	-64.9
2.06	-8.123	-24.141	-56.5
2.07	-8.123	-30.375	-43.8
2.08	-8.124	-36.041	-72.8
2.09	-8.126	-40.917	-49.9
2.1	-8.130	-44.789	-57.3
2.11	-8.135	-47.644	-39.6
2.12	-8.142	-49.614	-53.7
2.13	-8.151	-50.725	-60.0
2.14	-8.162	-51.094	-51.0
2.15	-8.173	-51.139	-46.7
2.16	-8.184	-51.103	-49.0
2.17	-8.194	-50.861	-37.1
2.18	-8.206	-50.217	-37.4
2.19	-8.216	-49.217	-21.7
2.2	-8.228	-48.048	-25.8
2.21	-8.241	-46.806	-13.2
2.22	-8.254	-45.505	-16.3
2.23	-8.268	-44.153	-17.7
2.24	-8.281	-42.828	-43.3
2.25	-8.294	-41.556	-53.0
2.26	-8.308	-40.291	-56.6
2.27	-8.322	-39.123	-37.7
2.28	-8.338	-38.098	-54.0
2.29	-8.353	-37.063	-44.4
2.3	-8.369	-35.947	-45.6
2.31	-8.388	-34.742	1.0
2.32	-8.408	-33.427	-71.5
2.33	-8.426	-32.027	16.2
2.34	-8.440	-30.570	199.3
2.35	-8.451	-29.044	218.3
2.36	-8.465	-27.452	194.7
2.37	-8.481	-26.047	-43.0
2.38	-8.498	-25.313	-84.4
2.39	-8.515	-25.431	-6.4
2.4	-8.533	-26.008	-55.8
2.41	-8.549	-26.494	-23.5
2.42	-8.561	-26.675	-43.4
2.43	-8.570	-26.745	-23.3
2.44	-8.576	-27.073	-29.5
2.45	-8.581	-27.841	-25.6
2.46	-8.588	-28.967	-18.3
2.47	-8.595	-30.209	-9.8
2.48	-8.603	-30.920	-7.1
2.49	-8.613	-29.588	13.6
2.5	-8.623	-22.738	12.9
2.51	-8.635	-4.523	30.9
2.52	-8.648	23.330	44.1
2.53	-8.662	44.388	71.3
2.54	-8.678	50.745	85.4
2.55	-8.693	51.119	118.1
2.56	-8.709	51.139	133.7
2.57	-8.726	51.139	160.7
2.58	-8.741	51.139	173.9
2.59	-8.756	51.139	154.9
2.6	-8.771	51.139	119.4
2.61	-8.786	51.134	85.5
2.62	-8.800	51.075	37.3
2.63	-8.813	49.294	2.2
2.64	-8.825	40.073	-41.7
2.65	-8.838	21.297	-53.5
2.66	-8.853	-0.855	-68.7
2.67	-8.869	-21.166	-60.3
2.68	-8.883	-37.597	-72.9
2.69	-8.896	-47.506	-47.7
2.7	-8.909	-50.781	-76.2
2.71	-8.922	-51.134	-69.1
2.72	-8.935	-51.141	-61.5
2.73	-8.947	-51.141	-68.5
2.74	-8.959	-51.141	-66.6
2.75	-8.970	-51.141	-53.5
2.76	-8.982	-51.141	-60.1
2.77	-8.994	-51.141	-56.8
2.78	-9.008	-51.141	-61.4
2.79	-9.023	-51.141	-45.8
2.8	-9.039	-51.131	-53.5
2.81	-9.054	-50.858	-42.6
2.82	-9.069	-47.944	-61.5
2.83	-9.083	-39.091	-54.3
2.84	-9.098	-25.627	-52.9
2.85	-9.110	-11.514	-54.4
2.86	-9.121	1.277	-60.6
2.87	-9.132	11.775	-48.2
2.88	-9.143	19.239	-46.5
2.89	-9.154	23.255	-54.7
2.9	-9.166	23.770	-58.5
2.91	-9.178	21.098	-27.5
2.92	-9.189	15.770	-53.0
2.93	-9.201	8.438	-60.0
2.94	-9.211	-0.020	-53.3
2.95	-9.221	-8.611	-38.6
2.96	-9.230	-16.702	-44.0
2.97	-9.240	-24.100	-38.6
2.98	-9.251	-30.734	-49.3
2.99	-9.263	-36.545	-38.8
3.0	-9.276	-41.536	-39.3
3.01	-9.292	-45.713	-37.1
3.02	-9.308	-48.870	-41.5
3.03	-9.322	-50.606	-32.4
3.04	-9.334	-51.098	-41.2
3.05	-9.346	-51.138	-23.9
3.06	-9.359	-51.070	-25.6
3.07	-9.372	-50.753	-17.0
3.08	-9.384	-50.052	-13.7
3.09	-9.398	-49.047	-4.4
3.1	-9.412	-47.891	-7.4
3.11	-9.428	-46.678	-2.6
3.12	-9.442	-45.433	-23.0
3.13	-9.454	-44.028	-22.0
3.14	-9.463	-42.331	-43.8
3.15	-9.471	-40.430	-36.4
3.16	-9.479	-38.575	-40.4
3.17	-9.488	-36.980	-41.6
3.18	-9.495	-35.702	-31.6
3.19	-9.502	-34.652	-44.9
3.2	-9.511	-33.564	-14.0
3.21	-9.523	-32.173	-10.0
3.22	-9.532	-30.556	-39.9
3.23	-9.535	-28.948	157.4
3.24	-9.535	-27.334	195.5
3.25	-9.538	-25.675	177.0
3.26	-9.547	-24.142	25.0
3.27	-9.562	-23.009	-75.9
3.28	-9.579	-22.480	-21.9
3.29	-9.597	-22.520	-28.5
3.3	-9.611	-22.817	-19.1
3.31	-9.616	-23.084	-19.8
3.32	-9.613	-23.509	-23.0
3.33	-9.605	-24.334	-11.1
3.34	-9.596	-25.494	-24.8
3.35	-9.590	-26.898	-0.4
3.36	-9.586	-28.642	-0.3
3.37	-9.585	-30.580	6.3
3.38	-9.586	-31.533	10.4
3.39	-9.589	-29.336	26.2
3.4	-9.592	-20.205	28.2
3.41	-9.595	0.983	43.0
3.42	-9.598	28.906	65.7
3.43	-9.602	46.678	105.7
3.44	-9.605	50.948	106.3
3.45	-9.608	51.130	138.4
3.46	-9.613	51.139	155.6
3.47	-9.617	51.139	159.2
3.48	-9.624	51.139	163.1
3.49	-9.631	51.139	158.5
3.5	-9.636	51.139	88.4
3.51	-9.641	51.122	55.8
3.52	-9.644	50.669	24.0
3.53	-9.649	45.713	-8.8
3.54	-9.656	30.742	-49.5
3.55	-9.666	8.719	-44.6
3.56	-9.678	-13.156	-54.9
3.57	-9.688	-31.909	-50.8
3.58	-9.696	-44.880	-57.4
3.59	-9.705	-50.259	-47.7
3.6	-9.716	-51.117	-54.5
3.61	-9.728	-51.138	-52.5
3.62	-9.740	-51.141	-56.0
3.63	-9.751	-51.141	-49.0
3.64	-9.760	-51.141	-43.3
3.65	-9.766	-51.141	-35.2
3.66	-9.771	-51.141	-49.6
3.67	-9.776	-51.141	-39.6
3.68	-9.779	-51.141	-47.1
3.69	-9.784	-51.138	-36.1
3.7	-9.789	-51.109	-38.1
3.71	-9.796	-50.123	-28.5
3.72	-9.803	-44.525	-28.1
3.73	-9.809	-32.170	-39.3
3.74	-9.814	-16.295	-54.4
3.75	-9.818	-0.511	-25.9
3.76	-9.821	13.542	-47.0
3.77	-9.824	24.691	-34.9
3.78	-9.828	32.077	-31.9
3.79	-9.832	35.259	-30.6
3.8	-9.836	34.364	-38.8
3.81	-9.840	29.967	-33.7
3.82	-9.842	22.859	-38.8
3.83	-9.841	13.973	-37.0
3.84	-9.837	4.225	-38.0
3.85	-9.831	-5.647	-22.7
3.86	-9.822	-15.028	-35.4
3.87	-9.813	-23.489	-25.1
3.88	-9.802	-30.905	-47.0
3.89	-9.790	-37.209	-37.1
3.9	-9.779	-42.245	-27.7
3.91	-9.769	-46.006	-27.2
3.92	-9.761	-48.613	-24.3
3.93	-9.753	-50.159	-14.8
3.94	-9.745	-50.798	-13.2
3.95	-9.735	-50.692	7.0
3.96	-9.721	-49.897	-17.7
3.97	-9.703	-48.511	-13.0
3.98	-9.681	-46.794	-24.8
3.99	-9.659	-45.030	-46.3
4.0	-9.637	-43.366	-46.8
4.01	-9.616	-41.856	-30.6
4.02	-9.594	-40.414	-54.6
4.03	-9.574	-38.856	-29.0
4.04	-9.554	-37.177	-56.8
4.05	-9.538	-35.372	-16.4
4.06	-9.524	-33.311	-46.4
4.07	-9.508	-31.070	-26.6
4.08	-9.484	-28.878	159.4
4.09	-9.454	-26.834	167.8
4.1	-9.423	-25.025	138.1
4.11	-9.396	-23.650	-10.0
4.12	-9.376	-22.784	-98.9
4.13	-9.361	-22.394	-8.9
4.14	-9.346	-22.398	-40.6
4.15	-9.328	-22.550	-30.3
4.16	-9.304	-22.678	-33.9
4.17	-9.273	-22.922	-9.9
4.18	-9.237	-23.428	-28.8
4.19	-9.199	-24.270	-14.0
4.2	-9.165	-25.556	-11.5
4.21	-9.132	-27.150	-9.8
4.22	-9.100	-28.528	-6.7
4.23	-9.069	-28.942	5.9
4.24	-9.040	-26.944	0.7
4.25	-9.012	-18.992	22.0
4.26	-8.984	0.195	32.8
4.27	-8.958	27.120	55.8
4.28	-8.934	45.797	91.2
4.29	-8.911	50.870	90.3
4.3	-8.890	51.125	102.1
4.31	-8.872	51.139	154.7
4.32	-8.854	51.139	136.1
4.33	-8.838	51.139	139.9
4.34	-8.821	51.139	117.6
4.35	-8.803	51.139	76.3
4.36	-8.784	51.125	26.0
4.37	-8.764	50.492	-7.9
4.38	-8.746	44.988	-42.8
4.39	-8.731	30.008	-45.7
4.4	-8.717	9.078	-76.8
4.41	-8.706	-11.531	-72.5
4.42	-8.693	-29.700	-81.3
4.43	-8.679	-43.233	-77.6
4.44	-8.665	-49.706	-79.7
4.45	-8.652	-51.081	-65.9
4.46	-8.638	-51.138	-77.2
4.47	-8.622	-51.141	-66.1
4.48	-8.606	-51.141	-70.3
4.49	-8.591	-51.141	-68.3
4.5	-8.578	-51.141	-63.3
4.51	-8.564	-51.141	-60.5
4.52	-8.552	-51.141	-68.5
4.53	-8.542	-51.141	-55.2
4.54	-8.533	-51.136	-56.7
4.55	-8.525	-51.052	-56.7
4.56	-8.517	-49.295	-71.7
4.57	-8.508	-42.203	-50.3
4.58	-8.496	-29.408	-60.4
4.59	-8.483	-14.816	-55.3
4.6	-8.469	-1.255	-62.2
4.61	-8.454	10.050	-51.3
4.62	-8.438	18.223	-60.3
4.63	-8.422	22.786	-62.1
4.64	-8.407	23.713	-62.8
4.65	-8.393	21.536	-54.4
4.66	-8.380	17.022	-70.0
4.67	-8.367	10.823	-60.0
4.68	-8.355	3.514	-59.5
4.69	-8.343	-4.313	-57.3
4.7	-8.332	-12.097	-63.5
4.71	-8.324	-19.439	-49.9
4.72	-8.316	-26.022	-58.8
4.73	-8.308	-31.698	-48.4
4.74	-8.299	-36.497	-66.2
4.75	-8.289	-40.333	-47.9
4.76	-8.279	-43.158	-45.7
4.77	-8.268	-45.106	-53.0
4.78	-8.256	-46.270	-60.2
4.79	-8.245	-46.756	-55.8
4.8	-8.234	-46.764	-54.7
4.81	-8.225	-46.428	-32.3
4.82	-8.217	-45.919	-48.2
4.83	-8.210	-45.388	-29.2
4.84	-8.203	-44.763	-25.2
4.85	-8.196	-43.995	-20.7
4.86	-8.189	-43.158	-17.3
4.87	-8.184	-42.213	-23.8
4.88	-8.179	-41.052	-46.5
4.89	-8.174	-39.658	-48.9
4.9	-8.168	-38.058	-71.1
4.91	-8.162	-36.447	-60.6
4.92	-8.155	-35.066	-67.6
4.93	-8.148	-33.870	-47.9
4.94	-8.142	-32.689	-64.5
4.95	-8.137	-31.481	-4.5
4.96	-8.135	-30.305	-39.8
4.97	-8.130	-29.186	-15.5
4.98	-8.119	-28.161	140.8
4.99	-8.104	-27.184	143.2
5.0	-8.094	-26.073	157.1
5.01	-8.089	-24.906	10.8
5.02	-8.086	-24.052	-97.6
5.03	-8.088	-23.780	-25.6
5.04	-8.091	-23.894	-62.7
5.05	-8.089	-23.948	-31.9
5.06	-8.083	-23.888	-47.2
5.07	-8.074	-23.866	-45.0
5.08	-8.064	-23.983	-44.1
5.09	-8.056	-24.414	-31.1
5.1	-8.047	-25.156	-26.5
5.11	-8.037	-25.917	-17.7
5.12	-8.026	-25.950	-12.5
5.13	-8.018	-23.181	-0.9
5.14	-8.012	-12.842	-7.6
5.15	-8.008	9.744	23.6
5.16	-8.005	35.586	22.7
5.17	-8.003	48.895	50.3
5.18	-8.002	51.092	70.8
5.19	-8.002	51.131	98.3
5.2	-8.002	51.139	121.5
5.21	-8.002	51.139	147.5
5.22	-8.001	51.139	152.6
5.23	-8.002	51.139	152.3
5.24	-8.002	51.139	120.2
5.25	-8.003	51.131	94.3
5.26	-8.004	50.986	41.6
5.27	-8.006	48.161	7.9
5.28	-8.006	37.486	-42.6
5.29	-8.008	19.539	-54.5
5.3	-8.009	0.450	-70.6
5.31	-8.012	-16.713	-67.5
5.32	-8.016	-31.466	-72.5
5.33	-8.017	-42.830	-71.2
5.34	-8.016	-49.156	-77.8
5.35	-8.015	-50.986	-64.0
5.36	-8.016	-51.134	-78.6
5.37	-8.016	-51.141	-55.9
5.38	-8.016	-51.141	-66.9
5.39	-8.014	-51.141	-72.1
5.4	-8.012	-51.141	-69.4
5.41	-8.011	-51.141	-62.4
5.42	-8.011	-51.141	-70.9
5.43	-8.012	-51.139	-52.3
5.44	-8.014	-51.133	-76.3
5.45	-8.016	-50.650	-64.0
5.46	-8.018	-47.328	-58.2
5.47	-8.019	-39.283	-60.0
5.48	-8.019	-28.297	-65.0
5.49	-8.019	-16.803	-69.3
5.5	-8.018	-5.986	-64.4
5.51	-8.015	3.206	-60.0
5.52	-8.014	10.117	-61.3
5.53	-8.012	14.311	-42.7
5.54	-8.012	15.553	-77.7
5.55	-8.012	14.022	-53.9
5.56	-8.012	10.208	-59.5
5.57	-8.011	4.695	-51.8
5.58	-8.011	-1.802	-61.3
5.59	-8.010	-8.628	-56.5
5.6	-8.008	-15.345	-51.7
5.61	-8.006	-21.686	-51.2
5.62	-8.005	-27.516	-56.5
5.63	-8.007	-32.727	-38.1
5.64	-8.009	-37.245	-56.4
5.65	-8.011	-40.995	-50.7
5.66	-8.012	-43.800	-55.1
5.67	-8.012	-45.577	-46.6
5.68	-8.013	-46.423	-43.6
5.69	-8.014	-46.547	-41.7
5.7	-8.014	-46.286	-52.7
5.71	-8.014	-45.888	-36.6
5.72	-8.015	-45.344	-45.3
5.73	-8.015	-44.619	-33.0
5.74	-8.016	-43.758	-36.2
5.75	-8.017	-42.833	-13.8
5.76	-8.019	-41.877	-22.8
5.77	-8.021	-40.878	-17.6
5.78	-8.023	-39.828	-15.3
5.79	-8.026	-38.708	-30.0
5.8	-8.029	-37.450	-51.7
5.81	-8.032	-36.106	-45.6
5.82	-8.035	-34.853	-70.4
5.83	-8.038	-33.714	-38.5
5.84	-8.040	-32.661	-38.3
5.85	-8.041	-31.748	-61.6
5.86	-8.043	-30.852	-40.4
5.87	-8.046	-29.813	-12.0
5.88	-8.050	-28.730	-82.2
5.89	-8.049	-27.661	105.9
5.9	-8.044	-26.488	207.5
5.91	-8.037	-25.144	243.3
5.92	-8.036	-23.775	161.9
5.93	-8.037	-22.800	-85.5
5.94	-8.039	-22.564	-58.1
5.95	-8.044	-23.017	-36.4
5.96	-8.048	-23.788	-57.3
5.97	-8.048	-24.394	-20.3
5.98	-8.044	-24.655	-39.3
5.99	-8.037	-24.809	-32.2
6.0	-8.032	-25.152	-47.2
6.01	-8.027	-25.825	-28.7
6.02	-8.024	-26.806	-19.9
6.03	-8.020	-27.677	-14.0
6.04	-8.016	-27.080	-14.2
6.05	-8.012	-21.867	-1.2
6.06	-8.007	-6.534	6.1
6.07	-8.002	19.617	37.6
6.08	-8.000	42.186	48.5
6.09	-7.998	50.359	87.6
6.1	-7.998	51.106	87.5
6.11	-7.999	51.139	125.6
6.12	-8.000	51.139	154.5
6.13	-8.001	51.139	175.3
6.14	-8.004	51.139	163.3
6.15	-8.006	51.139	166.9
6.16	-8.008	51.136	124.9
6.17	-8.011	51.116	79.7
6.18	-8.014	50.030	19.6
6.19	-8.018	43.052	-8.1
6.2	-8.022	27.248	-39.0
6.21	-8.026	7.630	-61.5
6.22	-8.033	-10.667	-76.9
6.23	-8.041	-26.517	-65.6
6.24	-8.051	-39.394	-87.3
6.25	-8.059	-47.667	-86.5
6.26	-8.065	-50.733	-84.6
6.27	-8.069	-51.134	-65.5
6.28	-8.073	-51.139	-84.0
6.29	-8.077	-51.141	-78.7
6.3	-8.079	-51.141	-76.5
6.31	-8.079	-51.141	-56.1
6.32	-8.080	-51.141	-66.5
6.33	-8.083	-51.141	-66.2
6.34	-8.088	-51.141	-67.2
6.35	-8.093	-51.134	-59.8
6.36	-8.101	-50.939	-71.5
6.37	-8.109	-48.839	-61.6
6.38	-8.117	-42.259	-58.0
6.39	-8.126	-31.933	-42.4
6.4	-8.133	-20.738	-58.8
6.41	-8.138	-10.025	-54.2
6.42	-8.142	-0.417	-54.4
6.43	-8.145	7.273	-45.4
6.44	-8.149	12.325	-67.2
6.45	-8.154	14.438	-48.8
6.46	-8.162	13.739	-53.7
6.47	-8.173	10.675	-55.9
6.48	-8.186	5.822	-54.6
6.49	-8.199	-0.189	-43.4
6.5	-8.214	-6.739	-59.3
6.51	-8.229	-13.422	-33.1
6.52	-8.245	-19.908	-56.6
6.53	-8.262	-25.888	-52.7
6.54	-8.279	-31.263	-45.2
6.55	-8.299	-36.025	-43.0
6.56	-8.319	-40.089	-56.7
6.57	-8.341	-43.316	-27.9
6.58	-8.363	-45.617	-30.0
6.59	-8.384	-47.047	-37.9
6.6	-8.406	-47.722	-35.8
6.61	-8.426	-47.831	-22.3
6.62	-8.446	-47.595	-39.6
6.63	-8.465	-47.119	-27.3
6.64	-8.484	-46.463	-7.0
6.65	-8.504	-45.688	-10.0
6.66	-8.524	-44.772	-20.4
6.67	-8.544	-43.728	5.5
6.68	-8.565	-42.580	-13.6
6.69	-8.586	-41.239	-29.7
6.7	-8.606	-39.728	-47.8
6.71	-8.626	-38.206	-34.5
6.72	-8.646	-36.686	-42.9
6.73	-8.667	-35.200	-35.1
6.74	-8.688	-33.886	-38.7
6.75	-8.709	-32.783	-45.4
6.76	-8.732	-31.845	-14.4
6.77	-8.757	-30.923	-44.6
6.78	-8.780	-29.834	20.8
6.79	-8.799	-28.588	211.7
6.8	-8.815	-27.220	212.7
6.81	-8.833	-25.667	174.7
6.82	-8.855	-24.209	-30.5
6.83	-8.877	-23.517	-58.6
6.84	-8.900	-23.797	-30.8
6.85	-8.924	-24.489	-31.4
6.86	-8.947	-24.952	-21.2
6.87	-8.964	-25.006	-29.1
6.88	-8.974	-24.816	-23.7
6.89	-8.981	-24.738	0.7
6.9	-8.986	-25.169	-21.7
6.91	-8.991	-26.192	-15.9
6.92	-8.996	-27.577	-7.1
6.93	-9.000	-28.764	8.9
6.94	-9.006	-28.530	10.6
6.95	-9.013	-24.109	29.5
6.96	-9.021	-10.091	39.7
6.97	-9.030	15.663	57.0
6.98	-9.039	39.966	75.7
6.99	-9.049	49.942	106.2
7.0	-9.059	51.111	116.5
7.01	-9.069	51.139	159.6
7.02	-9.079	51.139	160.6
7.03	-9.089	51.139	170.3
7.04	-9.100	51.139	176.6
7.05	-9.111	51.139	128.5
7.06	-9.122	51.134	66.3
7.07	-9.132	51.080	55.4
7.08	-9.142	49.419	-15.8
7.09	-9.151	40.722	-25.5
7.1	-9.162	22.925	-55.3
7.11	-9.174	1.909	-55.3
7.12	-9.189	-17.548	-51.9
7.13	-9.205	-34.167	-64.0
7.14	-9.219	-45.622	-72.3
7.15	-9.232	-50.366	-51.9
7.16	-9.246	-51.120	-75.9
7.17	-9.259	-51.139	-70.1
7.18	-9.271	-51.141	-59.7
7.19	-9.283	-51.141	-58.2
7.2	-9.294	-51.141	-74.5
7.21	-9.305	-51.141	-52.1
7.22	-9.318	-51.141	-61.8
7.23	-9.329	-51.141	-58.2
7.24	-9.341	-51.139	-51.6
7.25	-9.352	-51.133	-43.3
7.26	-9.363	-50.622	-56.7
7.27	-9.374	-46.875	-48.6
7.28	-9.386	-37.391	-51.6
7.29	-9.396	-24.211	-37.9
7.3	-9.406	-10.603	-52.0
7.31	-9.416	2.089	-40.8
7.32	-9.424	12.880	-51.5
7.33	-9.432	20.775	-49.5
7.34	-9.440	25.270	-54.1
7.35	-9.448	26.320	-39.7
7.36	-9.457	24.095	-52.4
7.37	-9.466	19.077	-36.5
7.38	-9.475	12.020	-49.3
7.39	-9.482	3.788	-44.6
7.4	-9.490	-4.747	-40.4
7.41	-9.497	-12.895	-29.8
7.42	-9.504	-20.331	-42.6
7.43	-9.513	-26.978	-34.2
7.44	-9.522	-32.833	-38.3
7.45	-9.531	-37.870	-32.5
7.46	-9.542	-42.072	-36.4
7.47	-9.553	-45.423	-20.8
7.48	-9.563	-47.847	-28.1
7.49	-9.572	-49.284	-27.2
7.5	-9.581	-49.764	-18.2
7.51	-9.589	-49.452	-2.9
7.52	-9.599	-48.598	-19.7
7.53	-9.609	-47.420	-1.8
7.54	-9.619	-46.083	-10.8
7.55	-9.630	-44.695	-14.2
7.56	-9.639	-43.333	-42.2
7.57	-9.649	-41.988	-38.4
7.58	-9.661	-40.523	-38.6
7.59	-9.674	-38.911	-29.8
7.6	-9.690	-37.241	-22.7
7.61	-9.706	-35.598	-36.3
7.62	-9.718	-34.013	-39.6
7.63	-9.729	-32.506	3.4
7.64	-9.739	-31.123	-68.0
7.65	-9.746	-29.828	103.0
7.66	-9.748	-28.606	185.3
7.67	-9.750	-27.398	148.2
7.68	-9.756	-25.817	43.6
7.69	-9.769	-23.881	-82.6
7.7	-9.785	-22.370	-24.4
7.71	-9.802	-21.744	-16.2
7.72	-9.818	-21.708	-39.2
7.73	-9.826	-21.780	-18.5
7.74	-9.824	-21.773	-30.6
7.75	-9.812	-21.847	-8.8
7.76	-9.796	-22.278	-17.4
7.77	-9.784	-23.338	0.8
7.78	-9.777	-24.964	-0.7
7.79	-9.772	-26.723	4.4
7.8	-9.769	-28.180	13.4
7.81	-9.764	-28.533	29.5
7.82	-9.760	-25.522	27.8
7.83	-9.754	-14.395	65.4
7.84	-9.748	8.916	60.6
7.85	-9.741	35.155	87.0
7.86	-9.735	48.759	115.2
7.87	-9.729	51.083	137.4
7.88	-9.726	51.131	147.0
7.89	-9.724	51.139	171.0
7.9	-9.723	51.139	165.4
7.91	-9.724	51.139	159.9
7.92	-9.723	51.139	100.8
7.93	-9.723	51.133	64.8
7.94	-9.721	51.002	20.4
7.95	-9.720	48.269	-8.6
7.96	-9.722	37.194	-37.1
7.97	-9.729	17.573	-51.3
7.98	-9.739	-3.927	-77.3
7.99	-9.746	-23.280	-59.9
8.0	-9.747	-38.911	-73.0
8.01	-9.744	-48.088	-63.2
8.02	-9.742	-50.884	-66.6
8.03	-9.738	-51.133	-59.5
8.04	-9.731	-51.141	-64.7
8.05	-9.721	-51.141	-54.9
8.06	-9.709	-51.141	-60.4
8.07	-9.694	-51.141	-60.0
8.08	-9.677	-51.141	-70.1
8.09	-9.659	-51.141	-48.3
8.1	-9.643	-51.141	-48.1
8.11	-9.627	-51.134	-42.8
8.12	-9.609	-51.028	-49.4
8.13	-9.588	-49.050	-32.5
8.14	-9.566	-41.408	-62.7
8.15	-9.543	-27.834	-25.6
8.16	-9.517	-12.114	-43.3
8.17	-9.491	3.108	-68.2
8.18	-9.465	16.502	-54.6
8.19	-9.439	26.989	-43.5
8.2	-9.414	33.769	-56.4
8.21	-9.390	36.486	-41.3
8.22	-9.364	35.380	-46.6
8.23	-9.339	30.984	-42.6
8.24	-9.314	24.045	-54.8
8.25	-9.286	15.461	-48.5
8.26	-9.258	5.977	-59.6
8.27	-9.229	-3.756	-45.0
8.28	-9.199	-13.136	-54.4
8.29	-9.171	-21.747	-34.6
8.3	-9.146	-29.380	-41.6
8.31	-9.124	-35.908	-32.1
8.32	-9.103	-41.214	-23.1
8.33	-9.084	-45.334	-16.8
8.34	-9.067	-48.344	-11.7
8.35	-9.051	-50.197	-4.7
8.36	-9.036	-50.939	-34.4
8.37	-9.021	-50.828	-16.9
8.38	-9.004	-49.925	-47.3
8.39	-8.989	-48.341	-70.8
8.4	-8.973	-46.544	-58.9
8.41	-8.957	-44.872	-40.4
8.42	-8.941	-43.338	-53.7
8.43	-8.923	-41.806	-56.1
8.44	-8.906	-40.195	-19.5
8.45	-8.893	-38.492	-22.8
8.46	-8.879	-36.584	-87.7
8.47	-8.861	-34.402	127.0
8.48	-8.839	-32.067	170.8
8.49	-8.816	-29.761	143.6
8.5	-8.797	-27.628	25.5
8.51	-8.784	-25.795	-110.8
8.52	-8.775	-24.431	-38.5
8.53	-8.767	-23.627	-34.3
8.54	-8.758	-23.119	-45.2
8.55	-8.744	-22.588	-23.7
8.56	-8.723	-22.167	-34.2
8.57	-8.697	-22.197	-25.6
8.58	-8.669	-22.792	-28.9
8.59	-8.644	-23.923	-11.8
8.6	-8.619	-25.464	-24.1
8.61	-8.595	-27.038	-5.8
8.62	-8.570	-27.966	-4.9
8.63	-8.544	-26.783	21.5
8.64	-8.519	-20.111	7.3
8.65	-8.495	-2.645	37.6
8.66	-8.473	23.969	54.2
8.67	-8.451	44.369	77.3
8.68	-8.432	50.714	92.0
8.69	-8.416	51.117	123.9
8.7	-8.401	51.139	136.6
8.71	-8.387	51.139	157.4
8.72	-8.375	51.139	146.0
8.73	-8.364	51.139	137.5
8.74	-8.352	51.139	72.8
8.75	-8.341	51.125	38.2
8.76	-8.329	50.822	0.6
8.77	-8.316	46.861	-30.6
8.78	-8.305	33.902	-67.5
8.79	-8.295	13.819	-66.3
8.8	-8.286	-6.778	-75.4
8.81	-8.277	-25.069	-64.8
8.82	-8.268	-39.752	-87.7
8.83	-8.257	-48.313	-70.1
8.84	-8.246	-50.905	-69.0
8.85	-8.236	-51.134	-57.7
8.86	-8.224	-51.141	-70.3
8.87	-8.211	-51.141	-71.9
8.88	-8.197	-51.141	-81.3
8.89	-8.186	-51.141	-66.5
8.9	-8.176	-51.141	-65.1
8.91	-8.167	-51.141	-62.7
8.92	-8.158	-51.141	-72.3
8.93	-8.150	-51.133	-46.4
8.94	-8.143	-50.933	-64.5
8.95	-8.136	-48.506	-52.7
8.96	-8.129	-40.536	-47.0
8.97	-8.121	-27.850	-51.9
8.98	-8.114	-14.311	-69.4
8.99	-8.106	-1.914	-48.3
9.0	-8.099	8.505	-70.4
9.01	-8.093	16.197	-58.7
9.02	-8.088	20.703	-57.6
9.03	-8.081	21.945	-56.6
9.04	-8.074	20.186	-55.7
9.05	-8.068	16.023	-56.1
9.06	-8.062	10.175	-57.8
9.07	-8.056	3.211	-41.4
9.08	-8.051	-4.333	-60.5
9.09	-8.046	-11.883	-45.7
9.1	-8.041	-19.008	-68.5
9.11	-8.037	-25.483	-47.5
9.12	-8.034	-31.194	-56.9
9.13	-8.031	-36.061	-47.3
9.14	-8.029	-39.995	-54.9
9.15	-8.027	-42.941	-41.9
9.16	-8.025	-44.942	-46.1
9.17	-8.024	-46.092	-43.5
9.18	-8.025	-46.511	-42.3
9.19	-8.026	-46.372	-17.5
9.2	-8.026	-45.853	-22.8
9.21	-8.027	-45.177	-13.0
9.22	-8.027	-44.525	-23.0
9.23	-8.028	-43.823	-15.9
9.24	-8.028	-42.913	-43.4
9.25	-8.028	-41.794	-56.5
9.26	-8.029	-40.559	-56.1
9.27	-8.031	-39.306	-44.1
9.28	-8.031	-38.075	-59.4
9.29	-8.031	-36.855	-32.5
9.3	-8.031	-35.680	-76.0
9.31	-8.032	-34.513	-19.9
9.32	-8.034	-33.220	-37.3
9.33	-8.034	-31.769	-16.6
9.34	-8.028	-30.169	166.1
9.35	-8.019	-28.489	169.3
9.36	-8.014	-26.880	155.0
9.37	-8.013	-25.472	11.8
9.38	-8.015	-24.456	-97.5
9.39	-8.021	-24.014	-19.7
9.4	-8.027	-23.998	-64.6
9.41	-8.029	-24.077	-26.2
9.42	-8.024	-24.109	-42.4
9.43	-8.014	-24.102	-42.9
9.44	-8.002	-24.170	-26.7
9.45	-7.993	-24.530	-30.4
9.46	-7.985	-25.195	-17.5
9.47	-7.975	-25.880	6.6
9.48	-7.964	-25.775	-33.1
9.49	-7.956	-22.588	-2.1
9.5	-7.948	-11.250	2.3
9.51	-7.939	12.155	28.9
9.52	-7.931	37.281	36.5
9.53	-7.925	49.327	56.2
9.54	-7.920	51.108	74.0
9.55	-7.916	51.134	104.5
9.56	-7.913	51.139	117.5
9.57	-7.910	51.139	154.3
9.58	-7.908	51.139	152.0
9.59	-7.907	51.139	164.3
9.6	-7.906	51.139	125.8
9.61	-7.906	51.125	95.3
9.62	-7.906	50.738	42.0
9.63	-7.906	46.491	-6.8
9.64	-7.905	33.600	-50.4
9.65	-7.905	14.478	-51.1
9.66	-7.906	-4.717	-76.4
9.67	-7.908	-21.552	-81.2
9.68	-7.909	-35.381	-80.2
9.69	-7.908	-45.177	-71.6
9.7	-7.906	-49.953	-88.3
9.71	-7.905	-51.081	-75.7
9.72	-7.906	-51.138	-77.3
9.73	-7.907	-51.141	-52.0
9.74	-7.908	-51.141	-71.0
9.75	-7.907	-51.141	-72.3
9.76	-7.905	-51.141	-72.0
9.77	-7.904	-51.141	-59.6
9.78	-7.904	-51.141	-76.6
9.79	-7.906	-51.138	-61.0
9.8	-7.907	-51.080	-74.4
9.81	-7.910	-49.866	-58.9
9.82	-7.912	-44.888	-69.0
9.83	-7.914	-35.727	-63.4
9.84	-7.916	-24.898	-61.9
9.85	-7.918	-14.222	-54.5
9.86	-7.918	-4.531	-62.9
9.87	-7.918	3.409	-50.1
9.88	-7.918	8.983	-62.8
9.89	-7.918	11.848	-49.8
9.9	-7.917	11.944	-57.5
9.91	-7.918	9.552	-51.5
9.92	-7.918	5.263	-65.6
9.93	-7.919	-0.253	-48.4
9.94	-7.920	-6.375	-53.5
9.95	-7.921	-12.608	-51.7
9.96	-7.921	-18.753	-57.0
9.97	-7.922	-24.725	-61.7
9.98	-7.923	-30.264	-64.5
9.99	-7.924	-35.119	-44.6
10.0	-7.924	-39.123	-59.9
10.01	-7.925	-42.095	-41.1
10.02	-7.926	-44.008	-50.3
10.03	-7.926	-45.095	-46.8
10.04	-7.926	-45.650	-38.6
10.05	-7.926	-45.738	-17.6
10.06	-7.928	-45.322	-21.2
10.07	-7.930	-44.534	-11.8
10.08	-7.933	-43.563	-29.3
10.09	-7.936	-42.545	-14.7
10.1	-7.940	-41.592	-54.9
10.11	-7.942	-40.689	-50.0
10.12	-7.945	-39.750	-61.5
10.13	-7.947	-38.784	-61.3
10.14	-7.950	-37.823	-60.3
10.15	-7.951	-36.895	-41.9
10.16	-7.953	-36.002	-66.3
10.17	-7.956	-35.075	-3.5
10.18	-7.959	-34.086	-69.1
10.19	-7.961	-33.045	15.3
10.2	-7.958	-31.881	213.4
10.21	-7.953	-30.466	227.7
10.22	-7.950	-28.780	212.5
10.23	-7.952	-27.066	-13.5
10.24	-7.956	-25.694	-97.9
10.25	-7.962	-24.914	-9.5
10.26	-7.971	-24.720	-58.9
10.27	-7.978	-24.866	-34.5
10.28	-7.978	-25.080	-49.9
10.29	-7.973	-25.327	-36.5
10.3	-7.967	-25.828	-37.3
10.31	-7.963	-26.658	-25.4
10.32	-7.961	-27.516	-17.9
10.33	-7.959	-28.128	10.7
10.34	-7.958	-27.930	-27.5
10.35	-7.957	-24.919	3.2
10.36	-7.957	-14.570	14.0
10.37	-7.959	7.727	14.8
10.38	-7.960	33.977	38.9
10.39	-7.962	48.345	65.7
10.4	-7.964	51.053	80.0
10.41	-7.968	51.130	133.0
10.42	-7.971	51.139	148.1
10.43	-7.974	51.139	177.3
10.44	-7.977	51.139	170.0
10.45	-7.981	51.139	161.9
10.46	-7.983	51.136	130.9
10.47	-7.984	51.109	98.1
10.48	-7.986	49.941	24.9
10.49	-7.988	42.828	-1.1
10.5	-7.990	27.167	-43.0
10.51	-7.994	8.066	-55.1
10.52	-8.000	-9.634	-74.8
10.53	-8.011	-24.994	-75.6
10.54	-8.023	-37.648	-84.8
10.55	-8.035	-46.406	-73.3
10.56	-8.045	-50.327	-64.5
10.57	-8.055	-51.109	-68.6
10.58	-8.065	-51.139	-90.8
10.59	-8.076	-51.141	-57.6
10.6	-8.085	-51.141	-80.2
10.61	-8.094	-51.141	-65.1
10.62	-8.103	-51.141	-72.7
10.63	-8.114	-51.141	-63.4
10.64	-8.128	-51.141	-61.0
10.65	-8.144	-51.136	-51.2
10.66	-8.161	-51.038	-55.1
10.67	-8.181	-49.489	-46.9
10.68	-8.201	-43.853	-64.2
10.69	-8.220	-34.267	-58.1
10.7	-8.239	-23.427	-60.8
10.71	-8.257	-12.867	-53.7
10.72	-8.274	-3.416	-59.6
10.73	-8.289	4.084	-44.5
10.74	-8.303	9.041	-59.0
10.75	-8.317	11.242	-42.3
10.76	-8.331	10.881	-62.1
10.77	-8.345	8.289	-41.6
10.78	-8.359	3.906	-42.0
10.79	-8.374	-1.663	-47.2
10.8	-8.388	-7.845	-61.8
10.81	-8.402	-14.119	-39.4
10.82	-8.414	-20.066	-47.9
10.83	-8.428	-25.491	-44.0
10.84	-8.440	-30.303	-48.9
10.85	-8.453	-34.397	-40.2
10.86	-8.466	-37.664	-47.4
10.87	-8.479	-40.147	-37.0
10.88	-8.494	-41.989	-41.6
10.89	-8.509	-43.281	-26.5
10.9	-8.526	-44.069	-47.5
10.91	-8.543	-44.463	-16.9
10.92	-8.561	-44.561	-6.6
10.93	-8.579	-44.397	-5.4
10.94	-8.597	-44.045	-13.7
10.95	-8.614	-43.608	3.8
10.96	-8.633	-43.088	-30.5
10.97	-8.651	-42.427	-32.3
10.98	-8.668	-41.595	-50.1
10.99	-8.684	-40.609	-48.2
11.0	-8.699	-39.519	-54.2
11.01	-8.714	-38.342	-33.5
11.02	-8.728	-37.069	-44.2
11.03	-8.742	-35.703	-30.0
11.04	-8.759	-34.273	-4.6
11.05	-8.778	-32.811	-52.5
11.06	-8.794	-31.313	68.8
11.07	-8.806	-29.797	208.8
11.08	-8.814	-28.214	185.8
11.09	-8.826	-26.533	156.1
11.1	-8.842	-25.033	-67.2
11.11	-8.859	-24.131	-45.0
11.12	-8.879	-23.969	-7.8
11.13	-8.900	-24.230	-30.2
11.14	-8.919	-24.466	-26.9
11.15	-8.932	-24.577	-16.2
11.16	-8.939	-24.775	-21.1
11.17	-8.944	-25.283	-11.1
11.18	-8.949	-26.195	-14.6
11.19	-8.956	-27.377	-4.7
11.2	-8.964	-28.458	4.7
11.21	-8.974	-28.873	19.6
11.22	-8.986	-27.263	-2.1
11.23	-9.000	-19.959	31.4
11.24	-9.014	-1.156	43.1
11.25	-9.029	26.145	70.4
11.26	-9.044	45.489	70.5
11.27	-9.059	50.850	101.6
11.28	-9.073	51.123	132.1
11.29	-9.087	51.139	159.1
11.3	-9.101	51.139	156.2
11.31	-9.117	51.139	175.8
11.32	-9.133	51.139	144.5
11.33	-9.148	51.134	125.3
11.34	-9.162	51.092	64.6
11.35	-9.174	49.702	36.4
11.36	-9.185	42.123	-3.1
11.37	-9.196	26.231	-23.5
11.38	-9.207	7.180	-45.4
11.39	-9.221	-10.675	-56.0
11.4	-9.236	-26.631	-71.1
11.41	-9.251	-39.897	-55.2
11.42	-9.265	-48.134	-72.2
11.43	-9.278	-50.859	-53.0
11.44	-9.293	-51.134	-66.3
11.45	-9.307	-51.141	-53.5
11.46	-9.320	-51.141	-67.5
11.47	-9.333	-51.141	-59.6
11.48	-9.345	-51.141	-53.8
11.49	-9.356	-51.141	-47.0
11.5	-9.366	-51.141	-53.9
11.51	-9.376	-51.139	-42.1
11.52	-9.387	-51.128	-58.7
11.53	-9.398	-50.563	-34.6
11.54	-9.409	-46.852	-36.7
11.55	-9.421	-38.131	-45.1
11.56	-9.434	-26.548	-56.0
11.57	-9.447	-14.731	-29.2
11.58	-9.458	-3.748	-40.0
11.59	-9.466	5.570	-40.3
11.6	-9.473	12.536	-41.8
11.61	-9.479	16.698	-34.2
11.62	-9.486	17.895	-45.8
11.63	-9.494	16.345	-22.8
11.64	-9.504	12.455	-46.1
11.65	-9.514	6.722	-43.4
11.66	-9.525	-0.177	-49.4
11.67	-9.536	-7.448	-34.4
11.68	-9.549	-14.411	-45.5
11.69	-9.561	-20.673	-24.5
11.7	-9.573	-26.164	-38.4
11.71	-9.584	-30.972	-40.6
11.72	-9.594	-35.119	-46.6
11.73	-9.606	-38.584	-25.5
11.74	-9.617	-41.286	-36.1
11.75	-9.630	-43.100	-13.2
11.76	-9.644	-44.059	-6.8
11.77	-9.659	-44.330	-9.5
11.78	-9.674	-44.123	-20.2
11.79	-9.688	-43.578	9.1
11.8	-9.701	-42.723	1.1
11.81	-9.713	-41.716	-24.9
11.82	-9.721	-40.744	-56.9
11.83	-9.731	-39.792	-33.5
11.84	-9.741	-38.742	-37.6
11.85	-9.750	-37.580	-39.9
11.86	-9.758	-36.419	-39.0
11.87	-9.766	-35.223	-33.6
11.88	-9.774	-33.873	-12.0
11.89	-9.786	-32.414	-16.3
11.9	-9.794	-30.839	-28.9
11.91	-9.798	-29.100	172.3
11.92	-9.798	-27.333	164.2
11.93	-9.800	-25.720	162.1
11.94	-9.809	-24.380	14.1
11.95	-9.824	-23.464	-91.8
11.96	-9.838	-23.055	-2.1
11.97	-9.851	-23.008	-21.4
11.98	-9.863	-23.042	-23.3
11.99	-9.866	-23.111	-3.6
12.0	-9.861	-23.388	-26.9
12.01	-9.847	-23.961	1.5
12.02	-9.831	-24.814	-10.4
12.03	-9.819	-25.916	4.6
12.04	-9.810	-27.242	8.3
12.05	-9.804	-28.686	23.7
12.06	-9.799	-29.648	8.2
12.07	-9.796	-28.589	33.8
12.08	-9.791	-22.123	41.9
12.09	-9.787	-4.936	56.1
12.1	-9.783	21.909	65.6
12.11	-9.777	43.361	107.4
12.12	-9.770	50.541	118.1
12.13	-9.761	51.111	149.8
12.14	-9.752	51.139	156.3
12.15	-9.744	51.139	181.7
12.16	-9.737	51.139	171.5
12.17	-9.731	51.139	143.4
12.18	-9.726	51.125	88.2
12.19	-9.721	50.806	62.4
12.2	-9.716	46.963	12.0
12.21	-9.711	34.708	-14.0
12.22	-9.709	15.988	-42.2
12.23	-9.713	-3.108	-43.8
12.24	-9.721	-20.219	-63.5
12.25	-9.727	-34.869	-48.0
12.26	-9.728	-45.392	-65.3
12.27	-9.730	-50.180	-54.0
12.28	-9.734	-51.106	-56.9
12.29	-9.736	-51.139	-61.5
12.3	-9.734	-51.141	-54.9
12.31	-9.731	-51.141	-49.8
12.32	-9.726	-51.141	-75.5
12.33	-9.721	-51.141	-35.3
12.34	-9.716	-51.141	-54.1
12.35	-9.711	-51.139	-41.9
12.36	-9.707	-51.133	-54.1
12.37	-9.704	-50.664	-41.2
12.38	-9.701	-47.238	-53.4
12.39	-9.697	-38.578	-44.0
12.4	-9.694	-26.347	-43.5
12.41	-9.690	-13.339	-29.6
12.42	-9.686	-0.900	-40.6
12.43	-9.681	10.078	-46.0
12.44	-9.675	18.678	-48.3
12.45	-9.669	24.066	-31.6
12.46	-9.662	25.919	-43.6
12.47	-9.655	24.606	-39.0
12.48	-9.647	20.792	-54.5
12.49	-9.639	15.014	-35.3
12.5	-9.629	7.869	-51.5
12.51	-9.618	0.119	-32.3
12.52	-9.607	-7.591	-24.7
12.53	-9.598	-14.836	-45.0
12.54	-9.589	-21.348	-44.1
12.55	-9.583	-27.022	-14.1
12.56	-9.578	-31.909	-30.9
12.57	-9.572	-36.013	3.1
12.58	-9.564	-39.227	-13.9
12.59	-9.554	-41.580	-16.8
12.6	-9.542	-43.125	-16.9
12.61	-9.527	-43.780	-2.2
12.62	-9.512	-43.580	-32.6
12.63	-9.498	-42.717	-30.3
12.64	-9.484	-41.398	-33.1
12.65	-9.473	-39.941	-39.5
12.66	-9.461	-38.552	-58.2
12.67	-9.449	-37.106	-16.7
12.68	-9.438	-35.448	-55.2
12.69	-9.429	-33.639	-24.3
12.7	-9.423	-31.828	-10.8
12.71	-9.416	-29.947	-50.5
12.72	-9.402	-27.866	114.1
12.73	-9.382	-25.861	188.7
12.74	-9.359	-24.281	138.9
12.75	-9.340	-23.172	34.7
12.76	-9.328	-22.375	-100.6
12.77	-9.318	-21.777	-20.0
12.78	-9.306	-21.397	-33.9
12.79	-9.290	-21.070	-22.3
12.8	-9.269	-20.594	-25.9
12.81	-9.238	-20.147	-16.2
12.82	-9.200	-20.047	-35.6
12.83	-9.158	-20.469	-13.4
12.84	-9.118	-21.358	-15.9
12.85	-9.080	-22.522	5.0
12.86	-9.044	-23.639	3.2
12.87	-9.010	-24.213	15.7
12.88	-8.979	-23.427	18.3
12.89	-8.949	-19.105	36.0
12.9	-8.922	-6.756	41.0
12.91	-8.898	15.980	67.0
12.92	-8.874	38.908	75.5
12.93	-8.853	49.552	104.8
12.94	-8.833	51.113	120.1
12.95	-8.814	51.134	156.0
12.96	-8.796	51.139	155.6
12.97	-8.779	51.139	165.0
12.98	-8.764	51.139	144.5
12.99	-8.748	51.131	106.8
13.0	-8.732	50.984	39.3
13.01	-8.716	48.280	5.5
13.02	-8.701	38.227	-37.3
13.03	-8.689	21.331	-44.9
13.04	-8.680	3.030	-75.2
13.05	-8.672	-13.884	-57.3
13.06	-8.662	-28.677	-71.1
13.07	-8.648	-40.553	-63.1
13.08	-8.632	-48.047	-79.2
13.09	-8.616	-50.788	-70.8
13.1	-8.598	-51.136	-51.1
13.11	-8.578	-51.141	-66.8
13.12	-8.558	-51.141	-82.9
13.13	-8.538	-51.141	-62.7
13.14	-8.521	-51.141	-75.9
13.15	-8.504	-51.141	-52.5
13.16	-8.489	-51.139	-63.0
13.17	-8.476	-51.128	-48.0
13.18	-8.465	-50.566	-67.9
13.19	-8.454	-46.906	-47.4
13.2	-8.443	-38.119	-52.8
13.21	-8.429	-26.219	-47.9
13.22	-8.416	-14.055	-55.8
13.23	-8.401	-2.847	-54.6
13.24	-8.387	6.586	-68.6
13.25	-8.373	13.552	-53.5
13.26	-8.359	17.689	-52.2
13.27	-8.346	18.992	-52.0
13.28	-8.332	17.745	-68.3
13.29	-8.320	14.458	-51.8
13.3	-8.308	9.695	-64.4
13.31	-8.296	3.959	-48.2
13.32	-8.284	-2.330	-62.8
13.33	-8.273	-8.764	-41.2
13.34	-8.262	-14.989	-53.1
13.35	-8.254	-20.809	-38.8
13.36	-8.248	-26.050	-46.3
13.37	-8.241	-30.498	-50.3
13.38	-8.235	-34.014	-55.5
13.39	-8.228	-36.700	-36.8
13.4	-8.220	-38.789	-52.1
13.41	-8.214	-40.255	-38.4
13.42	-8.209	-40.991	-50.6
13.43	-8.205	-41.084	-29.8
13.44	-8.201	-40.600	-38.8
13.45	-8.199	-39.789	-26.7
13.46	-8.196	-39.034	-21.7
13.47	-8.193	-38.364	-17.5
13.48	-8.189	-37.572	-31.6
13.49	-8.186	-36.591	-5.3
13.5	-8.182	-35.519	-29.5
13.51	-8.178	-34.414	-49.0
13.52	-8.174	-33.239	-56.8
13.53	-8.170	-32.095	-46.5
13.54	-8.165	-31.114	-62.9
13.55	-8.159	-30.178	-37.3
13.56	-8.154	-29.113	-59.5
13.57	-8.149	-27.994	-50.3
13.58	-8.145	-26.938	-12.8
13.59	-8.143	-26.027	-63.8
13.6	-8.136	-25.339	52.1
13.61	-8.125	-24.659	184.8
13.62	-8.115	-23.673	189.0
13.63	-8.110	-22.542	159.0
13.64	-8.109	-21.722	-73.4
13.65	-8.111	-21.488	-44.3
13.66	-8.115	-21.863	-31.3
13.67	-8.116	-22.538	-64.0
13.68	-8.109	-22.991	-52.5
13.69	-8.096	-23.005	-35.5
13.7	-8.080	-22.891	-45.5
13.71	-8.064	-23.133	-22.7
13.72	-8.049	-23.831	-30.5
13.73	-8.034	-24.628	-21.3
13.74	-8.019	-24.844	-19.1
13.75	-8.006	-23.017	-8.3
13.76	-7.995	-15.523	-8.4
13.77	-7.985	3.156	9.5
13.78	-7.975	29.131	17.3
13.79	-7.964	46.489	52.1
13.8	-7.953	50.923	48.3
13.81	-7.942	51.128	83.4
13.82	-7.934	51.139	102.8
13.83	-7.926	51.139	140.7
13.84	-7.921	51.139	145.3
13.85	-7.916	51.139	161.6
13.86	-7.913	51.139	141.0
13.87	-7.909	51.128	118.5
13.88	-7.907	50.614	72.8
13.89	-7.905	46.041	35.9
13.9	-7.904	33.580	-20.8
13.91	-7.902	16.366	-33.8
13.92	-7.900	-0.188	-58.1
13.93	-7.900	-14.598	-57.2
13.94	-7.901	-26.761	-69.4
13.95	-7.902	-36.481	-66.6
13.96	-7.901	-43.686	-88.4
13.97	-7.898	-48.328	-69.5
13.98	-7.895	-50.519	-71.0
13.99	-7.891	-51.094	-75.1
14.0	-7.887	-51.139	-76.3
14.01	-7.883	-51.141	-51.4
14.02	-7.879	-51.141	-73.9
14.03	-7.876	-51.141	-57.2
14.04	-7.873	-51.138	-72.7
14.05	-7.871	-51.081	-64.1
14.06	-7.870	-50.070	-65.0
14.07	-7.869	-46.261	-54.7
14.08	-7.868	-39.558	-73.7
14.09	-7.867	-31.606	-68.2
14.1	-7.865	-23.152	-71.6
14.11	-7.864	-14.464	-47.5
14.12	-7.863	-6.247	-57.9
14.13	-7.862	0.772	-44.1
14.14	-7.860	6.013	-64.2
14.15	-7.858	8.945	-61.1
14.16	-7.857	9.397	-54.3
14.17	-7.856	7.838	-45.7
14.18	-7.855	4.819	-63.6
14.19	-7.854	0.531	-48.3
14.2	-7.854	-4.716	-63.5
14.21	-7.854	-10.414	-52.5
14.22	-7.853	-16.158	-60.1
14.23	-7.853	-21.467	-50.0
14.24	-7.851	-25.911	-54.0
14.25	-7.851	-29.558	-45.2
14.26	-7.850	-32.792	-66.0
14.27	-7.851	-35.680	-51.6
14.28	-7.851	-37.850	-51.1
14.29	-7.850	-39.141	-43.9
14.3	-7.850	-39.772	-56.7
14.31	-7.850	-39.939	-36.3
14.32	-7.850	-39.806	-47.3
14.33	-7.851	-39.592	-33.0
14.34	-7.851	-39.314	-26.0
14.35	-7.852	-38.867	-10.8
14.36	-7.853	-38.164	-26.9
14.37	-7.855	-37.261	-6.1
14.38	-7.857	-36.416	-12.5
14.39	-7.858	-35.727	-28.5
14.4	-7.859	-35.117	-61.2
14.41	-7.860	-34.502	-44.0
14.42	-7.861	-33.638	-45.2
14.43	-7.862	-32.428	-42.0
14.44	-7.862	-31.209	-43.9
14.45	-7.862	-30.213	-45.3
14.46	-7.864	-29.445	-29.6
14.47	-7.867	-28.917	-35.9
14.48	-7.869	-28.242	-56.8
14.49	-7.867	-27.058	176.6
14.5	-7.862	-25.614	211.9
14.51	-7.858	-24.170	267.8
14.52	-7.858	-22.963	97.6
14.53	-7.859	-22.409	-93.1
14.54	-7.862	-22.523	-24.7
14.55	-7.868	-22.831	-50.7
14.56	-7.872	-23.008	-37.7
14.57	-7.870	-23.148	-38.9
14.58	-7.863	-23.458	-52.3
14.59	-7.856	-24.067	-18.2
14.6	-7.850	-24.853	-35.3
14.61	-7.846	-25.505	-21.6
14.62	-7.844	-25.880	-16.1
14.63	-7.842	-25.556	-6.9
14.64	-7.840	-22.703	-16.8
14.65	-7.837	-12.783	27.9
14.66	-7.835	8.966	10.0
14.67	-7.834	34.592	33.3
14.68	-7.833	48.500	59.7
14.69	-7.833	51.063	81.1
14.7	-7.833	51.131	105.7
14.71	-7.834	51.139	141.6
14.72	-7.836	51.139	158.3
14.73	-7.839	51.139	187.4
14.74	-7.841	51.139	178.4
14.75	-7.844	51.136	172.0
14.76	-7.847	51.113	104.5
14.77	-7.850	50.084	65.4
14.78	-7.853	43.753	18.5
14.79	-7.856	29.594	-21.1
14.8	-7.859	12.006	-59.2
14.81	-7.861	-4.578	-64.7
14.82	-7.866	-19.100	-77.6
14.83	-7.871	-31.136	-72.5
14.84	-7.876	-40.381	-89.4
14.85	-7.881	-46.653	-69.1
14.86	-7.885	-49.969	-73.3
14.87	-7.890	-51.020	-60.3
14.88	-7.896	-51.139	-80.3
14.89	-7.901	-51.141	-69.8
14.9	-7.906	-51.141	-73.0
14.91	-7.908	-51.141	-46.0
14.92	-7.912	-51.141	-78.5
14.93	-7.916	-51.139	-72.6
14.94	-7.922	-51.100	-61.4
14.95	-7.928	-50.239	-68.9
14.96	-7.935	-46.481	-63.5
14.97	-7.943	-39.278	-56.9
14.98	-7.952	-30.509	-75.8
14.99	-7.961	-21.584	-47.3
15.0	-7.968	-13.042	-71.4
15.01	-7.975	-5.336	-44.5
15.02	-7.980	1.127	-58.7
15.03	-7.986	5.814	-70.8
15.04	-7.992	8.308	-66.0
15.05	-7.999	8.572	-54.2
15.06	-8.009	6.789	-67.5
15.07	-8.019	3.311	-61.0
15.08	-8.030	-1.411	-66.0
15.09	-8.043	-6.914	-40.3
15.1	-8.055	-12.666	-66.0
15.11	-8.069	-18.248	-45.8
15.12	-8.082	-23.573	-35.0
15.13	-8.096	-28.567	-62.6
15.14	-8.109	-33.036	-64.8
15.15	-8.123	-36.834	-45.8
15.16	-8.137	-39.698	-53.3
15.17	-8.151	-41.480	-37.7
15.18	-8.165	-42.480	-58.6
15.19	-8.181	-42.981	-34.9
15.2	-8.198	-43.083	-42.8
15.21	-8.216	-42.977	-26.6
15.22	-8.232	-42.656	-33.8
15.23	-8.248	-41.778	-26.6
15.24	-8.262	-40.309	-23.0
15.25	-8.278	-38.673	-5.9
15.26	-8.294	-37.253	-15.7
15.27	-8.309	-36.186	-12.4
15.28	-8.326	-35.311	-26.2
15.29	-8.341	-34.458	-1.2
15.3	-8.356	-33.536	-12.0
15.31	-8.373	-32.455	-31.8
15.32	-8.390	-31.480	-49.9
15.33	-8.408	-30.886	-34.8
15.34	-8.424	-30.439	-51.9
15.35	-8.439	-29.895	-19.5
15.36	-8.453	-29.302	-42.0
15.37	-8.467	-28.738	-37.3
15.38	-8.483	-28.284	-6.5
15.39	-8.499	-27.920	-64.0
15.4	-8.509	-27.380	74.6
15.41	-8.514	-26.467	245.5
15.42	-8.516	-25.173	242.8
15.43	-8.521	-23.756	188.3
15.44	-8.531	-22.795	-62.6
15.45	-8.542	-22.705	-36.8
15.46	-8.554	-23.297	-11.3
15.47	-8.565	-23.956	-30.6
15.48	-8.570	-24.206	-21.3
15.49	-8.566	-24.059	-34.2
15.5	-8.552	-23.927	-29.8
15.51	-8.533	-24.317	-14.1
15.52	-8.513	-25.273	-23.5
15.53	-8.496	-26.402	5.1
15.54	-8.482	-27.284	-1.5
15.55	-8.473	-27.002	9.9
15.56	-8.467	-23.163	11.5
15.57	-8.467	-10.764	26.5
15.58	-8.473	13.517	30.5
15.59	-8.481	38.344	79.4
15.6	-8.491	49.578	78.5
15.61	-8.502	51.106	102.3
15.62	-8.514	51.136	122.5
15.63	-8.525	51.139	150.5
15.64	-8.536	51.139	162.0
15.65	-8.546	51.139	184.9
15.66	-8.556	51.139	157.5
15.67	-8.565	51.136	133.8
15.68	-8.574	51.075	85.7
15.69	-8.582	49.430	46.3
15.7	-8.592	41.370	12.6
15.71	-8.601	25.238	-25.4
15.72	-8.609	6.272	-65.0
15.73	-8.619	-11.203	-43.8
15.74	-8.633	-26.280	-73.5
15.75	-8.646	-38.608	-64.3
15.76	-8.659	-46.981	-61.1
15.77	-8.671	-50.517	-58.3
15.78	-8.683	-51.122	-63.1
15.79	-8.695	-51.139	-55.6
15.8	-8.707	-51.141	-54.5
15.81	-8.719	-51.141	-38.7
15.82	-8.731	-51.141	-56.9
15.83	-8.743	-51.141	-46.4
15.84	-8.756	-51.141	-58.5
15.85	-8.771	-51.139	-38.3
15.86	-8.787	-51.098	-55.0
15.87	-8.804	-50.119	-52.0
15.88	-8.822	-45.706	-41.8
15.89	-8.841	-37.167	-39.0
15.9	-8.859	-26.819	-51.6
15.91	-8.874	-16.414	-32.1
15.92	-8.888	-6.641	-51.8
15.93	-8.901	1.781	-40.8
15.94	-8.912	8.155	-47.9
15.95	-8.923	12.013	-41.2
15.96	-8.934	13.339	-53.3
15.97	-8.945	12.372	-35.9
15.98	-8.957	9.275	-48.8
15.99	-8.969	4.419	-36.1
16.0	-8.981	-1.513	-43.5
16.01	-8.993	-7.964	-43.9
16.02	-9.006	-14.416	-46.4
16.03	-9.018	-20.328	-36.8
16.04	-9.031	-25.584	-33.8
16.05	-9.043	-30.281	-30.9
16.06	-9.056	-34.383	-45.4
16.07	-9.068	-37.778	-33.1
16.08	-9.081	-40.342	-47.7
16.09	-9.094	-42.059	-33.4
16.1	-9.107	-42.991	-34.2
16.11	-9.122	-43.263	-23.2
16.12	-9.137	-43.084	-38.1
16.13	-9.152	-42.659	-26.8
16.14	-9.168	-42.147	-33.9
16.15	-9.183	-41.591	0.5
16.16	-9.199	-41.033	-7.6
16.17	-9.217	-40.561	-4.2
16.18	-9.236	-39.923	-9.9
16.19	-9.254	-38.925	5.8
16.2	-9.271	-37.767	-12.2
16.21	-9.285	-36.492	-38.0
16.22	-9.298	-35.142	-45.2
16.23	-9.311	-33.930	-29.4
16.24	-9.324	-32.859	-52.9
16.25	-9.338	-31.914	-26.4
16.26	-9.354	-31.041	-38.3
16.27	-9.371	-30.159	-16.1
16.28	-9.389	-29.334	6.6
16.29	-9.406	-28.470	-56.1
16.3	-9.415	-27.233	90.0
16.31	-9.418	-25.563	207.9
16.32	-9.421	-23.953	167.2
16.33	-9.431	-22.861	102.0
16.34	-9.448	-22.453	-77.7
16.35	-9.467	-22.684	-26.6
16.36	-9.486	-23.108	-18.7
16.37	-9.504	-23.253	-23.7
16.38	-9.514	-23.080	-10.7
16.39	-9.517	-22.966	-9.9
16.4	-9.512	-23.314	-20.1
16.41	-9.504	-24.248	-0.5
16.42	-9.499	-25.680	-12.0
16.43	-9.496	-27.334	18.3
16.44	-9.496	-28.809	0.8
16.45	-9.498	-29.533	1.7
16.46	-9.503	-27.981	43.4
16.47	-9.508	-20.289	25.7
16.48	-9.513	-0.748	23.1
16.49	-9.516	26.881	76.7
16.5	-9.519	45.839	79.8
16.51	-9.523	50.878	115.0
16.52	-9.528	51.125	122.0
16.53	-9.533	51.139	157.8
16.54	-9.539	51.139	152.5
16.55	-9.546	51.139	179.1
16.56	-9.554	51.139	155.6
16.57	-9.561	51.136	108.6
16.58	-9.568	51.120	81.2
16.59	-9.574	50.123	40.2
16.6	-9.579	43.402	-19.5
16.61	-9.585	27.741	-23.3
16.62	-9.593	7.961	-50.7
16.63	-9.604	-10.695	-59.4
16.64	-9.619	-27.086	-59.0
16.65	-9.633	-40.266	-55.9
16.66	-9.644	-48.219	-64.1
16.67	-9.654	-50.853	-44.4
16.68	-9.664	-51.134	-72.4
16.69	-9.674	-51.141	-54.7
16.7	-9.682	-51.141	-50.7
16.71	-9.689	-51.141	-47.1
16.72	-9.694	-51.141	-64.4
16.73	-9.700	-51.141	-42.7
16.74	-9.705	-51.141	-49.9
16.75	-9.712	-51.139	-55.7
16.76	-9.719	-51.125	-52.6
16.77	-9.728	-50.475	-30.2
16.78	-9.737	-46.391	-46.8
16.79	-9.748	-36.948	-49.8
16.8	-9.759	-24.553	-40.2
16.81	-9.768	-11.992	-33.8
16.82	-9.773	-0.178	-58.9
16.83	-9.779	10.005	-35.6
16.84	-9.784	17.681	-49.7
16.85	-9.788	22.489	-50.1
16.86	-9.792	24.122	-56.0
16.87	-9.795	22.488	-45.1
16.88	-9.799	18.259	-39.5
16.89	-9.803	12.220	-49.1
16.9	-9.808	4.916	-66.7
16.91	-9.812	-2.994	-36.5
16.92	-9.816	-10.897	-51.3
16.93	-9.819	-18.366	-24.9
16.94	-9.822	-25.030	-39.4
16.95	-9.826	-30.684	-41.5
16.96	-9.831	-35.347	-31.2
16.97	-9.835	-39.161	-31.8
16.98	-9.839	-42.298	-33.5
16.99	-9.844	-44.723	-24.8
17.0	-9.849	-46.231	-28.0
17.01	-9.855	-46.452	-1.5
17.02	-9.860	-45.258	-16.2
17.03	-9.863	-43.322	-6.2
17.04	-9.866	-41.359	-5.5
17.05	-9.870	-39.725	-15.0
17.06	-9.872	-38.506	-38.6
17.07	-9.872	-37.319	-39.5
17.08	-9.871	-35.969	-52.2
17.09	-9.869	-34.603	-35.1
17.1	-9.866	-33.348	-47.0
17.11	-9.862	-32.303	-46.3
17.12	-9.858	-31.211	-27.8
17.13	-9.854	-29.794	0.6
17.14	-9.849	-28.145	-78.1
17.15	-9.838	-26.839	88.8
17.16	-9.818	-25.747	178.3
17.17	-9.794	-24.341	148.0
17.18	-9.776	-23.278	49.4
17.19	-9.769	-22.564	-99.4
17.2	-9.767	-21.836	-29.3
17.21	-9.762	-21.555	-0.6
17.22	-9.749	-21.375	-52.3
17.23	-9.728	-20.884	-20.7
17.24	-9.693	-20.641	-22.2
17.25	-9.651	-21.039	-13.3
17.26	-9.606	-21.977	-25.6
17.27	-9.567	-23.309	0.3
17.28	-9.531	-24.911	5.0
17.29	-9.500	-26.616	-3.5
17.3	-9.471	-27.944	-5.1
17.31	-9.445	-27.931	25.6
17.32	-9.421	-24.483	23.5
17.33	-9.400	-13.084	46.9
17.34	-9.381	10.075	53.9
17.35	-9.363	35.747	73.5
17.36	-9.346	48.884	94.1
17.37	-9.329	51.088	133.9
17.38	-9.313	51.131	148.8
17.39	-9.296	51.139	152.8
17.4	-9.279	51.139	144.8
17.41	-9.263	51.139	148.4
17.42	-9.244	51.139	106.5
17.43	-9.224	51.125	69.7
17.44	-9.201	50.644	13.3
17.45	-9.179	45.906	-17.5
17.46	-9.162	32.233	-48.3
17.47	-9.151	12.578	-52.8
17.48	-9.144	-6.805	-78.7
17.49	-9.138	-23.972	-67.4
17.5	-9.130	-38.320	-76.3
17.51	-9.120	-47.502	-60.2
17.52	-9.111	-50.748	-65.7
17.53	-9.102	-51.134	-58.6
17.54	-9.090	-51.141	-68.1
17.55	-9.078	-51.141	-69.0
17.56	-9.066	-51.141	-71.4
17.57	-9.053	-51.141	-60.1
17.58	-9.040	-51.141	-65.2
17.59	-9.025	-51.141	-50.7
17.6	-9.011	-51.139	-66.5
17.61	-8.996	-51.131	-53.1
17.62	-8.983	-50.580	-48.8
17.63	-8.969	-46.608	-56.4
17.64	-8.954	-36.706	-58.0
17.65	-8.938	-23.142	-45.3
17.66	-8.920	-9.284	-71.1
17.67	-8.901	3.380	-57.2
17.68	-8.883	13.748	-60.3
17.69	-8.866	20.973	-57.3
17.7	-8.849	24.763	-65.0
17.71	-8.833	25.391	-57.2
17.72	-8.818	23.461	-66.9
17.73	-8.802	19.381	-48.1
17.74	-8.787	13.395	-65.7
17.75	-8.773	6.039	-55.4
17.76	-8.759	-1.950	-52.4
17.77	-8.746	-9.797	-56.9
17.78	-8.734	-16.856	-64.7
17.79	-8.721	-23.045	-50.4
17.8	-8.709	-28.681	-54.6
17.81	-8.698	-33.908	-45.7
17.82	-8.686	-38.528	-62.5
17.83	-8.674	-42.052	-45.2
17.84	-8.662	-44.097	-41.6
17.85	-8.651	-44.792	-46.1
17.86	-8.640	-44.634	-52.0
17.87	-8.631	-44.177	-38.6
17.88	-8.621	-43.639	-36.5
17.89	-8.612	-42.781	-21.9
17.9	-8.604	-41.389	-25.7
17.91	-8.595	-39.856	-10.5
17.92	-8.586	-38.869	-23.8
17.93	-8.578	-38.373	-33.3
17.94	-8.568	-37.711	-63.6
17.95	-8.558	-36.608	-63.0
17.96	-8.546	-35.194	-63.6
17.97	-8.535	-33.664	-63.1
17.98	-8.523	-32.297	-57.1
17.99	-8.511	-31.377	-62.8
18.0	-8.502	-30.870	-38.0
18.01	-8.494	-30.266	-20.0
18.02	-8.486	-29.219	-55.3
18.03	-8.470	-27.855	124.6
18.04	-8.451	-26.303	142.8
18.05	-8.433	-24.806	159.5
18.06	-8.419	-23.677	35.6
18.07	-8.408	-22.922	-102.6
18.08	-8.401	-22.555	-32.1
18.09	-8.393	-22.617	-50.1
18.1	-8.380	-22.833	-59.3
18.11	-8.360	-23.017	-33.0
18.12	-8.334	-23.264	-42.8
18.13	-8.306	-23.536	-32.4
18.14	-8.277	-23.845	-21.8
18.15	-8.251	-24.430	-25.2
18.16	-8.226	-25.188	-45.7
18.17	-8.202	-25.461	-17.1
18.18	-8.180	-23.672	-23.1
18.19	-8.162	-15.856	3.1
18.2	-8.146	3.698	0.7
18.21	-8.133	30.163	22.0
18.22	-8.119	47.009	32.9
18.23	-8.106	50.970	55.4
18.24	-8.094	51.130	73.8
18.25	-8.084	51.139	105.5
18.26	-8.074	51.139	120.3
18.27	-8.066	51.139	119.7
18.28	-8.060	51.139	118.4
18.29	-8.054	51.139	129.4
18.3	-8.049	51.133	77.0
18.31	-8.045	51.003	43.5
18.32	-8.041	48.373	6.4
18.33	-8.037	38.155	-35.5
18.34	-8.033	20.792	-53.3
18.35	-8.029	2.336	-58.8
18.36	-8.027	-14.309	-91.2
18.37	-8.027	-28.813	-68.0
18.38	-8.026	-40.470	-76.6
18.39	-8.024	-47.884	-85.4
18.4	-8.020	-50.714	-77.0
18.41	-8.017	-51.131	-74.4
18.42	-8.014	-51.139	-77.8
18.43	-8.012	-51.141	-60.3
18.44	-8.009	-51.141	-75.5
18.45	-8.005	-51.141	-62.1
18.46	-8.002	-51.141	-78.2
18.47	-7.999	-51.141	-62.9
18.48	-7.998	-51.138	-61.7
18.49	-7.996	-51.073	-63.8
18.5	-7.996	-49.838	-72.6
18.51	-7.994	-44.886	-63.7
18.52	-7.993	-35.773	-59.8
18.53	-7.989	-25.042	-57.1
18.54	-7.985	-14.605	-72.1
18.55	-7.980	-5.228	-50.3
18.56	-7.976	2.377	-58.9
18.57	-7.972	7.820	-55.9
18.58	-7.969	11.078	-56.6
18.59	-7.966	11.961	-47.6
18.6	-7.963	10.398	-66.7
18.61	-7.961	6.641	-53.6
18.62	-7.959	1.180	-68.9
18.63	-7.957	-5.231	-58.8
18.64	-7.954	-11.842	-47.3
18.65	-7.949	-18.083	-56.4
18.66	-7.944	-23.713	-69.3
18.67	-7.939	-28.803	-61.2
18.68	-7.936	-33.295	-58.3
18.69	-7.932	-37.002	-51.8
18.7	-7.928	-39.781	-59.1
18.71	-7.923	-41.616	-53.2
18.72	-7.919	-42.938	-59.6
18.73	-7.916	-43.972	-45.7
18.74	-7.913	-44.419	-61.2
18.75	-7.911	-44.236	-29.3
18.76	-7.910	-43.633	-38.3
18.77	-7.910	-42.945	-42.9
18.78	-7.910	-42.477	-34.5
18.79	-7.911	-42.078	-28.1
18.8	-7.914	-41.406	-25.5
18.81	-7.917	-40.284	-9.2
18.82	-7.919	-38.783	-15.1
18.83	-7.922	-37.145	-39.1
18.84	-7.924	-35.509	-70.7
18.85	-7.925	-33.961	-45.3
18.86	-7.925	-32.575	-58.5
18.87	-7.924	-31.358	-62.7
18.88	-7.923	-30.288	-59.4
18.89	-7.923	-29.442	-67.9
18.9	-7.923	-28.778	-25.1
18.91	-7.926	-28.008	-47.8
18.92	-7.925	-27.006	-11.6
18.93	-7.919	-25.809	185.4
18.94	-7.911	-24.472	193.6
18.95	-7.907	-23.294	220.9
18.96	-7.907	-22.613	4.8
18.97	-7.911	-22.450	-100.2
18.98	-7.916	-22.672	-16.1
18.99	-7.921	-23.102	-58.4
19.0	-7.921	-23.559	-52.7
19.01	-7.916	-24.030	-37.7
19.02	-7.907	-24.616	-56.6
19.03	-7.899	-25.339	-38.3
19.04	-7.892	-26.114	-37.6
19.05	-7.886	-26.750	-28.2
19.06	-7.880	-27.013	-22.9
19.07	-7.873	-26.361	-7.4
19.08	-7.864	-22.291	-11.3
19.09	-7.857	-8.920	2.6
19.1	-7.851	16.244	10.4
19.11	-7.846	40.142	32.4
19.12	-7.842	49.966	53.8
19.13	-7.838	51.111	82.3
19.14	-7.836	51.139	99.5
19.15	-7.833	51.139	138.6
19.16	-7.831	51.139	155.4
19.17	-7.830	51.139	177.8
19.18	-7.829	51.139	160.1
19.19	-7.827	51.136	154.5
19.2	-7.825	51.122	98.7
19.21	-7.824	50.163	41.8
19.22	-7.824	43.617	4.5
19.23	-7.823	28.341	-22.3
19.24	-7.821	9.153	-62.5
19.25	-7.819	-8.730	-73.5
19.26	-7.819	-24.166	-82.0
19.27	-7.821	-36.791	-75.9
19.28	-7.823	-45.750	-77.4
19.29	-7.823	-50.095	-72.6
19.3	-7.823	-51.092	-77.0
19.31	-7.824	-51.139	-65.4
19.32	-7.825	-51.141	-75.6
19.33	-7.826	-51.141	-70.2
19.34	-7.825	-51.141	-69.1
19.35	-7.824	-51.141	-65.2
19.36	-7.823	-51.141	-65.2
19.37	-7.823	-51.141	-57.0
19.38	-7.824	-51.134	-72.1
19.39	-7.826	-50.831	-59.8
19.4	-7.829	-48.356	-67.6
19.41	-7.833	-41.645	-63.2
19.42	-7.836	-31.820	-63.8
19.43	-7.839	-21.308	-55.4
19.44	-7.841	-11.136	-57.4
19.45	-7.843	-2.053	-52.8
19.46	-7.843	5.014	-59.4
19.47	-7.843	9.489	-59.5
19.48	-7.844	11.341	-77.9
19.49	-7.845	10.856	-62.1
19.5	-7.847	8.323	-57.7
19.51	-7.849	4.117	-55.1
19.52	-7.851	-1.217	-59.0
19.53	-7.852	-7.242	-43.6
19.54	-7.854	-13.598	-62.1
19.55	-7.856	-19.764	-62.0
19.56	-7.858	-25.261	-55.5
19.57	-7.860	-30.158	-42.9
19.58	-7.862	-34.594	-62.2
19.59	-7.865	-38.183	-53.2
19.6	-7.868	-40.777	-43.4
19.61	-7.871	-42.663	-45.1
19.62	-7.873	-43.919	-54.2
19.63	-7.876	-44.547	-38.5
19.64	-7.879	-44.738	-43.1
19.65	-7.883	-44.720	-43.9
19.66	-7.888	-44.500	-27.0
19.67	-7.893	-43.905	-12.3
19.68	-7.898	-42.984	-28.7
19.69	-7.904	-41.928	-12.2
19.7	-7.911	-40.766	-19.6
19.71	-7.918	-39.584	-35.5
19.72	-7.923	-38.508	-48.0
19.73	-7.928	-37.423	-57.0
19.74	-7.932	-36.214	-61.3
19.75	-7.935	-35.081	-50.4
19.76	-7.938	-34.198	-44.1
19.77	-7.940	-33.319	-57.4
19.78	-7.944	-32.217	-16.0
19.79	-7.949	-31.011	-24.7
19.8	-7.953	-29.834	-50.0
19.81	-7.951	-28.633	177.6
19.82	-7.946	-27.286	229.0
19.83	-7.942	-25.745	276.9
19.84	-7.944	-24.189	79.1
19.85	-7.951	-23.023	-104.2
19.86	-7.960	-22.636	-22.3
19.87	-7.972	-23.039	-53.0
19.88	-7.984	-23.686	-42.9
19.89	-7.991	-24.095	-34.4
19.9	-7.991	-24.453	-48.4
19.91	-7.984	-25.067	-24.7
19.92	-7.975	-25.952	-26.6
19.93	-7.969	-27.041	-23.5
19.94	-7.964	-28.163	-20.5
19.95	-7.960	-28.794	-4.3
19.96	-7.956	-27.409	-8.4
19.97	-7.954	-20.386	15.0
19.98	-7.952	-2.102	23.4
19.99	-7.950	25.081	44.7
20.0	-7.949	45.013	62.2
20.01	-7.948	50.806	86.4
20.02	-7.948	51.122	111.8
20.03	-7.949	51.139	147.3
20.04	-7.953	51.139	156.8
20.05	-7.958	51.139	176.3
20.06	-7.964	51.139	178.0
20.07	-7.973	51.139	170.9
20.08	-7.982	51.130	112.2
20.09	-7.994	50.952	68.4
20.1	-8.007	47.791	8.9
20.11	-8.021	36.298	-25.7
20.12	-8.034	17.431	-45.2
20.13	-8.047	-2.509	-61.5
20.14	-8.061	-20.450	-76.3
20.15	-8.074	-35.575	-68.7
20.16	-8.087	-45.992	-84.6
20.17	-8.098	-50.378	-81.8
20.18	-8.106	-51.117	-80.8
20.19	-8.116	-51.139	-68.5
20.2	-8.126	-51.141	-74.2
20.21	-8.135	-51.141	-65.3
20.22	-8.144	-51.141	-69.6
20.23	-8.154	-51.141	-67.9
20.24	-8.164	-51.141	-70.5
20.25	-8.175	-51.141	-48.5
20.26	-8.187	-51.138	-51.8
20.27	-8.199	-51.078	-70.9
20.28	-8.213	-49.809	-66.3
20.29	-8.228	-44.495	-53.0
20.3	-8.242	-34.584	-59.0
20.31	-8.257	-23.028	-48.1
20.32	-8.271	-12.059	-49.8
20.33	-8.285	-2.463	-46.3
20.34	-8.298	5.241	-59.7
20.35	-8.310	10.683	-53.0
20.36	-8.322	13.734	-49.4
20.37	-8.334	14.280	-37.4
20.38	-8.348	12.191	-45.9
20.39	-8.361	7.755	-43.4
20.4	-8.376	1.853	-46.1
20.41	-8.391	-4.631	-38.2
20.42	-8.406	-11.241	-41.8
20.43	-8.421	-17.550	-36.5
20.44	-8.436	-23.244	-42.6
20.45	-8.452	-28.384	-33.9
20.46	-8.467	-32.931	-38.8
20.47	-8.483	-36.777	-43.5
20.48	-8.499	-39.989	-40.8
20.49	-8.516	-42.597	-25.2
20.5	-8.533	-44.600	-28.8
20.51	-8.551	-45.867	-6.8
20.52	-8.569	-46.377	-12.6
20.53	-8.588	-46.350	-7.8
20.54	-8.606	-45.873	-1.7
20.55	-8.624	-45.086	1.9
20.56	-8.641	-44.306	-26.8
20.57	-8.658	-43.541	-44.7
20.58	-8.673	-42.616	-26.6
20.59	-8.689	-41.677	-35.2
20.6	-8.706	-40.852	-57.5
20.61	-8.721	-39.917	-31.1
20.62	-8.737	-38.694	-35.3
20.63	-8.753	-37.173	10.3
20.64	-8.770	-35.581	-61.7
20.65	-8.786	-34.219	74.5
20.66	-8.796	-32.853	207.2
20.67	-8.806	-31.195	202.9
20.68	-8.818	-29.383	159.0
20.69	-8.834	-27.605	-72.7
20.7	-8.852	-26.236	-44.9
20.71	-8.870	-25.609	-6.7
20.72	-8.889	-25.531	-56.3
20.73	-8.906	-25.566	-14.3
20.74	-8.918	-25.492	-29.4
20.75	-8.924	-25.452	-13.0
20.76	-8.926	-25.681	-13.0
20.77	-8.928	-26.353	-10.0
20.78	-8.931	-27.552	-10.6
20.79	-8.934	-28.956	13.1
20.8	-8.939	-29.586	4.4
20.81	-8.945	-27.945	28.0
20.82	-8.953	-21.206	26.3
20.83	-8.961	-4.122	30.4
20.84	-8.970	22.620	65.5
20.85	-8.979	43.808	67.0
20.86	-8.988	50.644	87.0
20.87	-8.997	51.114	135.4
20.88	-9.007	51.139	141.6
20.89	-9.018	51.139	173.0
20.9	-9.027	51.139	178.9
20.91	-9.037	51.139	163.5
20.92	-9.047	51.139	125.3
20.93	-9.059	51.131	85.7
20.94	-9.070	50.970	29.8
20.95	-9.082	47.914	-9.5
20.96	-9.094	36.250	-46.0
20.97	-9.107	16.373	-51.4
20.98	-9.123	-4.875	-65.9
20.99	-9.141	-23.753	-69.9
21.0	-9.158	-38.925	-63.8
21.01	-9.172	-47.953	-60.2
21.02	-9.187	-50.842	-66.7
21.03	-9.201	-51.134	-48.7
21.04	-9.216	-51.141	-66.5
21.05	-9.229	-51.141	-60.2
21.06	-9.242	-51.141	-54.5
21.07	-9.256	-51.141	-63.3
21.08	-9.268	-51.141	-70.1
21.09	-9.281	-51.141	-56.2
21.1	-9.295	-51.141	-42.6
21.11	-9.309	-51.134	-47.2
21.12	-9.325	-51.019	-48.0
21.13	-9.341	-49.042	-37.7
21.14	-9.359	-41.802	-48.6
21.15	-9.376	-29.561	-38.7
21.16	-9.388	-15.995	-45.2
21.17	-9.398	-3.266	-40.4
21.18	-9.408	7.691	-51.2
21.19	-9.418	16.077	-42.5
21.2	-9.428	21.203	-60.4
21.21	-9.437	22.991	-30.0
21.22	-9.448	21.847	-36.2
21.23	-9.459	17.492	-50.0
21.24	-9.472	11.248	-35.2
21.25	-9.486	4.970	-51.9
21.26	-9.498	-2.455	-55.2
21.27	-9.510	-11.381	-28.2
21.28	-9.521	-19.881	-39.7
21.29	-9.533	-26.541	-38.8
21.3	-9.545	-31.280	-32.8
21.31	-9.558	-35.308	-33.3
21.32	-9.572	-39.694	-44.9
21.33	-9.587	-43.897	-19.4
21.34	-9.603	-46.847	-8.4
21.35	-9.621	-48.244	-15.5
21.36	-9.639	-48.388	-25.3
21.37	-9.655	-47.633	-2.5
21.38	-9.669	-46.263	-21.0
21.39	-9.681	-44.706	-40.5
21.4	-9.693	-43.541	-46.3
21.41	-9.704	-43.044	-49.3
21.42	-9.716	-42.988	-47.5
21.43	-9.728	-42.908	-23.5
21.44	-9.739	-42.338	-57.2
21.45	-9.752	-41.063	-12.9
21.46	-9.766	-39.244	-13.6
21.47	-9.779	-37.161	-69.9
21.48	-9.786	-34.953	126.6
21.49	-9.787	-32.605	188.8
21.5	-9.789	-30.158	155.6
21.51	-9.794	-27.970	57.8
21.52	-9.807	-26.359	-104.6
21.53	-9.822	-25.247	-10.0
21.54	-9.838	-24.545	-17.2
21.55	-9.853	-24.170	-25.4
21.56	-9.861	-23.845	-21.8
21.57	-9.858	-23.570	-24.3
21.58	-9.846	-23.569	-23.5
21.59	-9.832	-23.845	-13.5
21.6	-9.821	-24.595	-4.9
21.61	-9.815	-26.006	-3.9
21.62	-9.813	-27.644	-2.5
21.63	-9.814	-28.727	15.9
21.64	-9.818	-27.631	17.5
21.65	-9.824	-20.797	35.4
21.66	-9.829	-2.895	68.3
21.67	-9.835	24.153	70.9
21.68	-9.840	44.569	71.0
21.69	-9.846	50.752	110.1
21.7	-9.853	51.119	117.7
21.71	-9.861	51.139	168.3
21.72	-9.870	51.139	164.0
21.73	-9.879	51.139	148.7
21.74	-9.886	51.139	149.0
21.75	-9.892	51.138	104.5
21.76	-9.897	51.125	52.9
21.77	-9.903	50.419	26.5
21.78	-9.910	44.491	-19.9
21.79	-9.918	28.711	-33.1
21.8	-9.929	7.022	-60.2
21.81	-9.943	-14.145	-58.0
21.82	-9.957	-32.420	-59.1
21.83	-9.968	-45.059	-58.2
21.84	-9.979	-50.278	-58.3
21.85	-9.992	-51.117	-51.6
21.86	-10.005	-51.138	-61.0
21.87	-10.015	-51.141	-47.8
21.88	-10.022	-51.141	-50.2
21.89	-10.028	-51.141	-51.7
21.9	-10.033	-51.141	-26.4
21.91	-10.038	-51.141	-58.4
21.92	-10.043	-51.141	-62.0
21.93	-10.048	-51.139	-28.8
21.94	-10.053	-51.130	-42.3
21.95	-10.056	-50.481	-31.8
21.96	-10.057	-46.022	-40.9
21.97	-10.057	-35.272	-26.2
21.98	-10.056	-20.781	-33.7
21.99	-10.051	-6.039	-35.8
22.0	-10.046	7.527	-27.2
22.01	-10.042	18.955	-37.4
22.02	-10.038	27.306	-51.1
22.03	-10.034	31.806	-37.6
22.04	-10.029	32.155	-48.8
22.05	-10.024	28.878	-28.9
22.06	-10.014	23.002	-40.0
22.07	-10.001	15.381	-49.9
22.08	-9.983	6.669	-36.8
22.09	-9.963	-2.597	-27.9
22.1	-9.943	-11.813	-36.0
22.11	-9.924	-20.214	-36.3
22.12	-9.906	-27.334	-47.6
22.13	-9.888	-33.228	-20.6
22.14	-9.869	-38.087	-12.1
22.15	-9.849	-42.016	-22.8
22.16	-9.829	-44.992	-13.0
22.17	-9.809	-46.916	-4.7
22.18	-9.790	-47.777	-20.4
22.19	-9.771	-47.697	-40.9
22.2	-9.752	-46.802	-57.5
22.21	-9.736	-45.400	-39.3
22.22	-9.721	-43.948	-63.3
22.23	-9.705	-42.552	-51.3
22.24	-9.689	-41.083	-43.0
22.25	-9.673	-39.539	-34.0
22.26	-9.659	-37.919	-15.3
22.27	-9.645	-36.272	-55.6
22.28	-9.624	-34.689	81.6
22.29	-9.598	-33.005	177.7
22.3	-9.568	-31.073	145.1
22.31	-9.542	-29.116	68.7
22.32	-9.524	-27.481	-108.5
22.33	-9.514	-26.367	-48.2
22.34	-9.506	-25.747	-22.4
22.35	-9.494	-25.475	-36.4
22.36	-9.476	-25.331	-29.1
22.37	-9.446	-25.108	-29.0
22.38	-9.407	-24.914	-35.8
22.39	-9.363	-25.122	-27.1
22.4	-9.321	-25.967	-22.8
22.41	-9.283	-27.234	-24.7
22.42	-9.247	-28.448	-4.1
22.43	-9.214	-29.013	18.5
22.44	-9.184	-27.859	3.9
22.45	-9.156	-22.498	25.0
22.46	-9.129	-8.091	26.1
22.47	-9.105	16.950	52.7
22.48	-9.082	40.255	74.2
22.49	-9.061	49.930	83.5
22.5	-9.042	51.111	128.2
22.51	-9.024	51.138	144.0
22.52	-9.009	51.139	134.1
22.53	-8.993	51.139	154.3
22.54	-8.978	51.139	131.1
22.55	-8.963	51.139	98.4
22.56	-8.946	51.125	45.1
22.57	-8.928	50.856	1.7
22.58	-8.909	46.928	-25.3
22.59	-8.893	33.536	-48.1
22.6	-8.879	12.434	-70.4
22.61	-8.866	-9.152	-75.2
22.62	-8.853	-28.031	-72.1
22.63	-8.838	-42.258	-81.8
22.64	-8.822	-49.403	-81.0
22.65	-8.808	-51.061	-68.3
22.66	-8.793	-51.138	-73.2
22.67	-8.777	-51.141	-62.7
22.68	-8.762	-51.141	-74.6
22.69	-8.747	-51.141	-67.1
22.7	-8.734	-51.141	-52.6
22.71	-8.724	-51.141	-57.2
22.72	-8.716	-51.141	-74.6
22.73	-8.707	-51.139	-64.5
22.74	-8.699	-51.131	-59.7
22.75	-8.691	-50.541	-45.1
22.76	-8.682	-46.361	-56.4
22.77	-8.671	-36.170	-57.3
22.78	-8.659	-22.548	-34.2
22.79	-8.646	-9.098	-45.2
22.8	-8.631	2.872	-58.0
22.81	-8.617	12.736	-58.1
22.82	-8.604	19.772	-67.5
22.83	-8.592	23.288	-52.6
22.84	-8.580	23.184	-72.0
22.85	-8.570	20.117	-55.3
22.86	-8.559	15.031	-52.9
22.87	-8.549	8.730	-59.0
22.88	-8.538	1.728	-47.5
22.89	-8.527	-5.616	-43.3
22.9	-8.518	-12.984	-55.0
22.91	-8.508	-20.161	-58.0
22.92	-8.499	-26.850	-66.7
22.93	-8.489	-32.619	-57.3
22.94	-8.479	-37.317	-54.8
22.95	-8.468	-41.089	-50.8
22.96	-8.457	-43.967	-43.6
22.97	-8.446	-45.881	-45.8
22.98	-8.434	-46.892	-44.3
22.99	-8.422	-47.150	-29.3
23.0	-8.410	-46.809	-1.8
23.01	-8.397	-46.163	-34.3
23.02	-8.383	-45.403	-47.5
23.03	-8.371	-44.469	-11.3
23.04	-8.359	-43.406	-57.7
23.05	-8.348	-42.228	-56.5
23.06	-8.338	-40.766	-57.8
23.07	-8.327	-38.992	-61.2
23.08	-8.316	-37.094	-47.3
23.09	-8.306	-35.352	-53.4
23.1	-8.297	-33.919	-54.2
23.11	-8.291	-32.755	-8.5
23.12	-8.284	-31.681	-76.6
23.13	-8.273	-30.353	62.9
23.14	-8.254	-28.666	185.9
23.15	-8.234	-26.913	162.9
23.16	-8.218	-25.383	104.6
23.17	-8.207	-24.378	-94.2
23.18	-8.201	-24.019	-69.1
23.19	-8.197	-23.969	-37.8
23.2	-8.193	-23.905	-60.5
23.21	-8.183	-23.806	-36.8
23.22	-8.167	-23.794	-50.7
23.23	-8.149	-24.008	-33.7
23.24	-8.129	-24.452	-30.2
23.25	-8.110	-24.992	-24.0
23.26	-8.091	-25.520	-26.3
23.27	-8.074	-25.755	-39.1
23.28	-8.059	-24.478	-27.9
23.29	-8.046	-18.036	-4.0
23.3	-8.036	-0.286	-3.0
23.31	-8.026	26.338	24.0
23.32	-8.018	45.489	35.8
23.33	-8.012	50.847	59.8
23.34	-8.006	51.123	88.8
23.35	-8.000	51.139	109.4
23.36	-7.996	51.139	125.9
23.37	-7.995	51.139	144.8
23.38	-7.995	51.139	143.7
23.39	-7.996	51.139	148.5
23.4	-7.997	51.134	107.8
23.41	-7.999	51.086	49.6
23.42	-8.000	49.559	16.2
23.43	-8.000	41.386	-18.8
23.44	-7.999	24.466	-49.2
23.45	-7.998	4.442	-66.7
23.46	-7.999	-13.773	-81.9
23.47	-7.999	-29.173	-68.5
23.48	-7.998	-41.217	-78.1
23.49	-7.993	-48.447	-66.4
23.5	-7.987	-50.866	-69.6
23.51	-7.982	-51.136	-83.0
23.52	-7.977	-51.141	-71.8
23.53	-7.972	-51.141	-68.0
23.54	-7.966	-51.141	-78.6
23.55	-7.959	-51.141	-66.3
23.56	-7.953	-51.141	-69.5
23.57	-7.948	-51.141	-63.1
23.58	-7.944	-51.139	-62.3
23.59	-7.940	-51.103	-60.8
23.6	-7.937	-50.197	-52.6
23.61	-7.936	-45.948	-51.4
23.62	-7.934	-37.402	-69.7
23.63	-7.933	-26.806	-60.4
23.64	-7.930	-16.150	-63.0
23.65	-7.927	-6.339	-58.9
23.66	-7.924	1.742	-55.9
23.67	-7.920	7.392	-65.9
23.68	-7.916	10.458	-56.9
23.69	-7.912	11.183	-53.0
23.7	-7.909	9.720	-67.3
23.71	-7.906	6.145	-63.5
23.72	-7.902	0.817	-61.3
23.73	-7.899	-5.561	-42.7
23.74	-7.896	-12.275	-55.8
23.75	-7.894	-18.773	-62.7
23.76	-7.892	-24.575	-67.1
23.77	-7.891	-29.539	-55.1
23.78	-7.889	-34.022	-51.2
23.79	-7.888	-38.163	-62.4
23.8	-7.886	-41.527	-47.0
23.81	-7.884	-43.808	-34.7
23.82	-7.883	-45.206	-43.5
23.83	-7.881	-45.942	-49.1
23.84	-7.879	-46.205	-42.1
23.85	-7.878	-46.220	-18.5
23.86	-7.878	-46.016	-28.4
23.87	-7.877	-45.503	-20.8
23.88	-7.876	-44.625	-22.6
23.89	-7.876	-43.448	-16.4
23.9	-7.876	-42.248	-33.3
23.91	-7.876	-41.181	-62.4
23.92	-7.877	-40.266	-62.6
23.93	-7.877	-39.445	-54.9
23.94	-7.877	-38.380	-36.3
23.95	-7.877	-37.063	-46.0
23.96	-7.878	-35.763	-55.0
23.97	-7.879	-34.419	-2.2
23.98	-7.881	-33.059	-75.1
23.99	-7.881	-31.717	91.1
24.0	-7.877	-30.253	236.6
24.01	-7.873	-28.638	253.3
24.02	-7.873	-26.903	167.0
24.03	-7.875	-25.430	-91.0
24.04	-7.878	-24.700	-54.2
24.05	-7.883	-24.642	-22.3
24.06	-7.888	-24.817	-36.3
24.07	-7.888	-25.008	-46.8
24.08	-7.884	-25.278	-60.9
24.09	-7.877	-25.603	-31.6
24.1	-7.872	-26.059	-23.4
24.11	-7.868	-26.884	-34.3
24.12	-7.866	-27.920	-34.7
24.13	-7.863	-28.434	-2.1
24.14	-7.861	-26.806	-11.4
24.15	-7.857	-19.523	11.5
24.16	-7.852	-1.173	12.6
24.17	-7.848	25.731	26.2
24.18	-7.845	45.239	58.9
24.19	-7.844	50.827	80.3
24.2	-7.846	51.123	94.8
24.21	-7.848	51.139	132.2
24.22	-7.851	51.139	158.5
24.23	-7.855	51.139	168.7
24.24	-7.859	51.139	178.0
24.25	-7.865	51.139	178.6
24.26	-7.871	51.133	119.9
24.27	-7.878	51.030	60.4
24.28	-7.886	48.673	23.3
24.29	-7.896	38.577	-12.9
24.3	-7.905	20.183	-47.0
24.31	-7.915	-0.173	-68.2
24.32	-7.928	-18.389	-81.2
24.33	-7.943	-33.503	-76.1
24.34	-7.958	-44.358	-70.9
24.35	-7.972	-49.761	-76.9
24.36	-7.984	-51.069	-69.1
24.37	-7.995	-51.138	-56.5
24.38	-8.007	-51.141	-78.9
24.39	-8.018	-51.141	-72.8
24.4	-8.026	-51.141	-72.5
24.41	-8.033	-51.141	-59.5
24.42	-8.041	-51.141	-58.9
24.43	-8.049	-51.141	-73.2
24.44	-8.058	-51.139	-67.4
24.45	-8.068	-51.125	-58.6
24.46	-8.078	-50.517	-55.6
24.47	-8.088	-46.752	-54.0
24.48	-8.096	-38.119	-56.6
24.49	-8.105	-26.961	-63.1
24.5	-8.111	-15.841	-82.6
24.51	-8.116	-5.577	-55.9
24.52	-8.120	3.077	-45.3
24.53	-8.123	9.375	-59.5
24.54	-8.124	12.959	-58.6
24.55	-8.127	13.728	-53.0
24.56	-8.129	11.848	-61.5
24.57	-8.132	7.808	-54.0
24.58	-8.134	2.173	-55.5
24.59	-8.134	-4.397	-48.1
24.6	-8.135	-11.286	-60.5
24.61	-8.134	-18.170	-50.4
24.62	-8.133	-24.670	-43.0
24.63	-8.131	-30.433	-54.4
24.64	-8.131	-35.400	-49.8
24.65	-8.130	-39.488	-50.7
24.66	-8.129	-42.642	-52.5
24.67	-8.129	-44.961	-41.2
24.68	-8.130	-46.589	-39.1
24.69	-8.131	-47.633	-30.6
24.7	-8.133	-48.064	-13.0
24.71	-8.136	-47.906	-7.8
24.72	-8.138	-47.320	-27.5
24.73	-8.141	-46.419	-13.3
24.74	-8.143	-45.330	-11.5
24.75	-8.145	-44.228	-39.0
24.76	-8.146	-43.120	-55.8
24.77	-8.146	-41.956	-47.5
24.78	-8.146	-40.738	-39.5
24.79	-8.144	-39.444	-36.1
24.8	-8.143	-38.114	-60.0
24.81	-8.142	-36.778	-57.6
24.82	-8.144	-35.419	-3.9
24.83	-8.149	-34.072	-71.7
24.84	-8.150	-32.648	44.9
24.85	-8.145	-31.036	240.3
24.86	-8.138	-29.230	258.8
24.87	-8.136	-27.339	185.1
24.88	-8.140	-25.745	-75.6
24.89	-8.149	-24.855	-92.3
24.9	-8.162	-24.780	-11.6
24.91	-8.177	-25.111	-25.5
24.92	-8.186	-25.242	-41.5
24.93	-8.186	-25.213	-28.6
24.94	-8.177	-25.402	-23.5
24.95	-8.162	-26.128	-37.3
24.96	-8.150	-27.475	-33.2
24.97	-8.141	-28.861	-16.9
24.98	-8.132	-29.558	-15.7
24.99	-8.124	-28.823	-23.1
25.0	-8.116	-24.563	1.1
25.01	-8.109	-12.131	45.9
25.02	-8.103	11.888	48.3
25.03	-8.096	37.209	50.8
25.04	-8.090	49.314	48.9
25.05	-8.086	51.109	74.8
25.06	-8.082	51.134	137.4
25.07	-8.079	51.139	162.4
25.08	-8.077	51.139	169.6
25.09	-8.075	51.139	192.1
25.1	-8.074	51.139	178.1
25.11	-8.074	51.139	130.9
25.12	-8.074	51.139	87.5
25.13	-8.075	51.127	40.4
25.14	-8.076	50.614	-6.3
25.15	-8.077	45.614	-34.0
25.16	-8.078	30.983	-55.0
25.17	-8.081	9.423	-66.8
25.18	-8.088	-12.470	-63.9
25.19	-8.098	-31.231	-60.4
25.2	-8.109	-44.092	-79.3
25.21	-8.121	-49.847	-91.6
25.22	-8.134	-51.084	-81.7
25.23	-8.148	-51.139	-77.7
25.24	-8.160	-51.141	-94.0
25.25	-8.170	-51.141	-71.0
25.26	-8.177	-51.141	-60.7
25.27	-8.183	-51.141	-50.5
25.28	-8.190	-51.141	-76.0
25.29	-8.202	-51.134	-56.5
25.3	-8.219	-51.027	-85.0
25.31	-8.241	-49.019	-145.8
25.32	-8.264	-41.975	-51.4
25.33	-8.283	-31.536	-11.3
25.34	-8.300	-20.733	-73.9
25.35	-8.316	-10.388	-80.8
25.36	-8.332	-0.322	-63.4
25.37	-8.346	10.888	-44.5
25.38	-8.357	19.350	-27.9
25.39	-8.368	24.119	-31.2
25.4	-8.377	32.636	-35.3
25.41	-8.386	43.859	-47.0
25.42	-8.393	49.861	-42.7
25.43	-8.398	48.147	-56.3
25.44	-8.402	36.645	-25.8
25.45	-8.407	17.917	-85.0
25.46	-8.413	-2.166	-85.9
25.47	-8.421	-22.978	29.5
25.48	-8.429	-40.408	-101.0
25.49	-8.439	-49.058	-69.3
25.5	-8.450	-51.038	-28.7
25.51	-8.462	-51.136	-122.7
25.52	-8.475	-51.141	-28.7
25.53	-8.488	-51.141	7.8
25.54	-8.500	-51.141	-60.6
25.55	-8.512	-51.141	2.8
25.56	-8.523	-51.141	-39.1
25.57	-8.533	-51.141	-53.6
25.58	-8.541	-51.136	21.2
25.59	-8.547	-50.878	-11.7
25.6	-8.551	-49.238	-75.3
25.61	-8.553	-45.978	-59.9
25.62	-8.552	-42.898	-67.3
25.63	-8.549	-40.933	-119.3
25.64	-8.547	-39.394	-4.1
25.65	-8.547	-38.219	-33.3
25.66	-8.551	-37.227	-78.8
25.67	-8.561	-34.720	64.8
25.68	-8.575	-29.909	-87.5
25.69	-8.589	-24.275	48.7
25.7	-8.602	-19.286	265.2
25.71	-8.619	-15.850	262.7
25.72	-8.645	-14.661	136.9
25.73	-8.678	-15.336	-34.8
25.74	-8.713	-16.613	-31.1
25.75	-8.750	-17.577	-71.1
25.76	-8.787	-18.453	-21.4
25.77	-8.819	-19.869	-72.0
25.78	-8.844	-21.813	-59.6
25.79	-8.859	-23.913	31.4
25.8	-8.868	-25.766	-8.6
25.81	-8.874	-27.239	-67.0
25.82	-8.878	-28.811	10.1
25.83	-8.881	-30.178	50.3
25.84	-8.882	-30.545	-30.2
25.85	-8.884	-29.116	24.6
25.86	-8.887	-21.883	63.1
25.87	-8.892	-2.530	8.9
25.88	-8.899	25.438	38.3
25.89	-8.909	45.258	131.8
25.9	-8.921	50.833	119.2
25.91	-8.933	51.123	84.3
25.92	-8.944	51.139	180.3
25.93	-8.955	51.139	140.9
25.94	-8.966	51.139	173.6
25.95	-8.978	51.139	245.0
25.96	-8.989	51.138	84.5
25.97	-9.000	51.127	41.6
25.98	-9.011	50.420	68.0
25.99	-9.024	44.569	22.3
26.0	-9.036	28.755	-84.4
26.01	-9.050	6.703	-64.7
26.02	-9.064	-14.725	-52.7
26.03	-9.081	-33.080	-85.1
26.04	-9.098	-45.594	-0.5
26.05	-9.113	-50.461	-46.9
26.06	-9.126	-51.130	-119.9
26.07	-9.141	-51.139	-41.1
26.08	-9.157	-51.141	-69.7
26.09	-9.176	-51.141	-76.9
26.1	-9.196	-51.141	-24.4
26.11	-9.218	-51.141	-3.6
26.12	-9.242	-51.141	-85.5
26.13	-9.269	-51.141	-99.6
26.14	-9.297	-51.141	-15.4
26.15	-9.327	-51.141	-46.8
26.16	-9.361	-51.141	-58.8
26.17	-9.397	-51.141	-19.3
26.18	-9.433	-51.141	-43.0
26.19	-9.468	-51.141	-47.9
26.2	-9.504	-51.141	-76.0
26.21	-9.542	-51.141	-46.9
26.22	-9.582	-51.141	0.5
26.23	-9.624	-51.141	-52.0
26.24	-9.668	-51.141	-30.6
26.25	-9.712	-51.141	12.0
26.26	-9.756	-51.141	-56.7
26.27	-9.801	-51.138	-32.5
26.28	-9.845	-51.070	-13.0
26.29	-9.888	-50.108	-67.3
26.3	-9.929	-46.781	-13.8
26.31	-9.971	-42.003	9.4
26.32	-10.013	-38.930	-24.5
26.33	-10.053	-38.161	3.4
26.34	-10.089	-38.592	-29.2
26.35	-10.126	-40.533	10.1
26.36	-10.164	-43.211	17.2
26.37	-10.203	-45.036	-38.5
26.38	-10.240	-46.313	14.6
26.39	-10.280	-47.902	-11.9
26.4	-10.318	-49.608	-0.3
26.41	-10.353	-50.720	5.4
26.42	-10.385	-51.097	-26.6
26.43	-10.418	-51.136	13.3
26.44	-10.451	-51.070	-19.5
26.45	-10.483	-50.277	-23.5
26.46	-10.515	-47.875	-0.8
26.47	-10.548	-44.336	-12.5
26.48	-10.583	-40.381	-31.7
26.49	-10.613	-36.061	146.4
26.5	-10.633	-31.644	194.9
26.51	-10.644	-27.245	160.8
26.52	-10.656	-23.936	137.1
26.53	-10.674	-23.108	-57.4
26.54	-10.699	-22.895	-37.5
26.55	-10.729	-21.809	18.3
26.56	-10.761	-21.163	1.7
26.57	-10.790	-20.461	21.3
26.58	-10.809	-18.620	38.1
26.59	-10.819	-16.580	-6.2
26.6	-10.827	-15.289	-19.1
26.61	-10.836	-15.792	21.1
26.62	-10.846	-18.281	39.4
26.63	-10.854	-20.359	19.3
26.64	-10.862	-20.339	19.2
26.65	-10.869	-19.034	70.3
26.66	-10.877	-16.431	69.7
26.67	-10.886	-9.370	39.4
26.68	-10.896	6.748	68.0
26.69	-10.904	29.653	127.3
26.7	-10.911	46.152	109.2
26.71	-10.919	50.875	131.1
26.72	-10.928	51.125	181.3
26.73	-10.938	51.139	186.8
26.74	-10.946	51.139	174.8
26.75	-10.950	51.139	154.5
26.76	-10.954	51.139	129.6
26.77	-10.959	51.139	85.5
26.78	-10.963	51.128	41.0
26.79	-10.966	50.770	11.4
26.8	-10.972	47.361	-11.2
26.81	-10.983	37.539	-17.2
26.82	-10.998	22.114	-36.5
26.83	-11.013	3.628	-40.1
26.84	-11.027	-15.164	-22.7
26.85	-11.034	-31.197	-37.7
26.86	-11.037	-42.964	-50.8
26.87	-11.041	-49.277	-16.5
26.88	-11.053	-51.008	-17.5
26.89	-11.066	-51.136	-34.3
26.9	-11.080	-51.141	-29.4
26.91	-11.094	-51.141	-21.6
26.92	-11.111	-51.141	-17.1
26.93	-11.133	-51.141	-31.8
26.94	-11.156	-51.141	-20.4
26.95	-11.181	-51.138	-19.5
26.96	-11.206	-51.075	-44.7
26.97	-11.231	-49.836	-16.4
26.98	-11.259	-44.808	-2.0
26.99	-11.290	-35.027	-27.0
27.0	-11.318	-22.439	-24.9
27.01	-11.339	-9.366	-11.8
27.02	-11.359	2.923	-16.9
27.03	-11.382	13.867	-1.6
27.04	-11.404	23.352	-57.1
27.05	-11.426	30.769	-42.6
27.06	-11.448	34.236	38.4
27.07	-11.468	33.192	-9.6
27.08	-11.486	29.500	-60.5
27.09	-11.503	24.642	8.5
27.1	-11.521	18.902	26.5
27.11	-11.537	12.916	-22.3
27.12	-11.554	7.394	-3.5
27.13	-11.571	1.803	-22.5
27.14	-11.583	-4.569	-48.9
27.15	-11.592	-10.798	20.0
27.16	-11.608	-15.808	58.2
27.17	-11.629	-19.936	10.7
27.18	-11.653	-23.469	-9.5
27.19	-11.679	-26.477	-26.4
27.2	-11.711	-29.836	-33.5
27.21	-11.747	-33.953	-15.7
27.22	-11.785	-37.386	-50.3
27.23	-11.821	-39.020	-8.9
27.24	-11.853	-39.620	-19.2
27.25	-11.885	-39.903	-12.4
27.26	-11.922	-40.309	3.0
27.27	-11.959	-41.123	-3.8
27.28	-11.989	-41.014	171.0
27.29	-12.009	-40.373	152.6
27.3	-12.024	-41.409	108.9
27.31	-12.048	-42.075	-13.7
27.32	-12.079	-40.564	-77.3
27.33	-12.111	-39.036	24.8
27.34	-12.142	-38.289	-26.5
27.35	-12.170	-37.133	-58.0
27.36	-12.193	-35.736	-23.1
27.37	-12.208	-34.461	-23.6
27.38	-12.218	-32.916	-9.7
27.39	-12.230	-31.722	-7.3
27.4	-12.246	-30.181	-49.8
27.41	-12.264	-29.295	8.2
27.42	-12.284	-31.383	15.3
27.43	-12.303	-33.380	-7.8
27.44	-12.319	-32.561	17.0
27.45	-12.341	-29.791	65.3
27.46	-12.372	-22.059	39.1
27.47	-12.405	-3.027	34.0
27.48	-12.441	24.527	97.0
27.49	-12.480	44.722	117.6
27.5	-12.524	50.763	109.4
27.51	-12.576	51.119	145.9
27.52	-12.638	51.139	167.5
27.53	-12.719	51.139	145.7
27.54	-12.818	51.139	88.1
27.55	-12.927	51.139	76.9
27.56	-13.050	51.139	100.2
27.57	-13.183	51.130	-4.4
27.58	-13.309	50.700	-13.1
27.59	-13.439	47.013	-23.8
27.6	-13.584	37.030	-135.9
27.61	-13.730	23.217	-70.5
27.62	-13.858	9.761	-11.1
27.63	-13.965	-3.891	-3.0
27.64	-14.044	-19.289	-6.7
27.65	-14.094	-33.011	-23.0
27.66	-14.130	-42.219	-37.1
27.67	-14.158	-47.991	-63.2
27.68	-14.181	-50.628	-50.6
27.69	-14.207	-50.909	-44.6
27.7	-14.238	-46.856	-14.4
27.71	-14.271	-31.702	-33.9
27.72	-14.304	-9.598	-10.7
27.73	-14.334	2.514	-42.5
27.74	-14.361	-4.595	-76.3
27.75	-14.383	-19.978	19.3
27.76	-14.395	-27.206	-7.9
27.77	-14.403	-23.383	-45.9
27.78	-14.408	-12.317	-60.6
27.79	-14.409	0.719	-38.5
27.8	-14.406	12.969	-86.3
27.81	-14.395	25.989	-131.3
27.82	-14.381	35.358	21.4
27.83	-14.366	36.942	15.3
27.84	-14.352	36.006	-92.9
27.85	-14.334	37.711	-72.5
27.86	-14.322	40.097	-53.5
27.87	-14.315	39.155	-84.0
27.88	-14.306	32.686	-64.2
27.89	-14.293	20.283	-74.2
27.9	-14.272	2.125	-29.6
27.91	-14.247	-21.359	-40.0
27.92	-14.219	-41.655	11.3
27.93	-14.186	-50.063	7.5
27.94	-14.145	-51.119	-76.8
27.95	-14.101	-51.139	-3.5
27.96	-14.056	-51.141	-47.8
27.97	-14.006	-51.141	-44.0
27.98	-13.946	-51.141	-15.3
27.99	-13.878	-51.141	-59.6
28.0	-13.804	-51.141	-46.3
28.01	-13.725	-51.141	-14.7
28.02	-13.648	-51.141	-12.0
28.03	-13.578	-51.141	-13.3
28.04	-13.509	-51.134	-45.1
28.05	-13.435	-50.989	96.5
28.06	-13.356	-49.305	206.6
28.07	-13.285	-44.155	148.0
28.08	-13.231	-37.291	14.7
28.09	-13.196	-33.553	-81.5
28.1	-13.166	-36.122	-17.3
28.11	-13.122	-42.052	-13.5
28.12	-13.055	-43.695	35.3
28.13	-12.970	-38.852	16.9
28.14	-12.866	-31.792	-6.7
28.15	-12.744	-25.897	46.4
28.16	-12.609	-21.742	26.8
28.17	-12.467	-18.619	23.4
28.18	-12.326	-16.598	35.5
28.19	-12.192	-16.655	2.7
28.2	-12.068	-17.639	26.7
28.21	-11.952	-16.142	64.3
28.22	-11.842	-11.703	71.6
28.23	-11.738	-7.444	84.7
28.24	-11.637	-3.084	94.9
28.25	-11.541	7.944	89.7
28.26	-11.449	27.756	167.2
28.27	-11.366	44.684	118.0
28.28	-11.288	50.603	137.7
28.29	-11.214	51.117	208.6
28.3	-11.148	51.139	160.1
28.31	-11.085	51.139	186.4
28.32	-11.021	51.139	93.2
28.33	-10.959	51.139	96.0
28.34	-10.904	51.138	48.2
28.35	-10.861	51.125	0.3
28.36	-10.824	50.297	1.3
28.37	-10.786	44.489	-19.6
28.38	-10.743	30.163	13.6
28.39	-10.701	10.614	-68.6
28.4	-10.658	-8.784	-44.7
28.41	-10.609	-25.677	-23.9
28.42	-10.554	-39.231	17.7
28.43	-10.493	-47.748	0.2
28.44	-10.428	-50.770	-57.7
28.45	-10.359	-51.133	4.5
28.46	-10.292	-51.141	-6.4
28.47	-10.226	-51.141	-50.5
28.48	-10.166	-51.141	8.6
28.49	-10.111	-51.141	9.4
28.5	-10.058	-51.141	14.1
28.51	-10.003	-51.139	-2.5
28.52	-9.948	-51.133	-21.4
28.53	-9.894	-50.656	1.4
28.54	-9.842	-46.955	-9.2
28.55	-9.791	-37.527	-20.7
28.56	-9.743	-25.350	-13.0
28.57	-9.697	-13.898	1.9
28.58	-9.652	-3.045	-9.9
28.59	-9.606	6.663	-17.7
28.6	-9.559	14.814	-16.9
28.61	-9.520	21.273	-33.6
28.62	-9.490	24.138	-11.0
28.63	-9.459	23.117	-9.1
28.64	-9.426	20.141	-19.6
28.65	-9.394	16.264	-15.3
28.66	-9.363	11.353	-16.7
28.67	-9.334	4.295	-13.8
28.68	-9.305	-4.248	-27.2
28.69	-9.272	-11.833	-13.1
28.7	-9.232	-17.539	-4.2
28.71	-9.189	-20.923	2.8
28.72	-9.143	-21.867	3.0
28.73	-9.097	-20.809	-1.2
28.74	-9.053	-18.445	6.8
28.75	-9.011	-16.167	-37.6
28.76	-8.972	-15.064	-21.4
28.77	-8.936	-16.059	-20.8
28.78	-8.910	-20.434	-22.0
28.79	-8.895	-27.669	-10.2
28.8	-8.886	-34.263	-15.1
28.81	-8.877	-36.909	26.9
28.82	-8.863	-35.605	-33.5
28.83	-8.840	-32.047	96.3
28.84	-8.805	-27.356	191.4
28.85	-8.759	-22.558	136.3
28.86	-8.711	-19.400	114.7
28.87	-8.672	-19.300	-58.5
28.88	-8.647	-22.117	-23.5
28.89	-8.631	-26.717	0.9
28.9	-8.613	-31.788	-26.9
28.91	-8.583	-35.319	-19.2
28.92	-8.547	-35.089	-30.9
28.93	-8.512	-30.781	-23.7
28.94	-8.480	-24.781	-19.0
28.95	-8.451	-20.686	3.4
28.96	-8.422	-20.069	17.9
28.97	-8.393	-21.816	28.1
28.98	-8.366	-25.280	42.7
28.99	-8.339	-29.584	33.2
29.0	-8.315	-30.167	41.4
29.01	-8.302	-20.109	56.7
29.02	-8.295	4.989	45.7
29.03	-8.280	33.938	64.2
29.04	-8.258	48.717	96.3
29.05	-8.236	51.094	116.1
29.06	-8.216	51.131	130.1
29.07	-8.198	51.139	136.4
29.08	-8.184	51.139	131.2
29.09	-8.171	51.139	138.7
29.1	-8.155	51.139	116.7
29.11	-8.136	51.127	58.6
29.12	-8.114	50.806	32.1
29.13	-8.090	47.269	0.6
29.14	-8.066	36.400	-31.5
29.15	-8.049	20.125	-45.6
29.16	-8.043	3.656	-43.5
29.17	-8.041	-11.523	-50.3
29.18	-8.031	-25.959	-49.1
29.19	-8.011	-39.109	-57.3
