Interval=	0.01 s
ExcelDateTime=	3.9773434997878649e+004	21/11/2008 10:26:23.816715
TimeFormat=	StartOfBlock
ChannelTitle=	Channel 1	Channel 2	Channel 3
Range=	20.000 mV	50.000 mV	500.0 µV
0.0	-8.508	-51.141	-64.0
0.01	-8.504	-51.131	-50.9
0.02	-8.501	-50.989	-48.4
0.03	-8.497	-50.464	-34.5
0.04	-8.494	-49.538	-26.1
0.05	-8.492	-48.389	-36.5
0.06	-8.490	-47.109	-27.9
0.07	-8.486	-45.731	-27.8
0.08	-8.483	-44.281	-46.1
0.09	-8.481	-42.772	-72.5
0.1	-8.479	-41.231	-71.3
0.11	-8.476	-39.697	-73.4
0.12	-8.474	-38.208	-73.4
0.13	-8.473	-36.791	-61.3
0.14	-8.471	-35.439	-62.9
0.15	-8.469	-34.119	-16.6
0.16	-8.468	-32.808	-58.4
0.17	-8.467	-31.533	94.8
0.18	-8.466	-30.338	257.0
0.19	-8.464	-29.223	288.8
0.2	-8.461	-28.150	176.6
0.21	-8.459	-27.122	-108.9
0.22	-8.458	-26.264	-52.9
0.23	-8.459	-25.742	-31.1
0.24	-8.460	-25.623	-62.0
0.25	-8.461	-25.855	-24.6
0.26	-8.461	-26.342	-48.4
0.27	-8.461	-27.039	-38.8
0.28	-8.461	-27.950	-7.5
0.29	-8.462	-29.020	-27.1
0.3	-8.462	-30.080	-30.0
0.31	-8.461	-30.909	-8.0
0.32	-8.459	-31.177	-4.4
0.33	-8.456	-29.852	14.7
0.34	-8.452	-23.920	-1.1
0.35	-8.448	-7.877	24.7
0.36	-8.446	18.820	66.0
0.37	-8.444	41.811	65.8
0.38	-8.443	50.286	124.0
0.39	-8.443	51.108	142.7
0.4	-8.443	51.139	162.5
0.41	-8.443	51.139	187.9
0.42	-8.441	51.139	191.3
0.43	-8.439	51.139	215.3
0.44	-8.437	51.139	171.3
0.45	-8.434	51.139	88.5
0.46	-8.434	51.138	49.8
0.47	-8.434	51.125	-7.4
0.48	-8.434	50.486	-57.5
0.49	-8.436	45.245	-70.3
0.5	-8.436	31.617	-97.9
0.51	-8.438	13.414	-113.7
0.52	-8.441	-3.627	-89.1
0.53	-8.444	-17.925	-96.5
0.54	-8.448	-29.381	-114.8
0.55	-8.452	-38.181	-94.3
0.56	-8.456	-44.736	-103.5
0.57	-8.460	-49.009	-111.8
0.58	-8.464	-50.816	-82.6
0.59	-8.466	-51.130	-109.3
0.6	-8.467	-51.139	-92.0
0.61	-8.468	-51.141	-76.0
0.62	-8.470	-51.141	-89.7
0.63	-8.473	-51.141	-75.2
0.64	-8.476	-51.139	-85.6
0.65	-8.479	-51.123	-73.5
0.66	-8.482	-50.473	-67.8
0.67	-8.486	-46.527	-84.5
0.68	-8.489	-37.462	-87.2
0.69	-8.492	-25.519	-82.2
0.7	-8.495	-13.569	-69.3
0.71	-8.498	-3.006	-70.0
0.72	-8.500	5.244	-71.1
0.73	-8.502	10.630	-72.6
0.74	-8.505	12.997	-76.1
0.75	-8.509	12.494	-69.4
0.76	-8.512	9.497	-72.8
0.77	-8.518	4.563	-66.1
0.78	-8.523	-1.670	-68.5
0.79	-8.529	-8.600	-66.6
0.8	-8.537	-15.727	-71.0
0.81	-8.545	-22.636	-78.8
0.82	-8.555	-29.023	-53.1
0.83	-8.565	-34.722	-59.9
0.84	-8.575	-39.659	-60.7
0.85	-8.586	-43.789	-61.2
0.86	-8.597	-47.077	-54.1
0.87	-8.608	-49.452	-64.7
0.88	-8.619	-50.734	-63.3
0.89	-8.630	-51.106	-47.4
0.9	-8.641	-51.139	-52.6
0.91	-8.652	-51.141	-57.5
0.92	-8.664	-51.141	-57.7
0.93	-8.674	-51.141	-53.6
0.94	-8.685	-51.141	-49.3
0.95	-8.696	-51.139	-46.4
0.96	-8.706	-51.077	-50.8
0.97	-8.717	-50.683	-47.7
0.98	-8.728	-49.755	-34.8
0.99	-8.738	-48.452	-30.9
1.0	-8.748	-46.972	-38.1
1.01	-8.758	-45.386	-16.7
1.02	-8.768	-43.756	-30.0
1.03	-8.779	-42.131	-10.0
1.04	-8.791	-40.530	0.0
1.05	-8.803	-38.963	-53.3
1.06	-8.815	-37.439	-65.7
1.07	-8.827	-35.964	-56.4
1.08	-8.839	-34.547	-53.2
1.09	-8.853	-33.223	-47.3
1.1	-8.866	-32.067	-48.0
1.11	-8.880	-31.130	-60.4
1.12	-8.894	-30.413	-23.3
1.13	-8.907	-29.889	-48.5
1.14	-8.919	-29.517	110.0
1.15	-8.931	-29.256	290.6
1.16	-8.941	-29.059	310.9
1.17	-8.951	-28.872	176.1
1.18	-8.961	-28.692	-76.9
1.19	-8.973	-28.600	-49.2
1.2	-8.984	-28.738	-29.6
1.21	-8.996	-29.161	-41.3
1.22	-9.008	-29.806	-18.7
1.23	-9.021	-30.581	-47.1
1.24	-9.031	-31.445	-18.8
1.25	-9.038	-32.417	-10.1
1.26	-9.044	-33.470	-30.8
1.27	-9.050	-34.486	-15.0
1.28	-9.056	-35.313	7.3
1.29	-9.061	-35.763	4.3
1.3	-9.064	-35.242	20.5
1.31	-9.067	-31.723	38.0
1.32	-9.070	-20.581	47.2
1.33	-9.074	2.948	69.1
1.34	-9.079	31.236	83.4
1.35	-9.086	47.573	123.4
1.36	-9.092	51.008	153.3
1.37	-9.099	51.130	180.7
1.38	-9.105	51.139	196.3
1.39	-9.111	51.139	215.6
1.4	-9.118	51.139	212.8
1.41	-9.126	51.139	169.6
1.42	-9.136	51.139	131.9
1.43	-9.144	51.139	53.0
1.44	-9.154	51.128	0.8
1.45	-9.162	50.623	-46.8
1.46	-9.171	45.961	-72.3
1.47	-9.181	32.944	-88.9
1.48	-9.192	14.698	-93.3
1.49	-9.203	-2.911	-95.6
1.5	-9.214	-18.028	-108.2
1.51	-9.224	-30.434	-79.1
1.52	-9.232	-40.116	-98.6
1.53	-9.241	-46.886	-98.1
1.54	-9.250	-50.266	-76.4
1.55	-9.261	-51.094	-94.6
1.56	-9.271	-51.139	-75.1
1.57	-9.281	-51.141	-91.4
1.58	-9.291	-51.141	-74.7
1.59	-9.300	-51.141	-61.5
1.6	-9.309	-51.141	-79.1
1.61	-9.319	-51.139	-69.8
1.62	-9.330	-51.133	-71.0
1.63	-9.341	-50.653	-67.3
1.64	-9.352	-47.073	-70.7
1.65	-9.363	-37.934	-66.6
1.66	-9.375	-25.173	-67.4
1.67	-9.385	-12.141	-64.6
1.68	-9.395	-0.541	-70.0
1.69	-9.406	8.573	-77.5
1.7	-9.416	14.534	-48.9
1.71	-9.426	17.109	-59.0
1.72	-9.435	16.463	-65.9
1.73	-9.446	13.095	-58.6
1.74	-9.457	7.700	-76.1
1.75	-9.469	0.994	-53.9
1.76	-9.481	-6.350	-49.0
1.77	-9.493	-13.764	-51.0
1.78	-9.506	-20.845	-51.9
1.79	-9.517	-27.361	-70.7
1.8	-9.527	-33.184	-50.4
1.81	-9.539	-38.234	-49.7
1.82	-9.551	-42.475	-51.6
1.83	-9.563	-45.886	-42.5
1.84	-9.574	-48.470	-47.3
1.85	-9.586	-50.180	-50.9
1.86	-9.596	-50.963	-44.8
1.87	-9.607	-51.133	-39.0
1.88	-9.619	-51.141	-43.1
1.89	-9.631	-51.141	-48.7
1.9	-9.643	-51.136	-46.5
1.91	-9.655	-51.055	-25.1
1.92	-9.667	-50.691	-28.8
1.93	-9.679	-49.916	-40.0
1.94	-9.691	-48.819	-26.6
1.95	-9.702	-47.497	-24.2
1.96	-9.713	-45.986	-10.2
1.97	-9.726	-44.336	-12.5
1.98	-9.739	-42.598	-8.4
1.99	-9.754	-40.831	-0.7
2.0	-9.767	-39.102	-6.6
2.01	-9.779	-37.466	-32.9
2.02	-9.791	-35.964	-51.2
2.03	-9.804	-34.617	-20.9
2.04	-9.816	-33.430	-53.8
2.05	-9.826	-32.402	-53.5
2.06	-9.837	-31.500	-37.1
2.07	-9.847	-30.688	-9.6
2.08	-9.859	-29.928	-35.0
2.09	-9.871	-29.211	13.1
2.1	-9.880	-28.519	271.0
2.11	-9.887	-27.833	323.7
2.12	-9.893	-27.148	220.2
2.13	-9.900	-26.478	-21.9
2.14	-9.908	-25.883	-97.0
2.15	-9.917	-25.480	-3.1
2.16	-9.924	-25.391	-24.6
2.17	-9.933	-25.652	-30.6
2.18	-9.942	-26.205	-16.2
2.19	-9.949	-26.977	-17.4
2.2	-9.951	-27.966	-4.9
2.21	-9.949	-29.247	1.5
2.22	-9.948	-30.820	0.1
2.23	-9.949	-32.502	8.3
2.24	-9.953	-34.053	3.8
2.25	-9.956	-35.270	24.0
2.26	-9.959	-35.722	21.2
2.27	-9.961	-34.097	39.8
2.28	-9.963	-27.088	69.8
2.29	-9.965	-9.613	81.1
2.3	-9.968	17.994	126.8
2.31	-9.972	41.431	124.8
2.32	-9.976	50.205	169.2
2.33	-9.979	51.111	202.6
2.34	-9.982	51.139	204.5
2.35	-9.987	51.139	229.4
2.36	-9.992	51.139	185.8
2.37	-9.998	51.139	138.5
2.38	-10.004	51.139	87.2
2.39	-10.011	51.134	5.0
2.4	-10.017	51.091	-27.5
2.41	-10.025	49.663	-58.9
2.42	-10.037	41.909	-89.5
2.43	-10.052	25.822	-91.4
2.44	-10.067	6.898	-77.7
2.45	-10.078	-10.286	-98.3
2.46	-10.084	-24.992	-111.0
2.47	-10.091	-37.113	-66.0
2.48	-10.101	-45.866	-74.8
2.49	-10.111	-50.133	-107.7
2.5	-10.118	-51.095	-85.8
2.51	-10.122	-51.139	-61.8
2.52	-10.124	-51.141	-84.4
2.53	-10.127	-51.141	-70.8
2.54	-10.129	-51.141	-56.8
2.55	-10.133	-51.141	-85.8
2.56	-10.138	-51.141	-60.3
2.57	-10.143	-51.136	-63.7
2.58	-10.149	-51.055	-76.0
2.59	-10.154	-49.325	-52.1
2.6	-10.157	-42.083	-50.1
2.61	-10.159	-28.456	-55.6
2.62	-10.161	-12.203	-65.6
2.63	-10.161	3.408	-69.8
2.64	-10.162	16.569	-55.4
2.65	-10.164	25.964	-85.4
2.66	-10.167	30.984	-73.3
2.67	-10.171	31.764	-56.0
2.68	-10.172	28.956	-65.9
2.69	-10.173	23.438	-57.0
2.7	-10.173	16.117	-59.1
2.71	-10.172	7.806	-52.1
2.72	-10.173	-0.841	-62.0
2.73	-10.174	-9.338	-83.3
2.74	-10.174	-17.350	-61.4
2.75	-10.173	-24.663	-59.6
2.76	-10.171	-31.120	-50.0
2.77	-10.168	-36.630	-27.2
2.78	-10.164	-41.166	-75.6
2.79	-10.159	-44.728	-69.7
2.8	-10.153	-47.370	-39.8
2.81	-10.145	-49.178	-51.2
2.82	-10.137	-50.267	-51.9
2.83	-10.126	-50.734	-70.1
2.84	-10.111	-50.653	-41.7
2.85	-10.094	-50.100	-25.8
2.86	-10.074	-49.175	-28.0
2.87	-10.053	-47.977	-19.7
2.88	-10.032	-46.580	-22.0
2.89	-10.011	-45.050	-4.9
2.9	-9.989	-43.445	-30.6
2.91	-9.967	-41.819	-46.4
2.92	-9.946	-40.197	-60.6
2.93	-9.924	-38.586	-73.0
2.94	-9.903	-37.005	-68.3
2.95	-9.882	-35.467	-60.4
2.96	-9.859	-33.986	-58.4
2.97	-9.834	-32.578	-33.3
2.98	-9.809	-31.214	-11.2
2.99	-9.784	-29.838	-77.9
3.0	-9.756	-28.417	121.1
3.01	-9.724	-26.966	307.0
3.02	-9.690	-25.508	267.7
3.03	-9.657	-24.055	69.9
3.04	-9.627	-22.656	-120.4
3.05	-9.601	-21.438	-56.3
3.06	-9.576	-20.586	-32.0
3.07	-9.553	-20.223	-42.5
3.08	-9.531	-20.331	-36.8
3.09	-9.510	-20.825	-25.9
3.1	-9.487	-21.659	-29.8
3.11	-9.459	-22.852	-27.6
3.12	-9.428	-24.400	-12.3
3.13	-9.395	-26.170	-11.7
3.14	-9.363	-27.920	-1.0
3.15	-9.334	-29.427	5.6
3.16	-9.306	-30.514	20.6
3.17	-9.281	-30.766	35.0
3.18	-9.255	-28.758	23.2
3.19	-9.231	-21.117	45.5
3.2	-9.207	-3.225	101.7
3.21	-9.186	23.128	113.1
3.22	-9.168	43.711	138.9
3.23	-9.151	50.564	174.7
3.24	-9.137	51.113	210.5
3.25	-9.123	51.139	205.4
3.26	-9.107	51.139	184.8
3.27	-9.091	51.139	160.4
3.28	-9.075	51.139	88.8
3.29	-9.058	51.139	26.3
3.3	-9.041	51.133	-28.1
3.31	-9.023	51.011	-69.2
3.32	-9.009	48.519	-81.9
3.33	-8.998	38.572	-99.9
3.34	-8.988	21.203	-100.3
3.35	-8.976	2.427	-87.4
3.36	-8.963	-14.336	-91.7
3.37	-8.946	-28.658	-101.5
3.38	-8.931	-40.267	-96.5
3.39	-8.916	-47.847	-94.3
3.4	-8.901	-50.742	-100.2
3.41	-8.884	-51.134	-97.2
3.42	-8.867	-51.139	-84.5
3.43	-8.853	-51.141	-76.5
3.44	-8.839	-51.141	-75.7
3.45	-8.826	-51.141	-78.1
3.46	-8.811	-51.141	-77.6
3.47	-8.797	-51.139	-73.3
3.48	-8.783	-51.131	-72.4
3.49	-8.769	-50.552	-76.3
3.5	-8.757	-46.244	-75.8
3.51	-8.744	-35.250	-82.0
3.52	-8.732	-19.895	-73.4
3.53	-8.719	-4.220	-75.1
3.54	-8.706	9.663	-83.7
3.55	-8.693	20.438	-76.1
3.56	-8.681	27.323	-78.8
3.57	-8.670	30.178	-75.2
3.58	-8.658	29.400	-77.5
3.59	-8.646	25.691	-81.4
3.6	-8.636	19.839	-78.3
3.61	-8.626	12.577	-64.7
3.62	-8.617	4.520	-55.8
3.63	-8.609	-3.786	-81.0
3.64	-8.599	-11.883	-77.4
3.65	-8.591	-19.423	-79.4
3.66	-8.582	-26.175	-63.1
3.67	-8.573	-31.989	-62.4
3.68	-8.564	-36.808	-79.3
3.69	-8.555	-40.664	-65.9
3.7	-8.546	-43.648	-66.3
3.71	-8.539	-45.878	-62.4
3.72	-8.531	-47.477	-66.7
3.73	-8.523	-48.544	-69.3
3.74	-8.514	-49.164	-56.0
3.75	-8.506	-49.409	-64.6
3.76	-8.498	-49.338	-58.7
3.77	-8.490	-48.977	-53.6
3.78	-8.483	-48.347	-56.5
3.79	-8.478	-47.475	-39.9
3.8	-8.471	-46.398	-54.5
3.81	-8.466	-45.153	-30.2
3.82	-8.460	-43.759	-16.2
3.83	-8.454	-42.239	-35.3
3.84	-8.449	-40.628	-20.9
3.85	-8.443	-38.978	-51.0
3.86	-8.438	-37.330	-63.7
3.87	-8.432	-35.709	-66.6
3.88	-8.426	-34.156	-83.5
3.89	-8.419	-32.717	-60.8
3.9	-8.414	-31.413	-50.0
3.91	-8.410	-30.238	-70.3
3.92	-8.404	-29.170	-21.7
3.93	-8.399	-28.184	-66.2
3.94	-8.394	-27.263	89.4
3.95	-8.386	-26.378	279.3
3.96	-8.379	-25.500	300.2
3.97	-8.371	-24.600	181.3
3.98	-8.364	-23.692	-101.2
3.99	-8.359	-22.873	-62.8
4.0	-8.354	-22.311	-27.0
4.01	-8.349	-22.105	-56.0
4.02	-8.346	-22.270	-38.0
4.03	-8.344	-22.763	-54.9
4.04	-8.341	-23.513	-34.0
4.05	-8.336	-24.495	-20.8
4.06	-8.333	-25.695	-21.5
4.07	-8.329	-26.995	-24.2
4.08	-8.324	-28.148	-10.7
4.09	-8.319	-28.795	1.7
4.1	-8.313	-28.055	5.1
4.11	-8.307	-23.350	22.7
4.12	-8.301	-9.569	34.3
4.13	-8.299	15.425	41.6
4.14	-8.297	39.472	71.9
4.15	-8.296	49.792	99.5
4.16	-8.294	51.109	139.3
4.17	-8.291	51.138	168.6
4.18	-8.288	51.139	188.9
4.19	-8.286	51.139	206.8
4.2	-8.284	51.139	208.3
4.21	-8.281	51.139	187.4
4.22	-8.278	51.139	113.0
4.23	-8.277	51.139	47.4
4.24	-8.276	51.127	-5.1
4.25	-8.275	50.725	-40.8
4.26	-8.273	46.656	-74.3
4.27	-8.272	34.773	-105.0
4.28	-8.271	17.681	-92.3
4.29	-8.271	1.041	-86.9
4.3	-8.273	-13.230	-108.8
4.31	-8.274	-24.964	-111.1
4.32	-8.276	-34.167	-79.2
4.33	-8.276	-41.106	-91.2
4.34	-8.277	-46.255	-83.1
4.35	-8.277	-49.586	-79.0
4.36	-8.278	-50.931	-94.9
4.37	-8.277	-51.136	-88.5
4.38	-8.277	-51.141	-86.7
4.39	-8.277	-51.141	-90.5
4.4	-8.277	-51.141	-71.1
4.41	-8.279	-51.139	-74.3
4.42	-8.281	-51.111	-73.7
4.43	-8.282	-50.317	-69.5
4.44	-8.283	-46.238	-76.3
4.45	-8.285	-37.516	-52.5
4.46	-8.286	-26.222	-66.6
4.47	-8.287	-14.631	-88.4
4.48	-8.287	-3.902	-68.2
4.49	-8.289	5.006	-73.1
4.5	-8.291	11.402	-68.7
4.51	-8.293	14.953	-68.4
4.52	-8.293	15.658	-66.3
4.53	-8.294	13.780	-51.7
4.54	-8.296	9.759	-59.3
4.55	-8.297	4.166	-69.7
4.56	-8.299	-2.383	-73.7
4.57	-8.301	-9.339	-61.5
4.58	-8.302	-16.288	-68.4
4.59	-8.304	-22.917	-73.6
4.6	-8.306	-29.006	-48.4
4.61	-8.308	-34.427	-51.8
4.62	-8.310	-39.108	-49.7
4.63	-8.311	-42.994	-42.6
4.64	-8.313	-46.055	-56.0
4.65	-8.316	-48.311	-42.1
4.66	-8.319	-49.850	-57.8
4.67	-8.321	-50.750	-58.9
4.68	-8.324	-51.089	-46.4
4.69	-8.326	-51.139	-65.2
4.7	-8.329	-51.141	-47.7
4.71	-8.331	-51.116	-54.6
4.72	-8.334	-50.923	-49.3
4.73	-8.336	-50.366	-29.6
4.74	-8.338	-49.439	-33.5
4.75	-8.340	-48.266	-33.6
4.76	-8.342	-46.933	-19.7
4.77	-8.344	-45.494	-21.6
4.78	-8.347	-43.970	-16.1
4.79	-8.349	-42.386	-13.8
4.8	-8.353	-40.791	-32.5
4.81	-8.356	-39.225	-47.9
4.82	-8.359	-37.695	-55.3
4.83	-8.364	-36.205	-51.8
4.84	-8.367	-34.780	-52.5
4.85	-8.371	-33.467	-44.8
4.86	-8.374	-32.295	-61.2
4.87	-8.377	-31.241	-17.7
4.88	-8.383	-30.277	-59.5
4.89	-8.387	-29.408	53.4
4.9	-8.388	-28.644	296.0
4.91	-8.386	-27.961	321.4
4.92	-8.385	-27.308	273.6
4.93	-8.385	-26.672	-16.9
4.94	-8.387	-26.119	-70.9
4.95	-8.392	-25.770	-14.4
4.96	-8.400	-25.733	-53.5
4.97	-8.410	-26.044	-26.6
4.98	-8.419	-26.669	-35.0
4.99	-8.423	-27.531	-20.6
5.0	-8.422	-28.586	-12.2
5.01	-8.419	-29.811	-9.7
5.02	-8.416	-31.072	-9.5
5.03	-8.414	-32.148	1.7
5.04	-8.412	-32.783	-8.3
5.05	-8.409	-32.388	14.5
5.06	-8.406	-29.084	44.0
5.07	-8.403	-18.495	44.9
5.08	-8.402	4.092	56.6
5.09	-8.402	31.536	80.4
5.1	-8.406	47.573	111.3
5.11	-8.410	51.005	129.1
5.12	-8.414	51.130	179.8
5.13	-8.419	51.139	225.9
5.14	-8.423	51.139	232.1
5.15	-8.427	51.139	217.5
5.16	-8.431	51.139	203.0
5.17	-8.434	51.139	147.3
5.18	-8.438	51.139	81.9
5.19	-8.442	51.133	7.0
5.2	-8.446	51.014	-34.1
5.21	-8.449	48.578	-62.2
5.22	-8.454	38.922	-79.8
5.23	-8.459	22.288	-90.1
5.24	-8.465	4.666	-96.7
5.25	-8.473	-10.689	-102.0
5.26	-8.481	-23.409	-109.5
5.27	-8.488	-33.464	-102.3
5.28	-8.496	-41.086	-100.4
5.29	-8.504	-46.617	-91.5
5.3	-8.511	-49.886	-89.1
5.31	-8.518	-51.006	-75.2
5.32	-8.523	-51.138	-84.9
5.33	-8.527	-51.141	-94.2
5.34	-8.531	-51.141	-82.2
5.35	-8.536	-51.141	-76.3
5.36	-8.542	-51.141	-79.9
5.37	-8.548	-51.134	-81.7
5.38	-8.556	-51.006	-76.3
5.39	-8.563	-49.200	-67.7
5.4	-8.570	-42.863	-70.2
5.41	-8.576	-32.134	-85.6
5.42	-8.583	-19.983	-63.8
5.43	-8.590	-8.395	-66.9
5.44	-8.596	1.536	-73.4
5.45	-8.603	8.963	-64.1
5.46	-8.610	13.430	-68.9
5.47	-8.617	14.881	-81.7
5.48	-8.624	13.552	-72.0
5.49	-8.633	9.856	-72.7
5.5	-8.641	4.362	-80.3
5.51	-8.650	-2.275	-65.6
5.52	-8.660	-9.438	-57.0
5.53	-8.670	-16.637	-52.1
5.54	-8.681	-23.528	-61.3
5.55	-8.693	-29.867	-70.3
5.56	-8.707	-35.520	-55.9
5.57	-8.721	-40.442	-55.9
5.58	-8.736	-44.630	-58.7
5.59	-8.752	-47.998	-46.3
5.6	-8.768	-50.173	-59.7
5.61	-8.784	-51.013	-70.6
5.62	-8.799	-51.138	-54.9
5.63	-8.815	-51.141	-51.6
5.64	-8.831	-51.141	-42.0
5.65	-8.845	-51.141	-49.8
5.66	-8.859	-51.141	-54.4
5.67	-8.873	-51.141	-45.1
5.68	-8.886	-51.141	-29.3
5.69	-8.899	-51.106	-40.3
5.7	-8.913	-50.806	-56.7
5.71	-8.926	-49.914	-23.6
5.72	-8.940	-48.508	-27.1
5.73	-8.954	-46.870	-20.3
5.74	-8.969	-45.116	-14.5
5.75	-8.982	-43.298	-19.7
5.76	-8.994	-41.486	2.0
5.77	-9.006	-39.734	-41.6
5.78	-9.017	-38.087	-47.3
5.79	-9.027	-36.573	-52.3
5.8	-9.037	-35.198	-60.7
5.81	-9.047	-33.961	-46.2
5.82	-9.058	-32.842	-61.6
5.83	-9.069	-31.817	-40.0
5.84	-9.079	-30.856	-22.6
5.85	-9.088	-29.934	-67.4
5.86	-9.098	-29.067	150.0
5.87	-9.107	-28.284	322.1
5.88	-9.116	-27.592	303.4
5.89	-9.124	-26.977	143.4
5.9	-9.131	-26.458	-91.7
5.91	-9.139	-26.131	-44.0
5.92	-9.148	-26.114	-25.5
5.93	-9.156	-26.441	-42.1
5.94	-9.164	-27.064	-28.2
5.95	-9.175	-27.928	-34.3
5.96	-9.185	-28.986	-16.8
5.97	-9.191	-30.216	-26.5
5.98	-9.196	-31.605	-18.3
5.99	-9.199	-33.061	-18.3
6.0	-9.203	-34.425	-11.5
6.01	-9.207	-35.456	15.2
6.02	-9.211	-35.606	15.3
6.03	-9.213	-33.227	23.0
6.04	-9.216	-24.280	52.8
6.05	-9.219	-3.277	76.0
6.06	-9.224	25.633	72.2
6.07	-9.231	45.477	109.3
6.08	-9.239	50.853	148.3
6.09	-9.246	51.123	171.8
6.1	-9.253	51.139	210.3
6.11	-9.260	51.139	220.5
6.12	-9.267	51.139	214.3
6.13	-9.274	51.139	181.7
6.14	-9.281	51.139	125.0
6.15	-9.289	51.139	33.6
6.16	-9.297	51.131	-25.5
6.17	-9.305	50.975	-44.9
6.18	-9.312	48.053	-67.0
6.19	-9.319	37.139	-75.4
6.2	-9.329	19.012	-90.4
6.21	-9.339	0.130	-89.0
6.22	-9.349	-16.308	-84.2
6.23	-9.357	-29.978	-95.3
6.24	-9.365	-40.730	-92.3
6.25	-9.374	-47.769	-85.5
6.26	-9.383	-50.650	-89.8
6.27	-9.393	-51.127	-81.3
6.28	-9.402	-51.139	-82.3
6.29	-9.411	-51.141	-88.3
6.3	-9.420	-51.141	-65.9
6.31	-9.428	-51.141	-64.0
6.32	-9.438	-51.141	-73.5
6.33	-9.449	-51.139	-66.6
6.34	-9.460	-51.131	-63.5
6.35	-9.471	-50.553	-71.8
6.36	-9.481	-46.391	-71.8
6.37	-9.491	-35.981	-81.9
6.38	-9.501	-21.669	-61.1
6.39	-9.511	-7.159	-52.1
6.4	-9.520	5.759	-54.7
6.41	-9.528	15.922	-74.8
6.42	-9.536	22.488	-71.0
6.43	-9.543	25.148	-58.3
6.44	-9.551	24.142	-67.9
6.45	-9.559	20.086	-70.7
6.46	-9.568	13.763	-60.1
6.47	-9.579	5.992	-66.5
6.48	-9.591	-2.458	-68.9
6.49	-9.600	-10.928	-66.1
6.5	-9.609	-18.914	-61.6
6.51	-9.619	-26.141	-55.5
6.52	-9.629	-32.530	-64.3
6.53	-9.639	-38.055	-47.9
6.54	-9.649	-42.708	-59.5
6.55	-9.660	-46.494	-41.0
6.56	-9.670	-49.263	-31.5
6.57	-9.679	-50.723	-66.7
6.58	-9.688	-51.114	-42.5
6.59	-9.696	-51.139	-44.6
6.6	-9.705	-51.141	-54.3
6.61	-9.713	-51.141	-43.3
6.62	-9.723	-51.141	-47.0
6.63	-9.732	-51.136	-42.7
6.64	-9.742	-51.014	-27.4
6.65	-9.751	-50.469	-25.0
6.66	-9.758	-49.373	-22.0
6.67	-9.766	-47.928	-14.2
6.68	-9.774	-46.300	-21.6
6.69	-9.781	-44.573	-15.5
6.7	-9.790	-42.811	-7.2
6.71	-9.799	-41.044	-38.2
6.72	-9.810	-39.292	-41.2
6.73	-9.821	-37.570	-48.1
6.74	-9.831	-35.906	-44.0
6.75	-9.841	-34.353	-46.1
6.76	-9.848	-32.934	-47.2
6.77	-9.854	-31.659	-54.8
6.78	-9.863	-30.544	-15.3
6.79	-9.873	-29.595	-43.1
6.8	-9.884	-28.769	34.6
6.81	-9.893	-27.983	274.9
6.82	-9.899	-27.169	304.1
6.83	-9.904	-26.280	195.3
6.84	-9.909	-25.333	-44.4
6.85	-9.916	-24.464	-72.6
6.86	-9.922	-23.861	-27.1
6.87	-9.929	-23.650	-43.6
6.88	-9.935	-23.883	-12.3
6.89	-9.941	-24.544	-41.4
6.9	-9.946	-25.591	-12.3
6.91	-9.946	-26.994	-8.0
6.92	-9.941	-28.745	-15.3
6.93	-9.935	-30.748	-15.2
6.94	-9.933	-32.781	-0.6
6.95	-9.933	-34.606	13.8
6.96	-9.934	-36.020	14.6
6.97	-9.936	-36.634	27.9
6.98	-9.938	-35.191	47.8
6.99	-9.939	-28.447	69.5
7.0	-9.939	-11.281	85.0
7.01	-9.939	16.438	108.1
7.02	-9.939	40.652	147.8
7.03	-9.939	50.073	173.7
7.04	-9.941	51.113	190.3
7.05	-9.943	51.139	210.4
7.06	-9.945	51.139	218.8
7.07	-9.946	51.139	187.9
7.08	-9.946	51.139	124.1
7.09	-9.945	51.139	63.4
7.1	-9.943	51.139	16.5
7.11	-9.941	51.125	-23.3
7.12	-9.940	50.708	-72.9
7.13	-9.942	46.266	-82.3
7.14	-9.944	32.933	-84.1
7.15	-9.943	13.450	-93.9
7.16	-9.938	-5.684	-92.8
7.17	-9.931	-22.211	-100.0
7.18	-9.924	-35.883	-91.0
7.19	-9.918	-45.616	-94.7
7.2	-9.910	-50.161	-84.7
7.21	-9.897	-51.102	-86.5
7.22	-9.879	-51.139	-88.3
7.23	-9.859	-51.141	-81.2
7.24	-9.837	-51.141	-85.4
7.25	-9.814	-51.141	-52.8
7.26	-9.791	-51.141	-57.1
7.27	-9.769	-51.141	-78.9
7.28	-9.746	-51.136	-67.4
7.29	-9.723	-51.048	-56.7
7.3	-9.699	-49.134	-60.5
7.31	-9.674	-41.048	-70.3
7.32	-9.648	-25.963	-57.2
7.33	-9.621	-8.395	-59.2
7.34	-9.595	8.019	-64.3
7.35	-9.569	21.614	-61.6
7.36	-9.544	31.200	-69.3
7.37	-9.521	36.173	-69.8
7.38	-9.498	36.619	-55.5
7.39	-9.474	33.200	-74.5
7.4	-9.450	26.870	-77.3
7.41	-9.427	18.597	-66.5
7.42	-9.404	9.227	-60.3
7.43	-9.382	-0.525	-55.4
7.44	-9.362	-10.081	-59.0
7.45	-9.344	-19.027	-62.4
7.46	-9.327	-27.095	-53.4
7.47	-9.312	-34.141	-64.1
7.48	-9.296	-40.075	-59.1
7.49	-9.280	-44.855	-55.7
7.5	-9.264	-48.395	-68.5
7.51	-9.248	-50.419	-55.3
7.52	-9.232	-51.070	-57.3
7.53	-9.216	-51.139	-56.9
7.54	-9.200	-51.141	-47.8
7.55	-9.183	-51.141	-45.9
7.56	-9.167	-51.141	-38.5
7.57	-9.151	-51.136	-42.7
7.58	-9.137	-51.016	-37.8
7.59	-9.123	-50.386	-29.8
7.6	-9.109	-49.067	-19.5
7.61	-9.096	-47.370	-24.8
7.62	-9.082	-45.547	-22.7
7.63	-9.068	-43.644	-25.3
7.64	-9.054	-41.711	-63.0
7.65	-9.040	-39.820	-68.7
7.66	-9.027	-38.050	-52.7
7.67	-9.014	-36.472	-62.1
7.68	-9.001	-35.103	-52.8
7.69	-8.989	-33.894	-77.0
7.7	-8.976	-32.755	-16.4
7.71	-8.964	-31.622	-49.9
7.72	-8.953	-30.458	29.5
7.73	-8.939	-29.216	279.1
7.74	-8.924	-27.889	302.9
7.75	-8.909	-26.530	188.8
7.76	-8.893	-25.225	-68.8
7.77	-8.878	-24.100	-107.5
7.78	-8.866	-23.323	-27.2
7.79	-8.855	-23.047	-32.0
7.8	-8.844	-23.325	-45.9
7.81	-8.835	-24.098	-42.6
7.82	-8.824	-25.258	-30.2
7.83	-8.813	-26.719	-30.0
7.84	-8.799	-28.436	-12.9
7.85	-8.784	-30.252	-14.3
7.86	-8.769	-31.872	-17.4
7.87	-8.755	-33.034	-12.8
7.88	-8.741	-33.473	3.9
7.89	-8.725	-32.416	7.2
7.9	-8.711	-27.380	27.9
7.91	-8.699	-13.441	42.0
7.92	-8.688	11.988	59.0
7.93	-8.678	37.578	90.3
7.94	-8.668	49.403	125.2
7.95	-8.659	51.109	149.7
7.96	-8.651	51.134	187.6
7.97	-8.641	51.139	199.9
7.98	-8.632	51.139	197.8
7.99	-8.623	51.139	175.9
8.0	-8.614	51.139	107.3
8.01	-8.604	51.139	44.6
8.02	-8.596	51.136	-7.4
8.03	-8.586	51.123	-49.3
8.04	-8.578	50.203	-74.8
8.05	-8.571	43.719	-92.8
8.06	-8.566	28.322	-87.0
8.07	-8.561	8.848	-107.4
8.08	-8.556	-9.095	-116.9
8.09	-8.551	-24.284	-101.7
8.1	-8.546	-36.634	-98.3
8.11	-8.541	-45.550	-107.4
8.12	-8.536	-50.019	-104.9
8.13	-8.531	-51.086	-96.5
8.14	-8.525	-51.138	-90.4
8.15	-8.520	-51.141	-74.3
8.16	-8.515	-51.141	-91.0
8.17	-8.510	-51.141	-109.1
8.18	-8.506	-51.141	-88.4
8.19	-8.501	-51.141	-84.0
8.2	-8.498	-51.138	-95.2
8.21	-8.494	-51.061	-87.6
8.22	-8.490	-49.420	-79.3
8.23	-8.487	-42.541	-77.8
8.24	-8.484	-29.852	-81.3
8.25	-8.481	-15.280	-84.2
8.26	-8.476	-1.784	-76.5
8.27	-8.474	9.445	-86.3
8.28	-8.472	17.592	-92.4
8.29	-8.470	22.197	-82.9
8.3	-8.467	23.195	-74.0
8.31	-8.464	20.909	-84.4
8.32	-8.462	15.942	-73.1
8.33	-8.459	9.053	-63.8
8.34	-8.456	1.008	-84.3
8.35	-8.454	-7.513	-77.0
8.36	-8.453	-15.980	-75.6
8.37	-8.451	-24.002	-79.2
8.38	-8.450	-31.272	-74.3
8.39	-8.449	-37.586	-67.8
8.4	-8.449	-42.850	-78.8
8.41	-8.450	-47.022	-74.4
8.42	-8.450	-49.784	-46.0
8.43	-8.450	-50.934	-69.1
8.44	-8.449	-51.134	-68.3
8.45	-8.449	-51.141	-69.6
8.46	-8.448	-51.141	-70.8
8.47	-8.448	-51.141	-67.4
8.48	-8.448	-51.141	-51.3
8.49	-8.449	-51.141	-51.3
8.5	-8.449	-51.141	-60.2
8.51	-8.450	-51.138	-47.0
8.52	-8.451	-51.028	-46.6
8.53	-8.453	-50.453	-48.1
8.54	-8.453	-49.241	-39.3
8.55	-8.454	-47.680	-26.3
8.56	-8.454	-46.013	-20.3
8.57	-8.453	-44.284	-17.8
8.58	-8.453	-42.489	-19.8
8.59	-8.453	-40.639	-32.3
8.6	-8.452	-38.786	-34.6
8.61	-8.453	-36.989	-70.0
8.62	-8.454	-35.297	-72.2
8.63	-8.456	-33.742	-52.3
8.64	-8.457	-32.344	-58.5
8.65	-8.458	-31.120	-65.0
8.66	-8.459	-30.075	-14.7
8.67	-8.461	-29.194	-49.8
8.68	-8.463	-28.445	11.0
8.69	-8.464	-27.819	256.9
8.7	-8.465	-27.306	300.8
8.71	-8.466	-26.856	292.1
8.72	-8.466	-26.408	35.8
8.73	-8.467	-25.983	-98.2
8.74	-8.469	-25.722	-6.9
8.75	-8.472	-25.758	-50.8
8.76	-8.474	-26.113	-31.5
8.77	-8.476	-26.742	-38.2
8.78	-8.477	-27.605	-37.6
8.79	-8.477	-28.688	-31.3
8.8	-8.478	-29.959	-35.0
8.81	-8.478	-31.280	-29.5
8.82	-8.479	-32.448	-25.0
8.83	-8.478	-33.238	3.6
8.84	-8.476	-33.109	2.5
8.85	-8.473	-30.316	20.7
8.86	-8.469	-20.606	56.4
8.87	-8.466	1.222	49.5
8.88	-8.465	29.286	80.1
8.89	-8.465	46.822	101.5
8.9	-8.466	50.961	123.7
8.91	-8.467	51.131	167.1
8.92	-8.467	51.139	195.6
8.93	-8.467	51.139	217.3
8.94	-8.467	51.139	220.4
8.95	-8.467	51.139	203.0
8.96	-8.467	51.139	167.4
8.97	-8.469	51.139	100.2
8.98	-8.471	51.134	21.1
8.99	-8.473	51.089	-39.9
9.0	-8.473	49.625	-71.6
9.01	-8.474	41.798	-90.1
9.02	-8.474	25.755	-97.8
9.03	-8.476	7.244	-110.6
9.04	-8.479	-9.067	-119.5
9.05	-8.483	-22.514	-102.9
9.06	-8.487	-33.142	-106.6
9.07	-8.491	-41.247	-104.9
9.08	-8.494	-47.030	-87.2
9.09	-8.499	-50.166	-89.8
9.1	-8.502	-51.066	-100.7
9.11	-8.504	-51.138	-85.1
9.12	-8.504	-51.141	-80.5
9.13	-8.503	-51.141	-93.7
9.14	-8.504	-51.141	-84.5
9.15	-8.506	-51.141	-88.1
9.16	-8.508	-51.139	-83.3
9.17	-8.511	-51.103	-74.4
9.18	-8.514	-50.116	-86.0
9.19	-8.518	-45.223	-93.5
9.2	-8.520	-35.153	-61.3
9.21	-8.522	-22.700	-73.0
9.22	-8.523	-10.622	-77.7
9.23	-8.524	-0.167	-69.8
9.24	-8.524	7.819	-85.0
9.25	-8.525	12.830	-84.9
9.26	-8.526	14.713	-61.9
9.27	-8.527	13.644	-67.4
9.28	-8.528	10.070	-77.7
9.29	-8.529	4.600	-62.2
9.3	-8.531	-2.113	-60.7
9.31	-8.531	-9.447	-67.6
9.32	-8.532	-16.878	-77.6
9.33	-8.533	-24.011	-66.8
9.34	-8.534	-30.598	-61.6
9.35	-8.536	-36.484	-76.7
9.36	-8.539	-41.577	-63.6
9.37	-8.541	-45.814	-53.8
9.38	-8.544	-48.972	-59.8
9.39	-8.546	-50.653	-66.5
9.4	-8.549	-51.108	-64.5
9.41	-8.551	-51.139	-54.8
9.42	-8.554	-51.141	-40.9
9.43	-8.558	-51.141	-49.4
9.44	-8.561	-51.141	-52.8
9.45	-8.564	-51.141	-43.7
9.46	-8.567	-51.141	-44.9
9.47	-8.570	-51.139	-60.9
9.48	-8.572	-51.097	-57.8
9.49	-8.575	-50.727	-46.9
9.5	-8.577	-49.722	-46.8
9.51	-8.579	-48.227	-27.7
9.52	-8.581	-46.547	-24.2
9.53	-8.584	-44.827	-24.4
9.54	-8.586	-43.128	-15.4
9.55	-8.589	-41.461	-8.5
9.56	-8.593	-39.820	-5.8
9.57	-8.598	-38.211	-19.9
9.58	-8.603	-36.684	-26.4
9.59	-8.608	-35.272	-53.6
9.6	-8.614	-33.969	-53.0
9.61	-8.620	-32.766	-45.4
9.62	-8.626	-31.680	-54.7
9.63	-8.631	-30.764	-41.8
9.64	-8.636	-30.064	-52.5
9.65	-8.641	-29.583	-3.2
9.66	-8.647	-29.273	-55.5
9.67	-8.653	-29.091	22.1
9.68	-8.657	-29.009	286.4
9.69	-8.658	-29.002	345.2
9.7	-8.657	-28.997	320.1
9.71	-8.658	-28.939	22.3
9.72	-8.661	-28.858	-80.8
9.73	-8.668	-28.870	-12.8
9.74	-8.678	-29.103	-49.5
9.75	-8.688	-29.608	-25.1
9.76	-8.697	-30.347	-41.6
9.77	-8.704	-31.258	-33.7
9.78	-8.705	-32.298	-22.4
9.79	-8.703	-33.447	-19.2
9.8	-8.700	-34.616	-11.5
9.81	-8.699	-35.638	4.0
9.82	-8.697	-36.319	10.6
9.83	-8.696	-36.302	2.8
9.84	-8.694	-34.347	21.7
9.85	-8.694	-27.023	42.8
9.86	-8.697	-8.642	52.8
9.87	-8.705	19.922	72.6
9.88	-8.715	42.823	108.8
9.89	-8.726	50.505	146.5
9.9	-8.738	51.108	182.5
9.91	-8.749	51.139	210.6
9.92	-8.759	51.139	213.3
9.93	-8.770	51.139	219.6
9.94	-8.781	51.139	207.8
9.95	-8.793	51.139	156.1
9.96	-8.806	51.139	84.3
9.97	-8.818	51.125	5.7
9.98	-8.831	50.800	-19.9
9.99	-8.844	46.925	-58.6
10.0	-8.858	34.742	-71.5
10.01	-8.872	16.512	-90.5
10.02	-8.887	-1.506	-109.3
10.03	-8.901	-16.994	-101.9
10.04	-8.914	-29.738	-100.4
10.05	-8.927	-39.689	-94.3
10.06	-8.939	-46.636	-101.0
10.07	-8.951	-50.161	-90.2
10.08	-8.963	-51.078	-84.7
10.09	-8.975	-51.138	-81.5
10.1	-8.987	-51.141	-73.2
10.11	-8.999	-51.141	-82.1
10.12	-9.009	-51.141	-88.4
10.13	-9.021	-51.141	-83.3
10.14	-9.031	-51.141	-76.4
10.15	-9.042	-51.134	-76.8
10.16	-9.052	-50.983	-75.8
10.17	-9.062	-48.986	-80.6
10.18	-9.073	-42.175	-70.2
10.19	-9.086	-30.888	-67.8
10.2	-9.099	-18.339	-78.6
10.21	-9.112	-6.605	-75.2
10.22	-9.124	3.222	-62.5
10.23	-9.136	10.339	-64.5
10.24	-9.146	14.327	-75.1
10.25	-9.156	15.161	-61.0
10.26	-9.164	13.156	-66.0
10.27	-9.173	8.844	-69.2
10.28	-9.183	2.841	-62.8
10.29	-9.193	-4.202	-66.9
10.3	-9.203	-11.648	-59.4
10.31	-9.213	-18.961	-63.5
10.32	-9.223	-25.761	-56.1
10.33	-9.233	-31.839	-62.3
10.34	-9.243	-37.087	-61.8
10.35	-9.253	-41.444	-69.6
10.36	-9.263	-44.902	-58.7
10.37	-9.274	-47.539	-32.2
10.38	-9.286	-49.450	-54.9
10.39	-9.297	-50.616	-60.5
10.4	-9.308	-51.070	-53.8
10.41	-9.317	-51.139	-46.9
10.42	-9.327	-51.141	-42.6
10.43	-9.338	-51.138	-51.0
10.44	-9.348	-51.064	-53.3
10.45	-9.359	-50.698	-42.4
10.46	-9.369	-49.927	-37.2
10.47	-9.379	-48.881	-44.3
10.48	-9.388	-47.645	-22.0
10.49	-9.397	-46.236	-32.5
10.5	-9.406	-44.689	-28.8
10.51	-9.414	-43.063	-12.9
10.52	-9.423	-41.433	-14.1
10.53	-9.432	-39.850	9.4
10.54	-9.442	-38.334	-11.6
10.55	-9.453	-36.891	-51.4
10.56	-9.463	-35.544	-51.5
10.57	-9.473	-34.303	-48.0
10.58	-9.483	-33.145	-55.0
10.59	-9.494	-32.056	-47.7
10.6	-9.504	-31.075	-58.3
10.61	-9.516	-30.241	-24.3
10.62	-9.526	-29.550	-38.8
10.63	-9.536	-28.981	18.8
10.64	-9.546	-28.511	266.9
10.65	-9.554	-28.084	334.0
10.66	-9.563	-27.616	247.9
10.67	-9.569	-27.091	-23.4
10.68	-9.579	-26.581	-91.8
10.69	-9.592	-26.184	2.1
10.7	-9.605	-25.995	-38.2
10.71	-9.619	-26.094	-13.5
10.72	-9.633	-26.539	-17.2
10.73	-9.646	-27.311	-9.2
10.74	-9.655	-28.367	-3.5
10.75	-9.661	-29.708	-23.9
10.76	-9.667	-31.289	19.1
10.77	-9.671	-32.975	11.6
10.78	-9.676	-34.577	3.9
10.79	-9.680	-35.848	34.7
10.8	-9.685	-36.292	36.3
10.81	-9.691	-34.458	49.0
10.82	-9.698	-26.809	55.7
10.83	-9.707	-8.083	75.3
10.84	-9.715	20.325	127.8
10.85	-9.723	42.895	138.8
10.86	-9.729	50.492	154.2
10.87	-9.737	51.109	202.7
10.88	-9.744	51.139	226.3
10.89	-9.752	51.139	224.5
10.9	-9.759	51.139	210.7
10.91	-9.767	51.139	149.7
10.92	-9.776	51.139	73.4
10.93	-9.784	51.125	27.0
10.94	-9.791	50.827	-24.4
10.95	-9.799	47.163	-59.7
10.96	-9.809	35.514	-85.0
10.97	-9.821	17.980	-105.5
10.98	-9.834	0.561	-106.3
10.99	-9.848	-14.541	-88.5
11.0	-9.859	-27.167	-77.9
11.01	-9.871	-37.309	-101.9
11.02	-9.882	-44.914	-88.7
11.03	-9.892	-49.417	-94.8
11.04	-9.901	-50.958	-98.6
11.05	-9.908	-51.138	-77.3
11.06	-9.916	-51.141	-85.2
11.07	-9.924	-51.141	-89.6
11.08	-9.931	-51.141	-79.5
11.09	-9.938	-51.141	-84.0
11.1	-9.944	-51.139	-70.0
11.11	-9.952	-51.133	-62.7
11.12	-9.960	-50.667	-73.4
11.13	-9.967	-47.173	-73.6
11.14	-9.974	-38.166	-60.0
11.15	-9.981	-25.250	-64.0
11.16	-9.987	-11.459	-62.7
11.17	-9.992	1.480	-66.9
11.18	-9.999	12.278	-83.1
11.19	-10.004	19.934	-53.1
11.2	-10.010	23.936	-66.3
11.21	-10.014	24.308	-80.1
11.22	-10.019	21.525	-63.4
11.23	-10.024	16.302	-70.9
11.24	-10.029	9.441	-67.5
11.25	-10.035	1.705	-45.1
11.26	-10.041	-6.256	-61.4
11.27	-10.047	-13.941	-64.8
11.28	-10.053	-21.028	-50.3
11.29	-10.058	-27.339	-59.1
11.3	-10.064	-32.788	-38.8
11.31	-10.072	-37.352	-57.9
11.32	-10.078	-41.033	-62.9
11.33	-10.083	-43.866	-38.3
11.34	-10.089	-45.905	-64.4
11.35	-10.095	-47.203	-49.9
11.36	-10.102	-47.848	-35.8
11.37	-10.110	-47.963	-47.0
11.38	-10.118	-47.673	-47.0
11.39	-10.124	-47.073	-52.2
11.4	-10.131	-46.220	-31.6
11.41	-10.137	-45.161	-22.3
11.42	-10.143	-43.948	-29.5
11.43	-10.149	-42.636	-27.7
11.44	-10.154	-41.258	-27.4
11.45	-10.161	-39.848	-30.0
11.46	-10.167	-38.455	-13.5
11.47	-10.174	-37.081	-44.3
11.48	-10.181	-35.731	-63.9
11.49	-10.187	-34.417	-54.2
11.5	-10.192	-33.152	-58.2
11.51	-10.196	-31.953	-61.0
11.52	-10.198	-30.850	-67.3
11.53	-10.198	-29.858	-60.6
11.54	-10.196	-28.925	-0.2
11.55	-10.195	-27.969	-67.8
11.56	-10.194	-26.944	81.4
11.57	-10.189	-25.855	300.4
11.58	-10.183	-24.728	254.3
11.59	-10.179	-23.600	95.0
11.6	-10.177	-22.528	-105.0
11.61	-10.174	-21.595	-57.2
11.62	-10.166	-20.902	-17.5
11.63	-10.155	-20.564	-45.5
11.64	-10.142	-20.642	-31.6
11.65	-10.127	-21.088	-31.3
11.66	-10.105	-21.848	-27.6
11.67	-10.076	-22.944	-11.6
11.68	-10.042	-24.431	-11.5
11.69	-10.008	-26.231	-34.9
11.7	-9.975	-28.105	0.2
11.71	-9.945	-29.838	21.8
11.72	-9.917	-31.283	11.2
11.73	-9.889	-32.184	26.1
11.74	-9.861	-31.663	30.7
11.75	-9.833	-27.294	41.8
11.76	-9.806	-14.758	75.6
11.77	-9.779	8.850	108.3
11.78	-9.755	34.709	135.9
11.79	-9.731	48.461	180.5
11.8	-9.707	51.053	198.6
11.81	-9.686	51.131	209.8
11.82	-9.664	51.139	205.3
11.83	-9.643	51.139	154.5
11.84	-9.620	51.139	110.3
11.85	-9.598	51.139	39.8
11.86	-9.574	51.127	-25.2
11.87	-9.553	50.684	-47.1
11.88	-9.534	46.355	-76.9
11.89	-9.520	33.919	-94.6
11.9	-9.508	16.158	-102.6
11.91	-9.496	-1.209	-119.6
11.92	-9.482	-16.330	-91.2
11.93	-9.468	-29.086	-103.3
11.94	-9.456	-39.480	-117.1
11.95	-9.444	-46.872	-90.7
11.96	-9.431	-50.367	-89.3
11.97	-9.418	-51.109	-88.5
11.98	-9.402	-51.139	-87.2
11.99	-9.385	-51.141	-77.7
12.0	-9.367	-51.141	-84.3
12.01	-9.350	-51.141	-87.0
12.02	-9.332	-51.141	-60.9
12.03	-9.315	-51.134	-65.7
12.04	-9.299	-51.014	-66.1
12.05	-9.283	-49.047	-81.5
12.06	-9.266	-41.781	-69.9
12.07	-9.250	-29.103	-62.0
12.08	-9.234	-14.408	-75.4
12.09	-9.217	-0.111	-78.3
12.1	-9.202	12.375	-87.8
12.11	-9.186	21.863	-78.6
12.12	-9.171	27.652	-62.3
12.13	-9.155	29.634	-70.5
12.14	-9.140	28.216	-78.5
12.15	-9.124	24.084	-72.4
12.16	-9.108	17.995	-80.8
12.17	-9.092	10.644	-67.8
12.18	-9.078	2.634	-59.6
12.19	-9.065	-5.481	-71.4
12.2	-9.053	-13.242	-82.4
12.21	-9.041	-20.347	-68.5
12.22	-9.029	-26.620	-49.8
12.23	-9.017	-31.952	-68.5
12.24	-9.004	-36.308	-59.6
12.25	-8.992	-39.738	-64.7
12.26	-8.981	-42.325	-65.6
12.27	-8.969	-44.175	-45.5
12.28	-8.958	-45.400	-48.6
12.29	-8.946	-46.114	-65.3
12.3	-8.934	-46.380	-64.7
12.31	-8.922	-46.222	-45.7
12.32	-8.912	-45.709	-53.4
12.33	-8.902	-44.950	-48.7
12.34	-8.893	-44.020	-27.4
12.35	-8.883	-42.961	-35.5
12.36	-8.872	-41.792	-26.5
12.37	-8.861	-40.538	-19.8
12.38	-8.851	-39.241	-12.0
12.39	-8.841	-37.923	-25.5
12.4	-8.832	-36.591	-48.6
12.41	-8.826	-35.236	-56.7
12.42	-8.819	-33.859	-58.9
12.43	-8.811	-32.481	-52.1
12.44	-8.803	-31.142	-60.6
12.45	-8.794	-29.891	-63.5
12.46	-8.786	-28.780	-68.3
12.47	-8.776	-27.825	-7.6
12.48	-8.767	-26.998	-53.3
12.49	-8.758	-26.250	43.7
12.5	-8.749	-25.548	279.5
12.51	-8.741	-24.847	297.6
12.52	-8.731	-24.086	209.9
12.53	-8.721	-23.228	-63.7
12.54	-8.713	-22.169	-86.7
12.55	-8.704	-20.836	-21.7
12.56	-8.696	-19.527	-49.8
12.57	-8.688	-18.619	-30.7
12.58	-8.681	-17.953	-41.5
12.59	-8.674	-17.422	-33.3
12.6	-8.667	-18.955	-35.2
12.61	-8.658	-22.834	-29.8
12.62	-8.647	-25.914	-17.0
12.63	-8.638	-26.709	-9.2
12.64	-8.629	-26.519	-0.2
12.65	-8.619	-26.988	4.6
12.66	-8.611	-26.828	6.9
12.67	-8.603	-21.052	25.8
12.68	-8.596	-3.764	53.5
12.69	-8.589	23.088	55.6
12.7	-8.584	43.966	84.7
12.71	-8.580	50.647	113.7
12.72	-8.577	51.114	139.1
12.73	-8.572	51.139	177.6
12.74	-8.568	51.139	188.3
12.75	-8.564	51.139	186.6
12.76	-8.560	51.139	164.8
12.77	-8.555	51.139	118.5
12.78	-8.550	51.136	74.3
12.79	-8.546	51.103	-10.1
12.8	-8.543	49.942	-55.4
12.81	-8.541	43.391	-67.3
12.82	-8.539	29.519	-105.0
12.83	-8.538	13.078	-102.7
12.84	-8.537	-1.811	-109.3
12.85	-8.536	-14.484	-101.0
12.86	-8.536	-24.831	-96.8
12.87	-8.535	-32.870	-108.3
12.88	-8.534	-38.853	-101.5
12.89	-8.534	-43.316	-103.1
12.9	-8.534	-46.891	-94.3
12.91	-8.533	-49.575	-89.0
12.92	-8.532	-50.873	-86.6
12.93	-8.531	-51.131	-80.3
12.94	-8.529	-51.141	-81.4
12.95	-8.527	-51.141	-95.6
12.96	-8.527	-51.136	-79.6
12.97	-8.526	-51.027	-82.0
12.98	-8.526	-49.542	-72.2
12.99	-8.526	-44.289	-69.0
13.0	-8.525	-35.113	-73.8
13.01	-8.524	-24.069	-72.8
13.02	-8.524	-12.630	-83.3
13.03	-8.523	-1.800	-67.1
13.04	-8.524	7.425	-75.3
13.05	-8.524	14.266	-96.9
13.06	-8.525	18.305	-72.4
13.07	-8.526	19.458	-67.5
13.08	-8.527	17.892	-81.6
13.09	-8.527	13.756	-70.8
13.1	-8.529	7.653	-71.5
13.11	-8.530	0.713	-68.0
13.12	-8.531	-6.342	-48.6
13.13	-8.531	-13.202	-72.2
13.14	-8.531	-19.847	-69.4
13.15	-8.531	-26.248	-66.7
13.16	-8.531	-31.983	-72.1
13.17	-8.533	-36.528	-59.6
13.18	-8.533	-39.830	-65.7
13.19	-8.534	-42.264	-58.3
13.2	-8.536	-43.920	-57.0
13.21	-8.537	-45.016	-53.0
13.22	-8.539	-46.291	-55.4
13.23	-8.541	-47.556	-42.6
13.24	-8.543	-47.883	-54.4
13.25	-8.544	-47.213	-76.7
13.26	-8.546	-46.470	-58.7
13.27	-8.547	-46.656	-53.4
13.28	-8.549	-47.053	-48.6
13.29	-8.550	-46.580	-38.2
13.3	-8.551	-45.444	-33.5
13.31	-8.553	-44.153	-32.9
13.32	-8.555	-43.077	-34.3
13.33	-8.558	-42.000	-17.5
13.34	-8.561	-40.636	-3.4
13.35	-8.564	-39.131	-31.1
13.36	-8.569	-37.645	-59.8
13.37	-8.576	-36.241	-72.1
13.38	-8.585	-34.863	-61.1
13.39	-8.594	-33.511	-49.9
13.4	-8.604	-32.291	-44.4
13.41	-8.614	-31.216	-78.8
13.42	-8.625	-30.192	-28.0
13.43	-8.639	-29.195	-38.5
13.44	-8.652	-28.314	26.3
13.45	-8.666	-27.611	243.0
13.46	-8.678	-27.023	284.0
13.47	-8.691	-26.464	238.6
13.48	-8.706	-25.961	-0.7
13.49	-8.724	-25.605	-78.9
13.5	-8.745	-25.488	-19.9
13.51	-8.768	-25.636	-52.4
13.52	-8.791	-26.064	-22.7
13.53	-8.814	-26.738	-34.8
13.54	-8.835	-27.566	-29.5
13.55	-8.853	-28.534	-18.8
13.56	-8.867	-29.677	-35.2
13.57	-8.882	-30.913	-26.4
13.58	-8.896	-32.020	-1.2
13.59	-8.908	-32.798	0.2
13.6	-8.918	-32.917	11.1
13.61	-8.927	-31.052	21.6
13.62	-8.936	-23.511	34.3
13.63	-8.945	-4.528	52.8
13.64	-8.955	23.619	62.5
13.65	-8.966	44.523	87.6
13.66	-8.978	50.759	124.8
13.67	-8.990	51.119	155.5
13.68	-9.002	51.139	179.0
13.69	-9.014	51.139	209.3
13.7	-9.026	51.139	226.6
13.71	-9.037	51.139	181.3
13.72	-9.050	51.139	136.8
13.73	-9.061	51.139	78.5
13.74	-9.073	51.128	15.2
13.75	-9.086	50.639	-36.3
13.76	-9.099	46.261	-65.4
13.77	-9.113	34.263	-73.0
13.78	-9.129	17.606	-94.2
13.79	-9.145	1.594	-93.2
13.8	-9.161	-12.053	-88.5
13.81	-9.179	-23.070	-102.0
13.82	-9.196	-31.436	-106.1
13.83	-9.213	-37.452	-92.4
13.84	-9.229	-41.675	-94.1
13.85	-9.245	-44.863	-82.4
13.86	-9.260	-47.720	-65.8
13.87	-9.274	-49.988	-97.5
13.88	-9.286	-50.991	-90.0
13.89	-9.298	-51.138	-70.2
13.9	-9.311	-51.141	-62.0
13.91	-9.323	-51.139	-80.8
13.92	-9.336	-51.100	-81.2
13.93	-9.349	-50.225	-66.4
13.94	-9.363	-46.272	-69.8
13.95	-9.375	-38.223	-54.7
13.96	-9.386	-27.678	-56.4
13.97	-9.396	-16.348	-68.7
13.98	-9.406	-5.380	-70.1
13.99	-9.418	4.088	-75.9
14.0	-9.429	11.166	-60.8
14.01	-9.439	15.350	-58.8
14.02	-9.451	16.488	-68.5
14.03	-9.461	14.797	-44.2
14.04	-9.474	10.798	-51.0
14.05	-9.486	5.138	-62.3
14.06	-9.499	-1.520	-48.0
14.07	-9.513	-8.536	-48.0
14.08	-9.524	-15.383	-54.8
14.09	-9.536	-21.716	-49.1
14.1	-9.546	-27.402	-37.4
14.11	-9.557	-32.458	-62.1
14.12	-9.568	-36.873	-58.6
14.13	-9.579	-40.588	-54.4
14.14	-9.589	-43.595	-52.1
14.15	-9.601	-45.938	-37.3
14.16	-9.611	-47.666	-40.8
14.17	-9.621	-48.816	-41.5
14.18	-9.632	-49.488	-52.6
14.19	-9.643	-49.798	-44.6
14.2	-9.654	-49.809	-27.7
14.21	-9.662	-49.528	-41.6
14.22	-9.671	-48.936	-29.8
14.23	-9.681	-48.061	-38.0
14.24	-9.693	-46.980	-32.7
14.25	-9.703	-45.723	-27.8
14.26	-9.713	-44.292	-23.7
14.27	-9.723	-42.725	-16.7
14.28	-9.732	-41.066	-8.5
14.29	-9.744	-39.356	5.6
14.3	-9.756	-37.725	-12.5
14.31	-9.770	-36.223	7.6
14.32	-9.784	-34.795	-21.4
14.33	-9.800	-33.414	-59.4
14.34	-9.816	-32.111	-27.9
14.35	-9.832	-30.920	-50.7
14.36	-9.850	-29.880	-32.3
14.37	-9.867	-28.997	-40.1
14.38	-9.884	-28.258	-44.6
14.39	-9.900	-27.661	11.6
14.4	-9.916	-27.177	-58.8
14.41	-9.931	-26.730	114.6
14.42	-9.944	-26.272	321.1
14.43	-9.954	-25.789	298.6
14.44	-9.964	-25.297	163.5
14.45	-9.976	-24.883	-85.0
14.46	-9.988	-24.703	-43.9
14.47	-10.001	-24.852	17.2
14.48	-10.014	-25.330	-25.0
14.49	-10.026	-26.092	-21.4
14.5	-10.038	-27.078	-8.7
14.51	-10.046	-28.236	-6.7
14.52	-10.049	-29.583	-12.8
14.53	-10.051	-31.152	0.7
14.54	-10.054	-32.867	-1.5
14.55	-10.060	-34.541	13.9
14.56	-10.069	-35.978	27.8
14.57	-10.078	-36.945	23.4
14.58	-10.086	-36.792	41.5
14.59	-10.091	-33.516	53.2
14.6	-10.095	-22.655	68.8
14.61	-10.099	0.655	92.5
14.62	-10.104	29.530	123.2
14.63	-10.113	47.003	148.8
14.64	-10.122	50.975	174.9
14.65	-10.132	51.130	199.4
14.66	-10.143	51.139	223.7
14.67	-10.153	51.139	212.8
14.68	-10.164	51.139	176.3
14.69	-10.174	51.139	144.5
14.7	-10.186	51.139	47.5
14.71	-10.198	51.125	-2.4
14.72	-10.208	50.780	-21.0
14.73	-10.217	46.863	-61.8
14.74	-10.228	34.772	-56.7
14.75	-10.240	16.811	-84.7
14.76	-10.253	-0.969	-84.4
14.77	-10.265	-16.361	-88.7
14.78	-10.276	-29.173	-89.0
14.79	-10.288	-39.411	-82.5
14.8	-10.301	-46.673	-83.7
14.81	-10.315	-50.255	-58.5
14.82	-10.328	-51.098	-76.3
14.83	-10.336	-51.139	-93.8
14.84	-10.342	-51.141	-61.1
14.85	-10.348	-51.141	-61.9
14.86	-10.357	-51.141	-68.2
14.87	-10.366	-51.141	-60.2
14.88	-10.376	-51.138	-59.3
14.89	-10.385	-51.108	-57.9
14.9	-10.393	-50.147	-52.4
14.91	-10.401	-44.813	-45.3
14.92	-10.408	-32.939	-60.4
14.93	-10.414	-17.258	-55.0
14.94	-10.421	-1.205	-49.5
14.95	-10.426	13.239	-55.7
14.96	-10.430	24.478	-50.7
14.97	-10.432	31.513	-58.7
14.98	-10.432	34.158	-48.9
14.99	-10.432	32.875	-59.2
15.0	-10.431	28.478	-64.3
15.01	-10.427	21.863	-44.7
15.02	-10.420	13.856	-56.0
15.03	-10.410	5.142	-64.8
15.04	-10.398	-3.709	-31.3
15.05	-10.381	-12.211	-60.9
15.06	-10.359	-20.013	-54.9
15.07	-10.334	-26.914	-39.0
15.08	-10.306	-32.820	-78.5
15.09	-10.277	-37.709	-51.7
15.1	-10.246	-41.586	-27.5
15.11	-10.214	-44.511	-50.9
15.12	-10.183	-46.594	-45.0
15.13	-10.153	-47.925	-44.8
15.14	-10.123	-48.595	-51.5
15.15	-10.094	-48.703	-23.0
15.16	-10.066	-48.334	-40.5
15.17	-10.040	-47.572	-30.7
15.18	-10.016	-46.509	-16.9
15.19	-9.995	-45.253	-30.6
15.2	-9.975	-43.894	-7.7
15.21	-9.956	-42.470	-27.0
15.22	-9.936	-40.980	-34.0
15.23	-9.916	-39.438	-59.1
15.24	-9.896	-37.881	-68.2
15.25	-9.877	-36.355	-55.3
15.26	-9.856	-34.909	-51.1
15.27	-9.834	-33.569	-51.9
15.28	-9.812	-32.331	-24.3
15.29	-9.789	-31.136	-38.9
15.3	-9.764	-29.875	9.5
15.31	-9.739	-28.509	222.7
15.32	-9.713	-27.089	270.6
15.33	-9.686	-25.733	194.3
15.34	-9.661	-24.470	-19.1
15.35	-9.638	-23.220	-102.0
15.36	-9.617	-22.098	-6.8
15.37	-9.596	-21.398	-29.9
15.38	-9.575	-21.233	-22.0
15.39	-9.556	-21.463	-26.8
15.4	-9.536	-21.992	-27.7
15.41	-9.514	-22.919	-16.2
15.42	-9.490	-24.366	-12.0
15.43	-9.463	-26.242	-0.8
15.44	-9.438	-28.213	0.7
15.45	-9.414	-29.914	1.8
15.46	-9.392	-31.183	18.3
15.47	-9.370	-31.905	19.6
15.48	-9.348	-31.433	25.0
15.49	-9.326	-27.572	77.0
15.5	-9.303	-15.963	69.4
15.51	-9.279	7.056	93.9
15.52	-9.258	33.442	134.2
15.53	-9.239	48.098	160.9
15.54	-9.221	51.033	202.1
15.55	-9.203	51.130	203.8
15.56	-9.185	51.139	229.3
15.57	-9.168	51.139	205.7
15.58	-9.149	51.139	126.8
15.59	-9.130	51.139	70.2
15.6	-9.111	51.138	19.4
15.61	-9.093	51.127	-27.0
15.62	-9.076	50.333	-62.0
15.63	-9.062	44.498	-95.9
15.64	-9.053	30.222	-67.7
15.65	-9.044	11.673	-85.5
15.66	-9.036	-5.848	-82.4
15.67	-9.026	-21.056	-86.5
15.68	-9.015	-33.827	-102.5
15.69	-9.002	-43.689	-85.4
15.7	-8.990	-49.314	-97.1
15.71	-8.977	-50.991	-80.6
15.72	-8.963	-51.136	-80.0
15.73	-8.949	-51.141	-73.6
15.74	-8.935	-51.141	-79.0
15.75	-8.920	-51.141	-79.5
15.76	-8.905	-51.141	-64.0
15.77	-8.891	-51.141	-75.8
15.78	-8.877	-51.134	-69.6
15.79	-8.865	-51.000	-66.4
15.8	-8.853	-48.783	-66.1
15.81	-8.842	-40.536	-58.8
15.82	-8.831	-26.231	-86.4
15.83	-8.819	-10.102	-70.4
15.84	-8.807	4.808	-49.5
15.85	-8.796	16.913	-75.8
15.86	-8.784	25.220	-82.3
15.87	-8.773	29.419	-73.7
15.88	-8.762	29.733	-65.6
15.89	-8.750	26.777	-65.7
15.9	-8.738	21.094	-72.6
15.91	-8.727	13.195	-79.0
15.92	-8.716	4.803	-71.7
15.93	-8.704	-2.877	-72.6
15.94	-8.692	-10.719	-86.0
15.95	-8.680	-18.700	-67.6
15.96	-8.668	-25.917	-47.0
15.97	-8.658	-32.058	-82.1
15.98	-8.649	-37.123	-76.3
15.99	-8.641	-41.411	-49.0
16.0	-8.633	-44.964	-62.5
16.01	-8.624	-47.592	-73.2
16.02	-8.615	-49.277	-73.6
16.03	-8.607	-50.269	-60.9
16.04	-8.598	-50.838	-57.0
16.05	-8.588	-51.044	-73.1
16.06	-8.578	-50.897	-56.3
16.07	-8.569	-50.392	-55.9
16.08	-8.560	-49.575	-67.7
16.09	-8.552	-48.569	-52.1
16.1	-8.544	-47.470	-52.4
16.11	-8.536	-46.309	-48.5
16.12	-8.527	-45.066	-31.3
16.13	-8.520	-43.734	-25.8
16.14	-8.514	-42.314	-17.4
16.15	-8.508	-40.814	-28.5
16.16	-8.501	-39.252	-33.5
16.17	-8.496	-37.658	-53.7
16.18	-8.492	-36.039	-64.6
16.19	-8.488	-34.367	-53.5
16.2	-8.487	-32.706	-73.9
16.21	-8.488	-31.177	-59.3
16.22	-8.492	-29.839	-74.5
16.23	-8.495	-28.706	-54.6
16.24	-8.497	-27.766	-35.2
16.25	-8.496	-26.997	-63.6
16.26	-8.490	-26.367	153.6
16.27	-8.481	-25.820	257.0
16.28	-8.471	-25.273	286.8
16.29	-8.461	-24.695	115.4
16.3	-8.454	-24.142	-123.7
16.31	-8.447	-23.742	-46.8
16.32	-8.442	-23.634	-46.5
16.33	-8.437	-23.859	-55.1
16.34	-8.432	-24.369	-31.1
16.35	-8.426	-25.084	-47.0
16.36	-8.419	-25.931	-48.1
16.37	-8.411	-26.888	-37.9
16.38	-8.402	-27.903	-26.1
16.39	-8.394	-28.797	-25.6
16.4	-8.386	-29.319	-23.0
16.41	-8.377	-29.022	-10.2
16.42	-8.367	-26.456	-5.3
16.43	-8.356	-17.716	14.0
16.44	-8.344	2.697	27.0
16.45	-8.333	29.722	57.2
16.46	-8.324	46.878	88.1
16.47	-8.318	50.961	97.4
16.48	-8.311	51.130	119.0
16.49	-8.304	51.139	152.8
16.5	-8.296	51.139	193.6
16.51	-8.288	51.139	200.1
16.52	-8.281	51.139	192.8
16.53	-8.275	51.139	154.3
16.54	-8.269	51.139	129.7
16.55	-8.264	51.134	50.0
16.56	-8.260	51.098	-29.7
16.57	-8.257	49.811	-49.7
16.58	-8.252	42.672	-84.2
16.59	-8.247	27.738	-91.3
16.6	-8.241	10.220	-106.8
16.61	-8.235	-5.430	-93.6
16.62	-8.231	-18.422	-81.5
16.63	-8.229	-28.630	-104.8
16.64	-8.228	-36.161	-100.7
16.65	-8.226	-41.463	-95.7
16.66	-8.224	-45.345	-90.1
16.67	-8.224	-48.447	-90.9
16.68	-8.223	-50.431	-86.1
16.69	-8.222	-51.080	-89.1
16.7	-8.220	-51.139	-95.5
16.71	-8.219	-51.141	-71.7
16.72	-8.219	-51.141	-75.0
16.73	-8.220	-51.134	-92.7
16.74	-8.222	-50.958	-89.7
16.75	-8.222	-49.020	-86.3
16.76	-8.222	-42.878	-82.0
16.77	-8.223	-32.936	-71.7
16.78	-8.223	-21.698	-77.7
16.79	-8.223	-10.736	-79.4
16.8	-8.222	-1.014	-66.0
16.81	-8.223	6.663	-84.6
16.82	-8.224	11.755	-88.2
16.83	-8.225	14.027	-69.8
16.84	-8.224	13.523	-61.0
16.85	-8.224	10.553	-89.9
16.86	-8.226	5.619	-61.5
16.87	-8.227	-0.688	-58.0
16.88	-8.225	-7.772	-78.6
16.89	-8.223	-15.098	-68.6
16.9	-8.221	-22.233	-76.9
16.91	-8.219	-28.858	-64.5
16.92	-8.218	-34.761	-70.5
16.93	-8.219	-39.825	-76.0
16.94	-8.220	-44.023	-65.0
16.95	-8.221	-47.367	-54.2
16.96	-8.223	-49.713	-79.6
16.97	-8.223	-50.855	-85.2
16.98	-8.224	-51.127	-62.1
16.99	-8.225	-51.141	-70.5
17.0	-8.227	-51.141	-58.1
17.01	-8.229	-51.141	-67.8
17.02	-8.231	-51.141	-69.3
17.03	-8.234	-51.141	-63.3
17.04	-8.236	-51.131	-66.3
17.05	-8.239	-50.969	-64.8
17.06	-8.242	-50.352	-52.2
17.07	-8.245	-49.230	-51.5
17.08	-8.249	-47.828	-45.6
17.09	-8.251	-46.266	-38.3
17.1	-8.254	-44.603	-35.6
17.11	-8.256	-42.917	-19.8
17.12	-8.258	-41.231	-28.4
17.13	-8.259	-39.548	-30.3
17.14	-8.262	-37.900	-44.5
17.15	-8.265	-36.331	-70.9
17.16	-8.268	-34.855	-52.2
17.17	-8.271	-33.473	-62.7
17.18	-8.274	-32.220	-66.0
17.19	-8.277	-31.170	-51.3
17.2	-8.281	-30.363	-58.6
17.21	-8.284	-29.756	-16.3
17.22	-8.289	-29.278	-75.2
17.23	-8.291	-28.892	70.8
17.24	-8.292	-28.594	287.3
17.25	-8.292	-28.319	307.8
17.26	-8.293	-27.973	260.0
17.27	-8.294	-27.583	-43.2
17.28	-8.299	-27.309	-68.3
17.29	-8.305	-27.314	-13.5
17.3	-8.314	-27.658	-66.5
17.31	-8.324	-28.328	-30.3
17.32	-8.333	-29.273	-45.7
17.33	-8.338	-30.417	-43.9
17.34	-8.338	-31.678	-24.2
17.35	-8.335	-32.975	-35.5
17.36	-8.332	-34.169	-32.3
17.37	-8.329	-35.086	-3.7
17.38	-8.327	-35.489	-4.3
17.39	-8.324	-34.645	-3.2
17.4	-8.322	-30.130	17.5
17.41	-8.319	-16.556	19.6
17.42	-8.318	9.670	49.3
17.43	-8.319	36.742	87.3
17.44	-8.323	49.311	92.6
17.45	-8.328	51.105	130.2
17.46	-8.336	51.134	178.2
17.47	-8.343	51.139	179.6
17.48	-8.351	51.139	217.2
17.49	-8.359	51.139	231.5
17.5	-8.369	51.139	193.4
17.51	-8.378	51.139	142.7
17.52	-8.388	51.139	67.3
17.53	-8.399	51.127	10.2
17.54	-8.410	50.663	-32.6
17.55	-8.421	46.161	-76.7
17.56	-8.433	33.303	-97.2
17.57	-8.447	15.125	-106.4
17.58	-8.462	-2.309	-109.0
17.59	-8.479	-17.048	-99.9
17.6	-8.496	-28.953	-101.2
17.61	-8.512	-38.034	-98.5
17.62	-8.528	-44.553	-89.2
17.63	-8.544	-48.755	-93.4
17.64	-8.561	-50.692	-95.6
17.65	-8.577	-51.120	-102.0
17.66	-8.591	-51.139	-95.8
17.67	-8.605	-51.141	-81.3
17.68	-8.618	-51.141	-97.3
17.69	-8.631	-51.141	-86.9
17.7	-8.645	-51.141	-73.4
17.71	-8.659	-51.134	-82.5
17.72	-8.672	-51.027	-69.5
17.73	-8.687	-49.278	-73.1
17.74	-8.701	-42.880	-79.7
17.75	-8.714	-31.839	-81.0
17.76	-8.727	-19.278	-81.8
17.77	-8.740	-7.417	-81.0
17.78	-8.752	2.527	-70.1
17.79	-8.764	9.703	-82.7
17.8	-8.776	13.764	-80.6
17.81	-8.787	14.742	-70.4
17.82	-8.798	12.869	-75.3
17.83	-8.809	8.577	-86.4
17.84	-8.819	2.525	-92.9
17.85	-8.829	-4.555	-81.8
17.86	-8.840	-12.042	-66.8
17.87	-8.852	-19.473	-71.8
17.88	-8.864	-26.522	-66.1
17.89	-8.876	-32.934	-61.8
17.9	-8.888	-38.553	-63.6
17.91	-8.899	-43.342	-61.4
17.92	-8.909	-47.253	-76.8
17.93	-8.920	-49.886	-66.9
17.94	-8.931	-50.966	-54.3
17.95	-8.941	-51.136	-63.9
17.96	-8.951	-51.141	-57.7
17.97	-8.962	-51.141	-58.2
17.98	-8.972	-51.141	-53.2
17.99	-8.982	-51.141	-48.4
18.0	-8.992	-51.141	-72.0
18.01	-9.002	-51.141	-67.0
18.02	-9.013	-51.141	-35.5
18.03	-9.021	-51.125	-28.4
18.04	-9.029	-50.872	-43.1
18.05	-9.039	-49.922	-30.7
18.06	-9.047	-48.297	-24.6
18.07	-9.056	-46.475	-26.3
18.08	-9.065	-44.667	-16.4
18.09	-9.074	-42.875	-21.0
18.1	-9.084	-41.117	-40.1
18.11	-9.094	-39.434	-61.5
18.12	-9.104	-37.837	-56.1
18.13	-9.114	-36.292	-57.7
18.14	-9.124	-34.802	-47.7
18.15	-9.133	-33.430	-74.7
18.16	-9.141	-32.217	-30.8
18.17	-9.149	-31.148	-20.7
18.18	-9.158	-30.205	-41.2
18.19	-9.168	-29.394	220.7
18.2	-9.178	-28.702	326.2
18.21	-9.186	-28.053	278.6
18.22	-9.193	-27.406	60.6
18.23	-9.201	-26.809	-97.5
18.24	-9.209	-26.369	-13.4
18.25	-9.218	-26.170	-42.8
18.26	-9.229	-26.291	-33.1
18.27	-9.241	-26.816	-19.5
18.28	-9.253	-27.766	-31.4
18.29	-9.261	-29.059	-22.4
18.3	-9.266	-30.623	-19.6
18.31	-9.268	-32.369	-21.3
18.32	-9.270	-34.103	-4.0
18.33	-9.273	-35.583	0.1
18.34	-9.274	-36.561	9.8
18.35	-9.276	-36.459	24.0
18.36	-9.279	-33.353	38.3
18.37	-9.283	-22.647	38.2
18.38	-9.289	0.897	62.7
18.39	-9.295	30.023	95.7
18.4	-9.302	47.259	121.6
18.41	-9.308	50.991	164.0
18.42	-9.313	51.130	192.3
18.43	-9.318	51.139	214.7
18.44	-9.324	51.139	220.2
18.45	-9.331	51.139	196.2
18.46	-9.337	51.139	150.9
18.47	-9.342	51.139	99.1
18.48	-9.348	51.138	46.1
18.49	-9.355	51.125	-17.5
18.5	-9.363	50.464	-50.7
18.51	-9.372	45.011	-65.2
18.52	-9.381	30.722	-83.3
18.53	-9.391	11.483	-103.0
18.54	-9.402	-6.725	-92.6
18.55	-9.413	-22.270	-86.4
18.56	-9.423	-35.017	-96.8
18.57	-9.433	-44.473	-88.5
18.58	-9.443	-49.594	-79.1
18.59	-9.453	-51.027	-69.6
18.6	-9.462	-51.136	-88.8
18.61	-9.471	-51.141	-87.3
18.62	-9.480	-51.141	-63.4
18.63	-9.489	-51.141	-69.4
18.64	-9.498	-51.141	-67.2
18.65	-9.508	-51.141	-78.0
18.66	-9.520	-51.139	-58.5
18.67	-9.531	-51.127	-73.4
18.68	-9.541	-50.434	-73.1
18.69	-9.551	-45.756	-49.8
18.7	-9.558	-34.519	-74.0
18.71	-9.564	-19.503	-70.1
18.72	-9.571	-4.586	-66.5
18.73	-9.579	8.403	-68.0
18.74	-9.587	18.264	-53.3
18.75	-9.595	24.233	-68.1
18.76	-9.604	26.111	-71.1
18.77	-9.613	24.225	-64.9
18.78	-9.622	19.283	-68.1
18.79	-9.630	12.195	-63.6
18.8	-9.638	3.873	-55.9
18.81	-9.645	-4.909	-59.1
18.82	-9.654	-13.561	-58.1
18.83	-9.661	-21.680	-67.2
18.84	-9.669	-29.044	-57.6
18.85	-9.675	-35.534	-55.2
18.86	-9.680	-41.117	-62.8
18.87	-9.686	-45.767	-53.7
18.88	-9.692	-49.133	-64.0
18.89	-9.699	-50.758	-50.4
18.9	-9.706	-51.123	-37.1
18.91	-9.714	-51.139	-50.6
18.92	-9.721	-51.141	-42.7
18.93	-9.729	-51.141	-53.3
18.94	-9.736	-51.141	-40.5
18.95	-9.744	-51.141	-31.2
18.96	-9.752	-51.139	-39.2
18.97	-9.761	-51.109	-33.4
18.98	-9.769	-50.783	-17.8
18.99	-9.778	-49.739	-5.7
19.0	-9.787	-48.059	-30.1
19.01	-9.796	-46.177	-15.7
19.02	-9.805	-44.280	-10.4
19.03	-9.815	-42.400	-52.7
19.04	-9.826	-40.561	-46.9
19.05	-9.836	-38.806	-39.9
19.06	-9.846	-37.197	-58.8
19.07	-9.854	-35.752	-37.7
19.08	-9.861	-34.448	-45.0
19.09	-9.867	-33.261	-13.8
19.1	-9.876	-32.150	-47.0
19.11	-9.884	-31.050	56.9
19.12	-9.889	-29.902	305.5
19.13	-9.892	-28.683	311.6
19.14	-9.894	-27.398	189.0
19.15	-9.898	-26.116	-50.2
19.16	-9.904	-24.972	-68.9
19.17	-9.912	-24.164	-10.0
19.18	-9.919	-23.850	-36.3
19.19	-9.926	-24.038	-9.6
19.2	-9.932	-24.619	4.2
19.21	-9.934	-25.506	-20.5
19.22	-9.931	-26.714	-19.7
19.23	-9.924	-28.264	6.0
19.24	-9.917	-30.052	-0.2
19.25	-9.912	-31.838	6.2
19.26	-9.911	-33.413	16.7
19.27	-9.912	-34.609	22.2
19.28	-9.913	-35.014	31.6
19.29	-9.911	-33.241	51.0
19.3	-9.908	-25.752	62.8
19.31	-9.901	-7.102	78.4
19.32	-9.893	21.208	112.7
19.33	-9.885	43.367	146.0
19.34	-9.877	50.581	185.5
19.35	-9.868	51.111	204.5
19.36	-9.857	51.139	208.7
19.37	-9.841	51.139	207.8
19.38	-9.821	51.139	206.3
19.39	-9.799	51.139	140.7
19.4	-9.776	51.139	55.9
19.41	-9.749	51.138	16.1
19.42	-9.721	51.125	-15.0
19.43	-9.693	50.277	-64.8
19.44	-9.671	43.966	-62.2
19.45	-9.652	28.453	-75.0
19.46	-9.635	8.311	-95.4
19.47	-9.615	-10.627	-81.5
19.48	-9.592	-26.947	-95.2
19.49	-9.569	-40.027	-80.8
19.5	-9.547	-48.070	-80.3
19.51	-9.524	-50.822	-83.3
19.52	-9.501	-51.134	-75.3
19.53	-9.478	-51.141	-80.4
19.54	-9.454	-51.141	-66.2
19.55	-9.429	-51.141	-84.8
19.56	-9.406	-51.141	-69.0
19.57	-9.381	-51.141	-58.7
19.58	-9.359	-51.141	-58.3
19.59	-9.338	-51.136	-70.4
19.6	-9.318	-51.041	-69.8
19.61	-9.299	-49.019	-54.1
19.62	-9.280	-40.584	-70.2
19.63	-9.260	-24.995	-61.6
19.64	-9.241	-7.006	-47.9
19.65	-9.221	9.617	-75.0
19.66	-9.201	23.167	-46.6
19.67	-9.181	32.453	-51.5
19.68	-9.160	36.928	-94.1
19.69	-9.139	36.805	-42.9
19.7	-9.119	32.848	-62.3
19.71	-9.098	26.036	-72.4
19.72	-9.077	17.330	-37.0
19.73	-9.057	7.589	-50.1
19.74	-9.038	-2.489	-59.0
19.75	-9.021	-12.373	-64.5
19.76	-9.005	-21.675	-57.5
19.77	-8.990	-30.109	-59.3
19.78	-8.976	-37.475	-62.7
19.79	-8.963	-43.645	-60.5
19.8	-8.949	-48.208	-51.3
19.81	-8.934	-50.538	-53.2
19.82	-8.920	-51.109	-55.8
19.83	-8.906	-51.139	-52.1
19.84	-8.891	-51.141	-43.5
19.85	-8.877	-51.141	-58.8
19.86	-8.863	-51.141	-57.4
19.87	-8.848	-51.141	-52.1
19.88	-8.834	-51.141	-30.5
19.89	-8.821	-51.139	-22.8
19.9	-8.809	-51.075	-38.1
19.91	-8.797	-50.611	-11.6
19.92	-8.786	-49.467	-14.0
19.93	-8.774	-47.888	-23.6
19.94	-8.762	-46.220	-20.9
19.95	-8.751	-44.670	-41.9
19.96	-8.741	-42.913	-71.0
19.97	-8.731	-40.805	-55.9
19.98	-8.722	-39.064	-58.8
19.99	-8.713	-37.847	-66.2
20.0	-8.703	-36.634	-47.8
20.01	-8.694	-35.144	-37.2
20.02	-8.684	-33.631	-43.2
20.03	-8.676	-32.458	-32.4
20.04	-8.666	-31.444	189.1
20.05	-8.656	-30.309	304.0
20.06	-8.643	-29.038	266.3
20.07	-8.628	-27.742	50.8
20.08	-8.614	-26.558	-101.0
20.09	-8.602	-25.648	-30.0
20.1	-8.592	-25.158	-40.5
20.11	-8.584	-25.125	-37.7
20.12	-8.576	-25.491	-39.8
20.13	-8.568	-26.186	-36.9
20.14	-8.559	-27.175	-26.3
20.15	-8.547	-28.428	-24.6
20.16	-8.537	-29.814	-18.3
20.17	-8.529	-31.091	-16.2
20.18	-8.519	-32.016	-5.3
20.19	-8.509	-32.336	4.8
20.2	-8.499	-31.336	8.0
20.21	-8.488	-26.645	14.9
20.22	-8.478	-13.142	46.4
20.23	-8.467	12.227	61.1
20.24	-8.457	37.847	52.3
20.25	-8.448	49.491	110.0
20.26	-8.441	51.105	141.3
20.27	-8.433	51.136	149.0
20.28	-8.426	51.139	199.3
20.29	-8.420	51.139	200.1
20.3	-8.414	51.139	199.6
20.31	-8.408	51.139	162.2
20.32	-8.402	51.139	75.4
20.33	-8.396	51.139	25.2
20.34	-8.391	51.127	-17.8
20.35	-8.387	50.573	-71.6
20.36	-8.383	45.581	-67.0
20.37	-8.377	31.858	-86.0
20.38	-8.373	12.813	-107.0
20.39	-8.369	-5.461	-79.9
20.4	-8.365	-21.069	-92.3
20.41	-8.362	-33.794	-94.8
20.42	-8.359	-43.370	-100.7
20.43	-8.357	-49.009	-108.6
20.44	-8.355	-50.917	-86.1
20.45	-8.354	-51.136	-92.9
20.46	-8.354	-51.141	-82.9
20.47	-8.353	-51.141	-77.0
20.48	-8.352	-51.141	-86.4
20.49	-8.350	-51.141	-69.3
20.5	-8.348	-51.141	-84.0
20.51	-8.346	-51.139	-79.9
20.52	-8.345	-51.131	-63.7
20.53	-8.344	-50.552	-74.4
20.54	-8.344	-46.447	-82.6
20.55	-8.346	-36.337	-71.0
20.56	-8.346	-22.645	-61.2
20.57	-8.345	-8.992	-71.6
20.58	-8.342	2.991	-79.2
20.59	-8.339	12.316	-78.6
20.6	-8.337	18.328	-73.5
20.61	-8.336	20.802	-75.5
20.62	-8.336	19.919	-66.3
20.63	-8.336	16.192	-63.7
20.64	-8.334	10.325	-63.8
20.65	-8.334	3.066	-74.9
20.66	-8.333	-4.911	-82.7
20.67	-8.334	-13.052	-68.7
20.68	-8.334	-20.923	-73.5
20.69	-8.335	-28.239	-77.1
20.7	-8.336	-34.828	-63.5
20.71	-8.336	-40.584	-63.6
20.72	-8.336	-45.417	-48.9
20.73	-8.336	-48.958	-70.9
20.74	-8.335	-50.716	-72.4
20.75	-8.336	-51.122	-59.8
20.76	-8.336	-51.139	-53.4
20.77	-8.336	-51.141	-52.5
20.78	-8.336	-51.141	-60.7
20.79	-8.337	-51.141	-57.8
20.8	-8.337	-51.141	-65.7
20.81	-8.338	-51.141	-51.3
20.82	-8.339	-51.141	-40.6
20.83	-8.340	-51.139	-66.3
20.84	-8.341	-51.095	-47.8
20.85	-8.342	-50.719	-33.2
20.86	-8.342	-49.697	-42.1
20.87	-8.341	-48.208	-41.9
20.88	-8.340	-46.583	-34.2
20.89	-8.339	-44.909	-19.5
20.9	-8.340	-43.197	-15.0
20.91	-8.342	-41.475	-7.5
20.92	-8.344	-39.769	-33.8
20.93	-8.344	-38.070	-56.6
20.94	-8.344	-36.388	-55.7
20.95	-8.345	-34.770	-63.4
20.96	-8.346	-33.277	-49.7
20.97	-8.346	-31.947	-53.6
20.98	-8.347	-30.819	-53.2
20.99	-8.348	-29.917	-13.7
21.0	-8.348	-29.217	-67.3
21.01	-8.348	-28.677	105.8
21.02	-8.347	-28.266	312.8
21.03	-8.346	-27.942	366.2
21.04	-8.346	-27.648	263.4
21.05	-8.345	-27.364	-48.4
21.06	-8.347	-27.156	-50.3
21.07	-8.349	-27.122	-24.3
21.08	-8.351	-27.313	-56.0
21.09	-8.353	-27.770	-33.2
21.1	-8.353	-28.505	-33.7
21.11	-8.351	-29.495	-37.8
21.12	-8.347	-30.709	-20.7
21.13	-8.343	-32.063	-7.1
21.14	-8.339	-33.350	1.0
21.15	-8.334	-34.305	-9.0
21.16	-8.329	-34.631	-4.9
21.17	-8.324	-33.517	24.2
21.18	-8.318	-28.372	24.7
21.19	-8.313	-13.669	39.0
21.2	-8.310	13.147	52.7
21.21	-8.308	38.878	92.0
21.22	-8.307	49.763	130.2
21.23	-8.306	51.108	143.4
21.24	-8.305	51.138	181.4
21.25	-8.304	51.139	211.8
21.26	-8.304	51.139	228.4
21.27	-8.304	51.139	244.4
21.28	-8.304	51.139	205.5
21.29	-8.304	51.139	154.1
21.3	-8.304	51.139	92.5
21.31	-8.305	51.125	9.1
21.32	-8.306	50.806	-26.0
21.33	-8.307	46.858	-82.8
21.34	-8.308	34.252	-95.6
21.35	-8.309	15.264	-102.6
21.36	-8.313	-3.498	-103.9
21.37	-8.316	-19.555	-99.7
21.38	-8.319	-32.723	-99.7
21.39	-8.324	-42.753	-84.8
21.4	-8.328	-48.773	-102.1
21.41	-8.332	-50.878	-105.0
21.42	-8.338	-51.138	-91.4
21.43	-8.342	-51.141	-86.4
21.44	-8.346	-51.141	-91.3
21.45	-8.349	-51.141	-90.1
21.46	-8.352	-51.141	-90.5
21.47	-8.356	-51.141	-76.0
21.48	-8.360	-51.141	-67.1
21.49	-8.364	-51.136	-78.2
21.5	-8.367	-51.036	-82.2
21.51	-8.371	-49.227	-80.3
21.52	-8.374	-42.358	-73.9
21.53	-8.376	-30.397	-83.8
21.54	-8.379	-16.952	-83.9
21.55	-8.381	-4.489	-73.9
21.56	-8.382	5.833	-67.5
21.57	-8.383	13.181	-77.6
21.58	-8.384	17.148	-74.0
21.59	-8.384	17.756	-71.7
21.6	-8.385	15.375	-70.1
21.61	-8.386	10.578	-63.2
21.62	-8.386	4.020	-70.9
21.63	-8.387	-3.613	-82.6
21.64	-8.389	-11.670	-73.7
21.65	-8.390	-19.648	-56.2
21.66	-8.392	-27.202	-66.0
21.67	-8.394	-34.109	-74.2
21.68	-8.397	-40.252	-58.2
21.69	-8.400	-45.498	-52.3
21.7	-8.404	-49.214	-55.4
21.71	-8.409	-50.838	-59.6
21.72	-8.415	-51.130	-58.6
21.73	-8.422	-51.141	-62.2
21.74	-8.429	-51.141	-65.4
21.75	-8.436	-51.141	-59.3
21.76	-8.442	-51.141	-43.4
21.77	-8.449	-51.141	-51.6
21.78	-8.456	-51.141	-50.3
21.79	-8.464	-51.141	-35.0
21.8	-8.473	-51.141	-43.3
21.81	-8.481	-51.141	-38.7
21.82	-8.489	-51.141	-22.0
21.83	-8.498	-51.133	-24.3
21.84	-8.508	-50.948	-18.1
21.85	-8.517	-50.120	-5.9
21.86	-8.527	-48.545	-26.6
21.87	-8.537	-46.680	-66.4
21.88	-8.547	-44.822	-49.6
21.89	-8.558	-43.016	-48.3
21.9	-8.569	-41.250	-46.2
21.91	-8.579	-39.511	-53.6
21.92	-8.589	-37.836	-70.5
21.93	-8.598	-36.272	0.2
21.94	-8.609	-34.813	-51.2
21.95	-8.620	-33.455	102.5
21.96	-8.630	-32.222	345.5
21.97	-8.639	-31.120	366.7
21.98	-8.649	-30.119	222.1
21.99	-8.658	-29.209	-70.9
22.0	-8.668	-28.459	-48.0
22.01	-8.678	-27.966	-10.5
22.02	-8.689	-27.798	-42.6
22.03	-8.701	-27.986	-45.9
22.04	-8.712	-28.525	-47.6
22.05	-8.721	-29.392	-0.7
22.06	-8.728	-30.595	-15.0
22.07	-8.736	-32.111	-23.5
22.08	-8.743	-33.748	9.4
22.09	-8.750	-35.202	13.5
22.1	-8.756	-36.231	9.0
22.11	-8.761	-36.506	20.7
22.12	-8.766	-34.786	29.0
22.13	-8.773	-27.597	47.8
22.14	-8.778	-9.117	68.9
22.15	-8.784	19.770	89.6
22.16	-8.791	42.867	119.3
22.17	-8.799	50.528	158.0
22.18	-8.808	51.109	198.2
22.19	-8.816	51.139	207.9
22.2	-8.825	51.139	215.2
22.21	-8.835	51.139	226.5
22.22	-8.844	51.139	209.1
22.23	-8.855	51.139	135.3
22.24	-8.865	51.139	53.1
22.25	-8.874	51.134	19.4
22.26	-8.883	51.072	-34.6
22.27	-8.892	49.267	-55.8
22.28	-8.901	40.250	-67.4
22.29	-8.911	22.345	-107.1
22.3	-8.921	1.828	-91.5
22.31	-8.934	-16.544	-77.1
22.32	-8.945	-32.014	-85.0
22.33	-8.956	-43.569	-90.4
22.34	-8.967	-49.564	-88.4
22.35	-8.978	-51.058	-98.8
22.36	-8.988	-51.136	-74.5
22.37	-8.999	-51.141	-62.0
22.38	-9.011	-51.141	-81.0
22.39	-9.021	-51.141	-88.6
22.4	-9.033	-51.141	-67.8
22.41	-9.046	-51.141	-66.3
22.42	-9.059	-51.141	-84.5
22.43	-9.070	-51.138	-60.7
22.44	-9.082	-51.117	-77.4
22.45	-9.093	-50.241	-67.3
22.46	-9.103	-44.852	-62.9
22.47	-9.111	-32.545	-76.8
22.48	-9.117	-16.716	-70.6
22.49	-9.126	-1.483	-72.0
22.5	-9.134	11.375	-66.3
22.51	-9.143	20.730	-78.4
22.52	-9.151	25.922	-75.7
22.53	-9.158	26.884	-67.7
22.54	-9.166	24.103	-62.4
22.55	-9.174	18.427	-69.6
22.56	-9.183	10.814	-58.2
22.57	-9.190	2.156	-59.7
22.58	-9.197	-6.820	-67.1
22.59	-9.207	-15.580	-58.3
22.6	-9.217	-23.783	-58.4
22.61	-9.228	-31.252	-65.1
22.62	-9.239	-37.909	-60.7
22.63	-9.249	-43.686	-48.9
22.64	-9.260	-48.133	-56.1
22.65	-9.271	-50.498	-48.5
22.66	-9.283	-51.105	-43.7
22.67	-9.293	-51.139	-57.8
22.68	-9.301	-51.141	-43.0
22.69	-9.309	-51.141	-50.9
22.7	-9.317	-51.141	-32.8
22.71	-9.326	-51.141	-31.9
22.72	-9.336	-51.141	-36.0
22.73	-9.346	-51.141	-4.6
22.74	-9.356	-51.141	-11.3
22.75	-9.363	-51.141	-16.1
22.76	-9.371	-51.127	-39.9
22.77	-9.378	-50.881	-65.2
22.78	-9.385	-49.945	-50.0
22.79	-9.394	-48.269	-63.8
22.8	-9.406	-46.286	-58.8
22.81	-9.417	-44.266	-42.9
22.82	-9.428	-42.284	-60.6
22.83	-9.436	-40.394	1.0
22.84	-9.446	-38.583	-55.2
22.85	-9.456	-36.792	39.0
22.86	-9.467	-34.969	285.6
22.87	-9.474	-33.081	288.8
22.88	-9.481	-31.152	191.1
22.89	-9.488	-29.241	-57.0
22.9	-9.495	-27.467	-81.6
22.91	-9.503	-26.011	-6.7
22.92	-9.514	-25.069	-36.3
22.93	-9.524	-24.723	-29.7
22.94	-9.534	-24.936	-34.0
22.95	-9.542	-25.617	-25.0
22.96	-9.547	-26.725	-16.3
22.97	-9.552	-28.247	-18.3
22.98	-9.554	-30.064	-13.4
22.99	-9.558	-31.891	8.5
23.0	-9.562	-33.438	7.4
23.01	-9.567	-34.491	4.1
23.02	-9.573	-34.589	38.5
23.03	-9.580	-32.094	39.7
23.04	-9.588	-22.980	55.8
23.05	-9.594	-1.980	81.8
23.06	-9.599	26.494	95.7
23.07	-9.603	45.752	137.1
23.08	-9.608	50.872	181.1
23.09	-9.615	51.125	194.5
23.1	-9.624	51.139	206.8
23.11	-9.632	51.139	210.0
23.12	-9.639	51.139	176.3
23.13	-9.648	51.139	135.4
23.14	-9.656	51.139	74.6
23.15	-9.666	51.139	-11.8
23.16	-9.676	51.125	-30.6
23.17	-9.688	50.495	-61.2
23.18	-9.700	44.964	-84.3
23.19	-9.712	29.963	-88.5
23.2	-9.723	9.283	-108.8
23.21	-9.734	-10.569	-89.7
23.22	-9.748	-27.661	-87.6
23.23	-9.759	-41.058	-98.5
23.24	-9.771	-48.697	-102.7
23.25	-9.783	-50.945	-82.4
23.26	-9.793	-51.134	-62.6
23.27	-9.801	-51.141	-96.0
23.28	-9.809	-51.141	-75.1
23.29	-9.819	-51.141	-89.6
23.3	-9.828	-51.141	-93.8
23.31	-9.837	-51.141	-57.8
23.32	-9.848	-51.141	-76.0
23.33	-9.858	-51.138	-69.1
23.34	-9.867	-51.103	-53.9
23.35	-9.876	-49.950	-54.2
23.36	-9.883	-43.398	-68.5
23.37	-9.890	-29.030	-78.5
23.38	-9.896	-10.972	-66.6
23.39	-9.901	6.230	-65.7
23.4	-9.906	20.677	-61.3
23.41	-9.910	31.130	-76.1
23.42	-9.914	36.844	-72.2
23.43	-9.917	37.769	-54.2
23.44	-9.919	34.511	-69.8
23.45	-9.919	28.047	-68.8
23.46	-9.919	19.436	-62.3
23.47	-9.918	9.667	-58.0
23.48	-9.914	-0.448	-55.0
23.49	-9.909	-10.322	-70.8
23.5	-9.901	-19.569	-48.8
23.51	-9.889	-27.933	-61.8
23.52	-9.873	-35.252	-78.7
23.53	-9.853	-41.450	-48.1
23.54	-9.829	-46.411	-52.4
23.55	-9.803	-49.655	-57.5
23.56	-9.776	-50.942	-51.0
23.57	-9.749	-51.136	-29.3
23.58	-9.724	-51.141	-22.5
23.59	-9.701	-51.141	-41.0
23.6	-9.681	-51.141	-12.7
23.61	-9.660	-51.141	-10.0
23.62	-9.639	-51.139	-40.7
23.63	-9.619	-51.120	-69.4
23.64	-9.600	-50.813	-60.3
23.65	-9.581	-49.686	-53.0
23.66	-9.563	-47.778	-65.9
23.67	-9.544	-45.614	-59.0
23.68	-9.526	-43.447	-71.9
23.69	-9.509	-41.348	-18.4
23.7	-9.491	-39.377	-48.0
23.71	-9.474	-37.530	-0.3
23.72	-9.454	-35.752	240.5
23.73	-9.431	-33.961	288.3
23.74	-9.408	-32.109	195.4
23.75	-9.386	-30.230	-39.8
23.76	-9.364	-28.417	-98.8
23.77	-9.345	-26.817	-29.7
23.78	-9.329	-25.586	-48.7
23.79	-9.314	-24.811	-32.3
23.8	-9.299	-24.498	-38.4
23.81	-9.285	-24.616	-25.6
23.82	-9.268	-25.180	-13.1
23.83	-9.249	-26.234	-27.7
23.84	-9.226	-27.700	-12.5
23.85	-9.203	-29.277	-6.0
23.86	-9.181	-30.577	-13.4
23.87	-9.161	-31.364	9.4
23.88	-9.143	-31.409	32.1
23.89	-9.126	-29.722	26.1
23.9	-9.108	-23.369	42.0
23.91	-9.091	-7.378	81.1
23.92	-9.075	18.656	96.6
23.93	-9.059	41.408	122.2
23.94	-9.044	50.170	152.4
23.95	-9.029	51.113	184.2
23.96	-9.014	51.139	213.7
23.97	-8.998	51.139	196.3
23.98	-8.983	51.139	189.7
23.99	-8.969	51.139	127.9
24.0	-8.955	51.139	53.6
24.01	-8.941	51.139	2.3
24.02	-8.926	51.125	-39.8
24.03	-8.912	50.828	-54.4
24.04	-8.900	46.831	-88.7
24.05	-8.889	33.622	-109.8
24.06	-8.877	13.211	-97.7
24.07	-8.867	-7.358	-107.6
24.08	-8.857	-25.250	-102.3
24.09	-8.846	-39.570	-93.4
24.1	-8.838	-48.127	-94.5
24.11	-8.830	-50.864	-91.7
24.12	-8.822	-51.134	-84.8
24.13	-8.814	-51.141	-91.4
24.14	-8.806	-51.141	-94.1
24.15	-8.796	-51.141	-82.5
24.16	-8.787	-51.141	-81.7
24.17	-8.778	-51.141	-84.6
24.18	-8.770	-51.141	-85.1
24.19	-8.761	-51.136	-62.9
24.2	-8.754	-51.053	-53.9
24.21	-8.747	-49.178	-78.4
24.22	-8.741	-41.058	-64.7
24.23	-8.736	-25.858	-66.6
24.24	-8.729	-8.534	-79.6
24.25	-8.722	7.063	-68.6
24.26	-8.714	19.555	-71.3
24.27	-8.707	28.119	-78.5
24.28	-8.699	32.394	-69.0
24.29	-8.691	32.531	-78.7
24.3	-8.684	29.136	-77.0
24.31	-8.677	23.053	-54.3
24.32	-8.669	15.147	-72.3
24.33	-8.660	6.181	-73.6
24.34	-8.652	-3.188	-69.5
24.35	-8.646	-12.422	-76.8
24.36	-8.639	-21.133	-70.8
24.37	-8.631	-29.034	-68.8
24.38	-8.624	-35.939	-67.0
24.39	-8.617	-41.741	-68.8
24.4	-8.611	-46.363	-72.3
24.41	-8.607	-49.492	-66.3
24.42	-8.603	-50.870	-55.7
24.43	-8.598	-51.131	-62.5
24.44	-8.594	-51.141	-52.2
24.45	-8.591	-51.141	-58.6
24.46	-8.588	-51.141	-47.0
24.47	-8.584	-51.141	-45.1
24.48	-8.581	-51.141	-44.9
24.49	-8.577	-51.139	-32.4
24.5	-8.572	-51.114	-24.6
24.51	-8.568	-50.806	-18.3
24.52	-8.565	-49.797	-29.0
24.53	-8.563	-48.159	-53.7
24.54	-8.562	-46.322	-69.8
24.55	-8.559	-44.458	-60.3
24.56	-8.555	-42.570	-63.9
24.57	-8.552	-40.691	-60.0
24.58	-8.551	-38.872	-72.2
24.59	-8.549	-37.127	-28.0
24.6	-8.549	-35.413	-50.0
24.61	-8.549	-33.702	22.5
24.62	-8.547	-32.005	251.3
24.63	-8.546	-30.323	270.2
24.64	-8.543	-28.636	235.0
24.65	-8.541	-26.956	-1.1
24.66	-8.539	-25.389	-84.7
24.67	-8.538	-24.117	-28.9
24.68	-8.537	-23.294	-49.8
24.69	-8.536	-22.956	-25.8
24.7	-8.535	-23.061	-43.8
24.71	-8.534	-23.564	-29.2
24.72	-8.533	-24.438	-17.8
24.73	-8.531	-25.584	-14.3
24.74	-8.529	-26.786	-14.8
24.75	-8.526	-27.778	-14.1
24.76	-8.522	-28.322	-5.1
24.77	-8.516	-27.863	-3.8
24.78	-8.508	-24.484	22.1
24.79	-8.500	-13.630	23.7
24.8	-8.493	9.059	33.5
24.81	-8.488	34.988	82.9
24.82	-8.482	48.669	83.0
24.83	-8.479	51.075	107.5
24.84	-8.476	51.131	156.6
24.85	-8.472	51.139	173.4
24.86	-8.467	51.139	210.6
24.87	-8.463	51.139	207.5
24.88	-8.461	51.139	181.9
24.89	-8.459	51.139	138.0
24.9	-8.458	51.139	55.0
24.91	-8.456	51.134	19.3
24.92	-8.454	51.038	-36.9
24.93	-8.451	48.795	-73.9
24.94	-8.447	39.088	-80.1
24.95	-8.445	21.463	-99.5
24.96	-8.444	2.427	-106.8
24.97	-8.444	-14.005	-112.2
24.98	-8.444	-27.417	-87.5
24.99	-8.443	-37.873	-97.9
25.0	-8.443	-45.417	-111.6
25.01	-8.443	-49.658	-92.1
25.02	-8.443	-51.002	-92.5
25.03	-8.443	-51.138	-90.1
25.04	-8.442	-51.141	-89.3
25.05	-8.440	-51.141	-86.5
25.06	-8.439	-51.141	-81.3
25.07	-8.439	-51.141	-93.2
25.08	-8.439	-51.141	-71.8
25.09	-8.439	-51.133	-78.1
25.1	-8.441	-50.794	-101.8
25.11	-8.442	-47.763	-73.3
25.12	-8.443	-39.220	-67.8
25.13	-8.444	-26.623	-96.1
25.14	-8.444	-13.530	-81.4
25.15	-8.444	-1.795	-60.1
25.16	-8.445	7.606	-82.8
25.17	-8.445	14.055	-83.1
25.18	-8.446	17.273	-66.6
25.19	-8.446	17.313	-77.6
25.2	-8.447	14.508	-74.2
25.21	-8.449	9.395	-69.3
25.22	-8.451	2.638	-79.3
25.23	-8.450	-5.077	-88.5
25.24	-8.449	-13.127	-79.6
25.25	-8.449	-21.052	-67.8
25.26	-8.451	-28.528	-59.1
25.27	-8.453	-35.306	-73.9
25.28	-8.454	-41.223	-71.1
25.29	-8.457	-46.142	-51.0
25.3	-8.461	-49.498	-57.4
25.31	-8.463	-50.898	-67.6
25.32	-8.466	-51.133	-67.6
25.33	-8.467	-51.141	-71.2
25.34	-8.469	-51.141	-54.3
25.35	-8.471	-51.141	-50.7
25.36	-8.472	-51.141	-63.1
25.37	-8.473	-51.141	-58.0
25.38	-8.473	-51.141	-46.8
25.39	-8.473	-51.141	-30.2
25.4	-8.473	-51.133	-20.5
25.41	-8.474	-50.959	-20.3
25.42	-8.475	-50.214	-9.1
25.43	-8.478	-48.784	-20.6
25.44	-8.480	-47.064	-33.8
25.45	-8.483	-45.322	-62.4
25.46	-8.487	-43.564	-70.3
25.47	-8.491	-41.789	-68.1
25.48	-8.494	-40.067	-75.3
25.49	-8.496	-38.445	-50.4
25.5	-8.497	-36.883	-68.5
25.51	-8.499	-35.353	-22.7
25.52	-8.503	-33.891	-68.9
25.53	-8.506	-32.533	66.0
25.54	-8.506	-31.244	312.8
25.55	-8.504	-29.963	325.0
25.56	-8.502	-28.697	247.9
25.57	-8.501	-27.519	-50.5
25.58	-8.501	-26.530	-82.7
25.59	-8.504	-25.856	-9.1
25.6	-8.509	-25.623	-49.1
25.61	-8.518	-25.886	-29.3
25.62	-8.525	-26.636	-35.4
25.63	-8.529	-27.817	-31.5
25.64	-8.529	-29.319	-29.2
25.65	-8.526	-30.959	-27.3
25.66	-8.523	-32.469	-4.4
25.67	-8.520	-33.619	-15.2
25.68	-8.518	-34.242	2.2
25.69	-8.515	-33.837	12.3
25.7	-8.512	-30.584	24.6
25.71	-8.510	-20.136	55.2
25.72	-8.510	2.548	53.8
25.73	-8.512	30.652	86.3
25.74	-8.516	47.356	101.8
25.75	-8.520	50.994	125.5
25.76	-8.524	51.130	180.9
25.77	-8.528	51.139	196.5
25.78	-8.533	51.139	222.9
25.79	-8.536	51.139	224.7
25.8	-8.540	51.139	194.5
25.81	-8.544	51.139	150.5
25.82	-8.547	51.139	62.6
25.83	-8.550	51.123	12.0
25.84	-8.553	50.759	-48.8
25.85	-8.556	46.250	-83.6
25.86	-8.559	32.075	-77.3
25.87	-8.563	11.533	-97.9
25.88	-8.569	-7.467	-109.8
25.89	-8.574	-23.059	-107.7
25.9	-8.580	-36.241	-103.3
25.91	-8.585	-45.884	-96.2
25.92	-8.590	-50.273	-107.0
25.93	-8.595	-51.111	-90.7
25.94	-8.601	-51.139	-76.1
25.95	-8.605	-51.141	-99.9
25.96	-8.608	-51.141	-72.6
25.97	-8.610	-51.141	-84.6
25.98	-8.612	-51.141	-96.7
25.99	-8.614	-51.141	-74.3
26.0	-8.617	-51.141	-85.5
26.01	-8.621	-51.134	-80.6
26.02	-8.624	-50.813	-74.4
26.03	-8.627	-47.781	-84.2
26.04	-8.631	-39.002	-63.1
26.05	-8.634	-26.002	-66.2
26.06	-8.636	-12.711	-86.2
26.07	-8.638	-1.058	-93.3
26.08	-8.639	8.066	-67.6
26.09	-8.639	14.041	-58.7
26.1	-8.640	16.625	-77.2
26.11	-8.641	15.966	-78.8
26.12	-8.643	12.525	-72.4
26.13	-8.643	6.966	-59.0
26.14	-8.644	0.014	-74.6
26.15	-8.646	-7.669	-75.5
26.16	-8.649	-15.555	-67.4
26.17	-8.652	-23.213	-74.8
26.18	-8.655	-30.330	-68.1
26.19	-8.658	-36.719	-53.4
26.2	-8.662	-42.278	-57.0
26.21	-8.666	-46.847	-66.9
26.22	-8.672	-49.836	-66.3
26.23	-8.678	-50.978	-72.3
26.24	-8.684	-51.138	-65.6
26.25	-8.692	-51.141	-58.7
26.26	-8.701	-51.141	-54.7
26.27	-8.710	-51.141	-45.0
26.28	-8.721	-51.141	-58.6
26.29	-8.731	-51.141	-65.1
26.3	-8.742	-51.141	-45.0
26.31	-8.754	-51.141	-31.0
26.32	-8.765	-51.141	-40.1
26.33	-8.777	-51.130	-47.3
26.34	-8.789	-50.916	-12.7
26.35	-8.801	-50.055	-3.4
26.36	-8.814	-48.511	-21.5
26.37	-8.826	-46.711	-45.8
26.38	-8.839	-44.895	-72.6
26.39	-8.852	-43.108	-50.0
26.4	-8.865	-41.380	-51.2
26.41	-8.879	-39.738	-68.3
26.42	-8.893	-38.211	-52.3
26.43	-8.908	-36.813	-69.9
26.44	-8.921	-35.530	-11.7
26.45	-8.933	-34.320	-56.5
26.46	-8.946	-33.139	41.0
26.47	-8.959	-31.995	295.3
26.48	-8.972	-30.942	333.2
26.49	-8.984	-30.016	239.7
26.5	-8.996	-29.198	-55.8
26.51	-9.009	-28.495	-77.4
26.52	-9.024	-27.986	5.3
26.53	-9.039	-27.786	-53.9
26.54	-9.053	-27.948	-34.4
26.55	-9.066	-28.461	-29.8
26.56	-9.079	-29.327	-25.3
26.57	-9.090	-30.556	-30.7
26.58	-9.099	-32.094	-30.3
26.59	-9.107	-33.706	-11.6
26.6	-9.115	-35.106	4.4
26.61	-9.122	-36.097	-6.7
26.62	-9.128	-36.434	7.5
26.63	-9.133	-35.203	22.0
26.64	-9.138	-29.567	30.3
26.65	-9.143	-14.130	52.9
26.66	-9.149	13.036	85.8
26.67	-9.157	38.777	109.1
26.68	-9.164	49.720	125.9
26.69	-9.172	51.108	169.7
26.7	-9.179	51.138	219.0
26.71	-9.188	51.139	209.9
26.72	-9.197	51.139	199.7
26.73	-9.206	51.139	193.1
26.74	-9.215	51.139	132.9
26.75	-9.226	51.139	64.3
26.76	-9.236	51.136	7.8
26.77	-9.246	51.109	-43.2
26.78	-9.256	49.869	-70.0
26.79	-9.266	42.125	-74.2
26.8	-9.275	24.914	-90.6
26.81	-9.285	4.061	-106.8
26.82	-9.295	-14.714	-100.8
26.83	-9.305	-30.308	-93.2
26.84	-9.314	-42.142	-82.2
26.85	-9.324	-48.877	-101.2
26.86	-9.334	-50.942	-95.0
26.87	-9.344	-51.136	-86.4
26.88	-9.353	-51.141	-86.1
26.89	-9.362	-51.141	-82.3
26.9	-9.369	-51.141	-88.5
26.91	-9.376	-51.141	-81.7
26.92	-9.383	-51.141	-75.2
26.93	-9.393	-51.141	-83.0
26.94	-9.404	-51.131	-77.0
26.95	-9.414	-50.705	-72.7
26.96	-9.425	-46.958	-75.8
26.97	-9.436	-36.527	-74.1
26.98	-9.447	-21.413	-75.9
26.99	-9.457	-6.059	-71.9
27.0	-9.467	7.325	-68.3
27.01	-9.477	17.608	-86.6
27.02	-9.485	24.070	-80.3
27.03	-9.493	26.467	-71.9
27.04	-9.501	25.055	-62.9
27.05	-9.509	20.483	-54.2
27.06	-9.518	13.606	-66.5
27.07	-9.527	5.295	-63.6
27.08	-9.536	-3.678	-58.6
27.09	-9.546	-12.653	-73.8
27.1	-9.555	-21.167	-68.3
27.11	-9.564	-28.977	-64.2
27.12	-9.574	-35.952	-67.0
27.13	-9.582	-42.011	-63.7
27.14	-9.589	-46.913	-67.9
27.15	-9.598	-49.959	-58.3
27.16	-9.606	-51.017	-62.2
27.17	-9.614	-51.138	-73.7
27.18	-9.623	-51.141	-32.2
27.19	-9.631	-51.141	-46.5
27.2	-9.639	-51.141	-57.8
27.21	-9.649	-51.141	-32.2
27.22	-9.658	-51.141	-50.5
27.23	-9.668	-51.141	-29.7
27.24	-9.678	-51.133	-12.6
27.25	-9.689	-50.972	-15.3
27.26	-9.700	-50.225	-24.4
27.27	-9.712	-48.722	-57.1
27.28	-9.724	-46.841	-63.9
27.29	-9.736	-44.892	-56.5
27.3	-9.748	-42.947	-61.1
27.31	-9.758	-41.050	-49.2
27.32	-9.768	-39.234	-51.0
27.33	-9.776	-37.517	-56.1
27.34	-9.785	-35.866	-20.6
27.35	-9.795	-34.225	-70.0
27.36	-9.805	-32.566	114.3
27.37	-9.813	-30.888	293.9
27.38	-9.816	-29.209	256.5
27.39	-9.819	-27.541	87.7
27.4	-9.822	-25.939	-116.6
27.41	-9.828	-24.563	-51.6
27.42	-9.835	-23.630	-15.0
27.43	-9.842	-23.297	-24.0
27.44	-9.848	-23.578	-22.6
27.45	-9.852	-24.398	-33.4
27.46	-9.854	-25.686	-29.8
27.47	-9.851	-27.400	-31.7
27.48	-9.844	-29.441	-11.1
27.49	-9.834	-31.548	-19.1
27.5	-9.824	-33.400	-1.1
27.51	-9.818	-34.789	30.3
27.52	-9.813	-35.577	12.8
27.53	-9.806	-35.280	41.3
27.54	-9.798	-32.164	49.4
27.55	-9.788	-22.280	58.4
27.56	-9.776	-0.939	92.1
27.57	-9.762	27.114	122.2
27.58	-9.748	45.880	158.5
27.59	-9.732	50.877	181.3
27.6	-9.715	51.125	219.7
27.61	-9.696	51.139	207.2
27.62	-9.676	51.139	205.9
27.63	-9.657	51.139	176.0
27.64	-9.637	51.139	97.2
27.65	-9.615	51.139	45.7
27.66	-9.593	51.136	-11.8
27.67	-9.572	51.120	-69.9
27.68	-9.554	50.028	-82.0
27.69	-9.539	42.602	-79.3
27.7	-9.526	25.313	-93.2
27.71	-9.512	3.686	-102.4
27.72	-9.496	-16.216	-101.6
27.73	-9.477	-32.952	-99.8
27.74	-9.459	-44.784	-102.7
27.75	-9.441	-50.091	-82.2
27.76	-9.423	-51.103	-86.1
27.77	-9.404	-51.139	-104.8
27.78	-9.385	-51.141	-83.0
27.79	-9.366	-51.141	-87.9
27.8	-9.346	-51.141	-80.1
27.81	-9.324	-51.141	-66.8
27.82	-9.301	-51.141	-78.3
27.83	-9.279	-51.138	-80.9
27.84	-9.259	-51.117	-66.2
27.85	-9.241	-50.127	-69.6
27.86	-9.223	-43.836	-83.6
27.87	-9.206	-29.359	-68.3
27.88	-9.190	-10.928	-89.0
27.89	-9.174	6.366	-53.2
27.9	-9.158	20.548	-43.5
27.91	-9.142	30.564	-105.3
27.92	-9.126	35.875	-74.2
27.93	-9.110	36.559	-77.6
27.94	-9.094	33.206	-81.6
27.95	-9.078	26.695	-73.0
27.96	-9.062	17.994	-48.6
27.97	-9.046	8.002	-58.2
27.98	-9.031	-2.520	-94.1
27.99	-9.014	-12.914	-90.3
28.0	-8.999	-22.678	-79.5
28.01	-8.982	-31.497	-73.5
28.02	-8.967	-39.178	-60.6
28.03	-8.951	-45.453	-58.2
28.04	-8.936	-49.473	-66.8
28.05	-8.923	-50.948	-68.7
28.06	-8.912	-51.138	-78.1
28.07	-8.901	-51.141	-68.0
28.08	-8.890	-51.141	-67.0
28.09	-8.881	-51.141	-64.7
28.1	-8.872	-51.141	-33.5
28.11	-8.864	-51.141	-51.6
28.12	-8.857	-51.141	-34.5
28.13	-8.849	-51.139	-11.0
28.14	-8.842	-51.094	-32.7
28.15	-8.836	-50.656	-23.1
28.16	-8.829	-49.392	-42.9
28.17	-8.823	-47.469	-70.5
28.18	-8.816	-45.361	-71.5
28.19	-8.809	-43.255	-63.3
28.2	-8.800	-41.228	-68.1
28.21	-8.791	-39.339	-58.9
28.22	-8.781	-37.598	-61.6
28.23	-8.773	-36.000	-35.5
28.24	-8.764	-34.523	-54.0
28.25	-8.758	-33.128	-48.4
28.26	-8.751	-31.752	206.3
28.27	-8.743	-30.347	275.8
28.28	-8.734	-28.913	233.3
28.29	-8.724	-27.461	10.7
28.3	-8.716	-26.061	-119.0
28.31	-8.712	-24.891	-17.4
28.32	-8.709	-24.177	-62.3
28.33	-8.707	-24.055	-48.7
28.34	-8.704	-24.513	-27.1
28.35	-8.702	-25.469	-38.1
28.36	-8.699	-26.878	-46.8
28.37	-8.696	-28.663	-32.0
28.38	-8.693	-30.550	-14.8
28.39	-8.689	-32.133	-32.2
28.4	-8.686	-33.113	-14.4
28.41	-8.682	-33.316	24.2
28.42	-8.676	-32.178	2.1
28.43	-8.669	-27.578	3.5
28.44	-8.662	-14.819	33.8
28.45	-8.658	9.658	51.7
28.46	-8.654	35.941	88.4
28.47	-8.650	49.008	110.6
28.48	-8.647	51.098	137.0
28.49	-8.644	51.133	176.5
28.5	-8.643	51.139	197.8
28.51	-8.641	51.139	190.5
28.52	-8.640	51.139	191.1
28.53	-8.637	51.139	157.7
28.54	-8.634	51.139	54.5
28.55	-8.632	51.139	10.6
28.56	-8.629	51.125	-41.8
28.57	-8.628	50.620	-78.9
28.58	-8.627	45.648	-63.5
28.59	-8.627	31.350	-104.4
28.6	-8.627	11.016	-108.0
28.61	-8.628	-8.595	-111.7
28.62	-8.628	-25.241	-96.1
28.63	-8.627	-38.545	-86.0
28.64	-8.627	-47.205	-109.9
28.65	-8.627	-50.613	-103.3
28.66	-8.627	-51.128	-99.7
28.67	-8.628	-51.139	-96.8
28.68	-8.628	-51.141	-92.9
28.69	-8.627	-51.141	-89.3
28.7	-8.627	-51.141	-93.0
28.71	-8.626	-51.141	-78.3
28.72	-8.626	-51.141	-63.9
28.73	-8.626	-51.138	-72.3
28.74	-8.626	-51.116	-75.1
28.75	-8.627	-50.216	-81.7
28.76	-8.627	-44.848	-80.3
28.77	-8.628	-32.827	-83.3
28.78	-8.629	-17.641	-72.8
28.79	-8.630	-3.284	-81.0
28.8	-8.631	8.638	-82.4
28.81	-8.632	17.206	-51.0
28.82	-8.633	21.938	-74.0
28.83	-8.633	22.834	-94.6
28.84	-8.633	20.311	-76.7
28.85	-8.633	15.044	-73.2
28.86	-8.633	7.816	-73.7
28.87	-8.633	-0.598	-70.0
28.88	-8.634	-9.500	-60.3
28.89	-8.634	-18.328	-70.5
28.9	-8.636	-26.681	-65.2
28.91	-8.637	-34.292	-67.9
28.92	-8.638	-40.995	-76.5
28.93	-8.640	-46.463	-73.8
28.94	-8.641	-49.848	-75.6
28.95	-8.643	-51.006	-55.7
28.96	-8.644	-51.138	-55.4
28.97	-8.646	-51.141	-73.6
28.98	-8.648	-51.141	-57.7
28.99	-8.649	-51.141	-49.4
29.0	-8.651	-51.141	-65.5
29.01	-8.652	-51.141	-64.5
29.02	-8.654	-51.141	-51.0
29.03	-8.656	-51.141	-57.3
29.04	-8.657	-51.141	-43.0
29.05	-8.659	-51.141	-12.6
29.06	-8.661	-51.127	-37.4
29.07	-8.663	-50.872	-32.0
29.08	-8.666	-49.880	-13.8
29.09	-8.668	-48.106	-59.6
29.1	-8.671	-46.058	-75.6
29.11	-8.674	-44.039	-63.9
29.12	-8.677	-42.092	-73.0
29.13	-8.679	-40.234	-48.3
29.14	-8.682	-38.489	-60.0
29.15	-8.684	-36.858	-48.0
29.16	-8.689	-35.308	-28.2
29.17	-8.693	-33.827	-56.1
29.18	-8.694	-32.423	193.5
29.19	-8.691	-31.117	304.6
29.2	-8.685	-29.903	269.5
29.21	-8.679	-28.770	91.6
29.22	-8.676	-27.777	-102.8
29.23	-8.677	-27.027	-32.7
29.24	-8.682	-26.642	-31.9
29.25	-8.690	-26.698	-36.4
29.26	-8.699	-27.202	-37.5
29.27	-8.707	-28.131	-46.9
29.28	-8.708	-29.425	-28.9
29.29	-8.705	-30.992	-8.4
29.3	-8.699	-32.633	-30.2
29.31	-8.694	-34.063	-8.6
29.32	-8.688	-35.066	17.8
29.33	-8.682	-35.433	-10.2
29.34	-8.678	-34.464	-2.0
29.35	-8.674	-29.827	24.9
29.36	-8.671	-16.491	43.3
29.37	-8.669	9.078	69.9
29.38	-8.669	36.050	91.7
29.39	-8.669	49.105	124.9
29.4	-8.671	51.103	161.1
29.41	-8.673	51.133	195.8
29.42	-8.676	51.139	217.3
29.43	-8.678	51.139	210.5
29.44	-8.679	51.139	199.0
29.45	-8.680	51.139	161.0
29.46	-8.681	51.139	100.8
29.47	-8.682	51.139	30.7
29.48	-8.683	51.123	-9.8
29.49	-8.684	50.763	-43.1
29.5	-8.686	46.445	-81.5
29.51	-8.689	32.872	-98.0
29.52	-8.695	12.614	-92.5
29.53	-8.703	-7.202	-90.5
29.54	-8.711	-23.864	-97.8
29.55	-8.718	-37.142	-89.2
29.56	-8.725	-46.203	-96.8
29.57	-8.732	-50.284	-92.8
29.58	-8.740	-51.108	-66.9
29.59	-8.747	-51.139	-87.7
29.6	-8.751	-51.141	-85.6
29.61	-8.754	-51.141	-84.0
29.62	-8.758	-51.141	-83.8
29.63	-8.761	-51.141	-89.6
29.64	-8.764	-51.141	-79.8
29.65	-8.769	-51.139	-70.1
29.66	-8.774	-51.131	-92.4
29.67	-8.779	-50.622	-61.1
29.68	-8.784	-46.553	-73.0
29.69	-8.788	-35.844	-88.8
29.7	-8.791	-20.925	-52.5
29.71	-8.794	-6.164	-66.8
29.72	-8.796	6.400	-83.9
29.73	-8.799	15.708	-74.1
29.74	-8.801	21.145	-66.0
29.75	-8.803	22.617	-69.8
29.76	-8.806	20.477	-63.4
29.77	-8.809	15.394	-61.4
29.78	-8.813	8.192	-83.6
29.79	-8.816	-0.280	-90.2
29.8	-8.820	-9.286	-47.3
29.81	-8.825	-18.231	-49.1
29.82	-8.831	-26.688	-69.1
29.83	-8.837	-34.386	-57.2
29.84	-8.844	-41.181	-57.3
29.85	-8.853	-46.700	-62.1
29.86	-8.863	-49.998	-54.9
29.87	-8.873	-51.038	-52.7
29.88	-8.885	-51.138	-45.7
29.89	-8.898	-51.141	-65.0
29.9	-8.911	-51.141	-54.8
29.91	-8.924	-51.141	-45.5
29.92	-8.938	-51.141	-59.7
29.93	-8.952	-51.141	-46.7
29.94	-8.966	-51.141	-40.0
29.95	-8.979	-51.141	-31.6
29.96	-8.992	-51.141	-25.1
29.97	-9.006	-51.141	-25.7
29.98	-9.019	-51.138	-19.2
29.99	-9.033	-51.033	-3.8
30.0	-9.046	-50.414	-14.0
30.01	-9.059	-49.017	-52.5
30.02	-9.071	-47.211	-62.0
30.03	-9.084	-45.366	-60.4
30.04	-9.098	-43.566	-58.8
30.05	-9.111	-41.831	-33.4
30.06	-9.124	-40.163	-63.7
30.07	-9.138	-38.563	-37.8
30.08	-9.150	-37.044	-15.4
30.09	-9.163	-35.608	-31.1
30.1	-9.176	-34.228	206.4
30.11	-9.189	-32.883	303.5
30.12	-9.200	-31.567	273.8
30.13	-9.211	-30.308	66.0
30.14	-9.221	-29.163	-107.4
30.15	-9.234	-28.217	-21.7
30.16	-9.246	-27.602	-32.6
30.17	-9.259	-27.427	-25.5
30.18	-9.274	-27.733	-19.5
30.19	-9.289	-28.486	-33.8
30.2	-9.303	-29.647	-26.3
30.21	-9.312	-31.169	-17.5
30.22	-9.319	-32.884	-17.3
30.23	-9.326	-34.494	-12.2
30.24	-9.332	-35.759	4.5
30.25	-9.339	-36.544	15.4
30.26	-9.345	-36.397	25.6
30.27	-9.349	-33.587	44.3
30.28	-9.355	-23.920	41.6
30.29	-9.362	-2.070	74.4
30.3	-9.371	26.925	110.5
30.31	-9.381	46.009	120.7
30.32	-9.391	50.897	166.6
30.33	-9.401	51.127	194.6
30.34	-9.412	51.139	207.7
30.35	-9.423	51.139	224.3
30.36	-9.433	51.139	200.9
30.37	-9.443	51.139	156.7
30.38	-9.453	51.139	102.1
30.39	-9.464	51.139	34.8
30.4	-9.476	51.127	-21.0
30.41	-9.489	50.909	-49.8
30.42	-9.502	47.248	-66.7
30.43	-9.516	34.245	-77.8
30.44	-9.529	13.428	-81.5
30.45	-9.543	-7.691	-91.6
30.46	-9.558	-25.763	-85.8
30.47	-9.571	-39.911	-86.3
30.48	-9.584	-48.222	-91.6
30.49	-9.598	-50.870	-81.2
30.5	-9.612	-51.136	-76.7
30.51	-9.625	-51.141	-85.4
30.52	-9.637	-51.141	-77.6
30.53	-9.649	-51.141	-68.6
30.54	-9.660	-51.141	-74.2
30.55	-9.670	-51.141	-67.8
30.56	-9.680	-51.141	-68.5
30.57	-9.690	-51.139	-80.4
30.58	-9.701	-51.130	-43.9
30.59	-9.713	-50.444	-50.9
30.6	-9.724	-45.423	-66.1
30.61	-9.735	-32.898	-70.6
30.62	-9.746	-15.986	-56.3
30.63	-9.756	0.553	-47.7
30.64	-9.766	14.550	-63.0
30.65	-9.774	24.778	-66.3
30.66	-9.781	30.494	-69.5
30.67	-9.789	31.573	-53.1
30.68	-9.794	28.511	-60.9
30.69	-9.800	22.197	-58.4
30.7	-9.808	13.692	-46.4
30.71	-9.816	4.019	-51.6
30.72	-9.822	-5.988	-51.2
30.73	-9.828	-15.713	-61.2
30.74	-9.833	-24.755	-57.0
30.75	-9.838	-32.895	-59.8
30.76	-9.842	-40.042	-46.5
30.77	-9.846	-45.927	-51.5
30.78	-9.851	-49.653	-67.9
30.79	-9.855	-50.978	-43.4
30.8	-9.859	-51.138	-49.4
30.81	-9.861	-51.141	-53.8
30.82	-9.862	-51.141	-34.7
30.83	-9.861	-51.141	-29.6
30.84	-9.859	-51.141	-29.1
30.85	-9.857	-51.141	-15.3
30.86	-9.854	-51.141	-20.0
30.87	-9.849	-51.141	-13.3
30.88	-9.844	-51.136	-16.8
30.89	-9.837	-51.005	-60.9
30.9	-9.829	-50.280	-50.7
30.91	-9.819	-48.711	-46.0
30.92	-9.808	-46.722	-56.3
30.93	-9.795	-44.700	-35.0
30.94	-9.781	-42.717	-47.8
30.95	-9.766	-40.794	-55.3
30.96	-9.750	-38.959	-16.6
30.97	-9.733	-37.200	-49.9
30.98	-9.711	-35.444	129.7
30.99	-9.683	-33.591	310.1
31.0	-9.651	-31.592	269.7
31.01	-9.621	-29.511	91.7
31.02	-9.594	-27.506	-106.2
31.03	-9.572	-25.744	-46.3
31.04	-9.555	-24.391	-14.0
31.05	-9.538	-23.603	-38.6
31.06	-9.521	-23.436	-32.1
31.07	-9.504	-23.855	-12.9
31.08	-9.484	-24.817	-7.9
31.09	-9.461	-26.313	-25.4
31.1	-9.434	-28.267	-4.0
31.11	-9.405	-30.442	-1.1
31.12	-9.377	-32.500	-12.1
31.13	-9.351	-34.172	18.2
31.14	-9.328	-35.270	31.4
31.15	-9.303	-35.413	44.9
31.16	-9.278	-33.225	64.1
31.17	-9.252	-25.245	69.2
31.18	-9.228	-6.492	93.3
31.19	-9.205	21.383	127.4
31.2	-9.182	43.263	152.5
31.21	-9.158	50.538	174.9
31.22	-9.134	51.111	221.4
31.23	-9.112	51.139	221.3
31.24	-9.092	51.139	204.2
31.25	-9.072	51.139	175.8
31.26	-9.056	51.139	95.0
31.27	-9.039	51.139	34.6
31.28	-9.024	51.139	-16.0
31.29	-9.009	51.125	-73.6
31.3	-8.997	50.456	-82.6
31.31	-8.987	44.547	-85.5
31.32	-8.978	28.455	-102.3
31.33	-8.970	6.236	-101.2
31.34	-8.961	-15.109	-96.1
31.35	-8.951	-33.178	-99.7
31.36	-8.943	-45.475	-102.1
31.37	-8.933	-50.398	-100.7
31.38	-8.924	-51.125	-87.7
31.39	-8.914	-51.139	-93.1
31.4	-8.903	-51.141	-78.5
31.41	-8.891	-51.141	-77.6
31.42	-8.880	-51.141	-91.5
31.43	-8.869	-51.141	-78.7
31.44	-8.859	-51.141	-80.1
31.45	-8.849	-51.141	-80.8
31.46	-8.841	-51.130	-93.8
31.47	-8.833	-50.925	-73.8
31.48	-8.825	-47.842	-58.6
31.49	-8.816	-37.056	-101.2
31.5	-8.807	-19.522	-82.5
31.51	-8.798	-1.169	-66.8
31.52	-8.788	14.633	-86.2
31.53	-8.779	26.720	-72.5
31.54	-8.769	34.484	-72.8
31.55	-8.760	37.780	-91.8
31.56	-8.752	36.813	-80.6
31.57	-8.744	32.117	-66.3
31.58	-8.737	24.538	-66.0
31.59	-8.730	15.070	-67.8
31.6	-8.724	4.633	-65.1
31.61	-8.721	-6.025	-92.4
31.62	-8.717	-16.322	-64.2
31.63	-8.712	-25.853	-59.0
31.64	-8.707	-34.366	-77.3
31.65	-8.703	-41.678	-68.6
31.66	-8.697	-47.281	-76.8
31.67	-8.693	-50.297	-56.9
31.68	-8.688	-51.091	-58.7
31.69	-8.683	-51.138	-66.2
31.7	-8.679	-51.141	-73.7
31.71	-8.676	-51.141	-57.8
31.72	-8.672	-51.141	-53.3
31.73	-8.669	-51.141	-52.7
31.74	-8.667	-51.141	-40.8
31.75	-8.663	-51.141	-48.2
31.76	-8.659	-51.141	-27.0
31.77	-8.655	-51.134	-40.4
31.78	-8.651	-50.969	-31.0
31.79	-8.648	-50.156	-21.1
31.8	-8.646	-48.534	-58.0
31.81	-8.643	-46.558	-49.8
31.82	-8.641	-44.564	-70.5
31.83	-8.639	-42.606	-80.5
31.84	-8.636	-40.703	-43.8
31.85	-8.634	-38.867	-83.4
31.86	-8.632	-37.097	-53.2
31.87	-8.630	-35.375	-29.2
31.88	-8.629	-33.675	-59.7
31.89	-8.629	-31.981	172.8
31.9	-8.627	-30.297	297.4
31.91	-8.626	-28.625	288.0
31.92	-8.624	-26.988	74.8
31.93	-8.624	-25.461	-129.4
31.94	-8.624	-24.177	-46.5
31.95	-8.623	-23.275	-47.9
31.96	-8.621	-22.838	-31.9
31.97	-8.619	-22.864	-40.0
31.98	-8.617	-23.323	-41.3
31.99	-8.614	-24.213	-32.5
32.0	-8.611	-25.533	-37.1
32.01	-8.609	-27.153	-33.3
32.02	-8.607	-28.769	-20.6
32.03	-8.604	-30.078	-13.5
32.04	-8.601	-30.802	-7.1
32.05	-8.597	-30.203	10.7
32.06	-8.592	-25.998	21.1
32.07	-8.588	-13.306	40.1
32.08	-8.583	11.228	56.3
32.09	-8.580	36.964	61.3
32.1	-8.578	49.264	108.1
32.11	-8.576	51.106	151.0
32.12	-8.574	51.134	180.1
32.13	-8.573	51.139	199.7
32.14	-8.572	51.139	205.2
32.15	-8.570	51.139	207.5
32.16	-8.568	51.139	165.1
32.17	-8.568	51.139	82.1
32.18	-8.568	51.139	24.8
32.19	-8.568	51.128	-31.8
32.2	-8.569	50.925	-65.0
32.21	-8.569	47.452	-87.5
32.22	-8.569	35.056	-106.0
32.23	-8.569	15.172	-96.3
32.24	-8.568	-5.066	-107.7
32.25	-8.567	-22.444	-128.3
32.26	-8.566	-36.550	-121.3
32.27	-8.565	-46.170	-109.4
32.28	-8.564	-50.347	-91.0
32.29	-8.564	-51.114	-105.6
32.3	-8.565	-51.139	-105.4
32.31	-8.565	-51.141	-83.8
32.32	-8.565	-51.141	-96.6
32.33	-8.565	-51.141	-87.0
32.34	-8.565	-51.141	-71.1
32.35	-8.566	-51.141	-86.5
32.36	-8.566	-51.136	-101.8
32.37	-8.566	-51.055	-84.8
32.38	-8.565	-49.288	-74.0
32.39	-8.566	-41.864	-96.0
32.4	-8.567	-28.188	-77.2
32.41	-8.568	-12.534	-92.7
32.42	-8.568	1.898	-88.9
32.43	-8.568	13.831	-75.2
32.44	-8.569	22.391	-96.1
32.45	-8.571	27.105	-84.2
32.46	-8.572	27.928	-82.3
32.47	-8.573	25.217	-94.5
32.48	-8.574	19.625	-80.6
32.49	-8.574	11.969	-69.7
32.5	-8.575	3.075	-92.0
32.51	-8.576	-6.334	-91.3
32.52	-8.576	-15.655	-74.3
32.53	-8.577	-24.441	-98.9
32.54	-8.578	-32.420	-78.2
32.55	-8.578	-39.461	-75.1
32.56	-8.578	-45.361	-88.0
32.57	-8.578	-49.336	-55.7
32.58	-8.578	-50.909	-68.7
32.59	-8.579	-51.136	-76.1
32.6	-8.581	-51.141	-72.8
32.61	-8.582	-51.141	-64.1
32.62	-8.583	-51.141	-66.3
32.63	-8.584	-51.141	-51.3
32.64	-8.583	-51.141	-39.3
32.65	-8.582	-51.141	-52.7
32.66	-8.582	-51.141	-17.4
32.67	-8.582	-51.139	-34.8
32.68	-8.583	-51.120	-48.8
32.69	-8.584	-50.830	-69.0
32.7	-8.586	-49.809	-89.7
32.71	-8.587	-48.086	-80.6
32.72	-8.588	-46.116	-74.4
32.73	-8.589	-44.113	-75.7
32.74	-8.590	-42.086	-68.6
32.75	-8.591	-40.044	-43.1
32.76	-8.592	-37.997	-80.6
32.77	-8.594	-35.961	145.1
32.78	-8.594	-33.945	345.9
32.79	-8.594	-31.956	342.8
32.8	-8.595	-30.011	154.6
32.81	-8.595	-28.169	-101.1
32.82	-8.595	-26.528	-42.7
32.83	-8.597	-25.256	-48.3
32.84	-8.600	-24.494	-59.7
32.85	-8.603	-24.300	-60.1
32.86	-8.606	-24.689	-43.6
32.87	-8.606	-25.670	-32.9
32.88	-8.604	-27.177	-60.0
32.89	-8.604	-28.948	-33.4
32.9	-8.605	-30.591	-6.5
32.91	-8.606	-31.806	-15.2
32.92	-8.607	-32.395	-16.8
32.93	-8.608	-31.819	9.4
32.94	-8.609	-28.177	12.2
32.95	-8.610	-17.175	39.0
32.96	-8.612	5.544	64.5
32.97	-8.614	32.497	81.9
32.98	-8.617	47.861	122.1
32.99	-8.619	51.020	152.4
33.0	-8.621	51.130	192.4
33.01	-8.622	51.139	226.9
33.02	-8.623	51.139	240.1
33.03	-8.624	51.139	221.5
33.04	-8.626	51.139	180.7
33.05	-8.627	51.139	117.8
33.06	-8.629	51.139	32.7
33.07	-8.631	51.125	-14.2
33.08	-8.632	50.833	-48.6
33.09	-8.632	46.858	-108.5
33.1	-8.633	33.767	-106.3
33.11	-8.633	13.792	-96.4
33.12	-8.635	-5.889	-112.1
33.13	-8.637	-22.488	-110.4
33.14	-8.639	-35.875	-113.9
33.15	-8.641	-45.386	-126.5
33.16	-8.644	-50.027	-118.2
33.17	-8.647	-51.089	-99.8
33.18	-8.650	-51.138	-99.3
33.19	-8.652	-51.141	-93.3
33.2	-8.653	-51.141	-83.2
33.21	-8.653	-51.141	-84.2
33.22	-8.653	-51.141	-93.2
33.23	-8.654	-51.141	-94.4
33.24	-8.655	-51.139	-80.3
33.25	-8.658	-51.131	-81.6
33.26	-8.660	-50.517	-82.7
