Interval=	0.01 s
ExcelDateTime=	3.9773433878445823e+004	21/11/2008 10:24:47.097719
TimeFormat=	StartOfBlock
ChannelTitle=	Channel 1	Channel 2	Channel 3
Range=	20.000 mV	50.000 mV	500.0 µV
0.0	-9.309	-44.456	-26.7
0.01	-9.315	-42.219	-4.0
0.02	-9.321	-40.086	-36.7
0.03	-9.326	-38.108	-63.1
0.04	-9.330	-36.306	-63.6
0.05	-9.332	-34.716	-76.2
0.06	-9.333	-33.356	-61.3
0.07	-9.333	-32.216	-24.3
0.08	-9.332	-31.247	-68.5
0.09	-9.329	-30.388	-33.5
0.1	-9.326	-29.559	-32.9
0.11	-9.323	-28.681	-54.0
0.12	-9.319	-27.680	202.7
0.13	-9.313	-26.559	278.1
0.14	-9.308	-25.406	199.6
0.15	-9.306	-24.364	8.4
0.16	-9.305	-23.547	-114.8
0.17	-9.303	-23.048	-34.3
0.18	-9.299	-22.930	-52.9
0.19	-9.292	-23.222	-45.4
0.2	-9.277	-23.941	-28.1
0.21	-9.253	-25.094	-17.0
0.22	-9.221	-26.689	-32.7
0.23	-9.184	-28.650	-34.3
0.24	-9.152	-30.728	-8.3
0.25	-9.126	-32.616	-8.2
0.26	-9.103	-34.108	-11.5
0.27	-9.083	-35.084	4.1
0.28	-9.064	-35.202	26.0
0.29	-9.044	-33.170	17.3
0.3	-9.024	-25.478	26.9
0.31	-9.004	-6.509	70.5
0.32	-8.985	22.005	86.8
0.33	-8.966	43.842	112.1
0.34	-8.949	50.672	137.7
0.35	-8.933	51.114	169.6
0.36	-8.917	51.139	187.2
0.37	-8.902	51.139	215.3
0.38	-8.888	51.139	194.4
0.39	-8.873	51.139	142.1
0.4	-8.858	51.139	97.1
0.41	-8.844	51.136	37.4
0.42	-8.830	51.120	-15.2
0.43	-8.817	50.084	-58.5
0.44	-8.806	43.047	-64.1
0.45	-8.797	26.659	-79.7
0.46	-8.788	6.111	-89.1
0.47	-8.779	-12.839	-85.2
0.48	-8.769	-28.841	-108.6
0.49	-8.759	-41.239	-95.5
0.5	-8.748	-48.534	-97.4
0.51	-8.737	-50.894	-96.2
0.52	-8.726	-51.136	-73.5
0.53	-8.716	-51.141	-78.1
0.54	-8.706	-51.141	-87.8
0.55	-8.697	-51.141	-80.5
0.56	-8.689	-51.141	-73.0
0.57	-8.681	-51.141	-75.4
0.58	-8.674	-51.139	-73.7
0.59	-8.667	-51.131	-58.5
0.6	-8.659	-50.566	-66.1
0.61	-8.653	-46.114	-82.0
0.62	-8.649	-34.467	-65.1
0.63	-8.646	-18.242	-48.8
0.64	-8.640	-2.075	-67.5
0.65	-8.634	11.991	-82.1
0.66	-8.629	23.000	-63.6
0.67	-8.623	30.270	-69.3
0.68	-8.616	33.383	-82.3
0.69	-8.611	32.366	-63.4
0.7	-8.607	27.780	-66.5
0.71	-8.603	20.559	-62.3
0.72	-8.599	11.703	-61.4
0.73	-8.596	2.059	-68.5
0.74	-8.592	-7.708	-57.0
0.75	-8.589	-17.097	-59.8
0.76	-8.586	-25.734	-75.3
0.77	-8.583	-33.395	-59.5
0.78	-8.581	-40.005	-63.5
0.79	-8.578	-45.472	-66.4
0.8	-8.576	-49.238	-48.1
0.81	-8.574	-50.850	-46.8
0.82	-8.572	-51.131	-57.3
0.83	-8.569	-51.141	-61.2
0.84	-8.568	-51.141	-59.6
0.85	-8.565	-51.141	-54.6
0.86	-8.564	-51.141	-63.2
0.87	-8.563	-51.141	-54.6
0.88	-8.563	-51.141	-43.3
0.89	-8.563	-51.136	-50.1
0.9	-8.561	-50.998	-52.2
0.91	-8.561	-50.308	-48.5
0.92	-8.561	-48.864	-55.8
0.93	-8.562	-47.033	-44.0
0.94	-8.563	-45.145	-45.5
0.95	-8.563	-43.289	-28.9
0.96	-8.564	-41.523	-19.2
0.97	-8.566	-39.850	-34.9
0.98	-8.568	-38.223	-18.4
0.99	-8.570	-36.633	-11.8
1.0	-8.571	-35.103	-14.4
1.01	-8.572	-33.656	-7.3
1.02	-8.575	-32.308	-31.2
1.03	-8.578	-31.098	-63.2
1.04	-8.580	-30.105	-47.9
1.05	-8.582	-29.355	-52.9
1.06	-8.584	-28.838	-36.7
1.07	-8.586	-28.530	-49.9
1.08	-8.589	-28.394	-65.0
1.09	-8.591	-28.367	1.0
1.1	-8.592	-28.383	-50.8
1.11	-8.595	-28.369	141.6
1.12	-8.599	-28.286	287.3
1.13	-8.603	-28.122	284.7
1.14	-8.606	-27.897	190.8
1.15	-8.607	-27.645	-84.0
1.16	-8.607	-27.425	-53.6
1.17	-8.607	-27.358	-31.1
1.18	-8.609	-27.542	-42.9
1.19	-8.611	-28.005	-24.0
1.2	-8.614	-28.764	-34.1
1.21	-8.617	-29.878	-18.8
1.22	-8.620	-31.328	-16.7
1.23	-8.623	-32.855	-9.9
1.24	-8.626	-34.061	-16.4
1.25	-8.629	-34.638	2.0
1.26	-8.630	-34.211	-15.7
1.27	-8.629	-31.416	14.4
1.28	-8.630	-22.186	40.9
1.29	-8.633	-0.577	33.0
1.3	-8.636	28.198	64.5
1.31	-8.641	46.556	52.6
1.32	-8.643	50.947	88.7
1.33	-8.643	51.130	147.2
1.34	-8.643	51.139	162.7
1.35	-8.643	51.139	185.9
1.36	-8.643	51.139	212.0
1.37	-8.644	51.139	208.3
1.38	-8.644	51.139	208.9
1.39	-8.646	51.139	143.0
1.4	-8.648	51.136	60.4
1.41	-8.649	51.109	25.5
1.42	-8.649	49.933	-54.7
1.43	-8.650	42.694	-65.9
1.44	-8.651	26.786	-62.2
1.45	-8.652	7.706	-90.8
1.46	-8.652	-9.298	-86.9
1.47	-8.653	-23.206	-86.5
1.48	-8.653	-33.886	-93.3
1.49	-8.654	-41.544	-101.8
1.5	-8.654	-46.725	-84.9
1.51	-8.656	-49.770	-80.7
1.52	-8.658	-50.945	-103.6
1.53	-8.659	-51.134	-69.8
1.54	-8.661	-51.141	-61.7
1.55	-8.660	-51.141	-67.8
1.56	-8.659	-51.141	-76.5
1.57	-8.661	-51.141	-90.4
1.58	-8.664	-51.134	-82.8
1.59	-8.665	-50.883	-64.4
1.6	-8.666	-48.413	-71.6
1.61	-8.666	-41.067	-64.0
1.62	-8.667	-29.806	-55.2
1.63	-8.668	-17.667	-87.2
1.64	-8.668	-6.308	-75.6
1.65	-8.668	3.355	-56.3
1.66	-8.669	10.569	-87.8
1.67	-8.669	14.841	-66.3
1.68	-8.670	16.012	-63.2
1.69	-8.671	14.259	-76.2
1.7	-8.672	10.042	-56.7
1.71	-8.672	3.995	-60.0
1.72	-8.671	-3.223	-63.3
1.73	-8.671	-10.997	-72.9
1.74	-8.671	-18.794	-71.3
1.75	-8.671	-26.214	-65.1
1.76	-8.671	-32.995	-57.4
1.77	-8.670	-38.981	-52.8
1.78	-8.670	-44.067	-49.0
1.79	-8.671	-48.023	-46.8
1.8	-8.671	-50.331	-58.3
1.81	-8.671	-51.066	-58.2
1.82	-8.671	-51.139	-59.2
1.83	-8.670	-51.141	-49.5
1.84	-8.669	-51.141	-61.0
1.85	-8.669	-51.141	-62.3
1.86	-8.669	-51.141	-45.1
1.87	-8.669	-51.141	-52.2
1.88	-8.669	-51.141	-41.1
1.89	-8.669	-51.141	-56.1
1.9	-8.669	-51.136	-61.0
1.91	-8.669	-51.017	-47.9
1.92	-8.669	-50.377	-63.6
1.93	-8.669	-49.008	-42.4
1.94	-8.668	-47.248	-33.0
1.95	-8.668	-45.411	-35.0
1.96	-8.667	-43.586	-38.0
1.97	-8.666	-41.808	-54.5
1.98	-8.665	-40.066	-42.6
1.99	-8.664	-38.367	-30.4
2.0	-8.664	-36.758	-25.6
2.01	-8.663	-35.277	4.5
2.02	-8.662	-33.939	-4.4
2.03	-8.661	-32.731	-15.5
2.04	-8.662	-31.672	-12.8
2.05	-8.662	-30.797	-33.1
2.06	-8.662	-30.127	-52.7
2.07	-8.661	-29.672	-49.0
2.08	-8.661	-29.438	-55.1
2.09	-8.660	-29.428	-42.7
2.1	-8.659	-29.634	-37.5
2.11	-8.658	-30.031	-52.3
2.12	-8.656	-30.552	-16.9
2.13	-8.656	-31.100	-49.4
2.14	-8.655	-31.592	61.7
2.15	-8.655	-31.970	306.1
2.16	-8.655	-32.200	393.1
2.17	-8.656	-32.273	320.4
2.18	-8.658	-32.217	-22.7
2.19	-8.658	-32.111	-82.8
2.2	-8.658	-32.069	-15.5
2.21	-8.658	-32.195	-49.3
2.22	-8.657	-32.541	-35.1
2.23	-8.654	-33.130	-42.9
2.24	-8.651	-34.042	-29.1
2.25	-8.649	-35.342	-33.6
2.26	-8.648	-36.863	-10.3
2.27	-8.648	-38.203	2.8
2.28	-8.646	-38.975	-12.5
2.29	-8.644	-38.883	-10.4
2.3	-8.642	-37.128	13.7
2.31	-8.640	-30.952	33.2
2.32	-8.639	-14.430	44.8
2.33	-8.641	14.219	63.9
2.34	-8.641	40.042	79.2
2.35	-8.639	50.052	119.9
2.36	-8.636	51.105	150.6
2.37	-8.634	51.139	141.0
2.38	-8.632	51.139	213.3
2.39	-8.629	51.139	230.9
2.4	-8.628	51.139	238.3
2.41	-8.627	51.139	264.3
2.42	-8.625	51.139	183.8
2.43	-8.624	51.138	115.1
2.44	-8.623	51.123	40.0
2.45	-8.623	50.392	-5.9
2.46	-8.622	44.555	-50.1
2.47	-8.621	29.638	-89.0
2.48	-8.622	10.039	-87.7
2.49	-8.624	-8.008	-101.9
2.5	-8.627	-22.936	-94.9
2.51	-8.630	-34.720	-96.1
2.52	-8.632	-43.427	-100.9
2.53	-8.634	-48.758	-78.9
2.54	-8.638	-50.809	-99.9
2.55	-8.641	-51.131	-106.3
2.56	-8.643	-51.139	-86.2
2.57	-8.644	-51.141	-83.5
2.58	-8.645	-51.141	-81.4
2.59	-8.647	-51.141	-75.6
2.6	-8.649	-51.141	-87.8
2.61	-8.651	-51.141	-86.2
2.62	-8.652	-51.134	-82.8
2.63	-8.653	-50.884	-67.9
2.64	-8.654	-48.364	-74.9
2.65	-8.656	-40.820	-83.2
2.66	-8.657	-29.316	-55.4
2.67	-8.658	-17.102	-75.8
2.68	-8.658	-5.836	-76.2
2.69	-8.658	3.623	-65.1
2.7	-8.658	10.531	-87.8
2.71	-8.658	14.366	-82.9
2.72	-8.659	14.973	-65.7
2.73	-8.660	12.613	-63.6
2.74	-8.661	7.844	-67.7
2.75	-8.662	1.369	-69.4
2.76	-8.663	-6.114	-65.1
2.77	-8.664	-13.973	-66.0
2.78	-8.664	-21.711	-79.3
2.79	-8.665	-29.014	-62.4
2.8	-8.666	-35.725	-63.1
2.81	-8.666	-41.719	-64.6
2.82	-8.667	-46.688	-49.5
2.83	-8.669	-49.856	-51.8
2.84	-8.671	-50.997	-73.5
2.85	-8.674	-51.139	-38.6
2.86	-8.677	-51.141	-41.5
2.87	-8.680	-51.141	-47.6
2.88	-8.684	-51.141	-46.5
2.89	-8.688	-51.141	-58.7
2.9	-8.691	-51.141	-49.4
2.91	-8.694	-51.141	-61.3
2.92	-8.697	-51.141	-61.7
2.93	-8.701	-51.141	-60.0
2.94	-8.704	-51.141	-28.4
2.95	-8.706	-51.141	-21.0
2.96	-8.709	-51.128	-40.8
2.97	-8.711	-50.884	-53.3
2.98	-8.714	-49.927	-54.2
2.99	-8.717	-48.231	-33.8
3.0	-8.719	-46.284	-27.3
3.01	-8.722	-44.333	-24.8
3.02	-8.724	-42.398	-28.2
3.03	-8.726	-40.527	1.2
3.04	-8.729	-38.767	-1.1
3.05	-8.731	-37.138	-7.4
3.06	-8.733	-35.630	-20.1
3.07	-8.735	-34.248	-51.6
3.08	-8.738	-33.044	-65.5
3.09	-8.739	-32.053	-60.1
3.1	-8.742	-31.275	-43.2
3.11	-8.745	-30.733	-55.7
3.12	-8.748	-30.452	-24.5
3.13	-8.749	-30.405	-16.4
3.14	-8.751	-30.489	-33.3
3.15	-8.752	-30.592	210.7
3.16	-8.755	-30.666	309.2
3.17	-8.758	-30.670	285.6
3.18	-8.760	-30.573	96.5
3.19	-8.761	-30.372	-114.9
3.2	-8.761	-30.159	-25.4
3.21	-8.761	-30.119	-25.2
3.22	-8.762	-30.356	-30.4
3.23	-8.765	-30.856	-22.1
3.24	-8.769	-31.630	-34.9
3.25	-8.771	-32.773	-9.8
3.26	-8.774	-34.295	-4.4
3.27	-8.776	-35.933	-23.3
3.28	-8.779	-37.288	-2.3
3.29	-8.782	-38.120	7.8
3.3	-8.784	-38.300	-12.8
3.31	-8.787	-37.238	24.2
3.32	-8.791	-32.620	31.3
3.33	-8.794	-19.116	42.5
3.34	-8.796	7.363	79.8
3.35	-8.799	35.508	95.3
3.36	-8.801	49.069	130.4
3.37	-8.801	51.103	143.9
3.38	-8.801	51.133	178.7
3.39	-8.802	51.139	206.2
3.4	-8.803	51.139	207.9
3.41	-8.805	51.139	213.2
3.42	-8.807	51.139	177.4
3.43	-8.809	51.139	122.4
3.44	-8.811	51.138	78.0
3.45	-8.813	51.123	12.3
3.46	-8.815	50.308	-34.7
3.47	-8.818	44.064	-42.7
3.48	-8.821	28.513	-95.5
3.49	-8.822	8.295	-94.4
3.5	-8.823	-10.478	-70.0
3.51	-8.826	-26.286	-76.5
3.52	-8.829	-38.831	-87.6
3.53	-8.832	-47.095	-94.6
3.54	-8.833	-50.525	-89.3
3.55	-8.836	-51.120	-82.6
3.56	-8.839	-51.139	-73.3
3.57	-8.843	-51.141	-66.8
3.58	-8.846	-51.141	-85.9
3.59	-8.849	-51.141	-77.7
3.6	-8.852	-51.141	-91.5
3.61	-8.855	-51.141	-82.0
3.62	-8.859	-51.139	-49.6
3.63	-8.863	-51.133	-65.1
3.64	-8.867	-50.666	-61.0
3.65	-8.871	-46.897	-73.0
3.66	-8.876	-36.800	-92.0
3.67	-8.881	-22.339	-67.6
3.68	-8.889	-7.442	-60.6
3.69	-8.896	5.958	-79.9
3.7	-8.900	16.755	-59.9
3.71	-8.903	24.094	-64.0
3.72	-8.908	27.431	-76.0
3.73	-8.914	26.686	-57.1
3.74	-8.920	22.345	-65.1
3.75	-8.926	15.313	-58.7
3.76	-8.933	6.609	-64.0
3.77	-8.938	-2.823	-70.2
3.78	-8.944	-12.234	-67.6
3.79	-8.949	-21.128	-55.9
3.8	-8.954	-29.205	-65.1
3.81	-8.960	-36.294	-78.0
3.82	-8.967	-42.313	-53.0
3.83	-8.974	-47.088	-62.6
3.84	-8.980	-50.017	-57.4
3.85	-8.986	-51.023	-43.8
3.86	-8.996	-51.139	-69.8
3.87	-9.006	-51.141	-51.0
3.88	-9.011	-51.141	-46.2
3.89	-9.014	-51.141	-70.7
3.9	-9.019	-51.141	-50.3
3.91	-9.026	-51.141	-49.7
3.92	-9.032	-51.141	-59.5
3.93	-9.039	-51.141	-51.2
3.94	-9.046	-51.139	-44.8
3.95	-9.053	-51.089	-41.1
3.96	-9.059	-50.658	-47.1
3.97	-9.064	-49.481	-43.3
3.98	-9.071	-47.756	-28.6
3.99	-9.078	-45.853	-20.5
4.0	-9.084	-43.925	-27.6
4.01	-9.091	-42.023	-9.2
4.02	-9.098	-40.138	-16.1
4.03	-9.105	-38.289	-28.1
4.04	-9.113	-36.563	-18.0
4.05	-9.121	-35.011	-41.9
4.06	-9.130	-33.620	-53.1
4.07	-9.139	-32.375	-59.5
4.08	-9.152	-31.313	-58.5
4.09	-9.168	-30.467	-42.3
4.1	-9.179	-29.834	-56.8
4.11	-9.185	-29.388	-4.1
4.12	-9.191	-29.083	-63.3
4.13	-9.198	-28.872	50.4
4.14	-9.203	-28.672	282.1
4.15	-9.208	-28.375	267.3
4.16	-9.214	-27.947	155.2
4.17	-9.220	-27.459	-75.5
4.18	-9.227	-27.069	-76.2
4.19	-9.234	-26.908	-23.9
4.2	-9.244	-27.000	-34.8
4.21	-9.252	-27.288	-11.5
4.22	-9.257	-27.811	-35.6
4.23	-9.259	-28.689	-28.3
4.24	-9.260	-29.936	-10.9
4.25	-9.260	-31.441	-10.9
4.26	-9.261	-33.059	-5.2
4.27	-9.264	-34.661	2.5
4.28	-9.269	-36.117	-7.2
4.29	-9.274	-37.205	5.0
4.3	-9.278	-37.423	27.3
4.31	-9.281	-35.422	43.2
4.32	-9.283	-27.738	44.6
4.33	-9.283	-8.664	75.7
4.34	-9.284	20.491	97.8
4.35	-9.287	43.280	114.7
4.36	-9.290	50.602	152.7
4.37	-9.294	51.111	168.1
4.38	-9.297	51.139	190.1
4.39	-9.300	51.139	217.4
4.4	-9.304	51.139	171.3
4.41	-9.308	51.139	139.8
4.42	-9.312	51.139	108.7
4.43	-9.316	51.136	26.3
4.44	-9.319	51.117	-45.1
4.45	-9.322	50.002	-50.1
4.46	-9.328	42.648	-60.3
4.47	-9.333	25.833	-81.9
4.48	-9.338	5.005	-91.5
4.49	-9.341	-14.169	-91.6
4.5	-9.342	-30.558	-86.8
4.51	-9.343	-42.972	-74.6
4.52	-9.346	-49.444	-86.1
4.53	-9.347	-51.053	-109.8
4.54	-9.348	-51.136	-88.0
4.55	-9.348	-51.141	-94.3
4.56	-9.349	-51.141	-89.1
4.57	-9.348	-51.141	-66.4
4.58	-9.348	-51.141	-69.0
4.59	-9.348	-51.141	-88.5
4.6	-9.348	-51.141	-85.6
4.61	-9.346	-51.138	-49.5
4.62	-9.344	-51.102	-66.7
4.63	-9.340	-49.917	-86.2
4.64	-9.334	-43.213	-77.5
4.65	-9.327	-28.398	-72.5
4.66	-9.317	-9.412	-71.0
4.67	-9.304	9.086	-48.4
4.68	-9.291	24.731	-62.1
4.69	-9.276	35.939	-79.7
4.7	-9.261	42.050	-48.3
4.71	-9.247	43.378	-86.2
4.72	-9.232	40.759	-92.8
4.73	-9.217	34.956	-60.0
4.74	-9.203	26.573	-66.3
4.75	-9.188	16.367	-69.4
4.76	-9.174	5.275	-63.1
4.77	-9.161	-5.828	-58.2
4.78	-9.149	-16.341	-82.3
4.79	-9.136	-25.944	-61.9
4.8	-9.123	-34.458	-60.9
4.81	-9.111	-41.742	-62.1
4.82	-9.099	-47.309	-59.4
4.83	-9.087	-50.303	-74.8
4.84	-9.076	-51.091	-36.9
4.85	-9.065	-51.139	-60.7
4.86	-9.056	-51.141	-61.7
4.87	-9.047	-51.141	-43.5
4.88	-9.039	-51.141	-58.4
4.89	-9.031	-51.141	-52.2
4.9	-9.023	-51.141	-50.4
4.91	-9.014	-51.141	-37.5
4.92	-9.006	-51.136	-23.5
4.93	-8.999	-50.994	-14.8
4.94	-8.991	-50.259	-40.9
4.95	-8.982	-48.777	-26.9
4.96	-8.974	-46.992	-3.3
4.97	-8.965	-45.202	-30.6
4.98	-8.956	-43.441	-68.8
4.99	-8.946	-41.730	-84.0
5.0	-8.937	-40.061	-55.7
5.01	-8.926	-38.420	-53.7
5.02	-8.916	-36.827	-64.6
5.03	-8.904	-35.294	-74.3
5.04	-8.893	-33.797	-19.4
5.05	-8.882	-32.330	-44.9
5.06	-8.872	-30.900	29.9
5.07	-8.859	-29.486	270.5
5.08	-8.845	-28.053	275.7
5.09	-8.830	-26.598	162.3
5.1	-8.816	-25.198	-55.5
5.11	-8.803	-23.995	-97.4
5.12	-8.793	-23.108	-19.6
5.13	-8.784	-22.595	-39.5
5.14	-8.777	-22.497	-31.4
5.15	-8.768	-22.875	-36.8
5.16	-8.757	-23.778	-41.6
5.17	-8.745	-25.213	-6.4
5.18	-8.732	-27.125	-15.5
5.19	-8.719	-29.314	-34.3
5.2	-8.708	-31.416	-3.9
5.21	-8.697	-33.077	16.7
5.22	-8.688	-34.028	1.1
5.23	-8.679	-33.689	9.1
5.24	-8.671	-30.025	38.9
5.25	-8.664	-18.422	52.9
5.26	-8.657	5.542	55.3
5.27	-8.651	33.222	92.5
5.28	-8.645	48.247	126.5
5.29	-8.641	51.052	133.2
5.3	-8.637	51.130	167.3
5.31	-8.634	51.139	208.1
5.32	-8.632	51.139	201.9
5.33	-8.629	51.139	181.1
5.34	-8.624	51.139	152.3
5.35	-8.621	51.139	81.4
5.36	-8.618	51.136	28.7
5.37	-8.614	51.113	-21.5
5.38	-8.611	49.934	-64.5
5.39	-8.609	42.494	-70.4
5.4	-8.608	25.848	-97.3
5.41	-8.607	5.495	-82.7
5.42	-8.606	-13.138	-81.0
5.43	-8.605	-28.986	-95.3
5.44	-8.603	-41.366	-81.8
5.45	-8.601	-48.617	-93.0
5.46	-8.599	-50.909	-91.7
5.47	-8.598	-51.136	-75.1
5.48	-8.596	-51.141	-93.3
5.49	-8.594	-51.141	-89.6
5.5	-8.593	-51.141	-97.8
5.51	-8.593	-51.141	-65.0
5.52	-8.592	-51.141	-51.6
5.53	-8.593	-51.141	-85.2
5.54	-8.594	-51.139	-72.3
5.55	-8.595	-51.123	-63.8
5.56	-8.597	-50.345	-65.7
5.57	-8.600	-45.242	-62.7
5.58	-8.604	-33.181	-77.3
5.59	-8.608	-17.344	-77.9
5.6	-8.611	-1.972	-58.2
5.61	-8.614	11.117	-70.9
5.62	-8.617	20.897	-78.0
5.63	-8.621	26.797	-59.3
5.64	-8.624	28.845	-56.5
5.65	-8.627	27.573	-65.1
5.66	-8.631	23.669	-74.4
5.67	-8.633	17.680	-57.8
5.68	-8.636	10.042	-61.3
5.69	-8.639	1.300	-62.5
5.7	-8.643	-7.891	-53.5
5.71	-8.646	-16.938	-68.5
5.72	-8.649	-25.434	-58.7
5.73	-8.649	-33.114	-63.8
5.74	-8.651	-39.750	-57.9
5.75	-8.652	-45.181	-47.4
5.76	-8.654	-48.998	-73.1
5.77	-8.656	-50.764	-39.7
5.78	-8.658	-51.127	-35.0
5.79	-8.661	-51.141	-78.1
5.8	-8.662	-51.141	-53.7
5.81	-8.663	-51.141	-46.8
5.82	-8.664	-51.141	-43.5
5.83	-8.667	-51.141	-38.0
5.84	-8.669	-51.141	-85.1
5.85	-8.669	-51.141	-43.8
5.86	-8.671	-51.141	-30.4
5.87	-8.672	-51.133	-54.4
5.88	-8.673	-50.963	-42.7
5.89	-8.674	-50.202	-49.4
5.9	-8.675	-48.714	-32.6
5.91	-8.675	-46.880	-26.9
5.92	-8.674	-44.997	-24.3
5.93	-8.674	-43.117	0.1
5.94	-8.675	-41.220	-3.2
5.95	-8.676	-39.302	-18.6
5.96	-8.678	-37.431	-55.6
5.97	-8.678	-35.680	-55.6
5.98	-8.679	-34.048	-52.2
5.99	-8.679	-32.523	-69.2
6.0	-8.680	-31.138	-50.2
6.01	-8.681	-29.945	-48.0
6.02	-8.680	-28.997	-21.2
6.03	-8.679	-28.284	-37.6
6.04	-8.679	-27.730	35.4
6.05	-8.681	-27.259	220.6
6.06	-8.684	-26.844	267.7
6.07	-8.687	-26.486	283.4
6.08	-8.689	-26.189	30.6
6.09	-8.689	-25.947	-84.8
6.1	-8.686	-25.775	-19.1
6.11	-8.684	-25.738	-60.3
6.12	-8.684	-25.903	-33.2
6.13	-8.685	-26.305	-36.5
6.14	-8.687	-26.998	-28.1
6.15	-8.689	-28.084	-3.2
6.16	-8.691	-29.523	-18.1
6.17	-8.694	-31.055	-17.1
6.18	-8.696	-32.311	-10.6
6.19	-8.697	-32.969	-23.0
6.2	-8.697	-32.405	9.0
6.21	-8.696	-28.467	29.1
6.22	-8.696	-15.963	32.7
6.23	-8.696	9.275	53.4
6.24	-8.696	36.264	56.2
6.25	-8.696	49.194	88.7
6.26	-8.696	51.105	129.3
6.27	-8.696	51.134	145.1
6.28	-8.695	51.139	173.9
6.29	-8.694	51.139	210.5
6.3	-8.694	51.139	219.1
6.31	-8.693	51.139	210.2
6.32	-8.691	51.139	167.8
6.33	-8.690	51.139	132.0
6.34	-8.689	51.136	57.1
6.35	-8.688	51.058	-28.5
6.36	-8.688	49.097	-54.6
6.37	-8.687	40.161	-62.2
6.38	-8.687	23.316	-69.3
6.39	-8.688	4.566	-98.2
6.4	-8.687	-11.875	-106.8
6.41	-8.685	-25.373	-109.4
6.42	-8.682	-36.058	-95.4
6.43	-8.681	-44.095	-85.3
6.44	-8.683	-49.047	-99.8
6.45	-8.683	-50.886	-67.7
6.46	-8.682	-51.136	-86.3
6.47	-8.681	-51.141	-94.6
6.48	-8.681	-51.141	-70.7
6.49	-8.680	-51.141	-86.7
6.5	-8.679	-51.141	-70.0
6.51	-8.678	-51.141	-59.3
6.52	-8.678	-51.138	-92.5
6.53	-8.676	-51.089	-68.1
6.54	-8.675	-49.873	-67.0
6.55	-8.674	-44.291	-71.9
6.56	-8.672	-33.266	-51.4
6.57	-8.671	-19.917	-79.3
6.58	-8.671	-7.045	-57.8
6.59	-8.671	4.138	-60.4
6.6	-8.672	12.814	-79.4
6.61	-8.672	18.494	-54.7
6.62	-8.673	20.928	-62.2
6.63	-8.673	20.111	-69.5
6.64	-8.674	16.355	-64.4
6.65	-8.674	10.275	-50.0
6.66	-8.673	2.642	-43.0
6.67	-8.672	-5.813	-49.8
6.68	-8.672	-14.438	-77.4
6.69	-8.673	-22.720	-58.9
6.7	-8.673	-30.348	-47.9
6.71	-8.672	-37.166	-62.8
6.72	-8.671	-43.078	-64.2
6.73	-8.670	-47.709	-76.7
6.74	-8.669	-50.319	-44.6
6.75	-8.668	-51.077	-36.4
6.76	-8.668	-51.138	-56.8
6.77	-8.668	-51.141	-62.9
6.78	-8.668	-51.141	-68.8
6.79	-8.668	-51.141	-43.4
6.8	-8.669	-51.141	-50.7
6.81	-8.670	-51.141	-55.4
6.82	-8.671	-51.141	-55.0
6.83	-8.672	-51.141	-65.7
6.84	-8.674	-51.141	-40.9
6.85	-8.675	-51.139	-19.0
6.86	-8.676	-51.070	-50.9
6.87	-8.678	-50.595	-59.0
6.88	-8.679	-49.405	-40.0
6.89	-8.679	-47.722	-27.5
6.9	-8.680	-45.863	-40.6
6.91	-8.681	-43.903	-61.1
6.92	-8.681	-41.902	-49.5
6.93	-8.681	-39.939	-23.8
6.94	-8.682	-38.067	-16.3
6.95	-8.683	-36.292	-3.2
6.96	-8.683	-34.608	-1.9
6.97	-8.683	-33.073	0.1
6.98	-8.684	-31.758	-5.5
6.99	-8.686	-30.691	-29.7
7.0	-8.688	-29.866	-41.0
7.01	-8.689	-29.247	-52.7
7.02	-8.691	-28.816	-68.2
7.03	-8.693	-28.584	-64.6
7.04	-8.693	-28.556	-45.1
7.05	-8.693	-28.731	-34.7
7.06	-8.694	-29.084	-16.0
7.07	-8.695	-29.533	-65.8
7.08	-8.695	-29.969	98.2
7.09	-8.695	-30.352	328.4
7.1	-8.696	-30.703	348.1
7.11	-8.697	-30.992	261.9
7.12	-8.700	-31.153	-31.7
7.13	-8.702	-31.189	-75.6
7.14	-8.702	-31.208	-18.9
7.15	-8.700	-31.309	-40.4
7.16	-8.700	-31.522	-33.7
7.17	-8.701	-31.909	-50.6
7.18	-8.701	-32.625	-30.7
7.19	-8.701	-33.758	-13.3
7.2	-8.702	-35.178	-28.0
7.21	-8.703	-36.558	-34.5
7.22	-8.703	-37.545	-16.6
7.23	-8.705	-37.792	24.4
7.24	-8.706	-36.494	24.2
7.25	-8.707	-31.061	-5.3
7.26	-8.708	-15.788	32.4
7.27	-8.710	12.011	67.1
7.28	-8.711	38.598	86.4
7.29	-8.710	49.753	120.7
7.3	-8.706	51.106	137.2
7.31	-8.699	51.138	178.7
7.32	-8.690	51.139	202.1
7.33	-8.683	51.139	232.3
7.34	-8.677	51.139	249.7
7.35	-8.673	51.139	229.5
7.36	-8.670	51.139	162.3
7.37	-8.668	51.139	110.4
7.38	-8.666	51.127	67.1
7.39	-8.666	50.895	-5.9
7.4	-8.667	47.347	-59.0
7.41	-8.668	35.066	-93.8
7.42	-8.671	15.633	-104.7
7.43	-8.674	-4.105	-102.7
7.44	-8.676	-21.148	-121.5
7.45	-8.679	-35.080	-90.7
7.46	-8.681	-45.030	-89.1
7.47	-8.683	-49.934	-117.0
7.48	-8.686	-51.083	-75.6
7.49	-8.689	-51.138	-79.3
7.5	-8.691	-51.141	-93.3
7.51	-8.693	-51.141	-92.0
7.52	-8.694	-51.141	-86.4
7.53	-8.696	-51.141	-76.3
7.54	-8.698	-51.141	-91.0
7.55	-8.700	-51.141	-74.7
7.56	-8.702	-51.136	-91.2
7.57	-8.704	-51.056	-72.9
7.58	-8.706	-49.398	-58.2
7.59	-8.707	-42.791	-77.3
7.6	-8.708	-30.920	-76.1
7.61	-8.709	-17.359	-84.3
7.62	-8.709	-4.672	-65.0
7.63	-8.711	6.033	-68.3
7.64	-8.711	13.950	-86.4
7.65	-8.712	18.659	-77.0
7.66	-8.713	20.148	-96.3
7.67	-8.714	18.692	-72.9
7.68	-8.715	14.686	-45.3
7.69	-8.716	8.581	-75.0
7.7	-8.717	0.945	-73.0
7.71	-8.717	-7.553	-53.4
7.72	-8.718	-16.264	-64.3
7.73	-8.719	-24.697	-89.4
7.74	-8.719	-32.547	-86.1
7.75	-8.719	-39.633	-63.2
7.76	-8.720	-45.625	-48.3
7.77	-8.720	-49.534	-53.9
7.78	-8.721	-50.961	-63.7
7.79	-8.721	-51.138	-60.5
7.8	-8.723	-51.141	-62.2
7.81	-8.724	-51.141	-40.2
7.82	-8.726	-51.141	-53.5
7.83	-8.727	-51.141	-80.4
7.84	-8.729	-51.141	-57.0
7.85	-8.732	-51.141	-43.3
7.86	-8.734	-51.141	-47.2
7.87	-8.737	-51.141	-45.3
7.88	-8.739	-51.141	-42.0
7.89	-8.742	-51.141	-42.3
7.9	-8.744	-51.139	-34.2
7.91	-8.745	-51.055	-17.6
7.92	-8.746	-50.442	-36.4
7.93	-8.748	-48.945	-19.7
7.94	-8.749	-46.936	-26.6
7.95	-8.750	-44.881	-17.2
7.96	-8.751	-42.934	-5.1
7.97	-8.753	-41.142	-38.5
7.98	-8.754	-39.519	-46.4
7.99	-8.756	-38.084	-50.1
8.0	-8.756	-36.820	-65.8
8.01	-8.758	-35.703	-50.4
8.02	-8.759	-34.738	-50.0
8.03	-8.761	-33.902	-59.0
8.04	-8.763	-33.145	-8.8
8.05	-8.765	-32.408	-61.6
8.06	-8.768	-31.652	94.8
8.07	-8.771	-30.891	299.6
8.08	-8.774	-30.163	296.3
8.09	-8.776	-29.492	161.6
8.1	-8.777	-28.878	-95.8
8.11	-8.776	-28.330	-56.3
8.12	-8.776	-27.930	-30.0
8.13	-8.778	-27.792	-34.9
8.14	-8.783	-27.941	-24.7
8.15	-8.785	-28.388	-35.1
8.16	-8.786	-29.247	-11.3
8.17	-8.788	-30.583	-23.5
8.18	-8.791	-32.272	-21.9
8.19	-8.793	-34.048	-34.6
8.2	-8.796	-35.600	-4.3
8.21	-8.799	-36.681	12.9
8.22	-8.803	-36.966	-4.5
8.23	-8.806	-35.345	15.2
8.24	-8.808	-28.547	49.9
8.25	-8.810	-10.625	60.6
8.26	-8.812	18.323	87.0
8.27	-8.813	42.208	106.2
8.28	-8.815	50.430	108.9
8.29	-8.816	51.106	162.9
8.3	-8.816	51.139	194.8
8.31	-8.816	51.139	194.9
8.32	-8.816	51.139	194.8
8.33	-8.816	51.139	199.5
8.34	-8.817	51.139	149.1
8.35	-8.819	51.139	75.2
8.36	-8.822	51.134	37.9
8.37	-8.826	51.100	-35.4
8.38	-8.829	49.728	-84.9
8.39	-8.829	41.641	-81.6
8.4	-8.830	24.181	-89.0
8.41	-8.832	3.306	-98.9
8.42	-8.834	-15.553	-108.4
8.43	-8.835	-31.408	-91.7
8.44	-8.836	-43.275	-110.1
8.45	-8.839	-49.484	-93.5
8.46	-8.841	-51.052	-100.3
8.47	-8.844	-51.136	-103.3
8.48	-8.847	-51.141	-87.6
8.49	-8.848	-51.141	-110.5
8.5	-8.850	-51.141	-85.3
8.51	-8.853	-51.141	-66.9
8.52	-8.856	-51.141	-89.8
8.53	-8.860	-51.141	-82.1
8.54	-8.864	-51.138	-77.8
8.55	-8.867	-51.108	-88.6
8.56	-8.870	-50.084	-72.1
8.57	-8.874	-44.259	-85.5
8.58	-8.881	-31.417	-79.8
8.59	-8.887	-15.114	-68.9
8.6	-8.891	0.608	-70.3
8.61	-8.894	13.942	-64.0
8.62	-8.899	23.680	-91.5
8.63	-8.904	29.119	-78.5
8.64	-8.909	30.255	-54.9
8.65	-8.913	27.667	-76.8
8.66	-8.917	22.233	-63.7
8.67	-8.921	14.853	-45.6
8.68	-8.926	6.278	-83.0
8.69	-8.931	-2.920	-79.1
8.7	-8.936	-12.239	-67.9
8.71	-8.941	-21.242	-71.5
8.72	-8.947	-29.598	-63.1
8.73	-8.954	-37.080	-62.5
8.74	-8.959	-43.522	-61.8
8.75	-8.964	-48.294	-67.7
8.76	-8.969	-50.609	-62.9
8.77	-8.976	-51.117	-51.5
8.78	-8.986	-51.139	-63.1
8.79	-8.994	-51.141	-44.2
8.8	-8.998	-51.141	-54.7
8.81	-9.002	-51.141	-62.2
8.82	-9.009	-51.141	-39.1
8.83	-9.016	-51.141	-63.6
8.84	-9.022	-51.141	-38.5
8.85	-9.027	-51.141	-35.9
8.86	-9.034	-51.139	-41.0
8.87	-9.041	-51.069	-18.2
8.88	-9.048	-50.536	-17.5
8.89	-9.056	-49.191	-18.5
8.9	-9.063	-47.331	-52.7
8.91	-9.070	-45.372	-31.7
8.92	-9.078	-43.441	-9.8
8.93	-9.085	-41.583	-43.9
8.94	-9.092	-39.838	-57.1
8.95	-9.099	-38.211	-56.1
8.96	-9.106	-36.695	-52.0
8.97	-9.116	-35.305	-44.5
8.98	-9.127	-34.058	-56.8
8.99	-9.136	-32.938	-52.5
9.0	-9.143	-31.888	-40.8
9.01	-9.149	-30.842	183.8
9.02	-9.157	-29.755	303.5
9.03	-9.164	-28.603	239.5
9.04	-9.173	-27.420	36.9
9.05	-9.181	-26.328	-128.5
9.06	-9.189	-25.477	-39.0
9.07	-9.199	-24.945	-39.8
9.08	-9.209	-24.756	-45.5
9.09	-9.219	-24.975	-34.9
9.1	-9.227	-25.697	-33.5
9.11	-9.232	-26.961	-14.4
9.12	-9.235	-28.667	-24.6
9.13	-9.238	-30.611	-34.1
9.14	-9.244	-32.577	3.2
9.15	-9.252	-34.411	2.6
9.16	-9.261	-35.950	-1.4
9.17	-9.271	-36.869	26.2
9.18	-9.278	-36.355	13.3
9.19	-9.285	-32.113	31.2
9.2	-9.292	-19.266	64.2
9.21	-9.298	6.181	79.7
9.22	-9.305	34.248	103.0
9.23	-9.312	48.644	146.2
9.24	-9.319	51.081	176.2
9.25	-9.328	51.131	195.8
9.26	-9.336	51.139	209.6
9.27	-9.344	51.139	181.2
9.28	-9.353	51.139	159.2
9.29	-9.361	51.139	124.0
9.3	-9.374	51.139	35.8
9.31	-9.391	51.134	-12.3
9.32	-9.405	51.080	-39.4
9.33	-9.414	49.375	-52.5
9.34	-9.421	40.280	-82.1
9.35	-9.429	21.595	-100.8
9.36	-9.441	-0.147	-97.6
9.37	-9.450	-19.666	-111.8
9.38	-9.459	-35.833	-98.9
9.39	-9.467	-46.497	-91.9
9.4	-9.475	-50.575	-92.8
9.41	-9.482	-51.131	-79.8
9.42	-9.488	-51.139	-104.1
9.43	-9.492	-51.141	-86.5
9.44	-9.498	-51.141	-50.1
9.45	-9.503	-51.141	-90.4
9.46	-9.508	-51.141	-100.2
9.47	-9.514	-51.141	-59.5
9.48	-9.521	-51.141	-57.1
9.49	-9.527	-51.136	-54.5
9.5	-9.532	-51.045	-65.8
9.51	-9.536	-49.023	-88.4
9.52	-9.539	-40.266	-74.1
9.53	-9.540	-23.655	-68.8
9.54	-9.540	-4.152	-60.9
9.55	-9.539	14.052	-63.9
9.56	-9.537	28.897	-69.1
9.57	-9.535	38.972	-69.4
9.58	-9.531	43.702	-86.3
9.59	-9.527	43.383	-83.7
9.6	-9.523	38.931	-51.3
9.61	-9.518	31.506	-37.6
9.62	-9.511	22.192	-82.9
9.63	-9.502	11.861	-71.4
9.64	-9.492	1.180	-45.3
9.65	-9.481	-9.372	-74.1
9.66	-9.469	-19.455	-76.9
9.67	-9.454	-28.767	-45.4
9.68	-9.439	-37.042	-76.1
9.69	-9.423	-44.002	-68.4
9.7	-9.407	-48.791	-41.2
9.71	-9.391	-50.800	-64.4
9.72	-9.374	-51.131	-51.8
9.73	-9.359	-51.139	-61.9
9.74	-9.343	-51.141	-65.4
9.75	-9.328	-51.141	-14.8
9.76	-9.313	-51.141	-41.6
9.77	-9.299	-51.141	-40.3
9.78	-9.284	-51.141	-3.8
9.79	-9.271	-51.141	-50.3
9.8	-9.258	-51.139	-57.4
9.81	-9.246	-51.052	-51.4
9.82	-9.233	-50.405	-83.2
9.83	-9.222	-48.813	-59.7
9.84	-9.210	-46.703	-67.6
9.85	-9.199	-44.622	-61.6
9.86	-9.187	-42.652	-63.7
9.87	-9.175	-40.711	-37.3
9.88	-9.164	-38.761	-62.6
9.89	-9.154	-36.811	2.8
9.9	-9.141	-34.841	248.7
9.91	-9.126	-32.809	273.6
9.92	-9.111	-30.747	168.6
9.93	-9.096	-28.788	-55.9
9.94	-9.084	-27.063	-105.1
9.95	-9.074	-25.650	-17.7
9.96	-9.065	-24.623	-53.6
9.97	-9.055	-24.030	-63.3
9.98	-9.044	-23.897	-37.3
9.99	-9.032	-24.281	-26.4
10.0	-9.017	-25.250	-24.5
10.01	-9.001	-26.791	-14.2
10.02	-8.986	-28.698	-9.8
10.03	-8.973	-30.608	5.9
10.04	-8.963	-32.202	-12.8
10.05	-8.951	-33.308	-1.2
10.06	-8.941	-33.625	12.5
10.07	-8.930	-31.948	6.8
10.08	-8.919	-25.097	64.7
10.09	-8.909	-7.833	75.5
10.1	-8.899	19.542	82.5
10.11	-8.889	42.303	130.3
10.12	-8.880	50.381	156.9
10.13	-8.872	51.106	182.4
10.14	-8.866	51.139	192.7
10.15	-8.859	51.139	209.9
10.16	-8.852	51.139	180.3
10.17	-8.845	51.139	129.9
10.18	-8.839	51.139	79.1
10.19	-8.833	51.139	8.1
10.2	-8.828	51.127	-25.0
10.21	-8.824	50.884	-30.3
10.22	-8.820	47.119	-76.1
10.23	-8.816	34.005	-112.9
10.24	-8.812	13.130	-95.5
10.25	-8.808	-8.220	-78.5
10.26	-8.804	-26.838	-102.0
10.27	-8.801	-41.245	-113.0
10.28	-8.796	-48.998	-95.0
10.29	-8.791	-51.017	-89.6
10.3	-8.786	-51.134	-90.5
10.31	-8.779	-51.141	-78.7
10.32	-8.773	-51.141	-83.6
10.33	-8.767	-51.141	-80.6
10.34	-8.763	-51.141	-73.0
10.35	-8.759	-51.141	-64.0
10.36	-8.755	-51.141	-78.9
10.37	-8.752	-51.139	-94.3
10.38	-8.749	-51.130	-62.1
10.39	-8.746	-50.391	-58.3
10.4	-8.742	-44.998	-65.6
10.41	-8.741	-31.639	-69.3
10.42	-8.738	-13.789	-63.4
10.43	-8.735	3.425	-63.2
10.44	-8.732	17.802	-72.0
10.45	-8.731	28.194	-77.2
10.46	-8.729	33.964	-86.1
10.47	-8.728	35.119	-62.1
10.48	-8.726	32.289	-53.4
10.49	-8.726	26.463	-60.5
10.5	-8.725	18.600	-61.9
10.51	-8.724	9.480	-69.0
10.52	-8.723	-0.255	-70.6
10.53	-8.723	-10.028	-47.0
10.54	-8.723	-19.386	-62.0
10.55	-8.723	-28.016	-71.1
10.56	-8.723	-35.680	-65.7
10.57	-8.723	-42.222	-56.5
10.58	-8.723	-47.316	-65.2
10.59	-8.724	-50.217	-52.8
10.6	-8.726	-51.069	-48.2
10.61	-8.727	-51.138	-53.6
10.62	-8.728	-51.141	-69.0
10.63	-8.727	-51.141	-59.6
10.64	-8.727	-51.141	-38.1
10.65	-8.727	-51.141	-71.6
10.66	-8.728	-51.141	-50.7
10.67	-8.727	-51.141	-45.5
10.68	-8.726	-51.141	-46.8
10.69	-8.726	-51.139	-24.9
10.7	-8.726	-51.077	-45.8
10.71	-8.726	-50.606	-32.3
10.72	-8.727	-49.383	-14.2
10.73	-8.727	-47.633	-10.3
10.74	-8.726	-45.744	-16.8
10.75	-8.726	-43.819	-16.0
10.76	-8.727	-41.889	-48.6
10.77	-8.728	-39.978	-82.5
10.78	-8.728	-38.111	-64.0
10.79	-8.728	-36.325	-63.2
10.8	-8.729	-34.683	-45.3
10.81	-8.729	-33.241	-40.2
10.82	-8.730	-32.031	-14.7
10.83	-8.731	-31.038	-40.5
10.84	-8.733	-30.189	84.6
10.85	-8.736	-29.403	265.7
10.86	-8.739	-28.606	245.0
10.87	-8.741	-27.761	182.9
10.88	-8.742	-26.866	-56.4
10.89	-8.740	-25.986	-78.0
10.9	-8.739	-25.278	-14.2
10.91	-8.738	-24.875	-44.3
10.92	-8.739	-24.817	-27.5
10.93	-8.741	-25.120	-34.9
10.94	-8.744	-25.872	-42.7
10.95	-8.747	-27.144	-34.4
10.96	-8.749	-28.792	-2.2
10.97	-8.750	-30.402	-4.0
10.98	-8.750	-31.548	-17.0
10.99	-8.750	-31.894	-0.1
11.0	-8.751	-30.523	8.7
11.01	-8.753	-24.388	19.5
11.02	-8.754	-7.525	23.9
11.03	-8.755	20.134	52.1
11.04	-8.756	42.863	69.1
11.05	-8.756	50.522	98.3
11.06	-8.757	51.108	109.7
11.07	-8.758	51.139	138.8
11.08	-8.759	51.139	199.7
11.09	-8.760	51.139	197.7
11.1	-8.761	51.139	221.3
11.11	-8.761	51.139	181.4
11.12	-8.760	51.139	124.2
11.13	-8.759	51.139	93.9
11.14	-8.759	51.131	11.0
11.15	-8.759	50.991	-20.1
11.16	-8.761	48.159	-44.2
11.17	-8.761	37.214	-88.8
11.18	-8.759	18.767	-101.7
11.19	-8.759	-0.342	-72.0
11.2	-8.759	-16.625	-96.4
11.21	-8.761	-29.813	-109.6
11.22	-8.762	-39.992	-93.4
11.23	-8.763	-46.964	-89.0
11.24	-8.764	-50.319	-92.8
11.25	-8.764	-51.102	-101.4
11.26	-8.764	-51.139	-68.0
11.27	-8.764	-51.141	-59.1
11.28	-8.764	-51.141	-92.2
11.29	-8.763	-51.141	-81.2
11.3	-8.763	-51.141	-64.3
11.31	-8.763	-51.139	-75.1
11.32	-8.763	-51.133	-77.2
11.33	-8.763	-50.623	-87.5
11.34	-8.763	-46.848	-64.7
11.35	-8.763	-37.347	-65.9
11.36	-8.764	-24.314	-86.4
11.37	-8.766	-11.184	-49.4
11.38	-8.768	0.534	-64.8
11.39	-8.769	10.011	-85.5
11.4	-8.769	16.667	-68.1
11.41	-8.771	20.214	-75.5
11.42	-8.773	20.619	-76.1
11.43	-8.773	18.064	-71.5
11.44	-8.773	12.981	-74.5
11.45	-8.773	6.033	-69.3
11.46	-8.772	-2.050	-64.1
11.47	-8.772	-10.634	-55.5
11.48	-8.772	-19.205	-58.7
11.49	-8.771	-27.302	-54.2
11.5	-8.771	-34.595	-69.7
11.51	-8.771	-40.947	-61.0
11.52	-8.771	-46.200	-66.3
11.53	-8.772	-49.655	-59.4
11.54	-8.772	-50.963	-58.1
11.55	-8.772	-51.138	-58.6
11.56	-8.771	-51.141	-45.6
11.57	-8.771	-51.141	-51.5
11.58	-8.770	-51.141	-49.2
11.59	-8.770	-51.141	-59.8
11.6	-8.770	-51.141	-33.4
11.61	-8.769	-51.141	-50.9
11.62	-8.770	-51.141	-58.0
11.63	-8.770	-51.141	-39.2
11.64	-8.769	-51.139	-51.5
11.65	-8.767	-51.069	-31.3
11.66	-8.765	-50.542	-51.2
11.67	-8.765	-49.244	-39.5
11.68	-8.766	-47.463	-8.6
11.69	-8.765	-45.586	-11.3
11.7	-8.763	-43.714	-14.3
11.71	-8.762	-41.855	-9.8
11.72	-8.761	-40.034	-22.9
11.73	-8.760	-38.300	-53.7
11.74	-8.758	-36.689	-53.2
11.75	-8.756	-35.233	-67.5
11.76	-8.753	-33.950	-66.2
11.77	-8.751	-32.848	-35.5
11.78	-8.748	-31.934	-66.4
11.79	-8.746	-31.208	-20.7
11.8	-8.745	-30.631	-63.8
11.81	-8.744	-30.134	46.0
11.82	-8.744	-29.655	312.9
11.83	-8.744	-29.183	373.2
11.84	-8.742	-28.733	299.0
11.85	-8.740	-28.306	-36.6
11.86	-8.736	-27.952	-88.8
11.87	-8.732	-27.797	-19.3
11.88	-8.730	-27.961	-51.3
11.89	-8.728	-28.456	-18.3
11.9	-8.725	-29.281	-37.1
11.91	-8.722	-30.528	-40.5
11.92	-8.719	-32.242	-34.4
11.93	-8.716	-34.188	-12.5
11.94	-8.713	-35.928	-22.3
11.95	-8.709	-37.139	-9.4
11.96	-8.705	-37.602	17.4
11.97	-8.701	-36.692	7.2
11.98	-8.699	-32.109	10.8
11.99	-8.697	-18.586	45.7
12.0	-8.696	7.773	51.6
12.01	-8.697	35.670	72.1
12.02	-8.699	49.088	95.1
12.03	-8.703	51.103	130.0
12.04	-8.707	51.133	175.1
12.05	-8.714	51.139	211.0
12.06	-8.719	51.139	232.3
12.07	-8.725	51.139	242.0
12.08	-8.731	51.139	225.1
12.09	-8.735	51.139	174.7
12.1	-8.738	51.139	98.3
12.11	-8.742	51.128	51.5
12.12	-8.745	50.913	-4.0
12.13	-8.748	47.384	-62.2
12.14	-8.751	34.992	-81.4
12.15	-8.752	15.377	-100.7
12.16	-8.755	-4.269	-94.8
12.17	-8.757	-20.848	-91.7
12.18	-8.759	-34.200	-108.0
12.19	-8.760	-44.005	-106.7
12.2	-8.761	-49.394	-103.1
12.21	-8.763	-50.992	-88.4
12.22	-8.764	-51.136	-99.5
12.23	-8.766	-51.141	-99.0
12.24	-8.766	-51.141	-86.6
12.25	-8.767	-51.141	-102.5
12.26	-8.768	-51.141	-80.2
12.27	-8.769	-51.141	-81.5
12.28	-8.771	-51.141	-88.3
12.29	-8.772	-51.133	-55.1
12.3	-8.773	-50.934	-89.9
12.31	-8.774	-48.550	-87.4
12.32	-8.775	-40.817	-82.7
12.33	-8.776	-28.589	-92.2
12.34	-8.777	-15.608	-71.4
12.35	-8.779	-3.925	-72.5
12.36	-8.780	5.517	-82.5
12.37	-8.781	12.097	-72.6
12.38	-8.782	15.564	-60.6
12.39	-8.783	15.958	-84.6
12.4	-8.784	13.541	-73.2
12.41	-8.785	8.744	-88.8
12.42	-8.786	2.089	-79.8
12.43	-8.787	-5.809	-58.2
12.44	-8.788	-14.298	-78.7
12.45	-8.790	-22.773	-56.3
12.46	-8.791	-30.781	-57.6
12.47	-8.793	-38.045	-68.9
12.48	-8.795	-44.333	-75.1
12.49	-8.796	-48.816	-67.8
12.5	-8.798	-50.777	-72.8
12.51	-8.800	-51.128	-70.3
12.52	-8.801	-51.139	-63.2
12.53	-8.804	-51.141	-54.9
12.54	-8.806	-51.141	-50.5
12.55	-8.807	-51.141	-48.7
12.56	-8.807	-51.141	-62.9
12.57	-8.808	-51.141	-67.4
12.58	-8.809	-51.141	-56.0
12.59	-8.811	-51.141	-58.9
12.6	-8.813	-51.141	-40.0
12.61	-8.816	-51.141	-55.6
12.62	-8.818	-51.139	-60.6
12.63	-8.820	-51.103	-35.2
12.64	-8.822	-50.698	-50.1
12.65	-8.824	-49.427	-53.3
12.66	-8.826	-47.452	-15.2
12.67	-8.829	-45.330	-14.9
12.68	-8.832	-43.289	-43.2
12.69	-8.836	-41.352	9.1
12.7	-8.838	-39.527	-5.4
12.71	-8.840	-37.870	-56.6
12.72	-8.840	-36.445	-51.6
12.73	-8.841	-35.247	-49.6
12.74	-8.841	-34.217	-58.2
12.75	-8.841	-33.358	-49.5
12.76	-8.842	-32.720	-50.8
12.77	-8.844	-32.309	-42.5
12.78	-8.846	-32.044	9.3
12.79	-8.848	-31.834	-66.7
12.8	-8.851	-31.639	126.0
12.81	-8.855	-31.441	310.5
12.82	-8.858	-31.216	283.9
12.83	-8.861	-30.923	196.7
12.84	-8.863	-30.583	-75.7
12.85	-8.863	-30.308	-59.0
12.86	-8.862	-30.241	-23.0
12.87	-8.863	-30.459	-47.2
12.88	-8.866	-30.944	-24.9
12.89	-8.869	-31.700	-47.5
12.9	-8.871	-32.816	-36.7
12.91	-8.874	-34.336	-25.0
12.92	-8.877	-36.119	-27.8
12.93	-8.880	-37.848	4.2
12.94	-8.882	-39.238	6.3
12.95	-8.884	-40.100	-9.6
12.96	-8.887	-39.997	1.7
12.97	-8.890	-37.323	29.0
12.98	-8.893	-27.945	33.9
12.99	-8.896	-5.875	49.5
13.0	-8.899	24.594	91.3
13.01	-8.901	45.342	101.6
13.02	-8.903	50.853	121.7
13.03	-8.906	51.123	172.9
13.04	-8.908	51.139	190.8
13.05	-8.909	51.139	206.9
13.06	-8.911	51.139	217.6
13.07	-8.914	51.139	201.0
13.08	-8.918	51.139	131.1
13.09	-8.921	51.139	59.3
13.1	-8.924	51.134	33.8
13.11	-8.927	51.063	-29.3
13.12	-8.930	49.067	-66.9
13.13	-8.934	39.303	-63.0
13.14	-8.939	20.236	-78.9
13.15	-8.943	-1.191	-79.2
13.16	-8.947	-19.898	-82.6
13.17	-8.950	-35.122	-91.4
13.18	-8.953	-45.600	-84.9
13.19	-8.954	-50.230	-93.6
13.2	-8.956	-51.109	-92.9
13.21	-8.958	-51.139	-77.7
13.22	-8.960	-51.141	-77.9
13.23	-8.963	-51.141	-72.6
13.24	-8.964	-51.141	-70.1
13.25	-8.967	-51.141	-61.0
13.26	-8.969	-51.141	-73.2
13.27	-8.973	-51.141	-74.9
13.28	-8.977	-51.131	-53.9
13.29	-8.981	-50.873	-69.0
13.3	-8.985	-47.858	-98.5
13.31	-8.989	-38.211	-66.7
13.32	-8.993	-23.102	-44.8
13.33	-8.996	-7.216	-64.7
13.34	-8.998	6.839	-73.6
13.35	-9.001	17.870	-50.5
13.36	-9.004	25.080	-68.9
13.37	-9.006	28.161	-74.0
13.38	-9.009	27.286	-60.9
13.39	-9.014	23.006	-74.3
13.4	-9.022	16.123	-62.9
13.41	-9.029	7.519	-53.6
13.42	-9.033	-1.986	-55.3
13.43	-9.034	-11.692	-68.6
13.44	-9.036	-21.088	-70.2
13.45	-9.040	-29.831	-52.9
13.46	-9.045	-37.702	-42.1
13.47	-9.049	-44.413	-60.1
13.48	-9.054	-49.002	-61.3
13.49	-9.059	-50.856	-44.2
13.5	-9.063	-51.134	-60.4
13.51	-9.068	-51.141	-49.1
13.52	-9.074	-51.141	-64.4
13.53	-9.080	-51.141	-66.5
13.54	-9.086	-51.141	-37.3
13.55	-9.091	-51.141	-36.1
13.56	-9.096	-51.141	-58.2
13.57	-9.101	-51.141	-44.0
13.58	-9.106	-51.141	-28.3
13.59	-9.110	-51.141	-47.3
13.6	-9.114	-51.133	-24.7
13.61	-9.120	-50.978	-24.4
13.62	-9.127	-50.291	-38.4
13.63	-9.133	-48.716	-20.4
13.64	-9.139	-46.284	-17.9
13.65	-9.143	-43.628	0.4
13.66	-9.148	-41.494	-3.8
13.67	-9.153	-39.725	-38.8
13.68	-9.160	-37.842	-56.7
13.69	-9.172	-36.011	-52.8
13.7	-9.184	-34.491	-56.6
13.71	-9.192	-33.297	-43.9
13.72	-9.197	-32.364	-57.2
13.73	-9.204	-31.580	-35.8
13.74	-9.211	-30.905	-16.2
13.75	-9.218	-30.333	-52.9
13.76	-9.223	-29.816	173.6
13.77	-9.227	-29.281	294.9
13.78	-9.231	-28.678	236.1
13.79	-9.237	-28.034	70.4
13.8	-9.243	-27.450	-113.9
13.81	-9.249	-27.058	-45.4
13.82	-9.256	-26.944	-42.3
13.83	-9.263	-27.113	-7.1
13.84	-9.268	-27.581	-12.0
13.85	-9.271	-28.438	-42.3
13.86	-9.269	-29.769	-10.4
13.87	-9.262	-31.508	-2.8
13.88	-9.254	-33.434	-10.6
13.89	-9.250	-35.323	-10.8
13.9	-9.251	-37.025	-19.9
13.91	-9.254	-38.408	20.7
13.92	-9.258	-39.164	38.9
13.93	-9.261	-38.394	26.5
13.94	-9.263	-33.520	48.6
13.95	-9.263	-19.289	55.3
13.96	-9.263	7.698	93.5
13.97	-9.264	35.755	117.8
13.98	-9.264	49.111	132.5
13.99	-9.267	51.105	176.5
14.0	-9.270	51.133	183.4
14.01	-9.273	51.139	189.5
14.02	-9.276	51.139	201.7
14.03	-9.279	51.139	163.3
14.04	-9.282	51.139	136.8
14.05	-9.282	51.139	33.2
14.06	-9.281	51.134	-25.9
14.07	-9.282	51.089	-5.9
14.08	-9.285	49.494	-84.0
14.09	-9.290	40.458	-86.1
14.1	-9.293	21.366	-67.1
14.11	-9.293	-1.113	-75.3
14.12	-9.291	-21.217	-83.0
14.13	-9.288	-37.413	-92.6
14.14	-9.286	-47.372	-83.8
14.15	-9.283	-50.758	-83.8
14.16	-9.277	-51.133	-90.6
14.17	-9.270	-51.141	-76.7
14.18	-9.261	-51.141	-71.2
14.19	-9.250	-51.141	-75.6
14.2	-9.240	-51.141	-66.9
14.21	-9.229	-51.141	-76.0
14.22	-9.219	-51.141	-70.0
14.23	-9.209	-51.141	-59.4
14.24	-9.198	-51.130	-54.7
14.25	-9.186	-50.713	-61.1
14.26	-9.171	-46.503	-79.8
14.27	-9.154	-33.942	-60.0
14.28	-9.136	-15.048	-61.7
14.29	-9.118	4.353	-47.4
14.3	-9.102	21.138	-67.7
14.31	-9.087	33.722	-67.0
14.32	-9.074	41.092	-55.7
14.33	-9.061	43.089	-64.7
14.34	-9.049	40.336	-58.8
14.35	-9.037	33.853	-69.2
14.36	-9.026	24.719	-55.8
14.37	-9.014	13.934	-63.3
14.38	-9.003	2.373	-71.6
14.39	-8.992	-9.228	-59.5
14.4	-8.983	-20.319	-52.6
14.41	-8.974	-30.528	-54.7
14.42	-8.965	-39.569	-66.2
14.43	-8.957	-46.558	-72.1
14.44	-8.948	-50.202	-50.9
14.45	-8.939	-51.094	-30.9
14.46	-8.931	-51.139	-52.4
14.47	-8.924	-51.141	-52.4
14.48	-8.917	-51.141	-67.3
14.49	-8.910	-51.141	-53.5
14.5	-8.903	-51.141	-15.2
14.51	-8.897	-51.141	-44.8
14.52	-8.892	-51.141	-26.8
14.53	-8.887	-51.141	-15.7
14.54	-8.882	-51.141	-16.4
14.55	-8.877	-51.131	-13.1
14.56	-8.873	-50.920	-32.3
14.57	-8.867	-49.978	-15.4
14.58	-8.861	-48.227	-46.5
14.59	-8.854	-46.319	-85.3
14.6	-8.848	-44.483	-48.2
14.61	-8.841	-42.502	-52.2
14.62	-8.833	-40.561	-42.8
14.63	-8.826	-38.919	-60.0
14.64	-8.819	-37.431	-35.2
14.65	-8.813	-35.900	-25.4
14.66	-8.807	-34.345	-56.6
14.67	-8.801	-32.772	179.5
14.68	-8.794	-31.155	250.4
14.69	-8.786	-29.597	238.0
14.7	-8.777	-28.161	61.3
14.71	-8.769	-26.858	-114.3
14.72	-8.764	-25.789	-33.4
14.73	-8.760	-25.117	-35.3
14.74	-8.756	-24.955	-31.8
14.75	-8.749	-25.325	-43.8
14.76	-8.741	-26.213	-39.7
14.77	-8.731	-27.608	-3.9
14.78	-8.721	-29.458	-22.8
14.79	-8.711	-31.506	-33.2
14.8	-8.701	-33.277	-0.0
14.81	-8.694	-34.395	0.2
14.82	-8.687	-34.763	-3.2
14.83	-8.681	-34.016	17.6
14.84	-8.676	-31.127	21.0
14.85	-8.671	-22.972	35.6
14.86	-8.666	-3.769	58.8
14.87	-8.661	24.241	89.4
14.88	-8.657	44.758	108.3
14.89	-8.654	50.783	149.0
14.9	-8.651	51.120	166.0
14.91	-8.648	51.139	192.1
14.92	-8.646	51.139	200.0
14.93	-8.643	51.139	177.2
14.94	-8.641	51.139	186.7
14.95	-8.639	51.139	105.3
14.96	-8.637	51.139	57.6
14.97	-8.634	51.134	17.9
14.98	-8.631	51.044	-66.4
14.99	-8.629	48.758	-55.6
15.0	-8.628	38.300	-78.1
15.01	-8.628	18.602	-105.0
15.02	-8.627	-3.227	-84.7
15.03	-8.625	-22.392	-99.0
15.04	-8.623	-37.817	-82.6
15.05	-8.622	-47.405	-84.8
15.06	-8.621	-50.744	-114.2
15.07	-8.619	-51.134	-84.0
15.08	-8.617	-51.141	-83.6
15.09	-8.614	-51.141	-63.6
15.1	-8.612	-51.141	-63.4
15.11	-8.610	-51.141	-71.6
15.12	-8.609	-51.141	-63.2
15.13	-8.608	-51.141	-63.3
15.14	-8.608	-51.141	-55.2
15.15	-8.609	-51.130	-73.4
15.16	-8.610	-50.875	-73.8
15.17	-8.610	-47.809	-59.0
15.18	-8.610	-37.898	-41.9
15.19	-8.611	-22.417	-44.0
15.2	-8.612	-6.397	-58.6
15.21	-8.614	7.467	-81.4
15.22	-8.616	18.072	-69.0
15.23	-8.618	24.720	-36.8
15.24	-8.621	27.188	-80.8
15.25	-8.623	25.736	-53.9
15.26	-8.624	21.019	-38.4
15.27	-8.626	13.878	-67.4
15.28	-8.628	5.155	-50.1
15.29	-8.631	-4.377	-49.1
15.3	-8.633	-14.048	-55.6
15.31	-8.633	-23.347	-76.6
15.32	-8.634	-31.898	-58.0
15.33	-8.636	-39.497	-48.8
15.34	-8.639	-45.770	-75.8
15.35	-8.641	-49.677	-42.5
15.36	-8.644	-50.994	-44.5
15.37	-8.647	-51.138	-50.2
15.38	-8.650	-51.141	-45.4
15.39	-8.652	-51.141	-59.5
15.4	-8.654	-51.141	-54.7
15.41	-8.656	-51.141	-73.2
15.42	-8.658	-51.141	-60.4
15.43	-8.660	-51.141	-25.7
15.44	-8.662	-51.141	-56.3
15.45	-8.663	-51.141	-53.5
15.46	-8.666	-51.141	-48.3
15.47	-8.668	-51.141	-50.0
15.48	-8.671	-51.134	-29.2
15.49	-8.674	-50.986	-20.7
15.5	-8.676	-50.256	-34.4
15.51	-8.679	-48.778	-24.6
15.52	-8.683	-46.944	-19.4
15.53	-8.686	-45.034	-3.7
15.54	-8.689	-43.080	-10.9
15.55	-8.691	-41.111	-58.2
15.56	-8.694	-39.209	-55.1
15.57	-8.697	-37.461	-50.6
15.58	-8.699	-35.891	-56.1
15.59	-8.702	-34.513	-41.0
15.6	-8.704	-33.355	-63.3
15.61	-8.706	-32.420	-30.1
15.62	-8.706	-31.664	-35.4
15.63	-8.704	-31.000	-39.5
15.64	-8.705	-30.345	207.3
15.65	-8.707	-29.683	297.3
15.66	-8.710	-29.011	296.6
15.67	-8.712	-28.325	97.1
15.68	-8.713	-27.692	-121.9
15.69	-8.714	-27.247	-22.9
15.7	-8.716	-27.120	-20.7
15.71	-8.717	-27.350	-34.0
15.72	-8.717	-27.883	-29.4
15.73	-8.719	-28.727	-26.8
15.74	-8.722	-29.959	-29.1
15.75	-8.726	-31.506	-30.7
15.76	-8.730	-33.041	-5.6
15.77	-8.733	-34.197	-23.4
15.78	-8.735	-34.733	-13.1
15.79	-8.736	-34.148	23.4
15.8	-8.738	-30.583	17.3
15.81	-8.740	-19.269	36.5
15.82	-8.741	4.891	53.4
15.83	-8.742	33.120	76.2
15.84	-8.744	48.320	89.5
15.85	-8.745	51.063	107.0
15.86	-8.746	51.130	158.0
15.87	-8.748	51.139	169.2
15.88	-8.748	51.139	206.0
15.89	-8.746	51.139	212.4
15.9	-8.744	51.139	211.5
15.91	-8.744	51.139	212.8
15.92	-8.745	51.139	109.6
15.93	-8.746	51.138	65.3
15.94	-8.745	51.123	29.6
15.95	-8.744	50.348	-27.2
15.96	-8.744	44.269	-55.0
15.97	-8.743	28.880	-93.1
15.98	-8.743	8.752	-102.0
15.99	-8.742	-9.748	-103.2
16.0	-8.742	-24.998	-92.2
16.01	-8.741	-36.975	-88.2
16.02	-8.740	-45.478	-92.8
16.03	-8.739	-49.891	-71.7
16.04	-8.739	-51.059	-76.5
16.05	-8.739	-51.138	-80.4
16.06	-8.738	-51.141	-83.1
16.07	-8.738	-51.141	-92.3
16.08	-8.737	-51.141	-72.8
16.09	-8.736	-51.141	-62.8
16.1	-8.736	-51.141	-85.8
16.11	-8.736	-51.141	-75.2
16.12	-8.736	-51.133	-65.4
16.13	-8.736	-50.863	-70.3
16.14	-8.735	-48.070	-60.6
16.15	-8.734	-39.645	-84.6
16.16	-8.733	-26.884	-76.8
16.17	-8.731	-13.686	-41.2
16.18	-8.730	-2.084	-74.6
16.19	-8.730	6.967	-67.0
16.2	-8.731	12.831	-39.2
16.21	-8.731	15.272	-63.3
16.22	-8.732	14.444	-78.2
16.23	-8.732	10.805	-76.4
16.24	-8.733	4.998	-69.2
16.25	-8.733	-2.281	-62.8
16.26	-8.734	-10.388	-65.1
16.27	-8.734	-18.764	-59.7
16.28	-8.734	-26.973	-33.5
16.29	-8.734	-34.684	-46.3
16.3	-8.734	-41.659	-78.5
16.31	-8.735	-47.233	-54.2
16.32	-8.735	-50.284	-51.3
16.33	-8.736	-51.089	-70.1
16.34	-8.736	-51.138	-70.6
16.35	-8.737	-51.141	-24.1
16.36	-8.738	-51.141	-35.6
16.37	-8.738	-51.141	-53.6
16.38	-8.739	-51.141	-35.4
16.39	-8.741	-51.141	-50.4
16.4	-8.742	-51.141	-36.5
16.41	-8.744	-51.141	-40.6
16.42	-8.746	-51.141	-55.8
16.43	-8.747	-51.141	-48.7
16.44	-8.748	-51.141	-40.6
16.45	-8.750	-51.139	-33.8
16.46	-8.751	-51.120	-29.5
16.47	-8.752	-50.817	-35.4
16.48	-8.754	-49.727	-39.6
16.49	-8.756	-47.902	-25.8
16.5	-8.758	-45.875	-15.5
16.51	-8.761	-43.870	-18.1
16.52	-8.765	-41.892	-26.5
16.53	-8.769	-39.977	-10.0
16.54	-8.774	-38.189	-8.1
16.55	-8.778	-36.587	-13.8
16.56	-8.783	-35.202	-46.9
16.57	-8.786	-34.048	-55.4
16.58	-8.791	-33.138	-36.6
16.59	-8.794	-32.466	-47.5
16.6	-8.798	-32.047	-43.9
16.61	-8.801	-31.866	-48.7
16.62	-8.803	-31.856	-3.9
16.63	-8.806	-31.942	-26.0
16.64	-8.810	-32.048	115.5
16.65	-8.813	-32.136	319.6
16.66	-8.816	-32.181	355.7
16.67	-8.818	-32.188	223.0
16.68	-8.819	-32.155	-65.1
16.69	-8.820	-32.119	-49.2
16.7	-8.819	-32.192	-4.0
16.71	-8.821	-32.477	-33.8
16.72	-8.824	-33.011	-35.8
16.73	-8.825	-33.831	-23.4
16.74	-8.826	-35.028	-16.2
16.75	-8.825	-36.619	-22.5
16.76	-8.824	-38.402	-14.2
16.77	-8.823	-39.978	-13.0
16.78	-8.821	-40.997	-0.4
16.79	-8.818	-41.238	6.9
16.8	-8.814	-40.033	25.5
16.81	-8.811	-34.850	36.4
16.82	-8.807	-20.005	46.5
16.83	-8.803	8.017	45.8
16.84	-8.801	36.405	75.0
16.85	-8.799	49.314	114.6
16.86	-8.799	51.102	127.0
16.87	-8.799	51.134	163.2
16.88	-8.803	51.139	195.8
16.89	-8.806	51.139	230.3
16.9	-8.811	51.139	224.1
16.91	-8.816	51.139	207.8
16.92	-8.818	51.139	141.1
16.93	-8.820	51.139	84.8
16.94	-8.822	51.133	54.7
16.95	-8.824	51.027	-35.9
16.96	-8.826	48.548	-82.4
16.97	-8.827	37.797	-77.5
16.98	-8.829	18.236	-87.5
16.99	-8.830	-2.941	-91.8
17.0	-8.831	-21.234	-84.1
17.01	-8.832	-36.003	-104.5
17.02	-8.835	-46.016	-102.4
17.03	-8.838	-50.331	-60.5
17.04	-8.840	-51.114	-99.6
17.05	-8.842	-51.139	-95.0
17.06	-8.843	-51.141	-81.9
17.07	-8.846	-51.141	-87.6
17.08	-8.848	-51.141	-74.2
17.09	-8.851	-51.141	-85.5
17.1	-8.853	-51.141	-82.2
17.11	-8.855	-51.141	-74.9
17.12	-8.857	-51.139	-87.1
17.13	-8.860	-51.130	-79.5
17.14	-8.863	-50.472	-68.1
17.15	-8.866	-45.870	-63.7
17.16	-8.868	-34.681	-67.0
17.17	-8.871	-19.827	-65.9
17.18	-8.874	-5.447	-71.6
17.19	-8.877	6.639	-94.5
17.2	-8.881	15.361	-70.9
17.21	-8.884	20.088	-61.0
17.22	-8.888	20.772	-77.1
17.23	-8.891	17.891	-66.1
17.24	-8.893	12.181	-65.6
17.25	-8.896	4.450	-51.3
17.26	-8.899	-4.464	-61.5
17.27	-8.902	-13.777	-71.0
17.28	-8.905	-22.875	-68.9
17.29	-8.908	-31.377	-70.0
17.3	-8.911	-39.069	-74.2
17.31	-8.914	-45.508	-57.8
17.32	-8.917	-49.567	-53.9
17.33	-8.918	-50.977	-44.5
17.34	-8.921	-51.138	-19.0
17.35	-8.923	-51.141	-61.5
17.36	-8.926	-51.141	-54.4
17.37	-8.928	-51.141	-76.9
17.38	-8.931	-51.141	-62.0
17.39	-8.935	-51.141	-18.1
17.4	-8.938	-51.141	-51.6
17.41	-8.941	-51.141	-35.2
17.42	-8.943	-51.141	-37.3
17.43	-8.945	-51.141	-15.7
17.44	-8.947	-51.141	-28.0
17.45	-8.950	-51.141	-63.0
17.46	-8.953	-51.139	-2.3
17.47	-8.957	-51.061	-4.3
17.48	-8.961	-50.450	-29.6
17.49	-8.966	-48.914	-25.5
17.5	-8.971	-46.827	-55.3
17.51	-8.975	-44.684	-47.5
17.52	-8.978	-42.623	-49.8
17.53	-8.982	-40.702	-49.8
17.54	-8.986	-38.972	-36.9
17.55	-8.989	-37.462	-60.0
17.56	-8.991	-36.156	-52.8
17.57	-8.992	-35.016	-18.7
17.58	-8.995	-34.008	-62.1
17.59	-8.999	-33.086	129.2
17.6	-9.002	-32.158	287.3
17.61	-9.005	-31.183	272.3
17.62	-9.008	-30.238	137.6
17.63	-9.011	-29.419	-100.6
17.64	-9.013	-28.786	-46.8
17.65	-9.016	-28.406	-31.8
17.66	-9.020	-28.334	-67.4
17.67	-9.024	-28.598	-7.8
17.68	-9.026	-29.245	-10.3
17.69	-9.029	-30.348	-29.5
17.7	-9.031	-31.922	0.4
17.71	-9.032	-33.817	-19.6
17.72	-9.034	-35.731	-21.9
17.73	-9.039	-37.345	5.7
17.74	-9.047	-38.447	-6.9
17.75	-9.053	-38.777	1.3
17.76	-9.055	-37.347	23.8
17.77	-9.057	-31.106	45.1
17.78	-9.061	-14.280	56.8
17.79	-9.064	14.369	92.4
17.8	-9.067	40.020	99.5
17.81	-9.069	50.025	123.6
17.82	-9.071	51.108	154.5
17.83	-9.072	51.139	167.8
17.84	-9.076	51.139	204.1
17.85	-9.079	51.139	199.5
17.86	-9.081	51.139	169.8
17.87	-9.085	51.139	134.3
17.88	-9.089	51.139	66.9
17.89	-9.093	51.136	11.0
17.9	-9.096	51.123	-29.5
17.91	-9.099	50.092	-63.7
17.92	-9.103	42.697	-98.8
17.93	-9.108	24.955	-112.5
17.94	-9.113	2.388	-85.0
17.95	-9.116	-18.403	-95.7
17.96	-9.120	-35.455	-94.0
17.97	-9.128	-46.478	-85.6
17.98	-9.135	-50.591	-120.2
17.99	-9.139	-51.133	-95.7
18.0	-9.143	-51.139	-80.0
18.01	-9.146	-51.141	-86.8
18.02	-9.149	-51.141	-76.7
18.03	-9.153	-51.141	-69.4
18.04	-9.157	-51.141	-83.1
18.05	-9.162	-51.141	-84.2
18.06	-9.166	-51.141	-62.5
18.07	-9.171	-51.139	-73.1
18.08	-9.176	-51.127	-86.0
18.09	-9.181	-50.295	-68.2
18.1	-9.185	-44.561	-51.7
18.11	-9.188	-30.764	-46.2
18.12	-9.191	-12.505	-68.0
18.13	-9.194	5.236	-65.7
18.14	-9.198	20.153	-83.3
18.15	-9.202	30.813	-74.5
18.16	-9.205	36.370	-45.5
18.17	-9.208	36.767	-91.6
18.18	-9.212	32.659	-60.0
18.19	-9.217	25.120	-44.7
18.2	-9.223	15.334	-74.0
18.21	-9.228	4.380	-82.2
18.22	-9.232	-6.881	-82.2
18.23	-9.237	-17.805	-63.5
18.24	-9.241	-27.916	-63.2
18.25	-9.244	-36.933	-54.1
18.26	-9.249	-44.438	-58.3
18.27	-9.253	-49.236	-51.9
18.28	-9.258	-50.936	-56.2
18.29	-9.263	-51.138	-75.0
18.3	-9.268	-51.141	-53.0
18.31	-9.274	-51.141	-51.1
18.32	-9.280	-51.141	-57.4
18.33	-9.284	-51.141	-64.4
18.34	-9.289	-51.141	-48.3
18.35	-9.293	-51.141	-26.7
18.36	-9.298	-51.141	-45.2
18.37	-9.304	-51.141	-34.0
18.38	-9.316	-51.141	-29.4
18.39	-9.329	-51.141	-34.2
18.4	-9.336	-51.136	-26.4
18.41	-9.339	-50.992	-18.8
18.42	-9.343	-50.214	-52.2
18.43	-9.348	-48.564	-60.1
18.44	-9.352	-46.514	-61.4
18.45	-9.357	-44.488	-74.5
18.46	-9.362	-42.613	-58.5
18.47	-9.366	-40.925	-31.3
18.48	-9.371	-39.369	-52.9
18.49	-9.375	-37.892	-25.6
18.5	-9.380	-36.455	-52.9
18.51	-9.385	-34.984	32.5
18.52	-9.388	-33.431	229.7
18.53	-9.390	-31.839	237.5
18.54	-9.393	-30.314	142.4
18.55	-9.398	-28.969	-71.0
18.56	-9.403	-27.884	-100.3
18.57	-9.408	-27.094	-24.5
18.58	-9.411	-26.586	-40.3
18.59	-9.412	-26.384	-38.1
18.6	-9.411	-26.577	-38.7
18.61	-9.406	-27.259	-41.6
18.62	-9.396	-28.478	-19.4
18.63	-9.381	-30.145	-24.1
18.64	-9.368	-32.042	-22.9
18.65	-9.358	-33.906	4.4
18.66	-9.351	-35.514	-3.4
18.67	-9.344	-36.673	6.6
18.68	-9.336	-37.073	-9.0
18.69	-9.327	-35.756	7.1
18.7	-9.316	-30.002	59.2
18.71	-9.303	-14.594	72.7
18.72	-9.290	12.536	82.4
18.73	-9.278	38.484	122.3
18.74	-9.266	49.664	138.0
18.75	-9.254	51.106	184.4
18.76	-9.243	51.136	170.3
18.77	-9.233	51.139	157.8
18.78	-9.223	51.139	200.6
18.79	-9.213	51.139	133.0
18.8	-9.202	51.139	77.5
18.81	-9.191	51.139	30.2
18.82	-9.181	51.133	-33.0
18.83	-9.175	51.003	-62.7
18.84	-9.176	48.134	-92.0
18.85	-9.179	36.011	-95.2
18.86	-9.179	14.220	-91.2
18.87	-9.172	-9.444	-105.5
18.88	-9.164	-29.972	-90.2
18.89	-9.158	-44.252	-103.5
18.9	-9.151	-50.177	-109.5
18.91	-9.144	-51.116	-75.0
18.92	-9.134	-51.138	-94.9
18.93	-9.123	-51.141	-83.3
18.94	-9.111	-51.141	-73.3
18.95	-9.101	-51.141	-85.8
18.96	-9.091	-51.141	-76.5
18.97	-9.082	-51.141	-80.1
18.98	-9.074	-51.141	-67.9
18.99	-9.066	-51.141	-67.7
19.0	-9.058	-51.130	-93.2
19.01	-9.049	-50.709	-68.0
19.02	-9.039	-46.444	-62.3
19.03	-9.030	-33.664	-70.5
19.04	-9.021	-14.378	-76.1
19.05	-9.011	5.520	-89.1
19.06	-9.000	22.844	-87.7
19.07	-8.990	35.948	-71.5
19.08	-8.981	43.766	-59.1
19.09	-8.971	46.017	-60.6
19.1	-8.961	43.177	-57.2
19.11	-8.953	36.228	-93.7
19.12	-8.943	26.392	-81.6
19.13	-8.933	14.867	-60.0
19.14	-8.923	2.681	-75.3
19.15	-8.914	-9.388	-59.8
19.16	-8.906	-20.792	-74.6
19.17	-8.896	-31.164	-65.2
19.18	-8.888	-40.211	-45.9
19.19	-8.881	-47.000	-72.5
19.2	-8.873	-50.352	-72.0
19.21	-8.865	-51.106	-51.4
19.22	-8.857	-51.139	-70.4
19.23	-8.850	-51.141	-49.0
19.24	-8.844	-51.141	-63.4
19.25	-8.838	-51.141	-56.3
19.26	-8.831	-51.141	-10.6
19.27	-8.824	-51.141	-15.0
19.28	-8.818	-51.141	-35.0
19.29	-8.814	-51.141	-28.8
19.3	-8.811	-51.141	-10.9
19.31	-8.806	-51.141	-84.6
19.32	-8.802	-51.139	-79.8
19.33	-8.797	-51.083	-17.5
19.34	-8.792	-50.581	-68.1
19.35	-8.787	-49.213	-58.2
19.36	-8.783	-47.269	-56.8
19.37	-8.778	-45.247	-74.8
19.38	-8.773	-43.267	-20.7
19.39	-8.770	-41.333	-44.4
19.4	-8.766	-39.411	132.1
19.41	-8.761	-37.448	274.9
19.42	-8.754	-35.438	252.3
19.43	-8.749	-33.413	101.6
19.44	-8.744	-31.464	-101.5
19.45	-8.741	-29.716	-46.8
19.46	-8.740	-28.252	-40.7
19.47	-8.739	-27.153	-48.9
19.48	-8.739	-26.506	-41.9
19.49	-8.736	-26.366	-33.8
19.5	-8.732	-26.786	-38.6
19.51	-8.728	-27.791	-25.5
19.52	-8.722	-29.206	-7.1
19.53	-8.718	-30.661	-6.6
19.54	-8.715	-31.767	-9.0
19.55	-8.712	-32.211	-3.8
19.56	-8.708	-31.438	1.8
19.57	-8.704	-27.517	10.8
19.58	-8.702	-15.730	36.2
19.59	-8.700	8.266	47.4
19.6	-8.697	35.070	67.6
19.61	-8.695	48.806	89.6
19.62	-8.693	51.089	133.6
19.63	-8.691	51.131	167.2
19.64	-8.690	51.139	173.8
19.65	-8.688	51.139	192.8
19.66	-8.686	51.139	193.5
19.67	-8.684	51.139	162.0
19.68	-8.684	51.139	127.2
19.69	-8.684	51.139	54.9
19.7	-8.683	51.134	-6.7
19.71	-8.681	51.064	-35.8
19.72	-8.681	49.091	-60.6
19.73	-8.680	39.367	-82.1
19.74	-8.680	20.280	-102.6
19.75	-8.679	-1.356	-96.5
19.76	-8.677	-20.561	-99.4
19.77	-8.676	-36.322	-90.0
19.78	-8.676	-46.639	-103.5
19.79	-8.676	-50.589	-93.0
19.8	-8.675	-51.131	-84.0
19.81	-8.674	-51.139	-99.7
19.82	-8.674	-51.141	-80.8
19.83	-8.674	-51.141	-72.8
19.84	-8.676	-51.141	-77.4
19.85	-8.676	-51.141	-66.7
19.86	-8.676	-51.141	-60.6
19.87	-8.676	-51.141	-67.5
19.88	-8.678	-51.138	-76.0
19.89	-8.679	-51.092	-70.4
19.9	-8.681	-49.808	-90.6
19.91	-8.683	-43.286	-83.4
19.92	-8.684	-29.850	-52.7
19.93	-8.686	-13.619	-51.3
19.94	-8.687	1.414	-96.7
19.95	-8.688	13.616	-75.9
19.96	-8.689	21.953	-42.3
19.97	-8.691	25.967	-65.2
19.98	-8.693	25.817	-68.5
19.99	-8.694	22.077	-75.2
20.0	-8.696	15.538	-71.7
20.01	-8.697	7.100	-68.2
20.02	-8.699	-2.322	-65.9
20.03	-8.701	-11.963	-41.4
20.04	-8.703	-21.309	-75.5
20.05	-8.704	-30.059	-68.8
20.06	-8.706	-37.977	-84.0
20.07	-8.709	-44.673	-63.3
20.08	-8.713	-49.147	-41.1
20.09	-8.715	-50.891	-69.9
20.1	-8.717	-51.136	-50.3
20.11	-8.720	-51.141	-51.2
20.12	-8.723	-51.141	-51.9
20.13	-8.726	-51.141	-75.9
20.14	-8.730	-51.141	-57.5
20.15	-8.733	-51.141	-43.6
20.16	-8.736	-51.141	-49.2
20.17	-8.738	-51.141	-35.2
20.18	-8.739	-51.141	-47.2
20.19	-8.739	-51.141	-33.6
20.2	-8.740	-51.141	-26.0
20.21	-8.742	-51.141	-2.0
20.22	-8.744	-51.133	-18.3
20.23	-8.746	-50.956	-28.7
20.24	-8.748	-50.117	-19.2
20.25	-8.751	-48.467	-57.0
20.26	-8.753	-46.481	-50.7
20.27	-8.755	-44.469	-46.9
20.28	-8.757	-42.459	-69.4
20.29	-8.758	-40.498	-43.3
20.3	-8.759	-38.666	-87.1
20.31	-8.760	-37.023	-15.5
20.32	-8.761	-35.567	-28.2
20.33	-8.761	-34.238	20.1
20.34	-8.762	-32.969	282.1
20.35	-8.763	-31.734	321.9
20.36	-8.764	-30.541	273.1
20.37	-8.766	-29.380	-3.5
20.38	-8.766	-28.270	-100.1
20.39	-8.764	-27.345	-28.7
20.4	-8.764	-26.789	-58.0
20.41	-8.764	-26.673	-25.6
20.42	-8.763	-26.983	-48.5
20.43	-8.763	-27.755	-38.0
20.44	-8.764	-29.056	-12.2
20.45	-8.767	-30.747	-26.0
20.46	-8.770	-32.414	-35.9
20.47	-8.773	-33.633	-2.4
20.48	-8.774	-34.091	-8.2
20.49	-8.776	-32.986	-9.5
20.5	-8.778	-27.561	42.9
20.51	-8.781	-12.055	31.2
20.52	-8.783	15.338	31.5
20.53	-8.784	40.280	53.8
20.54	-8.786	50.056	92.6
20.55	-8.786	51.106	135.8
20.56	-8.787	51.139	143.8
20.57	-8.789	51.139	189.9
20.58	-8.791	51.139	214.6
20.59	-8.792	51.139	234.0
20.6	-8.793	51.139	215.6
20.61	-8.794	51.139	154.1
20.62	-8.796	51.139	106.2
20.63	-8.797	51.134	24.7
20.64	-8.799	51.058	-30.8
20.65	-8.800	49.025	-59.5
20.66	-8.801	39.431	-85.6
20.67	-8.801	21.097	-80.1
20.68	-8.801	0.728	-109.6
20.69	-8.801	-17.047	-103.8
20.7	-8.802	-31.667	-96.5
20.71	-8.802	-42.680	-115.0
20.72	-8.801	-48.963	-79.0
20.73	-8.801	-50.938	-109.6
20.74	-8.799	-51.136	-124.9
20.75	-8.799	-51.141	-71.6
20.76	-8.798	-51.141	-91.1
20.77	-8.797	-51.141	-64.2
20.78	-8.796	-51.141	-74.3
20.79	-8.794	-51.141	-118.2
20.8	-8.793	-51.141	-92.0
20.81	-8.791	-51.139	-66.1
20.82	-8.790	-51.131	-81.5
20.83	-8.789	-50.666	-90.0
20.84	-8.787	-46.942	-74.0
20.85	-8.784	-37.209	-73.3
20.86	-8.782	-23.739	-83.2
20.87	-8.780	-10.463	-81.6
20.88	-8.777	0.847	-81.8
20.89	-8.776	9.314	-95.8
20.9	-8.775	14.436	-66.1
20.91	-8.774	16.088	-64.4
20.92	-8.773	14.522	-89.4
20.93	-8.773	10.273	-63.8
20.94	-8.774	4.000	-90.0
20.95	-8.773	-3.622	-77.6
20.96	-8.771	-11.939	-45.4
20.97	-8.768	-20.413	-85.0
20.98	-8.766	-28.628	-86.4
20.99	-8.764	-36.250	-53.2
21.0	-8.763	-43.008	-66.0
21.01	-8.761	-48.108	-93.3
21.02	-8.759	-50.584	-66.6
21.03	-8.757	-51.117	-37.9
21.04	-8.756	-51.139	-57.9
21.05	-8.754	-51.141	-57.9
21.06	-8.752	-51.141	-60.6
21.07	-8.751	-51.141	-54.6
21.08	-8.751	-51.141	-63.4
21.09	-8.750	-51.141	-88.5
21.1	-8.749	-51.141	-32.9
21.11	-8.747	-51.141	-12.7
21.12	-8.746	-51.141	-40.1
21.13	-8.744	-51.141	-39.4
21.14	-8.744	-51.141	-43.7
21.15	-8.742	-51.141	-24.1
21.16	-8.742	-51.134	-24.3
21.17	-8.741	-50.956	-26.5
21.18	-8.740	-50.119	-39.0
21.19	-8.739	-48.503	-64.1
21.2	-8.738	-46.631	-73.3
21.21	-8.737	-44.805	-73.2
21.22	-8.736	-43.011	-33.2
21.23	-8.735	-41.275	-83.7
21.24	-8.734	-39.639	-67.4
21.25	-8.735	-38.089	-9.4
21.26	-8.736	-36.583	-47.9
21.27	-8.734	-35.108	203.2
21.28	-8.731	-33.673	357.9
21.29	-8.729	-32.281	386.1
21.3	-8.729	-30.925	130.1
21.31	-8.731	-29.628	-132.5
21.32	-8.732	-28.497	-5.5
21.33	-8.735	-27.708	-58.8
21.34	-8.738	-27.394	-66.4
21.35	-8.739	-27.586	-19.2
21.36	-8.738	-28.286	-38.5
21.37	-8.734	-29.559	-43.7
21.38	-8.731	-31.403	-65.3
21.39	-8.730	-33.472	-22.1
21.4	-8.730	-35.202	-11.2
21.41	-8.731	-36.209	-30.2
21.42	-8.730	-36.189	-4.1
21.43	-8.729	-33.988	25.2
21.44	-8.729	-26.033	25.0
21.45	-8.728	-6.322	15.5
21.46	-8.729	22.875	53.3
21.47	-8.731	44.431	82.4
21.48	-8.734	50.767	110.7
21.49	-8.739	51.120	153.9
21.5	-8.744	51.139	178.0
21.51	-8.750	51.139	210.4
21.52	-8.754	51.139	227.7
21.53	-8.758	51.139	228.6
21.54	-8.761	51.139	197.0
21.55	-8.764	51.139	113.4
21.56	-8.767	51.138	57.3
21.57	-8.769	51.122	23.5
21.58	-8.773	50.247	-31.4
21.59	-8.775	43.491	-101.8
21.6	-8.777	26.578	-104.0
21.61	-8.779	4.559	-101.5
21.62	-8.781	-15.791	-127.0
21.63	-8.782	-32.633	-118.5
21.64	-8.783	-44.506	-112.2
21.65	-8.783	-49.977	-89.1
21.66	-8.784	-51.095	-85.1
21.67	-8.786	-51.139	-112.0
21.68	-8.787	-51.141	-117.3
21.69	-8.788	-51.141	-87.0
21.7	-8.789	-51.141	-108.9
21.71	-8.789	-51.141	-102.5
21.72	-8.791	-51.141	-90.1
21.73	-8.792	-51.141	-83.4
21.74	-8.793	-51.141	-86.3
21.75	-8.794	-51.136	-89.1
21.76	-8.796	-51.059	-88.2
21.77	-8.797	-49.375	-100.3
21.78	-8.798	-42.247	-86.6
21.79	-8.800	-29.117	-62.7
21.8	-8.802	-14.272	-82.7
21.81	-8.804	-0.925	-86.7
21.82	-8.806	9.678	-84.9
21.83	-8.808	16.747	-81.0
21.84	-8.809	19.963	-49.6
21.85	-8.811	19.459	-110.4
21.86	-8.812	15.730	-106.3
21.87	-8.813	9.506	-47.7
21.88	-8.814	1.606	-68.4
21.89	-8.815	-7.166	-85.0
21.9	-8.817	-16.159	-76.5
21.91	-8.819	-24.928	-61.5
21.92	-8.822	-33.136	-55.6
21.93	-8.823	-40.505	-59.4
21.94	-8.824	-46.503	-93.5
21.95	-8.826	-50.016	-70.5
21.96	-8.827	-51.055	-46.8
21.97	-8.828	-51.138	-78.2
21.98	-8.829	-51.141	-69.9
21.99	-8.831	-51.141	-52.9
22.0	-8.832	-51.141	-56.9
22.01	-8.833	-51.141	-65.4
22.02	-8.834	-51.141	-53.9
22.03	-8.835	-51.141	-37.2
22.04	-8.836	-51.141	-39.7
22.05	-8.838	-51.141	-53.2
22.06	-8.839	-51.141	-35.9
22.07	-8.839	-51.141	4.7
22.08	-8.841	-51.141	-24.8
22.09	-8.841	-51.139	-59.7
22.1	-8.842	-51.109	-65.3
22.11	-8.843	-50.755	-63.7
22.12	-8.844	-49.598	-65.3
22.13	-8.844	-47.788	-32.3
22.14	-8.844	-45.870	-53.1
22.15	-8.843	-44.011	-58.2
22.16	-8.842	-42.183	-26.4
22.17	-8.842	-40.414	-79.1
22.18	-8.844	-38.720	141.1
22.19	-8.846	-37.038	331.0
22.2	-8.847	-35.298	309.7
22.21	-8.848	-33.477	118.4
22.22	-8.847	-31.627	-111.5
22.23	-8.846	-29.908	-31.0
22.24	-8.844	-28.545	-22.5
22.25	-8.845	-27.678	-37.3
22.26	-8.846	-27.344	-30.0
22.27	-8.846	-27.613	-40.3
22.28	-8.846	-28.600	-37.1
22.29	-8.846	-30.275	-45.5
22.3	-8.847	-32.327	-2.6
22.31	-8.848	-34.283	-3.1
22.32	-8.850	-35.803	-2.5
22.33	-8.853	-36.702	8.6
22.34	-8.855	-36.403	8.4
22.35	-8.859	-32.858	25.7
22.36	-8.862	-21.233	27.5
22.37	-8.864	3.441	77.7
22.38	-8.867	32.342	76.0
22.39	-8.869	48.108	78.3
22.4	-8.871	51.048	137.2
22.41	-8.871	51.130	157.2
22.42	-8.872	51.139	198.0
22.43	-8.874	51.139	222.7
22.44	-8.875	51.139	197.0
22.45	-8.876	51.139	158.6
22.46	-8.877	51.139	110.4
22.47	-8.879	51.139	73.1
22.48	-8.879	51.131	14.3
22.49	-8.880	50.994	-49.3
22.5	-8.882	48.088	-75.5
22.51	-8.885	36.317	-81.7
22.52	-8.889	15.781	-89.1
22.53	-8.890	-6.052	-101.5
22.54	-8.892	-25.006	-110.5
22.55	-8.896	-39.847	-95.7
22.56	-8.901	-48.355	-99.9
22.57	-8.903	-50.909	-83.8
22.58	-8.906	-51.133	-70.7
22.59	-8.908	-51.141	-96.7
22.6	-8.911	-51.141	-88.2
22.61	-8.915	-51.141	-72.7
22.62	-8.919	-51.141	-98.3
22.63	-8.922	-51.141	-79.3
22.64	-8.927	-51.141	-69.9
22.65	-8.931	-51.141	-82.0
22.66	-8.935	-51.136	-53.2
22.67	-8.939	-51.027	-73.9
22.68	-8.942	-48.850	-79.4
22.69	-8.944	-40.297	-61.4
22.7	-8.947	-25.208	-87.3
22.71	-8.951	-8.414	-62.9
22.72	-8.956	6.666	-68.9
22.73	-8.961	18.511	-90.2
22.74	-8.964	26.119	-65.3
22.75	-8.968	29.156	-62.9
22.76	-8.971	27.942	-64.0
22.77	-8.975	23.203	-55.5
22.78	-8.980	15.838	-86.8
22.79	-8.986	6.794	-65.9
22.8	-8.990	-3.028	-37.9
22.81	-8.994	-12.916	-89.1
22.82	-8.998	-22.373	-88.0
22.83	-9.001	-31.091	-52.6
22.84	-9.004	-38.897	-62.6
22.85	-9.008	-45.409	-73.9
22.86	-9.015	-49.533	-58.3
22.87	-9.023	-50.972	-46.6
22.88	-9.026	-51.138	-66.5
22.89	-9.029	-51.141	-52.3
22.9	-9.034	-51.141	-53.1
22.91	-9.039	-51.141	-62.5
22.92	-9.044	-51.141	-56.9
22.93	-9.047	-51.141	-51.2
22.94	-9.051	-51.141	-52.9
22.95	-9.054	-51.141	-51.1
22.96	-9.056	-51.141	-31.9
22.97	-9.059	-51.141	-22.5
22.98	-9.064	-51.141	-33.6
22.99	-9.069	-51.139	-10.6
23.0	-9.074	-51.053	-24.0
23.01	-9.079	-50.473	-46.3
23.02	-9.084	-49.084	-44.0
23.03	-9.089	-47.233	-58.2
23.04	-9.092	-45.341	-71.9
23.05	-9.096	-43.477	-69.2
23.06	-9.099	-41.658	-60.5
23.07	-9.101	-39.944	-62.9
23.08	-9.103	-38.356	-17.8
23.09	-9.106	-36.825	-60.6
23.1	-9.109	-35.252	78.6
23.11	-9.112	-33.559	274.5
23.12	-9.115	-31.739	272.4
23.13	-9.119	-29.872	143.0
23.14	-9.123	-28.103	-105.8
23.15	-9.126	-26.577	-78.3
23.16	-9.130	-25.402	-25.3
23.17	-9.135	-24.664	-53.1
23.18	-9.139	-24.430	-28.5
23.19	-9.140	-24.786	-19.7
23.2	-9.138	-25.816	-27.6
23.21	-9.137	-27.448	-42.1
23.22	-9.140	-29.438	-36.0
23.23	-9.146	-31.498	-29.2
23.24	-9.151	-33.406	-6.5
23.25	-9.154	-34.956	18.8
23.26	-9.156	-35.758	-18.6
23.27	-9.157	-34.627	-18.9
23.28	-9.157	-28.234	48.6
23.29	-9.157	-10.581	52.8
23.3	-9.158	18.269	57.4
23.31	-9.159	42.173	100.0
23.32	-9.161	50.425	110.1
23.33	-9.163	51.105	154.0
23.34	-9.166	51.139	161.7
23.35	-9.167	51.139	176.2
23.36	-9.168	51.139	200.7
23.37	-9.169	51.139	163.3
23.38	-9.169	51.139	122.1
23.39	-9.169	51.139	51.5
23.4	-9.169	51.134	-0.1
23.41	-9.169	51.053	-32.7
23.42	-9.171	48.856	-66.4
23.43	-9.174	38.366	-78.2
23.44	-9.176	18.059	-122.2
23.45	-9.177	-4.830	-89.3
23.46	-9.174	-25.017	-85.2
23.47	-9.172	-40.519	-116.3
23.48	-9.169	-48.830	-88.0
23.49	-9.164	-51.003	-109.6
23.5	-9.158	-51.134	-92.8
23.51	-9.149	-51.141	-97.0
23.52	-9.139	-51.141	-112.6
23.53	-9.128	-51.141	-70.2
23.54	-9.117	-51.141	-90.0
23.55	-9.107	-51.141	-88.6
23.56	-9.098	-51.141	-76.0
23.57	-9.088	-51.141	-76.4
23.58	-9.078	-51.130	-77.4
23.59	-9.066	-50.711	-83.4
23.6	-9.054	-46.434	-65.4
23.61	-9.041	-33.600	-74.4
23.62	-9.027	-14.289	-73.1
23.63	-9.014	5.408	-101.5
23.64	-8.999	22.178	-81.5
23.65	-8.987	34.444	-43.1
23.66	-8.975	41.389	-86.7
23.67	-8.964	43.077	-65.1
23.68	-8.956	40.247	-67.8
23.69	-8.949	33.934	-75.0
23.7	-8.943	25.109	-62.3
23.71	-8.936	14.567	-88.1
23.72	-8.929	3.014	-68.9
23.73	-8.922	-8.838	-56.3
23.74	-8.914	-20.347	-60.0
23.75	-8.908	-31.052	-61.6
23.76	-8.901	-40.511	-74.7
23.77	-8.894	-47.413	-75.5
23.78	-8.888	-50.531	-69.8
23.79	-8.882	-51.119	-84.8
23.8	-8.875	-51.139	-75.6
23.81	-8.867	-51.141	-30.9
23.82	-8.861	-51.141	-45.0
23.83	-8.855	-51.141	-41.4
23.84	-8.849	-51.141	-43.5
23.85	-8.842	-51.141	-45.5
23.86	-8.838	-51.141	-47.5
23.87	-8.833	-51.141	-31.0
23.88	-8.829	-51.141	-31.7
23.89	-8.824	-51.141	-48.3
23.9	-8.820	-51.134	-58.8
23.91	-8.816	-50.973	-63.1
23.92	-8.811	-50.156	-77.0
23.93	-8.807	-48.506	-81.2
23.94	-8.802	-46.556	-56.1
23.95	-8.797	-44.672	-79.5
23.96	-8.791	-42.825	-20.1
23.97	-8.786	-40.934	-69.0
23.98	-8.780	-38.942	38.2
23.99	-8.774	-36.841	273.4
24.0	-8.767	-34.675	262.2
24.01	-8.759	-32.528	144.5
24.02	-8.751	-30.497	-96.4
24.03	-8.745	-28.728	-74.1
24.04	-8.741	-27.375	-42.1
24.05	-8.739	-26.519	-58.6
24.06	-8.737	-26.172	-29.3
24.07	-8.732	-26.395	-54.2
24.08	-8.727	-27.278	-31.0
24.09	-8.720	-28.811	-27.7
24.1	-8.713	-30.773	-18.3
24.11	-8.707	-32.720	-40.2
24.12	-8.704	-34.197	-27.2
24.13	-8.700	-34.945	3.0
24.14	-8.697	-34.734	-15.5
24.15	-8.695	-32.459	1.7
24.16	-8.693	-24.666	29.4
24.17	-8.691	-5.566	46.3
24.18	-8.689	22.933	49.3
24.19	-8.688	44.309	93.9
24.2	-8.688	50.744	115.6
24.21	-8.686	51.119	128.1
24.22	-8.686	51.139	167.5
24.23	-8.685	51.139	175.6
24.24	-8.685	51.139	199.4
24.25	-8.686	51.139	176.5
24.26	-8.686	51.139	125.9
24.27	-8.686	51.139	81.2
24.28	-8.686	51.134	-9.0
24.29	-8.686	51.067	-54.2
24.3	-8.688	49.131	-55.9
24.31	-8.690	39.242	-74.0
24.32	-8.693	19.425	-103.0
24.33	-8.696	-3.273	-107.0
24.34	-8.697	-23.375	-96.5
24.35	-8.698	-39.156	-89.7
24.36	-8.699	-48.194	-83.1
24.37	-8.699	-50.897	-95.8
24.38	-8.700	-51.133	-113.6
24.39	-8.701	-51.141	-102.5
24.4	-8.701	-51.141	-95.5
24.41	-8.701	-51.141	-62.4
24.42	-8.701	-51.141	-76.6
24.43	-8.701	-51.141	-91.7
24.44	-8.701	-51.141	-59.3
24.45	-8.702	-51.141	-84.4
24.46	-8.702	-51.134	-90.1
24.47	-8.703	-51.008	-80.3
24.48	-8.704	-48.644	-87.2
24.49	-8.706	-39.636	-76.5
24.5	-8.707	-24.167	-73.7
24.51	-8.709	-7.381	-78.6
24.52	-8.712	7.405	-78.3
24.53	-8.715	18.953	-62.6
24.54	-8.717	26.484	-79.9
24.55	-8.720	29.761	-105.4
24.56	-8.722	29.102	-56.4
24.57	-8.724	25.148	-52.5
24.58	-8.727	18.639	-83.1
24.59	-8.729	10.320	-66.5
24.6	-8.731	0.891	-82.8
24.61	-8.734	-9.067	-81.6
24.62	-8.737	-19.056	-90.9
24.63	-8.739	-28.616	-70.3
24.64	-8.742	-37.344	-44.1
24.65	-8.745	-44.652	-61.6
24.66	-8.748	-49.298	-69.0
24.67	-8.750	-50.942	-69.6
24.68	-8.752	-51.138	-71.9
24.69	-8.754	-51.141	-78.8
24.7	-8.756	-51.141	-70.1
24.71	-8.758	-51.141	-54.8
24.72	-8.758	-51.141	-63.1
24.73	-8.759	-51.141	-65.0
24.74	-8.761	-51.141	-52.3
24.75	-8.762	-51.141	-50.9
24.76	-8.764	-51.141	-59.1
24.77	-8.766	-51.141	-48.3
24.78	-8.767	-51.141	-60.3
24.79	-8.768	-51.139	-62.5
24.8	-8.769	-51.106	-16.5
24.81	-8.772	-50.731	-2.1
24.82	-8.775	-49.539	-31.6
24.83	-8.777	-47.659	-30.6
24.84	-8.779	-45.605	-17.6
24.85	-8.781	-43.580	-55.2
24.86	-8.783	-41.645	-51.9
24.87	-8.784	-39.836	-49.1
24.88	-8.785	-38.164	-66.8
24.89	-8.786	-36.661	-53.3
24.9	-8.786	-35.337	-65.1
24.91	-8.787	-34.167	-52.4
24.92	-8.789	-33.122	-37.4
24.93	-8.790	-32.181	-37.5
24.94	-8.792	-31.313	182.1
24.95	-8.794	-30.459	307.6
24.96	-8.797	-29.586	364.3
24.97	-8.800	-28.702	161.1
24.98	-8.803	-27.864	-148.5
24.99	-8.803	-27.173	-14.0
25.0	-8.803	-26.734	-13.4
25.01	-8.803	-26.663	-75.0
25.02	-8.802	-27.038	-53.7
25.03	-8.804	-27.923	-49.0
25.04	-8.807	-29.386	-38.6
25.05	-8.811	-31.322	-47.0
25.06	-8.816	-33.337	-10.1
25.07	-8.821	-34.953	-10.5
25.08	-8.826	-35.822	-28.4
25.09	-8.830	-35.400	7.3
25.1	-8.832	-31.731	12.3
25.11	-8.835	-19.731	-5.4
25.12	-8.839	5.606	29.8
25.13	-8.843	34.184	59.0
25.14	-8.848	48.741	81.7
25.15	-8.851	51.094	116.0
25.16	-8.854	51.131	135.3
25.17	-8.857	51.139	171.5
25.18	-8.859	51.139	209.2
25.19	-8.860	51.139	240.5
25.2	-8.861	51.139	221.4
25.21	-8.861	51.139	189.2
25.22	-8.861	51.139	129.6
25.23	-8.863	51.134	49.8
25.24	-8.864	51.070	2.7
25.25	-8.863	49.198	-58.5
25.26	-8.862	39.702	-82.7
25.27	-8.862	20.789	-87.0
25.28	-8.862	-0.667	-117.0
25.29	-8.861	-19.353	-106.9
25.3	-8.859	-34.398	-98.6
25.31	-8.859	-44.916	-110.4
25.32	-8.857	-49.945	-121.4
25.33	-8.856	-51.086	-105.5
25.34	-8.856	-51.138	-104.2
25.35	-8.855	-51.141	-97.1
25.36	-8.854	-51.141	-115.5
25.37	-8.853	-51.141	-109.7
25.38	-8.852	-51.141	-63.3
25.39	-8.851	-51.141	-105.9
25.4	-8.851	-51.141	-111.5
25.41	-8.849	-51.139	-69.5
25.42	-8.849	-51.131	-88.1
25.43	-8.848	-50.620	-103.5
25.44	-8.846	-46.659	-92.9
25.45	-8.844	-36.513	-91.0
25.46	-8.841	-22.694	-91.6
25.47	-8.840	-9.206	-72.6
25.48	-8.839	2.286	-76.3
25.49	-8.838	10.983	-89.3
25.5	-8.838	16.402	-83.0
25.51	-8.837	18.413	-92.1
25.52	-8.836	17.181	-89.4
25.53	-8.835	13.075	-72.9
25.54	-8.834	6.628	-80.6
25.55	-8.833	-1.464	-95.3
25.56	-8.832	-10.427	-75.6
25.57	-8.831	-19.552	-59.8
25.58	-8.831	-28.325	-73.6
25.59	-8.831	-36.455	-88.8
25.6	-8.831	-43.605	-84.5
25.61	-8.831	-48.666	-41.7
25.62	-8.831	-50.788	-80.9
25.63	-8.831	-51.131	-99.0
25.64	-8.830	-51.139	-57.2
25.65	-8.830	-51.141	-65.9
25.66	-8.829	-51.141	-60.1
25.67	-8.829	-51.141	-61.6
25.68	-8.828	-51.141	-61.4
25.69	-8.828	-51.141	-41.2
25.7	-8.828	-51.141	-40.9
25.71	-8.827	-51.141	-57.9
25.72	-8.827	-51.141	-46.1
25.73	-8.826	-51.141	-19.2
25.74	-8.826	-51.141	-54.2
25.75	-8.826	-51.141	-31.8
25.76	-8.827	-51.131	-3.3
25.77	-8.828	-50.931	-47.6
25.78	-8.828	-50.009	-88.0
25.79	-8.829	-48.242	-69.4
25.8	-8.829	-46.180	-70.7
25.81	-8.829	-44.150	-63.8
25.82	-8.829	-42.184	-59.5
25.83	-8.830	-40.345	-77.1
25.84	-8.832	-38.680	-33.7
25.85	-8.834	-37.134	-54.3
25.86	-8.833	-35.628	168.4
25.87	-8.830	-34.147	330.5
25.88	-8.826	-32.728	342.7
25.89	-8.824	-31.398	202.8
25.9	-8.824	-30.167	-100.8
25.91	-8.827	-29.100	-52.1
25.92	-8.830	-28.367	-48.9
25.93	-8.834	-28.123	-62.7
25.94	-8.836	-28.402	-29.3
25.95	-8.835	-29.191	-61.3
25.96	-8.831	-30.555	-37.6
25.97	-8.826	-32.448	-22.8
25.98	-8.822	-34.497	-39.7
25.99	-8.819	-36.177	-13.8
26.0	-8.819	-37.148	-14.6
26.01	-8.819	-37.122	-10.5
26.02	-8.819	-34.984	1.5
26.03	-8.818	-27.250	-6.4
26.04	-8.818	-7.791	50.4
26.05	-8.818	21.695	70.6
26.06	-8.819	43.995	67.4
26.07	-8.819	50.727	115.6
26.08	-8.821	51.117	144.0
26.09	-8.823	51.139	184.5
26.1	-8.824	51.139	206.4
26.11	-8.826	51.139	236.5
26.12	-8.827	51.139	219.7
26.13	-8.828	51.139	195.7
26.14	-8.828	51.139	153.4
26.15	-8.829	51.138	55.9
26.16	-8.829	51.123	22.0
26.17	-8.829	50.186	-31.5
26.18	-8.830	43.225	-103.0
26.19	-8.831	26.203	-102.9
26.2	-8.832	4.433	-91.6
26.21	-8.835	-15.384	-109.8
26.22	-8.837	-31.645	-123.4
26.23	-8.838	-43.475	-97.7
26.24	-8.839	-49.527	-111.5
26.25	-8.841	-51.050	-102.3
26.26	-8.844	-51.136	-92.5
26.27	-8.846	-51.141	-118.5
26.28	-8.847	-51.141	-90.8
26.29	-8.848	-51.141	-78.9
26.3	-8.848	-51.141	-104.3
26.31	-8.849	-51.141	-88.6
26.32	-8.850	-51.141	-98.4
26.33	-8.851	-51.141	-111.4
26.34	-8.853	-51.134	-78.1
26.35	-8.854	-51.017	-82.8
26.36	-8.856	-48.914	-102.0
26.37	-8.856	-41.095	-81.8
26.38	-8.857	-27.856	-84.6
26.39	-8.857	-13.559	-112.0
26.4	-8.858	-0.983	-69.2
26.41	-8.858	8.744	-89.2
26.42	-8.859	14.955	-102.9
26.43	-8.859	17.506	-61.4
26.44	-8.859	16.672	-91.9
26.45	-8.858	12.991	-89.8
26.46	-8.857	7.108	-73.2
26.47	-8.854	-0.356	-83.3
26.48	-8.851	-8.825	-86.2
26.49	-8.848	-17.719	-71.2
26.5	-8.844	-26.516	-71.9
26.51	-8.840	-34.833	-82.9
26.52	-8.838	-42.330	-62.9
26.53	-8.838	-47.958	-71.5
26.54	-8.838	-50.595	-76.4
26.55	-8.838	-51.120	-62.9
26.56	-8.839	-51.139	-74.1
26.57	-8.842	-51.141	-84.5
26.58	-8.845	-51.141	-64.5
26.59	-8.849	-51.141	-49.8
26.6	-8.853	-51.141	-80.6
26.61	-8.855	-51.141	-55.9
26.62	-8.857	-51.141	-68.1
26.63	-8.859	-51.141	-84.3
26.64	-8.860	-51.141	-38.0
26.65	-8.861	-51.141	-39.4
26.66	-8.863	-51.141	-50.9
26.67	-8.864	-51.141	-49.5
26.68	-8.866	-51.141	-39.2
26.69	-8.867	-51.134	-19.3
26.7	-8.869	-50.972	-5.5
26.71	-8.871	-50.105	-38.0
26.72	-8.872	-48.292	-64.1
26.73	-8.873	-46.098	-50.5
26.74	-8.873	-43.994	-69.9
26.75	-8.872	-42.059	-71.2
26.76	-8.871	-40.367	-63.6
26.77	-8.870	-38.914	-65.4
26.78	-8.869	-37.642	-28.6
26.79	-8.867	-36.569	-37.2
26.8	-8.866	-35.698	-34.6
26.81	-8.866	-34.953	229.0
26.82	-8.865	-34.277	355.4
26.83	-8.863	-33.633	329.5
26.84	-8.861	-32.980	70.0
26.85	-8.861	-32.394	-124.3
26.86	-8.859	-32.000	-34.2
26.87	-8.859	-31.884	-39.0
26.88	-8.859	-32.100	-42.5
26.89	-8.861	-32.667	-54.1
26.9	-8.862	-33.645	-42.2
26.91	-8.864	-35.120	-14.2
26.92	-8.866	-37.011	-26.8
26.93	-8.867	-38.959	-36.3
26.94	-8.868	-40.536	-13.1
26.95	-8.870	-41.498	-12.3
26.96	-8.872	-41.561	1.8
26.97	-8.874	-39.552	9.7
26.98	-8.876	-31.888	-16.2
26.99	-8.877	-12.097	37.1
27.0	-8.879	18.780	64.7
27.01	-8.881	42.948	68.5
27.02	-8.884	50.608	111.6
27.03	-8.886	51.111	131.8
27.04	-8.888	51.139	174.4
27.05	-8.889	51.139	190.5
27.06	-8.891	51.139	200.4
27.07	-8.892	51.139	193.5
27.08	-8.894	51.139	145.2
27.09	-8.895	51.139	128.8
27.1	-8.896	51.138	36.9
27.11	-8.897	51.123	-40.8
27.12	-8.899	50.369	-37.2
27.13	-8.901	44.072	-49.1
27.14	-8.904	27.513	-99.1
27.15	-8.905	5.220	-106.5
27.16	-8.906	-15.770	-119.3
27.17	-8.906	-33.220	-104.5
27.18	-8.908	-45.175	-77.6
27.19	-8.910	-50.241	-109.5
27.2	-8.911	-51.113	-95.8
27.21	-8.912	-51.139	-89.7
27.22	-8.913	-51.141	-90.0
27.23	-8.916	-51.141	-92.0
27.24	-8.918	-51.141	-94.5
27.25	-8.921	-51.141	-93.9
27.26	-8.923	-51.141	-85.6
27.27	-8.926	-51.141	-62.0
27.28	-8.929	-51.139	-87.5
27.29	-8.932	-51.131	-87.8
27.3	-8.934	-50.531	-63.8
27.31	-8.935	-45.903	-67.0
27.32	-8.937	-34.003	-98.5
27.33	-8.939	-17.741	-84.1
27.34	-8.941	-1.958	-62.7
27.35	-8.943	11.131	-68.4
27.36	-8.945	20.372	-91.7
27.37	-8.947	25.205	-87.9
27.38	-8.950	25.744	-61.6
27.39	-8.953	22.586	-68.5
27.4	-8.956	16.542	-84.6
27.41	-8.958	8.473	-82.0
27.42	-8.959	-0.794	-65.6
27.43	-8.961	-10.542	-65.9
27.44	-8.962	-20.194	-59.7
27.45	-8.964	-29.314	-75.6
27.46	-8.966	-37.595	-68.5
27.47	-8.969	-44.608	-65.8
27.48	-8.971	-49.209	-72.3
27.49	-8.973	-50.919	-55.1
27.5	-8.975	-51.138	-73.3
27.51	-8.980	-51.141	-51.2
27.52	-8.984	-51.141	-59.9
27.53	-8.988	-51.141	-70.5
27.54	-8.990	-51.141	-33.9
27.55	-8.993	-51.141	-66.2
27.56	-8.997	-51.141	-73.1
27.57	-9.001	-51.141	-30.4
27.58	-9.004	-51.141	-47.1
27.59	-9.007	-51.141	-47.6
27.6	-9.010	-51.141	-17.4
27.61	-9.013	-51.139	-34.9
27.62	-9.016	-51.114	-40.1
27.63	-9.018	-50.759	-7.1
27.64	-9.021	-49.534	-44.6
27.65	-9.024	-47.503	-77.3
27.66	-9.027	-45.256	-50.1
27.67	-9.029	-43.089	-65.4
27.68	-9.032	-41.069	-65.3
27.69	-9.033	-39.216	-41.2
27.7	-9.036	-37.539	-85.8
27.71	-9.037	-36.036	-14.7
27.72	-9.039	-34.680	-67.1
27.73	-9.040	-33.422	56.0
27.74	-9.041	-32.192	289.6
27.75	-9.042	-30.947	238.5
27.76	-9.043	-29.681	172.3
27.77	-9.044	-28.448	-71.0
27.78	-9.046	-27.392	-95.3
27.79	-9.048	-26.691	-11.7
27.8	-9.052	-26.417	-47.6
27.81	-9.054	-26.555	-36.5
27.82	-9.053	-27.159	-48.0
27.83	-9.044	-28.370	-7.7
27.84	-9.029	-30.206	-15.2
27.85	-9.011	-32.391	-33.3
27.86	-8.993	-34.448	-6.3
27.87	-8.979	-36.039	-15.2
27.88	-8.967	-37.066	-17.2
27.89	-8.957	-37.270	17.8
27.9	-8.947	-35.400	11.9
27.91	-8.939	-27.845	11.9
27.92	-8.932	-8.494	59.7
27.93	-8.924	21.086	66.5
27.94	-8.918	43.731	86.6
27.95	-8.911	50.695	156.8
27.96	-8.904	51.116	126.9
27.97	-8.898	51.139	164.3
27.98	-8.892	51.139	211.5
27.99	-8.886	51.139	196.1
28.0	-8.881	51.139	186.7
28.01	-8.876	51.139	114.6
28.02	-8.870	51.139	68.2
28.03	-8.864	51.134	10.9
28.04	-8.859	51.075	-31.7
28.05	-8.855	49.230	-58.2
28.06	-8.853	39.450	-80.2
28.07	-8.852	19.461	-89.4
28.08	-8.851	-3.639	-98.6
28.09	-8.848	-24.025	-91.9
28.1	-8.845	-39.772	-102.0
28.11	-8.842	-48.498	-83.9
28.12	-8.839	-50.950	-89.2
28.13	-8.835	-51.133	-113.3
28.14	-8.831	-51.141	-83.9
28.15	-8.826	-51.141	-79.9
28.16	-8.822	-51.141	-104.9
28.17	-8.818	-51.141	-82.4
28.18	-8.814	-51.141	-62.3
28.19	-8.810	-51.141	-72.5
28.2	-8.808	-51.141	-73.9
28.21	-8.805	-51.130	-78.7
28.22	-8.803	-50.780	-79.6
28.23	-8.801	-47.108	-73.6
28.24	-8.799	-35.959	-71.0
28.25	-8.796	-19.200	-81.5
28.26	-8.794	-2.284	-81.5
28.27	-8.791	12.045	-46.4
28.28	-8.788	22.659	-69.3
28.29	-8.786	28.883	-80.3
28.3	-8.783	30.583	-66.0
28.31	-8.781	28.172	-83.3
28.32	-8.780	22.459	-60.8
28.33	-8.778	14.373	-67.8
28.34	-8.777	4.777	-98.6
28.35	-8.776	-5.578	-52.8
28.36	-8.775	-16.028	-63.0
28.37	-8.774	-26.045	-73.4
28.38	-8.774	-35.261	-54.8
28.39	-8.773	-43.230	-67.9
28.4	-8.772	-48.673	-57.5
28.41	-8.771	-50.830	-80.6
28.42	-8.769	-51.136	-62.5
28.43	-8.769	-51.139	-60.6
28.44	-8.768	-51.141	-87.4
28.45	-8.768	-51.141	-31.3
28.46	-8.768	-51.141	-53.9
28.47	-8.767	-51.141	-61.9
28.48	-8.767	-51.141	-54.8
28.49	-8.766	-51.141	-63.9
28.5	-8.766	-51.141	-46.6
28.51	-8.766	-51.141	-84.5
28.52	-8.766	-51.141	-63.0
28.53	-8.766	-51.139	-22.0
28.54	-8.766	-51.120	-26.9
28.55	-8.766	-50.813	-40.2
28.56	-8.767	-49.717	-27.3
28.57	-8.768	-47.898	-11.8
28.58	-8.769	-45.906	-38.8
28.59	-8.770	-43.958	-35.4
28.6	-8.771	-42.080	-85.6
28.61	-8.771	-40.295	-79.4
28.62	-8.771	-38.620	-43.0
28.63	-8.771	-37.087	-52.7
28.64	-8.769	-35.723	-92.7
28.65	-8.770	-34.517	-16.1
28.66	-8.771	-33.453	-41.1
28.67	-8.771	-32.514	-25.3
28.68	-8.768	-31.647	259.2
28.69	-8.765	-30.778	275.6
28.7	-8.763	-29.872	228.9
28.71	-8.761	-28.981	-9.1
28.72	-8.760	-28.234	-125.3
28.73	-8.763	-27.775	-11.8
28.74	-8.768	-27.695	-64.1
28.75	-8.773	-28.033	-36.0
28.76	-8.771	-28.827	-35.2
28.77	-8.763	-30.145	-54.9
28.78	-8.754	-31.964	-29.8
28.79	-8.749	-34.064	-27.9
28.8	-8.746	-36.055	-36.7
28.81	-8.742	-37.541	3.0
28.82	-8.740	-38.353	-2.3
28.83	-8.738	-38.317	-22.8
28.84	-8.737	-36.341	11.9
28.85	-8.736	-28.834	44.8
28.86	-8.736	-9.425	40.7
28.87	-8.736	20.538	45.0
28.88	-8.735	43.584	72.2
28.89	-8.735	50.686	110.8
28.9	-8.735	51.114	137.9
28.91	-8.735	51.139	145.6
28.92	-8.735	51.139	198.5
28.93	-8.735	51.139	216.1
28.94	-8.734	51.139	191.5
28.95	-8.734	51.139	165.0
28.96	-8.734	51.139	78.6
28.97	-8.733	51.136	8.0
28.98	-8.734	51.122	-9.7
28.99	-8.734	50.063	-43.9
29.0	-8.737	42.561	-101.8
29.01	-8.741	24.717	-85.2
29.02	-8.746	2.198	-90.5
29.03	-8.748	-18.334	-108.0
29.04	-8.749	-35.073	-87.7
29.05	-8.749	-46.116	-101.9
29.06	-8.749	-50.475	-102.9
29.07	-8.748	-51.125	-80.8
29.08	-8.748	-51.139	-100.0
29.09	-8.746	-51.141	-83.6
29.1	-8.746	-51.141	-76.6
29.11	-8.746	-51.141	-108.4
29.12	-8.747	-51.141	-80.4
29.13	-8.748	-51.141	-78.0
29.14	-8.749	-51.141	-80.6
29.15	-8.751	-51.136	-73.0
29.16	-8.752	-51.058	-91.0
29.17	-8.754	-49.298	-64.4
29.18	-8.754	-41.697	-68.3
29.19	-8.753	-27.573	-72.3
29.2	-8.752	-11.614	-76.8
29.21	-8.752	2.620	-86.1
29.22	-8.752	13.784	-79.4
29.23	-8.752	21.056	-66.3
29.24	-8.752	24.147	-47.0
29.25	-8.753	23.270	-79.0
29.26	-8.754	19.003	-95.5
29.27	-8.754	12.127	-59.7
29.28	-8.754	3.500	-64.9
29.29	-8.755	-6.036	-63.1
29.3	-8.756	-15.773	-90.3
29.31	-8.756	-25.228	-90.6
29.32	-8.757	-34.075	-50.9
29.33	-8.758	-41.931	-43.9
29.34	-8.759	-47.770	-71.3
29.35	-8.760	-50.545	-83.8
29.36	-8.761	-51.117	-42.5
29.37	-8.762	-51.139	-45.2
29.38	-8.763	-51.141	-65.7
29.39	-8.763	-51.141	-66.0
29.4	-8.764	-51.141	-63.0
29.41	-8.764	-51.141	-67.7
29.42	-8.765	-51.141	-70.1
29.43	-8.766	-51.141	-36.6
29.44	-8.766	-51.141	-43.3
29.45	-8.767	-51.141	-60.1
29.46	-8.768	-51.141	-47.6
29.47	-8.768	-51.141	-59.7
29.48	-8.768	-51.141	-39.0
29.49	-8.769	-51.130	-26.4
29.5	-8.770	-50.892	-46.4
29.51	-8.771	-49.919	-42.3
29.52	-8.771	-48.134	-30.7
29.53	-8.773	-46.031	-11.2
29.54	-8.774	-43.925	-28.0
29.55	-8.776	-41.919	-34.4
29.56	-8.777	-40.092	-15.7
29.57	-8.779	-38.488	-60.8
29.58	-8.780	-37.092	-72.4
29.59	-8.781	-35.866	-30.2
29.6	-8.781	-34.791	-62.9
29.61	-8.781	-33.888	-60.6
29.62	-8.781	-33.186	-71.7
29.63	-8.783	-32.677	-26.3
29.64	-8.785	-32.298	-41.6
29.65	-8.786	-31.977	71.0
29.66	-8.783	-31.689	287.5
29.67	-8.782	-31.423	300.2
29.68	-8.783	-31.134	174.4
29.69	-8.786	-30.798	-70.6
29.7	-8.790	-30.497	-74.1
29.71	-8.798	-30.436	-24.5
29.72	-8.809	-30.734	-43.6
29.73	-8.819	-31.341	-44.8
29.74	-8.825	-32.259	-62.3
29.75	-8.826	-33.617	-53.5
29.76	-8.824	-35.436	-21.0
29.77	-8.821	-37.423	-0.8
29.78	-8.819	-39.083	-33.8
29.79	-8.819	-40.098	-8.9
29.8	-8.821	-40.381	0.9
29.81	-8.824	-39.472	-29.5
29.82	-8.829	-35.239	18.3
29.83	-8.835	-22.378	34.9
29.84	-8.841	4.044	24.1
29.85	-8.849	33.581	58.3
29.86	-8.857	48.636	93.5
29.87	-8.866	51.091	123.4
29.88	-8.875	51.131	160.8
29.89	-8.884	51.139	186.4
29.9	-8.893	51.139	195.8
29.91	-8.901	51.139	192.8
29.92	-8.909	51.139	153.6
29.93	-8.916	51.139	139.9
29.94	-8.922	51.139	72.4
29.95	-8.928	51.134	6.7
29.96	-8.933	51.034	-32.9
29.97	-8.939	48.575	-66.1
29.98	-8.947	37.517	-79.0
29.99	-8.956	16.855	-114.6
30.0	-8.964	-5.961	-103.2
30.01	-8.972	-25.839	-109.1
30.02	-8.979	-40.936	-102.4
30.03	-8.987	-48.948	-94.4
30.04	-8.994	-51.016	-113.8
30.05	-9.001	-51.134	-74.2
30.06	-9.007	-51.141	-85.6
30.07	-9.013	-51.141	-96.2
30.08	-9.019	-51.141	-85.4
30.09	-9.024	-51.141	-95.9
30.1	-9.031	-51.141	-107.0
30.11	-9.037	-51.141	-82.5
30.12	-9.044	-51.141	-57.1
30.13	-9.051	-51.134	-83.9
30.14	-9.058	-51.019	-76.4
30.15	-9.065	-48.758	-66.5
30.16	-9.072	-39.998	-79.0
30.17	-9.079	-24.806	-80.8
30.18	-9.084	-8.298	-85.3
30.19	-9.089	6.081	-58.5
30.2	-9.094	16.952	-70.1
30.21	-9.099	23.475	-88.8
30.22	-9.104	25.453	-68.9
30.23	-9.109	23.317	-74.6
30.24	-9.113	17.877	-89.6
30.25	-9.118	10.061	-89.3
30.26	-9.123	0.784	-59.2
30.27	-9.128	-9.134	-67.3
30.28	-9.132	-19.016	-69.4
30.29	-9.135	-28.409	-77.3
30.3	-9.138	-37.031	-87.7
30.31	-9.141	-44.377	-48.6
30.32	-9.144	-49.166	-65.8
30.33	-9.148	-50.917	-82.9
30.34	-9.150	-51.138	-71.1
30.35	-9.152	-51.141	-56.7
30.36	-9.154	-51.141	-68.3
30.37	-9.156	-51.141	-66.9
30.38	-9.157	-51.141	-62.0
30.39	-9.159	-51.141	-65.8
30.4	-9.160	-51.141	-57.9
30.41	-9.162	-51.141	-55.4
30.42	-9.163	-51.141	-53.9
30.43	-9.164	-51.141	-43.6
30.44	-9.166	-51.141	-50.0
30.45	-9.166	-51.141	-60.4
30.46	-9.166	-51.139	-41.9
30.47	-9.166	-51.117	-52.0
30.48	-9.165	-50.788	-24.2
30.49	-9.164	-49.681	-43.9
30.5	-9.163	-47.892	-54.6
30.51	-9.162	-45.898	-7.6
30.52	-9.161	-43.897	-32.3
30.53	-9.160	-41.931	-34.2
30.54	-9.158	-40.028	-36.5
30.55	-9.155	-38.203	-50.1
30.56	-9.152	-36.488	-61.4
30.57	-9.149	-34.950	-80.7
30.58	-9.146	-33.670	-59.5
30.59	-9.141	-32.683	-53.7
30.6	-9.135	-31.967	-76.1
30.61	-9.131	-31.456	-8.0
30.62	-9.128	-31.064	-59.3
30.63	-9.119	-30.730	71.3
30.64	-9.102	-30.423	272.8
30.65	-9.083	-30.113	273.7
30.66	-9.066	-29.789	163.1
30.67	-9.054	-29.473	-90.5
30.68	-9.048	-29.238	-83.2
30.69	-9.046	-29.209	-34.0
30.7	-9.046	-29.478	-34.5
30.71	-9.043	-30.072	-29.4
30.72	-9.031	-31.042	-54.1
30.73	-9.015	-32.486	-31.1
30.74	-8.998	-34.394	-4.0
30.75	-8.981	-36.520	-20.7
30.76	-8.966	-38.491	-43.6
30.77	-8.954	-40.023	2.4
30.78	-8.943	-40.992	-1.0
30.79	-8.933	-41.108	4.2
30.8	-8.924	-39.130	32.5
30.81	-8.916	-31.463	25.1
30.82	-8.908	-11.814	59.6
30.83	-8.899	18.797	68.9
30.84	-8.893	42.880	83.6
30.85	-8.886	50.589	127.7
30.86	-8.881	51.111	145.9
30.87	-8.876	51.139	186.5
30.88	-8.872	51.139	191.5
30.89	-8.868	51.139	173.5
30.9	-8.864	51.139	176.6
30.91	-8.861	51.139	136.1
30.92	-8.857	51.139	54.4
30.93	-8.853	51.134	-12.7
30.94	-8.848	51.106	-44.3
30.95	-8.844	49.706	-63.8
30.96	-8.842	40.970	-82.5
30.97	-8.842	21.536	-104.6
30.98	-8.842	-2.091	-110.8
30.99	-8.841	-23.447	-93.3
31.0	-8.839	-39.934	-110.9
31.01	-8.838	-48.748	-109.0
31.02	-8.836	-51.009	-76.4
31.03	-8.834	-51.134	-99.2
31.04	-8.832	-51.141	-101.4
31.05	-8.831	-51.141	-75.3
31.06	-8.829	-51.141	-87.2
31.07	-8.828	-51.141	-84.3
31.08	-8.826	-51.141	-86.3
31.09	-8.824	-51.141	-92.5
31.1	-8.822	-51.141	-81.8
31.11	-8.821	-51.136	-72.7
31.12	-8.820	-51.034	-74.9
31.13	-8.819	-48.892	-77.9
31.14	-8.818	-40.075	-66.6
31.15	-8.816	-24.167	-56.2
31.16	-8.814	-6.466	-98.2
31.17	-8.812	9.256	-78.8
31.18	-8.809	21.589	-72.5
31.19	-8.808	29.561	-106.8
31.2	-8.806	32.708	-88.5
31.21	-8.803	31.236	-81.4
31.22	-8.801	25.902	-65.4
31.23	-8.801	17.697	-73.8
31.24	-8.800	7.647	-92.9
31.25	-8.799	-3.298	-60.3
31.26	-8.797	-14.344	-84.7
31.27	-8.796	-24.894	-72.3
31.28	-8.795	-34.553	-62.9
31.29	-8.794	-42.881	-88.6
31.3	-8.794	-48.566	-66.7
31.31	-8.794	-50.816	-65.7
31.32	-8.794	-51.136	-62.5
31.33	-8.794	-51.139	-57.8
31.34	-8.793	-51.141	-65.4
31.35	-8.793	-51.141	-73.0
31.36	-8.793	-51.141	-58.8
31.37	-8.792	-51.141	-29.5
31.38	-8.792	-51.141	-52.3
31.39	-8.791	-51.141	-62.0
31.4	-8.791	-51.141	-65.7
31.41	-8.791	-51.141	-64.3
31.42	-8.791	-51.141	-43.2
31.43	-8.791	-51.141	-22.1
31.44	-8.792	-51.141	-31.5
31.45	-8.792	-51.131	-53.4
31.46	-8.792	-50.925	-40.6
31.47	-8.792	-50.064	-41.7
31.48	-8.792	-48.469	-11.6
31.49	-8.793	-46.591	-19.1
31.5	-8.793	-44.728	-25.2
31.51	-8.793	-42.906	-2.5
31.52	-8.793	-41.141	-51.9
31.53	-8.793	-39.475	-28.9
31.54	-8.793	-37.928	-48.5
31.55	-8.793	-36.494	-84.2
31.56	-8.793	-35.220	-50.5
31.57	-8.793	-34.156	-67.4
31.58	-8.792	-33.313	-35.4
31.59	-8.792	-32.670	-19.0
31.6	-8.791	-32.156	-15.3
31.61	-8.791	-31.680	233.2
31.62	-8.791	-31.183	308.6
31.63	-8.791	-30.648	239.9
31.64	-8.792	-30.092	33.9
31.65	-8.793	-29.572	-123.5
31.66	-8.793	-29.183	-11.0
31.67	-8.796	-29.047	-40.1
31.68	-8.799	-29.264	-58.7
31.69	-8.799	-29.863	-3.5
31.7	-8.794	-30.864	-22.4
31.71	-8.791	-32.336	-38.7
31.72	-8.790	-34.233	-24.4
31.73	-8.789	-36.256	-21.1
31.74	-8.790	-37.970	-18.0
31.75	-8.791	-39.045	-32.3
31.76	-8.792	-39.219	4.2
31.77	-8.793	-37.666	17.0
31.78	-8.794	-31.583	22.3
31.79	-8.795	-15.006	40.2
31.8	-8.796	13.847	48.4
31.81	-8.797	39.902	91.1
31.82	-8.799	50.031	99.1
31.83	-8.801	51.105	132.6
31.84	-8.803	51.139	170.7
31.85	-8.804	51.139	182.8
31.86	-8.805	51.139	226.8
31.87	-8.806	51.139	197.7
31.88	-8.806	51.139	133.1
31.89	-8.806	51.139	143.1
31.9	-8.806	51.139	54.0
31.91	-8.807	51.125	-39.4
31.92	-8.807	50.831	-28.5
31.93	-8.808	46.634	-87.6
31.94	-8.810	32.480	-100.6
31.95	-8.813	10.414	-58.7
31.96	-8.816	-11.852	-105.8
31.97	-8.818	-30.852	-124.6
31.98	-8.819	-44.231	-79.1
31.99	-8.820	-50.064	-79.6
32.0	-8.821	-51.106	-83.4
32.01	-8.822	-51.138	-90.2
32.02	-8.823	-51.141	-89.8
32.03	-8.822	-51.141	-71.2
32.04	-8.822	-51.141	-96.8
32.05	-8.824	-51.141	-102.0
32.06	-8.826	-51.141	-73.1
32.07	-8.828	-51.141	-62.7
32.08	-8.832	-51.141	-61.4
32.09	-8.835	-51.131	-54.7
32.1	-8.837	-50.945	-86.0
32.11	-8.838	-48.202	-94.1
32.12	-8.839	-38.630	-53.3
32.13	-8.838	-23.038	-73.5
32.14	-8.836	-6.611	-76.2
32.15	-8.834	7.623	-53.1
32.16	-8.832	18.406	-97.3
32.17	-8.831	24.888	-77.2
32.18	-8.831	26.839	-52.8
32.19	-8.832	24.667	-58.3
32.2	-8.832	19.189	-85.2
32.21	-8.832	11.339	-97.9
32.22	-8.832	2.031	-60.8
32.23	-8.832	-7.931	-59.0
32.24	-8.832	-17.891	-66.5
32.25	-8.833	-27.378	-73.9
32.26	-8.834	-36.066	-57.8
32.27	-8.836	-43.564	-55.2
32.28	-8.837	-48.733	-83.2
32.29	-8.839	-50.823	-61.6
32.3	-8.841	-51.134	-44.8
32.31	-8.842	-51.139	-73.6
32.32	-8.846	-51.141	-78.9
32.33	-8.848	-51.141	-48.7
32.34	-8.851	-51.141	-60.9
32.35	-8.853	-51.141	-50.1
32.36	-8.856	-51.141	-53.5
32.37	-8.857	-51.141	-63.7
32.38	-8.859	-51.141	-56.8
32.39	-8.862	-51.141	-48.0
