Interval=	0.01 s
ExcelDateTime=	3.9773435906013648e+004	21/11/2008 10:27:42.279579
TimeFormat=	StartOfBlock
ChannelTitle=	Channel 1	Channel 2	Channel 3
Range=	20.000 mV	50.000 mV	500.0 µV
0.0	-9.599	51.139	92.4
0.01	-9.576	51.139	29.0
0.02	-9.551	51.134	-20.4
0.03	-9.527	51.063	-64.7
0.04	-9.506	49.116	-74.1
0.05	-9.489	39.752	-71.3
0.06	-9.474	21.494	-97.4
0.07	-9.459	0.706	-89.7
0.08	-9.443	-17.973	-74.1
0.09	-9.427	-33.780	-86.1
0.1	-9.411	-45.052	-82.4
0.11	-9.398	-50.133	-80.0
0.12	-9.383	-51.105	-82.3
0.13	-9.367	-51.139	-83.0
0.14	-9.351	-51.141	-78.1
0.15	-9.332	-51.141	-77.1
0.16	-9.314	-51.141	-69.6
0.17	-9.297	-51.141	-70.1
0.18	-9.281	-51.141	-58.0
0.19	-9.266	-51.134	-60.3
0.2	-9.251	-51.002	-61.5
0.21	-9.236	-48.522	-53.6
0.22	-9.221	-39.042	-60.3
0.23	-9.206	-22.714	-68.5
0.24	-9.191	-5.013	-54.6
0.25	-9.176	10.467	-58.0
0.26	-9.162	22.405	-70.8
0.27	-9.149	30.055	-54.4
0.28	-9.136	33.242	-61.7
0.29	-9.122	32.336	-74.8
0.3	-9.108	28.084	-62.1
0.31	-9.095	21.381	-56.8
0.32	-9.082	13.059	-54.4
0.33	-9.071	3.850	-63.2
0.34	-9.061	-5.611	-59.3
0.35	-9.049	-14.827	-61.5
0.36	-9.038	-23.455	-58.9
0.37	-9.026	-31.275	-67.6
0.38	-9.016	-38.130	-63.5
0.39	-9.004	-43.886	-51.0
0.4	-8.994	-48.195	-47.7
0.41	-8.984	-50.488	-43.6
0.42	-8.974	-51.098	-52.2
0.43	-8.964	-51.139	-52.2
0.44	-8.954	-51.141	-50.2
0.45	-8.944	-51.141	-48.9
0.46	-8.933	-51.141	-51.5
0.47	-8.921	-51.139	-47.4
0.48	-8.909	-51.114	-44.3
0.49	-8.898	-50.816	-41.5
0.5	-8.887	-49.858	-32.8
0.51	-8.877	-48.336	-31.8
0.52	-8.867	-46.659	-9.5
0.53	-8.858	-45.009	-20.1
0.54	-8.850	-43.397	-31.8
0.55	-8.842	-41.811	-19.6
0.56	-8.835	-40.259	-19.5
0.57	-8.828	-38.758	-43.0
0.58	-8.820	-37.314	-53.5
0.59	-8.813	-35.922	-56.8
0.6	-8.804	-34.594	-62.3
0.61	-8.794	-33.344	-57.6
0.62	-8.784	-32.180	-46.5
0.63	-8.774	-31.100	-59.5
0.64	-8.764	-30.109	-15.9
0.65	-8.754	-29.202	-63.6
0.66	-8.744	-28.342	70.7
0.67	-8.735	-27.489	287.3
0.68	-8.727	-26.617	310.5
0.69	-8.718	-25.730	218.1
0.7	-8.709	-24.894	-70.0
0.71	-8.701	-24.245	-73.3
0.72	-8.694	-23.958	-15.8
0.73	-8.687	-24.145	-58.2
0.74	-8.679	-24.795	-21.2
0.75	-8.673	-25.806	-26.9
0.76	-8.666	-27.061	-33.0
0.77	-8.658	-28.498	-32.0
0.78	-8.649	-30.020	-35.3
0.79	-8.642	-31.398	-26.4
0.8	-8.634	-32.391	-1.7
0.81	-8.626	-32.761	11.1
0.82	-8.616	-31.859	9.2
0.83	-8.607	-27.488	19.2
0.84	-8.599	-14.748	39.5
0.85	-8.592	9.994	50.1
0.86	-8.586	36.319	75.6
0.87	-8.579	49.131	99.1
0.88	-8.574	51.103	120.3
0.89	-8.568	51.133	158.4
0.9	-8.562	51.139	182.1
0.91	-8.556	51.139	196.0
0.92	-8.550	51.139	195.6
0.93	-8.545	51.139	179.1
0.94	-8.540	51.139	134.1
0.95	-8.536	51.139	51.9
0.96	-8.533	51.131	-4.5
0.97	-8.530	50.981	-54.8
0.98	-8.528	48.075	-78.0
0.99	-8.526	37.094	-79.4
1.0	-8.526	18.781	-95.9
1.01	-8.526	-0.188	-107.5
1.02	-8.525	-16.459	-99.6
1.03	-8.523	-29.689	-104.6
1.04	-8.520	-39.850	-98.8
1.05	-8.516	-46.808	-94.8
1.06	-8.514	-50.242	-103.7
1.07	-8.514	-51.091	-102.4
1.08	-8.514	-51.139	-89.5
1.09	-8.513	-51.141	-82.0
1.1	-8.512	-51.141	-80.1
1.11	-8.511	-51.141	-82.8
1.12	-8.511	-51.141	-71.9
1.13	-8.509	-51.139	-70.3
1.14	-8.509	-51.127	-77.2
1.15	-8.509	-50.517	-73.1
1.16	-8.509	-46.609	-75.5
1.17	-8.508	-37.458	-76.5
1.18	-8.506	-25.420	-73.9
1.19	-8.504	-13.492	-77.5
1.2	-8.502	-2.930	-80.3
1.21	-8.501	5.445	-66.0
1.22	-8.501	11.050	-69.0
1.23	-8.500	13.627	-73.7
1.24	-8.499	13.256	-72.0
1.25	-8.498	10.269	-73.8
1.26	-8.497	5.130	-66.5
1.27	-8.496	-1.597	-66.4
1.28	-8.494	-9.267	-61.9
1.29	-8.493	-17.264	-73.0
1.3	-8.492	-25.114	-62.3
1.31	-8.489	-32.475	-59.2
1.32	-8.487	-39.117	-73.1
1.33	-8.485	-44.805	-73.9
1.34	-8.482	-48.878	-60.2
1.35	-8.479	-50.747	-53.5
1.36	-8.477	-51.125	-63.8
1.37	-8.476	-51.141	-64.9
1.38	-8.476	-51.141	-59.5
1.39	-8.476	-51.141	-67.0
1.4	-8.476	-51.141	-56.3
1.41	-8.476	-51.141	-55.6
1.42	-8.476	-51.141	-58.5
1.43	-8.476	-51.141	-70.2
1.44	-8.476	-51.141	-44.5
1.45	-8.476	-51.139	-38.4
1.46	-8.478	-51.109	-58.1
1.47	-8.478	-50.769	-53.5
1.48	-8.480	-49.688	-37.1
1.49	-8.481	-47.969	-32.1
1.5	-8.482	-46.063	-34.3
1.51	-8.483	-44.161	-13.1
1.52	-8.484	-42.278	-26.0
1.53	-8.485	-40.439	-22.5
1.54	-8.486	-38.702	-22.8
1.55	-8.487	-37.105	-44.1
1.56	-8.488	-35.650	-46.8
1.57	-8.489	-34.348	-55.0
1.58	-8.491	-33.231	-53.3
1.59	-8.492	-32.327	-59.2
1.6	-8.493	-31.638	-48.5
1.61	-8.495	-31.139	-57.0
1.62	-8.498	-30.795	-18.0
1.63	-8.501	-30.558	-56.6
1.64	-8.504	-30.388	68.4
1.65	-8.503	-30.255	287.8
1.66	-8.502	-30.136	338.1
1.67	-8.501	-30.005	267.7
1.68	-8.502	-29.856	-22.9
1.69	-8.504	-29.769	-68.3
1.7	-8.508	-29.884	-16.0
1.71	-8.513	-30.295	-43.7
1.72	-8.520	-30.992	-31.1
1.73	-8.526	-31.908	-38.4
1.74	-8.528	-32.975	-25.8
1.75	-8.527	-34.156	-31.0
1.76	-8.524	-35.373	-14.1
1.77	-8.523	-36.456	-11.7
1.78	-8.523	-37.217	-17.5
1.79	-8.522	-37.450	10.5
1.8	-8.521	-36.495	25.6
1.81	-8.519	-32.069	29.6
1.82	-8.518	-19.000	42.3
1.83	-8.519	6.889	52.6
1.84	-8.521	34.962	81.3
1.85	-8.524	48.895	114.1
1.86	-8.527	51.097	135.9
1.87	-8.531	51.133	191.6
1.88	-8.535	51.139	218.7
1.89	-8.539	51.139	221.2
1.9	-8.544	51.139	237.7
1.91	-8.549	51.139	201.8
1.92	-8.555	51.139	144.3
1.93	-8.562	51.139	78.9
1.94	-8.569	51.128	14.4
1.95	-8.578	50.920	-35.9
1.96	-8.588	47.503	-62.4
1.97	-8.598	35.450	-93.9
1.98	-8.609	16.225	-98.7
1.99	-8.624	-3.234	-104.4
2.0	-8.639	-19.811	-109.6
2.01	-8.656	-33.189	-90.9
2.02	-8.673	-43.116	-102.5
2.03	-8.691	-48.919	-89.4
2.04	-8.707	-50.900	-78.9
2.05	-8.725	-51.138	-87.5
2.06	-8.742	-51.141	-80.4
2.07	-8.758	-51.141	-74.3
2.08	-8.773	-51.141	-82.4
2.09	-8.788	-51.141	-80.0
2.1	-8.803	-51.141	-72.1
2.11	-8.817	-51.141	-84.3
2.12	-8.830	-51.138	-71.0
2.13	-8.843	-51.059	-69.8
2.14	-8.856	-49.455	-67.2
2.15	-8.867	-43.014	-54.6
2.16	-8.878	-31.452	-60.2
2.17	-8.888	-18.338	-65.9
2.18	-8.898	-6.264	-72.8
2.19	-8.908	3.628	-65.5
2.2	-8.916	10.563	-56.1
2.21	-8.924	14.167	-67.0
2.22	-8.933	14.452	-84.6
2.23	-8.941	11.773	-84.2
2.24	-8.948	6.683	-72.3
2.25	-8.956	-0.159	-78.7
2.26	-8.963	-8.011	-64.4
2.27	-8.971	-16.167	-68.3
2.28	-8.979	-24.108	-73.9
2.29	-8.986	-31.541	-70.3
2.3	-8.992	-38.267	-65.7
2.31	-8.999	-44.084	-62.7
2.32	-9.006	-48.427	-62.9
2.33	-9.013	-50.605	-69.8
2.34	-9.019	-51.116	-66.4
2.35	-9.027	-51.139	-50.6
2.36	-9.035	-51.141	-61.3
2.37	-9.043	-51.141	-66.9
2.38	-9.051	-51.141	-54.2
2.39	-9.059	-51.141	-48.8
2.4	-9.067	-51.141	-49.5
2.41	-9.075	-51.141	-51.1
2.42	-9.082	-51.141	-47.5
2.43	-9.090	-51.139	-49.8
2.44	-9.098	-51.125	-56.1
2.45	-9.106	-50.866	-44.2
2.46	-9.113	-49.916	-23.9
2.47	-9.121	-48.281	-51.7
2.48	-9.128	-46.417	-31.1
2.49	-9.135	-44.566	4.5
2.5	-9.142	-42.748	-18.3
2.51	-9.149	-40.955	-24.8
2.52	-9.157	-39.203	-12.3
2.53	-9.165	-37.528	-23.2
2.54	-9.174	-35.980	-42.6
2.55	-9.184	-34.587	-62.5
2.56	-9.193	-33.375	-51.5
2.57	-9.201	-32.381	-46.5
2.58	-9.209	-31.628	-49.9
2.59	-9.217	-31.097	-56.4
2.6	-9.225	-30.752	-25.9
2.61	-9.233	-30.539	-36.4
2.62	-9.243	-30.389	-35.5
2.63	-9.253	-30.216	223.0
2.64	-9.261	-29.991	354.0
2.65	-9.269	-29.719	300.2
2.66	-9.277	-29.389	44.4
2.67	-9.286	-29.038	-109.5
2.68	-9.296	-28.795	-22.2
2.69	-9.306	-28.839	-34.9
2.7	-9.316	-29.245	-20.2
2.71	-9.327	-29.975	-24.0
2.72	-9.335	-30.963	-24.5
2.73	-9.340	-32.175	-23.7
2.74	-9.343	-33.625	-5.9
2.75	-9.347	-35.248	-11.6
2.76	-9.352	-36.856	-16.4
2.77	-9.357	-38.223	26.4
2.78	-9.364	-39.122	26.0
2.79	-9.369	-39.019	18.6
2.8	-9.375	-36.084	48.3
2.81	-9.380	-25.861	61.8
2.82	-9.386	-2.830	82.8
2.83	-9.392	27.125	110.7
2.84	-9.398	46.242	134.9
2.85	-9.402	50.923	166.7
2.86	-9.409	51.128	199.7
2.87	-9.415	51.139	215.2
2.88	-9.422	51.139	233.0
2.89	-9.431	51.139	205.6
2.9	-9.440	51.139	165.2
2.91	-9.449	51.139	105.6
2.92	-9.457	51.139	28.6
2.93	-9.466	51.127	-6.8
2.94	-9.474	50.573	-42.7
2.95	-9.482	45.369	-73.2
2.96	-9.492	30.709	-82.0
2.97	-9.506	10.106	-75.1
2.98	-9.520	-9.709	-91.3
2.99	-9.533	-26.597	-107.7
3.0	-9.544	-39.914	-85.8
3.01	-9.553	-48.023	-83.9
3.02	-9.563	-50.813	-92.2
3.03	-9.572	-51.134	-85.4
3.04	-9.581	-51.141	-78.7
3.05	-9.589	-51.141	-83.3
3.06	-9.596	-51.141	-80.5
3.07	-9.604	-51.141	-74.9
3.08	-9.613	-51.141	-63.2
3.09	-9.621	-51.141	-79.6
3.1	-9.629	-51.138	-73.9
3.11	-9.636	-51.109	-52.7
3.12	-9.644	-50.075	-71.7
3.13	-9.652	-44.131	-73.7
3.14	-9.661	-31.063	-49.2
3.15	-9.668	-14.652	-54.1
3.16	-9.676	0.945	-58.3
3.17	-9.683	14.031	-48.0
3.18	-9.689	23.547	-58.3
3.19	-9.694	28.884	-54.1
3.2	-9.700	30.002	-51.3
3.21	-9.707	27.352	-61.6
3.22	-9.714	21.670	-63.4
3.23	-9.721	13.819	-55.8
3.24	-9.727	4.673	-53.3
3.25	-9.732	-4.967	-50.9
3.26	-9.737	-14.466	-56.0
3.27	-9.742	-23.377	-68.1
3.28	-9.748	-31.445	-41.0
3.29	-9.754	-38.547	-44.5
3.3	-9.760	-44.530	-43.9
3.31	-9.765	-48.792	-59.9
3.32	-9.770	-50.741	-57.6
3.33	-9.776	-51.127	-35.5
3.34	-9.782	-51.141	-43.7
3.35	-9.787	-51.141	-43.8
3.36	-9.793	-51.141	-48.2
3.37	-9.797	-51.141	-50.1
3.38	-9.802	-51.141	-39.0
3.39	-9.807	-51.141	-41.6
3.4	-9.813	-51.138	-40.4
3.41	-9.819	-51.022	-40.5
3.42	-9.828	-50.345	-31.4
3.43	-9.834	-48.808	-26.0
3.44	-9.840	-46.806	-28.8
3.45	-9.845	-44.750	2.5
3.46	-9.851	-42.705	-16.3
3.47	-9.857	-40.689	-18.7
3.48	-9.862	-38.759	-10.1
3.49	-9.867	-36.978	-51.6
3.5	-9.873	-35.378	-48.9
3.51	-9.879	-33.969	-44.4
3.52	-9.884	-32.748	-53.8
3.53	-9.889	-31.702	-41.0
3.54	-9.894	-30.822	-59.1
3.55	-9.900	-30.088	-41.5
3.56	-9.905	-29.444	-4.4
3.57	-9.909	-28.781	-54.6
3.58	-9.912	-28.016	139.5
3.59	-9.915	-27.150	294.5
3.6	-9.918	-26.253	275.2
3.61	-9.921	-25.405	90.7
3.62	-9.926	-24.717	-111.4
3.63	-9.931	-24.338	-27.1
3.64	-9.936	-24.375	-29.6
3.65	-9.939	-24.808	-40.6
3.66	-9.943	-25.522	0.2
3.67	-9.944	-26.431	-22.0
3.68	-9.940	-27.550	-17.4
3.69	-9.931	-28.955	-11.0
3.7	-9.919	-30.656	-7.7
3.71	-9.908	-32.520	8.1
3.72	-9.899	-34.313	3.7
3.73	-9.894	-35.823	11.4
3.74	-9.891	-36.855	22.5
3.75	-9.888	-36.866	15.2
3.76	-9.884	-34.122	51.1
3.77	-9.879	-24.592	84.2
3.78	-9.871	-3.156	87.1
3.79	-9.863	25.764	118.3
3.8	-9.853	45.494	149.4
3.81	-9.841	50.853	183.6
3.82	-9.827	51.123	206.1
3.83	-9.811	51.139	203.0
3.84	-9.794	51.139	212.1
3.85	-9.776	51.139	174.6
3.86	-9.759	51.139	93.5
3.87	-9.741	51.139	41.3
3.88	-9.722	51.134	-12.3
3.89	-9.703	51.077	-58.7
3.9	-9.687	49.347	-70.0
3.91	-9.676	40.438	-99.3
3.92	-9.666	22.391	-86.8
3.93	-9.652	1.439	-83.7
3.94	-9.634	-17.477	-116.8
3.95	-9.615	-33.469	-90.4
3.96	-9.598	-44.892	-80.9
3.97	-9.581	-50.086	-104.0
3.98	-9.564	-51.103	-81.3
3.99	-9.544	-51.139	-90.2
4.0	-9.524	-51.141	-91.1
4.01	-9.503	-51.141	-70.3
4.02	-9.482	-51.141	-86.4
4.03	-9.462	-51.141	-68.9
4.04	-9.442	-51.141	-75.6
4.05	-9.423	-51.139	-91.7
4.06	-9.405	-51.130	-58.7
4.07	-9.387	-50.567	-63.4
4.08	-9.369	-45.869	-65.4
4.09	-9.350	-33.106	-69.6
4.1	-9.330	-14.864	-75.8
4.11	-9.309	3.548	-57.5
4.12	-9.289	19.484	-56.6
4.13	-9.270	31.498	-67.0
4.14	-9.252	38.694	-61.0
4.15	-9.234	40.917	-74.0
4.16	-9.217	38.719	-68.8
4.17	-9.199	33.069	-52.1
4.18	-9.183	25.016	-56.3
4.19	-9.168	15.502	-53.6
4.2	-9.153	5.311	-58.0
4.21	-9.137	-4.958	-70.3
4.22	-9.122	-14.870	-56.1
4.23	-9.107	-24.103	-43.6
4.24	-9.094	-32.409	-51.2
4.25	-9.081	-39.619	-60.0
4.26	-9.069	-45.511	-56.1
4.27	-9.057	-49.392	-43.5
4.28	-9.045	-50.916	-56.0
4.29	-9.034	-51.136	-59.8
4.3	-9.022	-51.141	-31.8
4.31	-9.011	-51.141	-50.3
4.32	-9.001	-51.141	-51.2
4.33	-8.991	-51.141	-33.9
4.34	-8.982	-51.141	-32.6
4.35	-8.972	-51.125	-28.0
4.36	-8.961	-50.850	-14.6
4.37	-8.953	-49.798	-12.9
4.38	-8.944	-47.988	-15.7
4.39	-8.936	-45.948	-27.6
4.4	-8.926	-43.944	-56.0
4.41	-8.916	-42.005	-54.5
4.42	-8.906	-40.144	-58.5
4.43	-8.897	-38.378	-60.9
4.44	-8.888	-36.734	-51.3
4.45	-8.877	-35.238	-60.1
4.46	-8.868	-33.870	-56.8
4.47	-8.859	-32.570	-26.9
4.48	-8.850	-31.253	-63.6
4.49	-8.842	-29.872	108.5
4.5	-8.832	-28.422	318.0
4.51	-8.819	-26.930	308.0
4.52	-8.808	-25.450	145.7
4.53	-8.796	-24.089	-101.0
4.54	-8.789	-23.036	-65.6
4.55	-8.783	-22.481	-34.1
4.56	-8.777	-22.514	-38.4
4.57	-8.774	-23.077	-41.0
4.58	-8.770	-24.044	-51.5
4.59	-8.764	-25.313	-21.0
4.6	-8.755	-26.813	-25.1
4.61	-8.744	-28.450	-16.2
4.62	-8.733	-29.995	-26.0
4.63	-8.721	-31.195	-4.0
4.64	-8.709	-31.864	8.0
4.65	-8.696	-31.627	-1.7
4.66	-8.684	-29.095	17.0
4.67	-8.671	-20.545	31.8
4.68	-8.658	-0.642	48.7
4.69	-8.646	26.848	67.6
4.7	-8.636	45.752	107.2
4.71	-8.627	50.867	130.3
4.72	-8.619	51.123	160.2
4.73	-8.611	51.139	206.6
4.74	-8.604	51.139	216.3
4.75	-8.596	51.139	192.4
4.76	-8.589	51.139	168.9
4.77	-8.582	51.139	117.8
4.78	-8.575	51.139	51.5
4.79	-8.569	51.133	-29.6
4.8	-8.563	51.005	-62.4
4.81	-8.557	48.369	-59.9
4.82	-8.552	37.875	-100.6
4.83	-8.548	19.717	-95.9
4.84	-8.544	0.395	-90.9
4.85	-8.540	-16.505	-104.5
4.86	-8.536	-30.566	-94.4
4.87	-8.533	-41.514	-101.9
4.88	-8.529	-48.320	-102.6
4.89	-8.525	-50.808	-98.8
4.9	-8.521	-51.136	-87.3
4.91	-8.518	-51.141	-93.1
4.92	-8.515	-51.141	-86.8
4.93	-8.512	-51.141	-81.1
4.94	-8.508	-51.141	-90.6
4.95	-8.504	-51.141	-88.4
4.96	-8.502	-51.141	-78.0
4.97	-8.499	-51.133	-73.2
4.98	-8.498	-50.719	-70.6
4.99	-8.496	-47.234	-78.5
5.0	-8.492	-37.767	-82.9
5.01	-8.488	-24.217	-77.0
5.02	-8.484	-10.433	-77.5
5.03	-8.482	1.788	-72.7
5.04	-8.481	11.511	-78.2
5.05	-8.478	18.083	-75.0
5.06	-8.475	21.222	-82.8
5.07	-8.473	21.033	-77.8
5.08	-8.471	17.916	-57.1
5.09	-8.468	12.480	-81.2
5.1	-8.467	5.417	-73.2
5.11	-8.466	-2.594	-66.4
5.12	-8.465	-10.956	-62.5
5.13	-8.464	-19.180	-65.8
5.14	-8.464	-26.900	-74.8
5.15	-8.464	-33.847	-65.3
5.16	-8.464	-39.844	-61.8
5.17	-8.463	-44.797	-72.0
5.18	-8.462	-48.491	-63.2
5.19	-8.461	-50.511	-60.9
5.2	-8.460	-51.092	-66.3
5.21	-8.461	-51.139	-57.1
5.22	-8.461	-51.141	-53.5
5.23	-8.461	-51.141	-57.8
5.24	-8.461	-51.141	-45.0
5.25	-8.461	-51.141	-56.7
5.26	-8.461	-51.141	-56.1
5.27	-8.461	-51.139	-45.4
5.28	-8.461	-51.108	-58.9
5.29	-8.461	-50.778	-46.5
5.3	-8.461	-49.775	-43.8
5.31	-8.460	-48.177	-29.5
5.32	-8.459	-46.363	-17.8
5.33	-8.457	-44.533	-24.3
5.34	-8.456	-42.764	-8.0
5.35	-8.455	-41.084	-33.5
5.36	-8.455	-39.481	-50.2
5.37	-8.456	-37.931	-60.4
5.38	-8.456	-36.398	-61.0
5.39	-8.456	-34.853	-69.7
5.4	-8.456	-33.336	-60.6
5.41	-8.456	-31.941	-62.6
5.42	-8.457	-30.706	-44.1
5.43	-8.457	-29.628	-19.3
5.44	-8.459	-28.694	-48.4
5.45	-8.459	-27.897	177.0
5.46	-8.459	-27.219	300.7
5.47	-8.460	-26.631	308.6
5.48	-8.461	-26.117	139.0
5.49	-8.463	-25.706	-102.6
5.5	-8.466	-25.514	-32.7
5.51	-8.468	-25.659	-33.3
5.52	-8.470	-26.175	-52.7
5.53	-8.472	-27.011	-37.6
5.54	-8.473	-28.069	-27.0
5.55	-8.473	-29.269	-41.7
5.56	-8.473	-30.563	-19.0
5.57	-8.474	-31.830	-12.2
5.58	-8.474	-32.881	-20.6
5.59	-8.476	-33.523	-2.6
5.6	-8.476	-33.378	4.4
5.61	-8.475	-31.052	9.5
5.62	-8.475	-22.670	19.0
5.63	-8.474	-2.383	39.8
5.64	-8.474	26.075	67.0
5.65	-8.476	45.638	89.4
5.66	-8.478	50.867	109.8
5.67	-8.479	51.123	144.7
5.68	-8.479	51.139	189.0
5.69	-8.478	51.139	223.2
5.7	-8.478	51.139	214.4
5.71	-8.478	51.139	208.6
5.72	-8.479	51.139	189.8
5.73	-8.479	51.139	104.4
5.74	-8.479	51.133	34.9
5.75	-8.478	51.030	-18.7
5.76	-8.478	48.734	-49.9
5.77	-8.480	39.103	-71.5
5.78	-8.482	21.881	-97.5
5.79	-8.484	3.311	-103.8
5.8	-8.486	-12.839	-107.3
5.81	-8.489	-26.092	-111.6
5.82	-8.491	-36.366	-94.6
5.83	-8.494	-43.794	-99.3
5.84	-8.498	-48.502	-102.1
5.85	-8.502	-50.634	-91.1
5.86	-8.506	-51.117	-88.8
5.87	-8.510	-51.139	-78.5
5.88	-8.512	-51.141	-79.7
5.89	-8.513	-51.141	-87.8
5.9	-8.515	-51.141	-82.4
5.91	-8.518	-51.141	-81.3
5.92	-8.522	-51.139	-75.6
5.93	-8.526	-51.095	-86.0
5.94	-8.531	-50.078	-74.9
5.95	-8.536	-45.459	-90.3
5.96	-8.541	-36.395	-78.4
5.97	-8.546	-25.377	-65.5
5.98	-8.549	-14.600	-87.4
5.99	-8.553	-5.072	-70.9
6.0	-8.556	2.445	-61.0
6.01	-8.558	7.439	-73.1
6.02	-8.561	9.700	-69.9
6.03	-8.563	9.287	-67.0
6.04	-8.566	6.478	-76.9
6.05	-8.568	1.727	-66.4
6.06	-8.570	-4.394	-72.1
6.07	-8.572	-11.281	-82.6
6.08	-8.575	-18.403	-69.0
6.09	-8.578	-25.334	-63.9
6.1	-8.581	-31.770	-61.0
6.11	-8.584	-37.503	-55.0
6.12	-8.588	-42.411	-55.0
6.13	-8.592	-46.427	-63.2
6.14	-8.596	-49.320	-55.9
6.15	-8.600	-50.770	-52.5
6.16	-8.604	-51.122	-48.7
6.17	-8.609	-51.139	-51.4
6.18	-8.614	-51.141	-60.5
6.19	-8.619	-51.141	-52.6
6.2	-8.624	-51.141	-47.8
6.21	-8.629	-51.141	-50.8
6.22	-8.635	-51.138	-50.2
6.23	-8.641	-51.055	-46.7
6.24	-8.646	-50.597	-31.2
6.25	-8.652	-49.563	-26.5
6.26	-8.659	-48.153	-30.9
6.27	-8.665	-46.619	-27.7
6.28	-8.672	-45.041	-18.4
6.29	-8.679	-43.442	-25.5
6.3	-8.688	-41.836	-6.5
6.31	-8.697	-40.255	4.4
6.32	-8.707	-38.750	-34.2
6.33	-8.718	-37.337	-58.0
6.34	-8.729	-35.984	-43.9
6.35	-8.741	-34.686	-38.0
6.36	-8.753	-33.500	-50.4
6.37	-8.766	-32.486	-33.1
6.38	-8.779	-31.648	-56.6
6.39	-8.793	-30.955	-15.0
6.4	-8.806	-30.405	-31.3
6.41	-8.819	-30.005	24.4
6.42	-8.832	-29.717	275.2
6.43	-8.843	-29.475	329.1
6.44	-8.853	-29.194	290.2
6.45	-8.863	-28.848	23.7
6.46	-8.874	-28.541	-73.8
6.47	-8.886	-28.466	3.9
6.48	-8.897	-28.770	-36.4
6.49	-8.908	-29.472	-11.9
6.5	-8.918	-30.522	-26.5
6.51	-8.926	-31.833	-18.9
6.52	-8.932	-33.289	-11.7
6.53	-8.937	-34.747	-9.6
6.54	-8.942	-36.030	6.7
6.55	-8.947	-37.003	-15.6
6.56	-8.952	-37.567	17.0
6.57	-8.956	-37.428	32.6
6.58	-8.959	-35.431	25.6
6.59	-8.963	-28.245	35.8
6.6	-8.967	-10.059	67.9
6.61	-8.971	18.755	98.7
6.62	-8.976	42.330	115.1
6.63	-8.980	50.433	144.7
6.64	-8.984	51.106	179.7
6.65	-8.988	51.139	205.9
6.66	-8.991	51.139	222.6
6.67	-8.996	51.139	226.7
6.68	-9.002	51.139	207.2
6.69	-9.008	51.139	155.0
6.7	-9.014	51.131	86.7
6.71	-9.020	50.991	31.2
6.72	-9.026	48.261	-26.3
6.73	-9.031	37.892	-62.3
6.74	-9.037	20.506	-73.3
6.75	-9.043	2.353	-91.6
6.76	-9.049	-13.389	-97.3
6.77	-9.055	-26.402	-94.1
6.78	-9.062	-36.627	-91.3
6.79	-9.068	-44.113	-94.3
6.8	-9.074	-48.773	-96.8
6.81	-9.078	-50.738	-105.6
6.82	-9.084	-51.125	-85.8
6.83	-9.091	-51.141	-81.3
6.84	-9.097	-51.141	-96.1
6.85	-9.102	-51.141	-80.7
6.86	-9.107	-51.141	-77.7
6.87	-9.112	-51.141	-80.2
6.88	-9.117	-51.136	-75.0
6.89	-9.124	-51.052	-89.0
6.9	-9.131	-49.684	-73.0
6.91	-9.138	-44.622	-67.2
6.92	-9.145	-35.703	-74.8
6.93	-9.152	-25.158	-59.1
6.94	-9.158	-14.584	-68.7
6.95	-9.162	-4.989	-78.2
6.96	-9.168	2.722	-70.0
6.97	-9.172	7.906	-58.5
6.98	-9.178	10.288	-61.4
6.99	-9.182	9.905	-70.5
7.0	-9.186	7.048	-53.8
7.01	-9.191	2.217	-72.5
7.02	-9.198	-3.947	-78.1
7.03	-9.205	-10.738	-52.5
7.04	-9.213	-17.548	-65.8
7.05	-9.220	-23.966	-63.4
7.06	-9.225	-29.752	-58.9
7.07	-9.231	-34.767	-64.0
7.08	-9.238	-38.928	-66.8
7.09	-9.244	-42.223	-59.7
7.1	-9.250	-44.747	-42.1
7.11	-9.258	-46.602	-60.7
7.12	-9.266	-47.848	-49.0
7.13	-9.275	-48.555	-65.2
7.14	-9.284	-48.847	-63.7
7.15	-9.293	-48.847	-34.8
7.16	-9.299	-48.575	-53.2
7.17	-9.306	-48.031	-51.3
7.18	-9.311	-47.256	-41.7
7.19	-9.316	-46.316	-47.8
7.2	-9.322	-45.250	-51.3
7.21	-9.331	-44.048	-39.3
7.22	-9.339	-42.716	-39.7
7.23	-9.347	-41.313	-39.9
7.24	-9.355	-39.919	-31.1
7.25	-9.363	-38.578	-30.5
7.26	-9.372	-37.300	-11.8
7.27	-9.381	-36.070	-34.3
7.28	-9.389	-34.884	-11.7
7.29	-9.396	-33.761	2.3
7.3	-9.404	-32.720	-44.7
7.31	-9.412	-31.739	-55.4
7.32	-9.421	-30.811	-57.4
7.33	-9.429	-29.983	-65.5
7.34	-9.438	-29.333	-43.7
7.35	-9.449	-28.900	-66.8
7.36	-9.459	-28.672	-39.5
7.37	-9.468	-28.595	-3.0
7.38	-9.478	-28.580	-52.8
7.39	-9.488	-28.531	157.4
7.4	-9.495	-28.400	319.3
7.41	-9.501	-28.173	308.6
7.42	-9.509	-27.859	108.6
7.43	-9.518	-27.511	-103.5
7.44	-9.529	-27.238	-26.3
7.45	-9.540	-27.164	-41.7
7.46	-9.552	-27.345	-25.5
7.47	-9.564	-27.758	-19.9
7.48	-9.575	-28.386	-25.6
7.49	-9.584	-29.256	14.1
7.5	-9.588	-30.358	-28.1
7.51	-9.588	-31.613	-25.7
7.52	-9.589	-32.867	6.0
7.53	-9.592	-33.939	-2.5
7.54	-9.596	-34.727	18.0
7.55	-9.600	-35.053	28.7
7.56	-9.604	-34.180	37.6
7.57	-9.609	-29.889	61.9
7.58	-9.614	-17.775	95.2
7.59	-9.618	5.928	96.6
7.6	-9.623	33.011	122.6
7.61	-9.627	48.027	153.7
7.62	-9.632	51.031	181.9
7.63	-9.638	51.130	226.3
7.64	-9.643	51.139	216.0
7.65	-9.649	51.139	215.6
7.66	-9.656	51.139	191.7
7.67	-9.662	51.136	116.4
7.68	-9.669	51.063	52.0
7.69	-9.674	49.220	-14.6
7.7	-9.681	40.786	-52.2
7.71	-9.688	24.867	-73.4
7.72	-9.697	7.136	-93.8
7.73	-9.707	-8.553	-81.9
7.74	-9.717	-21.725	-84.6
7.75	-9.726	-32.391	-99.7
7.76	-9.734	-40.677	-81.8
7.77	-9.743	-46.631	-85.3
7.78	-9.754	-49.964	-95.5
7.79	-9.766	-51.025	-91.2
7.8	-9.776	-51.139	-78.6
7.81	-9.783	-51.141	-79.3
7.82	-9.788	-51.141	-78.9
7.83	-9.794	-51.141	-88.8
7.84	-9.799	-51.141	-67.8
7.85	-9.806	-51.134	-70.7
7.86	-9.812	-51.000	-74.4
7.87	-9.818	-49.272	-58.6
7.88	-9.825	-43.402	-69.7
7.89	-9.831	-33.547	-62.9
7.9	-9.835	-22.158	-71.7
7.91	-9.838	-10.742	-71.5
7.92	-9.841	-0.192	-51.7
7.93	-9.843	8.586	-68.1
7.94	-9.844	14.817	-79.3
7.95	-9.846	18.050	-69.5
7.96	-9.848	18.247	-62.3
7.97	-9.848	15.753	-61.9
7.98	-9.849	11.166	-76.2
7.99	-9.849	5.169	-73.5
8.0	-9.849	-1.561	-52.7
8.01	-9.848	-8.416	-57.0
8.02	-9.847	-14.950	-55.2
8.03	-9.845	-20.888	-60.0
8.04	-9.842	-26.102	-58.0
8.05	-9.837	-30.548	-44.1
8.06	-9.831	-34.212	-64.1
8.07	-9.823	-37.117	-62.9
8.08	-9.814	-39.302	-45.2
8.09	-9.802	-40.802	-64.7
8.1	-9.788	-41.652	-49.0
8.11	-9.774	-41.911	-39.7
8.12	-9.761	-41.680	-52.9
8.13	-9.747	-41.094	-41.1
8.14	-9.731	-40.289	-36.0
8.15	-9.714	-39.378	-33.1
8.16	-9.696	-38.430	-20.9
8.17	-9.677	-37.444	-20.7
8.18	-9.657	-36.398	-10.2
8.19	-9.637	-35.319	-21.1
8.2	-9.617	-34.248	-44.5
8.21	-9.598	-33.205	-62.7
8.22	-9.579	-32.191	-58.0
8.23	-9.559	-31.227	-61.8
8.24	-9.539	-30.333	-51.1
8.25	-9.519	-29.497	-48.0
8.26	-9.501	-28.684	-54.7
8.27	-9.482	-27.856	-18.0
8.28	-9.466	-26.989	-69.8
8.29	-9.449	-26.078	109.5
8.3	-9.432	-25.109	304.7
8.31	-9.414	-24.070	299.5
8.32	-9.396	-22.991	155.4
8.33	-9.379	-21.959	-110.5
8.34	-9.364	-21.097	-60.2
8.35	-9.352	-20.536	-16.2
8.36	-9.339	-20.367	-29.5
8.37	-9.325	-20.567	-17.8
8.38	-9.311	-21.080	-30.2
8.39	-9.297	-21.881	-18.1
8.4	-9.280	-22.961	-26.2
8.41	-9.261	-24.284	-12.0
8.42	-9.241	-25.727	-2.8
8.43	-9.221	-27.058	-4.8
8.44	-9.202	-28.095	26.5
8.45	-9.183	-28.736	24.3
8.46	-9.164	-28.738	25.6
8.47	-9.145	-27.166	46.5
8.48	-9.124	-21.570	64.5
8.49	-9.104	-7.972	93.4
8.5	-9.085	15.214	105.8
8.51	-9.069	38.342	149.1
8.52	-9.053	49.373	185.9
8.53	-9.038	51.105	198.2
8.54	-9.024	51.134	229.3
8.55	-9.011	51.139	204.9
8.56	-8.999	51.139	182.9
8.57	-8.988	51.136	136.8
8.58	-8.976	51.116	42.3
8.59	-8.963	50.148	-12.3
8.6	-8.952	44.072	-39.8
8.61	-8.942	30.467	-88.4
8.62	-8.933	13.736	-85.6
8.63	-8.924	-1.675	-72.3
8.64	-8.916	-14.881	-105.3
8.65	-8.908	-25.817	-107.6
8.66	-8.898	-34.547	-93.5
8.67	-8.888	-41.263	-102.2
8.68	-8.877	-46.263	-95.7
8.69	-8.869	-49.513	-87.6
8.7	-8.862	-50.889	-98.8
8.71	-8.853	-51.133	-98.3
8.72	-8.844	-51.141	-74.1
8.73	-8.834	-51.141	-71.2
8.74	-8.823	-51.141	-81.6
8.75	-8.813	-51.136	-75.0
8.76	-8.803	-50.827	-73.3
8.77	-8.794	-48.363	-74.5
8.78	-8.787	-41.745	-75.6
8.79	-8.779	-32.031	-75.9
8.8	-8.771	-21.414	-81.3
8.81	-8.763	-10.913	-71.2
8.82	-8.753	-1.242	-81.8
8.83	-8.746	6.830	-98.3
8.84	-8.738	12.672	-54.2
8.85	-8.732	15.955	-67.0
8.86	-8.725	16.652	-82.3
8.87	-8.718	15.008	-72.6
8.88	-8.712	11.442	-74.9
8.89	-8.706	6.473	-71.8
8.9	-8.701	0.639	-70.5
8.91	-8.696	-5.564	-79.3
8.92	-8.692	-11.711	-76.3
8.93	-8.689	-17.486	-77.1
8.94	-8.686	-22.677	-78.8
8.95	-8.684	-27.152	-52.3
8.96	-8.682	-30.848	-67.3
8.97	-8.681	-33.756	-70.6
8.98	-8.678	-35.925	-59.8
8.99	-8.674	-37.442	-73.0
9.0	-8.670	-38.397	-64.6
9.01	-8.668	-38.888	-57.0
9.02	-8.665	-39.027	-63.2
9.03	-8.663	-38.919	-70.7
9.04	-8.661	-38.639	-52.2
9.05	-8.658	-38.205	-58.6
9.06	-8.656	-37.630	-69.7
9.07	-8.656	-36.956	-46.8
9.08	-8.654	-36.233	-47.4
9.09	-8.654	-35.456	-49.3
9.1	-8.652	-34.591	-39.3
9.11	-8.651	-33.617	-38.0
9.12	-8.648	-32.566	-29.6
9.13	-8.646	-31.469	-24.6
9.14	-8.643	-30.345	-8.5
9.15	-8.641	-29.197	-21.7
9.16	-8.639	-28.034	-44.3
9.17	-8.637	-26.881	-71.1
9.18	-8.635	-25.802	-59.2
9.19	-8.633	-24.877	-61.8
9.2	-8.631	-24.139	-65.8
9.21	-8.629	-23.545	-60.2
9.22	-8.628	-23.041	-43.4
9.23	-8.627	-22.609	-35.2
9.24	-8.626	-22.242	-39.1
9.25	-8.624	-21.884	202.9
9.26	-8.620	-21.483	350.8
9.27	-8.617	-21.041	337.8
9.28	-8.614	-20.606	92.8
9.29	-8.612	-20.241	-100.6
9.3	-8.611	-20.019	-22.2
9.31	-8.610	-20.016	-41.1
9.32	-8.609	-20.273	-39.7
9.33	-8.607	-20.777	-38.8
9.34	-8.604	-21.455	-38.2
9.35	-8.603	-22.234	-28.6
9.36	-8.601	-23.080	-22.6
9.37	-8.601	-23.925	-29.7
9.38	-8.600	-24.678	-25.5
9.39	-8.599	-25.230	-2.7
9.4	-8.598	-25.288	-1.5
9.41	-8.595	-23.805	9.2
9.42	-8.591	-17.894	37.3
9.43	-8.588	-2.683	36.0
9.44	-8.583	21.875	64.4
9.45	-8.579	42.714	91.6
9.46	-8.576	50.363	106.3
9.47	-8.574	51.113	146.6
9.48	-8.571	51.139	181.9
9.49	-8.569	51.139	200.1
9.5	-8.566	51.139	213.6
9.51	-8.563	51.139	217.4
9.52	-8.560	51.136	187.2
9.53	-8.558	51.073	108.7
9.54	-8.557	49.508	30.1
9.55	-8.557	42.352	-23.5
9.56	-8.556	28.833	-60.4
9.57	-8.556	13.748	-92.6
9.58	-8.556	0.348	-99.8
9.59	-8.556	-10.928	-107.0
9.6	-8.556	-19.989	-116.9
9.61	-8.557	-26.850	-109.7
9.62	-8.557	-31.616	-104.5
9.63	-8.556	-34.528	-99.2
9.64	-8.555	-36.050	-93.2
9.65	-8.554	-36.859	-97.6
9.66	-8.555	-37.712	-96.3
9.67	-8.555	-39.152	-99.5
9.68	-8.555	-41.164	-96.0
9.69	-8.556	-43.066	-97.7
9.7	-8.556	-43.922	-89.5
9.71	-8.557	-43.078	-87.0
9.72	-8.558	-40.350	-98.5
9.73	-8.559	-35.945	-72.1
9.74	-8.560	-30.203	-75.2
9.75	-8.561	-23.438	-78.1
9.76	-8.561	-15.991	-74.3
9.77	-8.562	-8.375	-82.3
9.78	-8.563	-1.273	-73.0
9.79	-8.564	4.616	-91.1
9.8	-8.565	8.753	-68.7
9.81	-8.566	10.856	-60.2
9.82	-8.568	10.903	-77.3
9.83	-8.569	9.067	-78.3
9.84	-8.571	5.669	-72.0
9.85	-8.572	1.148	-73.5
9.86	-8.574	-3.997	-81.9
9.87	-8.576	-9.314	-70.0
9.88	-8.577	-14.461	-66.9
9.89	-8.578	-19.213	-68.5
9.9	-8.579	-23.428	-65.9
9.91	-8.581	-27.019	-67.9
9.92	-8.582	-29.947	-55.2
9.93	-8.584	-32.230	-69.2
9.94	-8.584	-33.941	-68.1
9.95	-8.586	-35.159	-58.0
9.96	-8.587	-35.936	-60.9
9.97	-8.588	-36.317	-59.0
9.98	-8.589	-36.402	-69.5
9.99	-8.590	-36.291	-60.7
10.0	-8.591	-36.030	-51.3
10.01	-8.590	-35.634	-58.8
10.02	-8.590	-35.120	-53.2
10.03	-8.589	-34.511	-52.6
10.04	-8.590	-33.819	-50.0
10.05	-8.591	-33.039	-58.0
10.06	-8.592	-32.194	-55.8
10.07	-8.592	-31.320	-57.0
10.08	-8.594	-30.455	-46.1
10.09	-8.596	-29.614	-25.2
10.1	-8.597	-28.786	-23.7
10.11	-8.596	-27.942	-26.1
10.12	-8.596	-27.102	-14.6
10.13	-8.597	-26.309	-6.6
10.14	-8.597	-25.573	-32.9
10.15	-8.597	-24.880	-57.4
10.16	-8.598	-24.258	-56.2
10.17	-8.598	-23.752	-58.2
10.18	-8.599	-23.378	-55.1
10.19	-8.599	-23.111	-48.7
10.2	-8.599	-22.941	-58.8
10.21	-8.601	-22.852	-16.2
10.22	-8.602	-22.805	-65.6
10.23	-8.603	-22.792	95.9
10.24	-8.603	-22.827	322.7
10.25	-8.603	-22.889	386.1
10.26	-8.603	-22.928	303.4
10.27	-8.604	-22.927	-36.8
10.28	-8.607	-22.936	-50.7
10.29	-8.611	-23.059	-22.3
10.3	-8.614	-23.391	-55.8
10.31	-8.617	-23.966	-34.5
10.32	-8.619	-24.748	-42.4
10.33	-8.617	-25.645	-28.9
10.34	-8.615	-26.572	-38.2
10.35	-8.614	-27.461	-16.4
10.36	-8.616	-28.208	-6.9
10.37	-8.618	-28.688	-1.6
10.38	-8.621	-28.764	27.4
10.39	-8.622	-27.875	23.8
10.4	-8.623	-24.050	23.5
10.41	-8.623	-12.992	34.4
10.42	-8.623	9.191	66.2
10.43	-8.623	34.563	89.6
10.44	-8.624	48.394	112.4
10.45	-8.626	51.050	157.3
10.46	-8.627	51.131	194.7
10.47	-8.629	51.139	229.6
10.48	-8.629	51.139	242.5
10.49	-8.628	51.139	259.2
10.5	-8.626	51.139	235.6
10.51	-8.624	51.128	166.9
10.52	-8.622	50.866	96.7
10.53	-8.621	47.752	7.7
10.54	-8.620	37.995	-41.2
10.55	-8.620	23.472	-69.9
10.56	-8.620	9.183	-88.9
10.57	-8.620	-3.088	-92.3
10.58	-8.621	-13.227	-115.4
10.59	-8.623	-21.209	-112.0
10.6	-8.626	-27.092	-98.7
10.61	-8.628	-31.014	-103.1
10.62	-8.631	-33.313	-85.1
10.63	-8.634	-34.627	-92.8
10.64	-8.639	-35.767	-94.5
10.65	-8.643	-37.400	-82.5
10.66	-8.646	-39.727	-86.8
10.67	-8.648	-42.277	-87.5
10.68	-8.649	-44.147	-78.7
10.69	-8.651	-44.527	-85.6
10.7	-8.654	-43.008	-78.3
10.71	-8.658	-39.594	-83.7
10.72	-8.661	-34.541	-83.2
10.73	-8.664	-28.150	-75.6
10.74	-8.668	-20.778	-70.6
10.75	-8.671	-12.955	-61.1
10.76	-8.673	-5.381	-71.3
10.77	-8.675	1.223	-70.1
10.78	-8.677	6.247	-56.1
10.79	-8.678	9.325	-80.7
10.8	-8.678	10.383	-81.4
10.81	-8.678	9.528	-65.2
10.82	-8.678	6.966	-71.9
10.83	-8.678	3.028	-73.3
10.84	-8.678	-1.827	-75.3
10.85	-8.678	-7.136	-69.3
10.86	-8.679	-12.509	-60.8
10.87	-8.680	-17.647	-63.3
10.88	-8.683	-22.328	-63.3
10.89	-8.685	-26.400	-58.0
10.9	-8.689	-29.803	-61.0
10.91	-8.692	-32.578	-61.2
10.92	-8.694	-34.802	-57.2
10.93	-8.696	-36.538	-57.3
10.94	-8.698	-37.791	-55.7
10.95	-8.699	-38.563	-57.9
10.96	-8.701	-38.955	-49.2
10.97	-8.702	-39.139	-52.9
10.98	-8.704	-39.198	-60.6
10.99	-8.707	-39.064	-57.7
11.0	-8.712	-38.664	-54.2
11.01	-8.717	-38.048	-63.0
11.02	-8.723	-37.366	-51.2
11.03	-8.729	-36.691	-55.6
11.04	-8.738	-35.938	-63.0
11.05	-8.746	-35.036	-33.5
11.06	-8.754	-34.050	-38.3
11.07	-8.762	-33.080	-33.1
11.08	-8.771	-32.136	-19.4
11.09	-8.779	-31.167	-11.8
11.1	-8.789	-30.202	-5.4
11.11	-8.797	-29.334	-28.0
11.12	-8.807	-28.623	-51.0
11.13	-8.817	-28.042	-65.4
11.14	-8.826	-27.550	-56.7
11.15	-8.836	-27.159	-53.0
11.16	-8.845	-26.920	-43.4
11.17	-8.854	-26.828	-62.1
11.18	-8.864	-26.809	-26.8
11.19	-8.873	-26.788	-41.7
11.2	-8.883	-26.747	-32.0
11.21	-8.891	-26.703	248.3
11.22	-8.899	-26.625	359.5
11.23	-8.908	-26.431	337.6
11.24	-8.918	-26.083	73.5
11.25	-8.927	-25.670	-109.5
11.26	-8.938	-25.380	-9.9
11.27	-8.948	-25.361	-37.5
11.28	-8.957	-25.633	-35.1
11.29	-8.966	-26.130	-44.6
11.3	-8.976	-26.817	-17.6
11.31	-8.984	-27.681	-22.5
11.32	-8.991	-28.652	-35.2
11.33	-8.997	-29.586	4.5
11.34	-9.002	-30.344	-8.4
11.35	-9.008	-30.855	-4.9
11.36	-9.014	-31.014	16.2
11.37	-9.019	-30.325	22.1
11.38	-9.023	-27.044	33.5
11.39	-9.027	-17.156	48.7
11.4	-9.031	3.894	80.2
11.41	-9.036	30.408	101.9
11.42	-9.041	46.973	123.6
11.43	-9.046	50.958	159.2
11.44	-9.052	51.130	198.2
11.45	-9.059	51.139	217.3
11.46	-9.065	51.139	230.1
11.47	-9.071	51.139	217.0
11.48	-9.076	51.139	176.0
11.49	-9.082	51.134	113.5
11.5	-9.088	51.036	29.5
11.51	-9.095	49.023	-13.8
11.52	-9.101	41.041	-45.3
11.53	-9.108	27.214	-73.7
11.54	-9.114	12.331	-82.8
11.55	-9.122	-0.970	-110.3
11.56	-9.129	-12.256	-106.7
11.57	-9.138	-21.333	-82.5
11.58	-9.145	-28.236	-95.4
11.59	-9.152	-33.205	-92.4
11.6	-9.158	-36.673	-83.0
11.61	-9.165	-39.247	-86.6
11.62	-9.171	-41.611	-83.9
11.63	-9.176	-44.291	-94.4
11.64	-9.181	-47.225	-74.9
11.65	-9.188	-49.634	-74.4
11.66	-9.194	-50.545	-85.0
11.67	-9.200	-49.345	-63.3
11.68	-9.206	-45.870	-73.9
11.69	-9.214	-40.352	-81.3
11.7	-9.223	-33.148	-59.0
11.71	-9.230	-24.659	-61.2
11.72	-9.236	-15.527	-76.1
11.73	-9.243	-6.577	-75.4
11.74	-9.251	1.409	-65.0
11.75	-9.258	7.798	-73.0
11.76	-9.266	12.116	-65.7
11.77	-9.273	14.086	-56.4
11.78	-9.279	13.706	-76.0
11.79	-9.285	11.230	-58.1
11.8	-9.291	7.067	-67.4
11.81	-9.297	1.745	-74.8
11.82	-9.304	-4.177	-53.1
11.83	-9.311	-10.186	-66.6
11.84	-9.317	-15.889	-55.5
11.85	-9.324	-21.053	-55.4
11.86	-9.331	-25.573	-65.4
11.87	-9.338	-29.417	-48.9
11.88	-9.345	-32.578	-42.8
11.89	-9.351	-35.080	-63.3
11.9	-9.358	-36.961	-49.6
11.91	-9.365	-38.273	-39.9
11.92	-9.372	-39.080	-50.0
11.93	-9.379	-39.447	-53.8
11.94	-9.386	-39.463	-51.0
11.95	-9.394	-39.234	-36.0
11.96	-9.401	-38.856	-46.0
11.97	-9.409	-38.394	-45.7
11.98	-9.416	-37.839	-30.6
11.99	-9.422	-37.128	-38.6
12.0	-9.431	-36.294	-29.6
12.01	-9.438	-35.422	-28.6
12.02	-9.446	-34.505	-18.5
12.03	-9.454	-33.470	-9.2
12.04	-9.463	-32.341	-3.8
12.05	-9.471	-31.236	2.0
12.06	-9.478	-30.214	-33.8
12.07	-9.485	-29.236	-56.8
12.08	-9.493	-28.266	-43.1
12.09	-9.501	-27.341	-49.8
12.1	-9.509	-26.534	-45.9
12.11	-9.517	-25.872	-42.5
12.12	-9.524	-25.309	-49.1
12.13	-9.531	-24.798	-0.9
12.14	-9.539	-24.330	-55.6
12.15	-9.547	-23.902	81.7
12.16	-9.554	-23.477	323.8
12.17	-9.560	-23.017	332.1
12.18	-9.566	-22.536	175.3
12.19	-9.572	-22.109	-75.9
12.2	-9.579	-21.861	-40.8
12.21	-9.589	-21.895	-13.7
12.22	-9.597	-22.236	-34.5
12.23	-9.606	-22.836	-19.2
12.24	-9.614	-23.659	-30.1
12.25	-9.623	-24.708	-8.2
12.26	-9.627	-25.969	-8.3
12.27	-9.628	-27.384	-6.9
12.28	-9.628	-28.830	4.9
12.29	-9.628	-30.139	11.3
12.3	-9.630	-31.169	14.8
12.31	-9.633	-31.764	27.9
12.32	-9.636	-31.534	42.4
12.33	-9.639	-29.120	59.9
12.34	-9.643	-21.216	71.2
12.35	-9.647	-3.350	99.4
12.36	-9.651	22.784	129.1
12.37	-9.656	43.406	155.2
12.38	-9.661	50.488	195.1
12.39	-9.666	51.113	215.2
12.4	-9.671	51.139	237.4
12.41	-9.678	51.139	224.4
12.42	-9.686	51.139	181.5
12.43	-9.694	51.139	137.6
12.44	-9.703	51.136	78.6
12.45	-9.709	51.081	12.5
12.46	-9.716	49.606	-36.7
12.47	-9.723	42.567	-62.3
12.48	-9.730	28.838	-76.1
12.49	-9.739	13.091	-81.4
12.5	-9.748	-1.178	-92.1
12.51	-9.758	-13.302	-100.5
12.52	-9.768	-23.136	-83.9
12.53	-9.777	-30.825	-92.7
12.54	-9.786	-36.708	-90.1
12.55	-9.796	-41.291	-79.7
12.56	-9.807	-45.208	-77.2
12.57	-9.815	-48.570	-82.1
12.58	-9.822	-50.569	-79.1
12.59	-9.829	-51.109	-66.8
12.6	-9.835	-51.138	-73.1
12.61	-9.842	-51.127	-75.7
12.62	-9.848	-50.655	-60.9
12.63	-9.854	-47.761	-68.7
12.64	-9.861	-40.823	-64.2
12.65	-9.867	-30.855	-47.0
12.66	-9.873	-19.558	-64.4
12.67	-9.878	-8.097	-59.4
12.68	-9.884	2.403	-67.2
12.69	-9.890	11.016	-62.0
12.7	-9.896	17.117	-48.2
12.71	-9.900	20.402	-60.0
12.72	-9.902	20.875	-59.5
12.73	-9.904	18.823	-63.7
12.74	-9.907	14.741	-59.3
12.75	-9.911	9.209	-57.1
12.76	-9.914	2.828	-59.1
12.77	-9.918	-3.852	-58.9
12.78	-9.919	-10.361	-52.3
12.79	-9.921	-16.391	-58.4
12.8	-9.922	-21.795	-55.7
12.81	-9.922	-26.528	-49.1
12.82	-9.921	-30.569	-54.2
12.83	-9.918	-33.870	-49.3
12.84	-9.912	-36.369	-48.1
12.85	-9.906	-38.058	-43.1
12.86	-9.898	-39.023	-40.0
12.87	-9.888	-39.397	-49.3
12.88	-9.876	-39.322	-46.2
12.89	-9.863	-38.920	-44.8
12.9	-9.846	-38.308	-43.3
12.91	-9.828	-37.566	-34.6
12.92	-9.807	-36.727	-30.0
12.93	-9.784	-35.773	-39.1
12.94	-9.761	-34.694	-13.2
12.95	-9.738	-33.498	-5.3
12.96	-9.713	-32.217	-12.1
12.97	-9.690	-30.916	-13.7
12.98	-9.668	-29.667	-34.5
12.99	-9.646	-28.544	-60.2
13.0	-9.625	-27.598	-42.3
13.01	-9.605	-26.819	-43.0
13.02	-9.585	-26.133	-44.1
13.03	-9.565	-25.500	-45.9
13.04	-9.544	-24.930	-59.6
13.05	-9.523	-24.361	2.9
13.06	-9.502	-23.673	-51.7
13.07	-9.481	-22.823	110.7
13.08	-9.458	-21.869	314.8
13.09	-9.436	-20.906	298.1
13.1	-9.414	-20.017	129.5
13.11	-9.395	-19.284	-101.7
13.12	-9.379	-18.823	-44.7
13.13	-9.366	-18.780	-22.4
13.14	-9.354	-19.223	-32.1
13.15	-9.341	-20.067	-20.8
13.16	-9.328	-21.177	-30.5
13.17	-9.313	-22.495	-0.2
13.18	-9.292	-24.047	-15.5
13.19	-9.268	-25.805	-14.0
13.2	-9.242	-27.597	-3.1
13.21	-9.217	-29.166	-1.5
13.22	-9.196	-30.338	9.4
13.23	-9.176	-31.034	18.1
13.24	-9.157	-30.986	36.4
13.25	-9.139	-29.020	47.2
13.26	-9.122	-22.172	68.5
13.27	-9.106	-6.161	84.4
13.28	-9.091	18.913	130.0
13.29	-9.076	41.020	159.8
13.3	-9.061	50.011	185.9
13.31	-9.047	51.114	213.7
13.32	-9.035	51.138	213.1
13.33	-9.023	51.139	223.8
13.34	-9.011	51.139	177.9
13.35	-9.001	51.139	100.4
13.36	-8.991	51.138	58.6
13.37	-8.981	51.128	-12.0
13.38	-8.970	50.420	-54.4
13.39	-8.960	45.269	-66.7
13.4	-8.951	32.711	-82.9
13.41	-8.943	16.373	-89.3
13.42	-8.936	0.833	-92.6
13.43	-8.929	-12.733	-92.2
13.44	-8.921	-24.106	-97.9
13.45	-8.912	-33.272	-91.9
13.46	-8.905	-40.519	-93.2
13.47	-8.898	-46.138	-87.4
13.48	-8.890	-49.683	-85.2
13.49	-8.883	-50.975	-89.2
13.5	-8.876	-51.138	-72.0
13.51	-8.867	-51.141	-73.9
13.52	-8.859	-51.141	-76.7
13.53	-8.849	-51.136	-72.0
13.54	-8.839	-50.878	-72.1
13.55	-8.831	-48.477	-83.3
13.56	-8.824	-41.334	-63.3
13.57	-8.817	-30.058	-61.2
13.58	-8.809	-17.377	-72.4
13.59	-8.802	-5.155	-71.0
13.6	-8.796	5.384	-67.9
13.61	-8.789	13.436	-59.8
13.62	-8.782	18.642	-76.0
13.63	-8.775	20.973	-70.2
13.64	-8.769	20.617	-56.0
13.65	-8.763	17.948	-68.4
13.66	-8.757	13.483	-69.9
13.67	-8.751	7.805	-59.8
13.68	-8.744	1.438	-62.8
13.69	-8.739	-5.188	-66.5
13.7	-8.734	-11.711	-51.5
13.71	-8.728	-17.867	-67.7
13.72	-8.723	-23.466	-62.3
13.73	-8.719	-28.372	-51.1
13.74	-8.714	-32.517	-70.1
13.75	-8.711	-35.877	-62.1
13.76	-8.707	-38.467	-57.0
13.77	-8.703	-40.334	-59.1
13.78	-8.700	-41.561	-45.5
13.79	-8.698	-42.266	-47.2
13.8	-8.696	-42.561	-53.4
13.81	-8.694	-42.538	-58.5
13.82	-8.693	-42.244	-50.2
13.83	-8.691	-41.725	-46.0
13.84	-8.688	-41.019	-65.1
13.85	-8.686	-40.161	-43.8
13.86	-8.683	-39.189	-42.1
13.87	-8.680	-38.148	-51.0
13.88	-8.678	-37.084	-35.3
13.89	-8.676	-36.011	-45.9
13.9	-8.674	-34.919	-44.5
13.91	-8.671	-33.786	-21.4
13.92	-8.668	-32.609	-11.3
13.93	-8.666	-31.417	-32.1
13.94	-8.664	-30.255	-17.3
13.95	-8.663	-29.155	-16.9
13.96	-8.662	-28.153	-45.7
13.97	-8.661	-27.272	-57.3
13.98	-8.659	-26.525	-56.4
13.99	-8.658	-25.919	-56.3
14.0	-8.656	-25.441	-43.0
14.01	-8.655	-25.080	-58.9
14.02	-8.654	-24.809	-18.1
14.03	-8.653	-24.572	-52.7
14.04	-8.651	-24.341	70.9
14.05	-8.649	-24.122	289.5
14.06	-8.648	-23.897	312.3
14.07	-8.646	-23.634	274.8
14.08	-8.643	-23.367	-26.0
14.09	-8.641	-23.195	-72.9
14.1	-8.641	-23.236	-10.2
14.11	-8.640	-23.558	-56.8
14.12	-8.639	-24.158	-29.5
14.13	-8.639	-24.975	-37.8
14.14	-8.638	-25.934	-32.5
14.15	-8.638	-26.981	-28.0
14.16	-8.636	-28.020	-26.1
14.17	-8.634	-28.877	-9.7
14.18	-8.633	-29.416	3.1
14.19	-8.632	-29.505	-27.0
14.2	-8.629	-28.661	9.5
14.21	-8.626	-25.078	24.7
14.22	-8.624	-14.405	27.7
14.23	-8.622	7.750	55.5
14.24	-8.619	33.750	66.4
14.25	-8.617	48.206	101.1
14.26	-8.614	51.041	134.9
14.27	-8.610	51.130	163.9
14.28	-8.606	51.139	177.1
14.29	-8.604	51.139	215.5
14.3	-8.602	51.139	221.7
14.31	-8.599	51.139	189.7
14.32	-8.598	51.139	142.4
14.33	-8.596	51.136	65.3
14.34	-8.594	51.102	9.2
14.35	-8.592	49.944	-34.2
14.36	-8.591	43.611	-57.3
14.37	-8.589	30.452	-88.0
14.38	-8.588	15.064	-106.8
14.39	-8.588	1.334	-102.7
14.4	-8.588	-10.059	-101.3
14.41	-8.588	-18.966	-98.6
14.42	-8.589	-25.408	-100.9
14.43	-8.590	-29.738	-96.8
14.44	-8.591	-32.680	-86.7
14.45	-8.592	-35.173	-91.2
14.46	-8.592	-38.109	-84.5
14.47	-8.592	-41.931	-72.0
14.48	-8.593	-46.184	-82.9
14.49	-8.594	-49.481	-73.3
14.5	-8.594	-50.855	-56.2
14.51	-8.594	-50.417	-78.9
14.52	-8.595	-47.772	-78.3
14.53	-8.596	-42.494	-70.4
14.54	-8.596	-35.234	-75.5
14.55	-8.598	-26.825	-58.4
14.56	-8.599	-18.005	-74.0
14.57	-8.600	-9.508	-72.0
14.58	-8.602	-1.989	-50.8
14.59	-8.603	3.981	-66.6
14.6	-8.603	7.977	-65.5
14.61	-8.603	9.798	-65.6
14.62	-8.604	9.500	-66.9
14.63	-8.606	7.288	-65.1
14.64	-8.607	3.461	-68.2
14.65	-8.607	-1.577	-65.3
14.66	-8.608	-7.339	-64.1
14.67	-8.609	-13.347	-65.1
14.68	-8.608	-19.219	-70.0
14.69	-8.608	-24.684	-63.8
14.7	-8.609	-29.564	-53.3
14.71	-8.611	-33.759	-61.1
14.72	-8.613	-37.230	-57.7
14.73	-8.614	-39.975	-68.0
14.74	-8.614	-42.042	-61.2
14.75	-8.615	-43.522	-54.7
14.76	-8.616	-44.516	-59.8
14.77	-8.617	-45.117	-50.8
14.78	-8.619	-45.417	-63.2
14.79	-8.620	-45.483	-51.6
14.8	-8.621	-45.316	-65.0
14.81	-8.621	-44.923	-57.0
14.82	-8.623	-44.355	-18.2
14.83	-8.623	-43.630	-53.0
14.84	-8.624	-42.745	-57.5
14.85	-8.624	-41.706	-47.9
14.86	-8.626	-40.528	-47.4
14.87	-8.626	-39.234	-46.2
14.88	-8.627	-37.869	-44.0
14.89	-8.627	-36.484	-34.2
14.9	-8.628	-35.108	-35.5
14.91	-8.629	-33.767	-28.8
14.92	-8.629	-32.486	-20.7
14.93	-8.630	-31.294	-18.7
14.94	-8.631	-30.233	-10.0
14.95	-8.630	-29.334	-11.8
14.96	-8.631	-28.588	-47.0
14.97	-8.633	-27.972	-66.0
14.98	-8.634	-27.489	-55.3
14.99	-8.636	-27.169	-54.4
15.0	-8.638	-27.016	-43.4
15.01	-8.639	-27.019	-60.7
15.02	-8.641	-27.139	-21.1
15.03	-8.645	-27.328	-42.9
15.04	-8.648	-27.533	41.4
15.05	-8.648	-27.713	281.5
15.06	-8.646	-27.834	369.0
15.07	-8.646	-27.858	329.6
15.08	-8.646	-27.783	9.4
15.09	-8.648	-27.688	-81.0
15.1	-8.651	-27.703	1.6
15.11	-8.656	-27.936	-39.9
15.12	-8.662	-28.408	-26.4
15.13	-8.668	-29.069	-46.5
15.14	-8.670	-29.870	-29.5
15.15	-8.668	-30.797	-21.4
15.16	-8.665	-31.783	-30.1
15.17	-8.662	-32.655	-17.1
15.18	-8.661	-33.258	-10.9
15.19	-8.661	-33.472	-8.5
15.2	-8.660	-32.895	3.5
15.21	-8.659	-30.091	32.0
15.22	-8.659	-21.391	53.7
15.23	-8.659	-1.511	51.7
15.24	-8.661	26.134	80.5
15.25	-8.664	45.475	116.8
15.26	-8.667	50.847	141.1
15.27	-8.670	51.123	176.5
15.28	-8.672	51.139	212.8
15.29	-8.673	51.139	237.0
15.3	-8.674	51.139	245.3
15.31	-8.675	51.139	217.5
15.32	-8.676	51.139	155.5
15.33	-8.678	51.139	103.3
15.34	-8.679	51.128	37.8
15.35	-8.681	50.623	-30.3
15.36	-8.682	46.245	-57.9
15.37	-8.683	34.456	-91.6
15.38	-8.685	18.328	-96.5
15.39	-8.688	3.019	-86.9
15.4	-8.692	-9.930	-110.7
15.41	-8.696	-20.342	-98.1
15.42	-8.701	-28.188	-84.4
15.43	-8.704	-33.698	-98.0
15.44	-8.709	-37.500	-93.5
15.45	-8.714	-40.550	-98.0
15.46	-8.719	-43.852	-88.7
15.47	-8.724	-47.528	-85.8
15.48	-8.727	-50.180	-77.7
15.49	-8.729	-51.061	-80.1
15.5	-8.732	-51.136	-91.9
15.51	-8.735	-51.136	-77.8
15.52	-8.739	-50.820	-74.7
15.53	-8.742	-48.488	-84.0
15.54	-8.747	-42.430	-79.0
15.55	-8.751	-33.530	-73.9
15.56	-8.754	-23.636	-70.5
15.57	-8.758	-13.859	-69.4
15.58	-8.762	-5.067	-66.9
15.59	-8.765	2.075	-74.4
15.6	-8.768	7.078	-78.6
15.61	-8.771	9.647	-70.1
15.62	-8.774	9.755	-67.0
15.63	-8.777	7.614	-74.4
15.64	-8.780	3.633	-71.1
15.65	-8.783	-1.670	-63.4
15.66	-8.786	-7.744	-75.2
15.67	-8.789	-14.123	-73.0
15.68	-8.793	-20.434	-57.5
15.69	-8.797	-26.308	-71.6
15.7	-8.801	-31.503	-69.6
15.71	-8.806	-36.019	-62.2
15.72	-8.812	-39.892	-67.8
15.73	-8.818	-43.080	-59.7
15.74	-8.825	-45.580	-63.9
15.75	-8.832	-47.464	-63.8
15.76	-8.840	-48.794	-56.8
15.77	-8.848	-49.595	-57.7
15.78	-8.856	-49.950	-51.3
15.79	-8.865	-49.948	-66.9
15.8	-8.875	-49.609	-49.6
15.81	-8.886	-48.923	-40.3
15.82	-8.897	-47.972	-52.2
15.83	-8.908	-46.917	-39.5
15.84	-8.919	-45.814	-52.5
15.85	-8.931	-44.628	-49.4
15.86	-8.942	-43.389	-37.8
15.87	-8.953	-42.172	-43.7
15.88	-8.964	-40.934	-33.0
15.89	-8.974	-39.595	-30.1
15.9	-8.984	-38.212	-22.5
15.91	-8.993	-36.892	-3.1
15.92	-9.002	-35.664	-13.1
15.93	-9.011	-34.494	-12.3
15.94	-9.020	-33.361	-13.8
15.95	-9.030	-32.297	-37.6
15.96	-9.040	-31.325	-54.7
15.97	-9.049	-30.450	-49.6
15.98	-9.059	-29.688	-50.9
15.99	-9.068	-29.064	-36.7
16.0	-9.077	-28.594	-56.7
16.01	-9.086	-28.252	-20.2
16.02	-9.095	-28.020	-46.3
16.03	-9.104	-27.906	8.0
16.04	-9.111	-27.878	284.5
16.05	-9.116	-27.867	357.5
16.06	-9.121	-27.789	296.6
16.07	-9.126	-27.567	25.5
16.08	-9.134	-27.239	-79.7
16.09	-9.143	-26.991	-14.7
16.1	-9.150	-27.047	-37.7
16.11	-9.158	-27.481	-12.9
16.12	-9.165	-28.184	-28.4
16.13	-9.171	-29.045	-34.4
16.14	-9.177	-30.067	-11.2
16.15	-9.181	-31.302	-10.5
16.16	-9.186	-32.616	-16.8
16.17	-9.189	-33.738	0.3
16.18	-9.194	-34.520	5.9
16.19	-9.197	-34.884	18.3
16.2	-9.199	-34.309	28.7
16.21	-9.201	-30.827	42.1
16.22	-9.204	-19.919	68.8
16.23	-9.207	3.144	80.9
16.24	-9.212	31.098	108.6
16.25	-9.217	47.472	129.3
16.26	-9.222	51.000	161.3
16.27	-9.227	51.130	216.5
16.28	-9.233	51.139	226.3
16.29	-9.239	51.139	224.6
16.3	-9.244	51.139	201.7
16.31	-9.250	51.139	160.9
16.32	-9.256	51.139	100.8
16.33	-9.263	51.136	27.5
16.34	-9.269	51.072	-20.7
16.35	-9.276	49.384	-51.3
16.36	-9.283	41.400	-79.9
16.37	-9.289	25.997	-84.8
16.38	-9.297	8.536	-90.8
16.39	-9.306	-7.109	-110.8
16.4	-9.314	-20.277	-83.6
16.41	-9.322	-30.797	-92.8
16.42	-9.331	-38.814	-102.3
16.43	-9.339	-44.752	-77.0
16.44	-9.348	-48.766	-81.8
16.45	-9.354	-50.686	-86.6
16.46	-9.361	-51.120	-79.3
16.47	-9.367	-51.139	-70.8
16.48	-9.374	-51.141	-75.9
16.49	-9.381	-51.141	-71.2
16.5	-9.386	-51.138	-64.4
16.51	-9.393	-51.081	-62.7
16.52	-9.401	-49.831	-72.5
16.53	-9.409	-44.486	-71.4
16.54	-9.417	-34.311	-58.9
16.55	-9.424	-22.066	-67.7
16.56	-9.432	-10.069	-61.4
16.57	-9.438	0.623	-58.2
16.58	-9.443	9.234	-65.8
16.59	-9.449	15.180	-44.9
16.6	-9.456	18.130	-49.8
16.61	-9.461	18.123	-63.5
16.62	-9.467	15.500	-58.0
16.63	-9.474	10.727	-59.1
16.64	-9.480	4.408	-54.4
16.65	-9.486	-2.758	-72.3
16.66	-9.492	-10.117	-51.2
16.67	-9.497	-17.192	-49.0
16.68	-9.502	-23.688	-62.6
16.69	-9.509	-29.441	-44.3
16.7	-9.516	-34.397	-50.7
16.71	-9.523	-38.548	-44.9
16.72	-9.529	-41.944	-48.5
16.73	-9.537	-44.658	-52.3
16.74	-9.545	-46.720	-52.2
16.75	-9.552	-48.103	-50.6
16.76	-9.559	-48.834	-38.1
16.77	-9.564	-49.061	-45.3
16.78	-9.570	-48.959	-42.9
16.79	-9.576	-48.603	-26.7
16.8	-9.581	-47.992	-37.2
16.81	-9.588	-47.170	-53.4
16.82	-9.595	-46.153	-21.7
16.83	-9.603	-44.911	-14.9
16.84	-9.609	-43.448	-22.3
16.85	-9.617	-41.834	-14.6
16.86	-9.624	-40.122	5.8
16.87	-9.633	-38.317	-9.3
16.88	-9.643	-36.456	-21.0
16.89	-9.654	-34.641	-23.7
16.9	-9.664	-32.978	-48.8
16.91	-9.674	-31.520	-33.9
16.92	-9.683	-30.291	-47.3
16.93	-9.693	-29.298	-31.7
16.94	-9.702	-28.520	-56.3
16.95	-9.711	-27.875	-13.6
16.96	-9.719	-27.244	-13.8
16.97	-9.729	-26.559	-24.4
16.98	-9.737	-25.839	251.5
16.99	-9.743	-25.072	346.1
17.0	-9.749	-24.225	251.5
17.01	-9.756	-23.359	17.3
17.02	-9.765	-22.656	-85.3
17.03	-9.774	-22.322	-10.8
17.04	-9.784	-22.475	-29.1
17.05	-9.792	-23.097	-18.6
17.06	-9.799	-24.064	-18.3
17.07	-9.805	-25.258	-14.7
17.08	-9.809	-26.613	-12.6
17.09	-9.811	-28.103	-2.3
17.1	-9.809	-29.686	4.8
17.11	-9.809	-31.244	5.8
17.12	-9.810	-32.625	5.0
17.13	-9.813	-33.716	27.9
17.14	-9.816	-34.341	39.6
17.15	-9.818	-33.909	44.0
17.16	-9.818	-30.594	69.0
17.17	-9.818	-20.484	79.0
17.18	-9.819	0.798	118.6
17.19	-9.821	28.200	145.6
17.2	-9.824	46.200	163.5
17.21	-9.827	50.898	222.8
17.22	-9.831	51.127	243.9
17.23	-9.834	51.139	239.1
17.24	-9.838	51.139	220.6
17.25	-9.842	51.139	166.6
17.26	-9.846	51.139	100.2
17.27	-9.850	51.139	35.0
17.28	-9.853	51.127	-18.7
17.29	-9.856	50.725	-47.3
17.3	-9.861	46.570	-63.3
17.31	-9.867	34.239	-76.5
17.32	-9.878	16.244	-88.4
17.33	-9.888	-1.502	-89.3
17.34	-9.893	-16.877	-83.8
17.35	-9.898	-29.734	-80.0
17.36	-9.903	-40.111	-76.7
17.37	-9.909	-47.297	-83.0
17.38	-9.913	-50.503	-72.7
17.39	-9.917	-51.119	-77.5
17.4	-9.920	-51.139	-73.7
17.41	-9.922	-51.141	-75.2
17.42	-9.924	-51.141	-61.8
17.43	-9.927	-51.141	-58.6
17.44	-9.929	-51.141	-65.0
17.45	-9.933	-51.133	-49.8
17.46	-9.936	-50.748	-73.3
17.47	-9.940	-47.258	-41.6
17.48	-9.943	-37.264	-35.1
17.49	-9.944	-22.358	-62.3
17.5	-9.943	-6.747	-60.9
17.51	-9.941	7.320	-53.9
17.52	-9.939	18.594	-49.7
17.53	-9.938	26.214	-70.1
17.54	-9.937	29.895	-55.7
17.55	-9.936	29.853	-53.1
17.56	-9.937	26.641	-53.7
17.57	-9.938	20.995	-51.9
17.58	-9.938	13.711	-51.1
17.59	-9.940	5.530	-36.2
17.6	-9.943	-2.913	-52.0
17.61	-9.945	-11.170	-56.2
17.62	-9.947	-18.944	-39.6
17.63	-9.948	-25.992	-45.7
17.64	-9.949	-32.148	-50.8
17.65	-9.951	-37.336	-41.4
17.66	-9.951	-41.597	-50.0
17.67	-9.951	-44.967	-51.7
17.68	-9.952	-47.433	-32.1
17.69	-9.952	-49.045	-45.0
17.7	-9.951	-49.914	-44.9
17.71	-9.951	-50.128	-40.2
17.72	-9.951	-49.767	-39.6
17.73	-9.952	-48.945	-12.5
17.74	-9.953	-47.778	-13.7
17.75	-9.954	-46.353	-14.5
17.76	-9.954	-44.780	-4.1
17.77	-9.956	-43.155	-15.2
17.78	-9.958	-41.495	-41.3
17.79	-9.959	-39.753	-50.3
17.8	-9.961	-37.858	-61.2
17.81	-9.961	-36.089	-55.6
17.82	-9.960	-34.486	-53.0
17.83	-9.957	-32.725	-48.1
17.84	-9.949	-31.002	-43.7
17.85	-9.935	-29.580	-2.7
17.86	-9.918	-28.505	-55.4
17.87	-9.897	-27.489	55.8
17.88	-9.873	-26.197	301.3
17.89	-9.848	-24.741	303.3
17.9	-9.827	-23.317	155.6
17.91	-9.812	-22.019	-79.6
17.92	-9.800	-20.906	-55.6
17.93	-9.789	-20.147	-13.8
17.94	-9.774	-19.911	-41.1
17.95	-9.756	-20.208	-5.2
17.96	-9.738	-20.977	-36.4
17.97	-9.717	-22.153	-15.4
17.98	-9.689	-23.648	4.7
17.99	-9.658	-25.364	-13.9
18.0	-9.623	-27.195	8.5
18.01	-9.591	-28.961	7.1
18.02	-9.561	-30.430	-8.0
18.03	-9.533	-31.453	23.5
18.04	-9.506	-31.936	48.7
18.05	-9.481	-31.314	44.7
18.06	-9.456	-27.578	56.3
18.07	-9.433	-16.727	93.5
18.08	-9.411	5.008	109.2
18.09	-9.389	31.273	141.3
18.1	-9.368	47.238	180.1
18.11	-9.348	50.977	201.9
18.12	-9.328	51.131	228.7
18.13	-9.308	51.139	232.0
18.14	-9.289	51.139	194.0
18.15	-9.271	51.139	132.2
18.16	-9.255	51.139	59.7
18.17	-9.238	51.138	-18.7
18.18	-9.221	51.125	-42.7
18.19	-9.205	50.281	-51.0
18.2	-9.191	44.236	-85.8
18.21	-9.180	29.656	-89.2
18.22	-9.169	10.853	-84.1
18.23	-9.159	-6.858	-91.2
18.24	-9.148	-22.161	-80.7
18.25	-9.136	-34.934	-96.4
18.26	-9.124	-44.575	-94.0
18.27	-9.113	-49.725	-78.4
18.28	-9.100	-51.061	-96.8
18.29	-9.087	-51.136	-75.0
18.3	-9.075	-51.141	-64.1
18.31	-9.063	-51.141	-77.4
18.32	-9.051	-51.141	-80.5
18.33	-9.037	-51.141	-77.2
18.34	-9.024	-51.139	-61.9
18.35	-9.012	-51.130	-59.4
18.36	-9.001	-50.458	-68.0
18.37	-8.991	-45.652	-74.8
18.38	-8.981	-33.780	-66.0
18.39	-8.970	-17.736	-71.9
18.4	-8.957	-1.866	-78.2
18.41	-8.946	11.902	-64.2
18.42	-8.935	22.441	-71.0
18.43	-8.924	29.048	-67.3
18.44	-8.913	31.613	-65.4
18.45	-8.902	30.514	-69.5
18.46	-8.892	26.438	-69.6
18.47	-8.881	20.191	-62.2
18.48	-8.871	12.555	-55.9
18.49	-8.861	4.200	-63.4
18.5	-8.849	-4.331	-67.4
18.51	-8.838	-12.589	-60.7
18.52	-8.828	-20.267	-74.8
18.53	-8.819	-27.180	-74.4
18.54	-8.811	-33.206	-52.3
18.55	-8.804	-38.278	-62.5
18.56	-8.796	-42.402	-68.3
18.57	-8.788	-45.630	-50.9
18.58	-8.780	-48.002	-48.6
18.59	-8.772	-49.544	-60.2
18.6	-8.764	-50.309	-49.8
18.61	-8.756	-50.397	-45.9
18.62	-8.750	-49.973	-65.8
18.63	-8.744	-49.177	-59.6
18.64	-8.739	-48.081	-57.1
18.65	-8.733	-46.811	-54.8
18.66	-8.728	-45.506	-30.4
18.67	-8.722	-44.217	-34.1
18.68	-8.717	-42.895	-36.2
18.69	-8.713	-41.492	-22.3
18.7	-8.709	-40.009	-23.8
18.71	-8.706	-38.438	-10.3
18.72	-8.701	-36.783	-31.6
18.73	-8.697	-35.120	-50.5
18.74	-8.693	-33.561	-54.2
18.75	-8.689	-32.147	-57.5
18.76	-8.686	-30.884	-53.7
18.77	-8.684	-29.813	-65.3
18.78	-8.681	-28.961	-60.5
18.79	-8.678	-28.303	-37.8
18.8	-8.675	-27.770	-22.0
18.81	-8.671	-27.280	-62.1
18.82	-8.665	-26.756	150.3
18.83	-8.658	-26.158	319.0
18.84	-8.651	-25.472	314.0
18.85	-8.644	-24.688	136.2
18.86	-8.638	-23.828	-114.4
18.87	-8.634	-23.053	-41.2
18.88	-8.631	-22.556	-21.0
18.89	-8.627	-22.448	-57.5
18.9	-8.624	-22.802	-41.9
18.91	-8.621	-23.611	-41.2
18.92	-8.617	-24.727	-47.1
18.93	-8.612	-25.972	-18.1
18.94	-8.607	-27.211	-11.0
18.95	-8.603	-28.295	-30.4
18.96	-8.599	-29.053	-4.5
18.97	-8.594	-29.209	4.7
18.98	-8.589	-27.863	5.1
18.99	-8.583	-22.372	25.4
19.0	-8.577	-7.605	32.3
19.01	-8.571	17.823	44.9
19.02	-8.566	40.914	69.8
19.03	-8.560	50.089	95.1
19.04	-8.556	51.113	133.6
19.05	-8.552	51.139	169.5
19.06	-8.549	51.139	179.6
19.07	-8.546	51.139	195.5
19.08	-8.543	51.139	215.0
19.09	-8.539	51.139	174.7
19.1	-8.537	51.139	100.6
19.11	-8.534	51.138	45.8
19.12	-8.533	51.127	-17.0
19.13	-8.531	50.338	-59.9
19.14	-8.529	44.602	-68.5
19.15	-8.527	30.727	-97.3
19.16	-8.525	12.992	-113.5
19.17	-8.524	-3.323	-95.7
19.18	-8.523	-16.906	-104.4
19.19	-8.523	-27.580	-106.9
19.2	-8.522	-35.450	-87.9
19.21	-8.521	-41.005	-92.8
19.22	-8.519	-45.034	-110.7
19.23	-8.518	-48.209	-101.4
19.24	-8.518	-50.302	-95.2
19.25	-8.518	-51.055	-91.9
19.26	-8.519	-51.139	-90.3
19.27	-8.519	-51.141	-93.7
19.28	-8.520	-51.141	-84.4
19.29	-8.521	-51.134	-90.5
19.3	-8.523	-50.816	-88.9
19.31	-8.524	-48.188	-68.6
19.32	-8.523	-41.002	-81.7
19.33	-8.522	-30.408	-83.9
19.34	-8.521	-19.075	-71.1
19.35	-8.521	-8.370	-78.9
19.36	-8.522	0.891	-67.4
19.37	-8.523	8.053	-75.7
19.38	-8.524	12.675	-86.0
19.39	-8.525	14.552	-76.0
19.4	-8.525	13.758	-71.1
19.41	-8.526	10.659	-73.9
19.42	-8.526	5.792	-87.0
19.43	-8.527	-0.275	-66.2
19.44	-8.528	-6.984	-79.8
19.45	-8.528	-13.858	-76.0
19.46	-8.527	-20.561	-58.1
19.47	-8.527	-26.838	-66.8
19.48	-8.529	-32.456	-62.2
19.49	-8.531	-37.281	-69.9
19.5	-8.533	-41.280	-60.4
19.51	-8.534	-44.447	-66.1
19.52	-8.535	-46.764	-70.7
19.53	-8.535	-48.280	-69.2
19.54	-8.536	-49.153	-60.1
19.55	-8.536	-49.539	-55.2
19.56	-8.536	-49.561	-63.1
19.57	-8.537	-49.328	-47.8
19.58	-8.537	-48.916	-60.7
19.59	-8.538	-48.369	-52.1
19.6	-8.539	-47.709	-42.6
19.61	-8.541	-46.911	-48.2
19.62	-8.541	-45.911	-36.7
19.63	-8.541	-44.645	-32.4
19.64	-8.542	-43.120	-29.6
19.65	-8.543	-41.403	-15.8
19.66	-8.543	-39.598	-18.4
19.67	-8.544	-37.837	-42.5
19.68	-8.546	-36.208	-52.6
19.69	-8.547	-34.719	-60.2
19.7	-8.550	-33.320	-66.4
19.71	-8.551	-32.019	-62.6
19.72	-8.552	-30.863	-52.6
19.73	-8.553	-29.867	-61.6
19.74	-8.555	-29.006	-11.8
19.75	-8.557	-28.234	-60.4
19.76	-8.558	-27.488	85.7
19.77	-8.558	-26.713	318.7
19.78	-8.558	-25.911	366.3
19.79	-8.558	-25.114	277.4
19.8	-8.559	-24.359	-43.8
19.81	-8.562	-23.767	-71.3
19.82	-8.566	-23.536	-28.7
19.83	-8.568	-23.784	-42.9
19.84	-8.570	-24.498	-27.9
19.85	-8.571	-25.616	-40.2
19.86	-8.570	-27.053	-31.4
19.87	-8.570	-28.669	-35.9
19.88	-8.571	-30.273	-26.7
19.89	-8.572	-31.655	-21.3
19.9	-8.574	-32.639	-9.2
19.91	-8.576	-32.984	1.8
19.92	-8.578	-31.948	6.7
19.93	-8.578	-27.248	24.3
19.94	-8.575	-14.031	35.9
19.95	-8.572	10.947	56.8
19.96	-8.571	36.917	85.0
19.97	-8.570	49.267	111.1
19.98	-8.568	51.108	155.4
19.99	-8.567	51.134	181.8
20.0	-8.566	51.139	214.8
20.01	-8.565	51.139	242.8
20.02	-8.565	51.139	222.2
20.03	-8.565	51.139	218.8
20.04	-8.564	51.139	170.3
20.05	-8.563	51.136	73.2
20.06	-8.564	51.106	1.2
20.07	-8.564	49.913	-38.0
20.08	-8.563	42.869	-77.7
20.09	-8.563	27.659	-99.5
20.1	-8.564	9.492	-95.1
20.11	-8.565	-6.813	-116.5
20.12	-8.566	-20.259	-121.3
20.13	-8.567	-30.639	-107.4
20.14	-8.568	-38.045	-109.8
20.15	-8.569	-42.930	-103.5
20.16	-8.571	-46.089	-99.4
20.17	-8.574	-48.434	-89.5
20.18	-8.576	-50.189	-92.3
20.19	-8.578	-51.003	-97.5
20.2	-8.578	-51.138	-93.6
20.21	-8.579	-51.141	-101.9
20.22	-8.579	-51.141	-92.2
20.23	-8.580	-51.136	-93.4
20.24	-8.581	-51.019	-83.5
20.25	-8.582	-49.473	-87.3
20.26	-8.584	-44.123	-83.7
20.27	-8.586	-35.108	-65.1
20.28	-8.587	-24.853	-82.3
20.29	-8.588	-14.898	-83.3
20.3	-8.588	-6.044	-82.2
20.31	-8.588	1.050	-82.1
20.32	-8.589	5.917	-77.1
20.33	-8.589	8.336	-85.3
20.34	-8.591	8.338	-80.6
20.35	-8.592	6.148	-68.6
20.36	-8.594	2.073	-71.9
20.37	-8.597	-3.505	-81.5
20.38	-8.599	-10.003	-76.1
20.39	-8.602	-16.781	-84.3
20.4	-8.604	-23.380	-84.7
20.41	-8.606	-29.533	-44.8
20.42	-8.607	-35.080	-62.9
20.43	-8.608	-39.909	-70.1
20.44	-8.610	-43.913	-58.7
20.45	-8.611	-47.080	-56.4
20.46	-8.613	-49.411	-62.3
20.47	-8.614	-50.719	-64.6
20.48	-8.616	-51.106	-54.6
20.49	-8.617	-51.139	-62.6
20.5	-8.618	-51.141	-63.9
20.51	-8.619	-51.141	-44.9
20.52	-8.621	-51.131	-48.2
20.53	-8.623	-50.980	-54.6
20.54	-8.624	-50.370	-55.3
20.55	-8.626	-49.227	-44.9
20.56	-8.628	-47.786	-26.2
20.57	-8.629	-46.170	-29.3
20.58	-8.631	-44.402	-23.7
20.59	-8.633	-42.561	-17.2
20.6	-8.634	-40.742	-19.3
20.61	-8.638	-38.981	-6.2
20.62	-8.641	-37.292	-16.0
20.63	-8.646	-35.694	-45.8
20.64	-8.650	-34.200	-59.5
20.65	-8.654	-32.794	-55.2
20.66	-8.658	-31.453	-61.5
20.67	-8.661	-30.256	-37.5
20.68	-8.663	-29.305	-53.0
20.69	-8.666	-28.586	-35.0
20.7	-8.669	-28.070	-37.9
20.71	-8.673	-27.702	-45.1
20.72	-8.675	-27.311	236.5
20.73	-8.674	-26.819	392.2
20.74	-8.671	-26.338	390.2
20.75	-8.668	-25.967	128.3
20.76	-8.668	-25.750	-101.6
20.77	-8.672	-25.769	-23.5
20.78	-8.681	-26.095	-50.1
20.79	-8.690	-26.697	-50.2
20.8	-8.699	-27.523	-42.5
20.81	-8.704	-28.600	-34.6
20.82	-8.706	-29.953	-29.5
20.83	-8.704	-31.416	-23.1
20.84	-8.700	-32.350	-20.7
20.85	-8.696	-33.091	-17.1
20.86	-8.692	-34.648	-2.8
20.87	-8.688	-35.545	-3.9
20.88	-8.683	-33.505	6.2
20.89	-8.678	-27.105	28.3
20.9	-8.673	-12.948	46.9
20.91	-8.669	12.117	66.3
20.92	-8.668	37.680	97.8
20.93	-8.669	49.461	128.1
20.94	-8.671	51.105	163.2
20.95	-8.674	51.136	203.0
20.96	-8.678	51.139	238.3
20.97	-8.681	51.139	253.0
20.98	-8.686	51.139	229.9
20.99	-8.691	51.139	184.8
21.0	-8.697	51.139	108.0
21.01	-8.703	51.128	52.8
21.02	-8.707	50.631	-12.4
21.03	-8.713	45.992	-68.7
21.04	-8.718	33.000	-78.5
21.05	-8.724	14.808	-90.2
21.06	-8.732	-2.605	-119.0
21.07	-8.742	-17.283	-102.7
21.08	-8.751	-29.005	-90.4
21.09	-8.761	-37.752	-103.7
21.1	-8.771	-43.831	-100.7
21.11	-8.783	-47.847	-94.3
21.12	-8.795	-50.155	-94.2
21.13	-8.808	-51.013	-90.9
21.14	-8.819	-51.138	-83.9
21.15	-8.831	-51.141	-93.6
21.16	-8.842	-51.141	-87.3
21.17	-8.854	-51.141	-64.9
21.18	-8.864	-51.139	-65.7
21.19	-8.874	-51.120	-75.6
21.2	-8.884	-50.497	-76.8
21.21	-8.894	-46.973	-72.3
21.22	-8.904	-39.092	-65.5
21.23	-8.912	-28.703	-67.3
21.24	-8.922	-18.033	-69.4
21.25	-8.931	-8.144	-76.6
21.26	-8.939	0.122	-69.5
21.27	-8.946	6.108	-56.1
21.28	-8.953	9.441	-75.5
21.29	-8.961	10.091	-68.9
21.3	-8.969	8.252	-59.7
21.31	-8.976	4.261	-55.8
21.32	-8.984	-1.289	-50.9
21.33	-8.991	-7.728	-59.3
21.34	-8.996	-14.508	-60.3
21.35	-9.002	-21.109	-66.2
21.36	-9.008	-27.139	-50.3
21.37	-9.014	-32.458	-46.0
21.38	-9.021	-37.053	-63.1
21.39	-9.029	-40.922	-48.5
21.4	-9.036	-44.056	-45.9
21.41	-9.043	-46.498	-47.5
21.42	-9.049	-48.338	-37.5
21.43	-9.055	-49.636	-49.2
21.44	-9.062	-50.416	-59.8
21.45	-9.069	-50.694	-40.7
21.46	-9.078	-50.509	-56.6
21.47	-9.085	-49.953	-44.0
21.48	-9.092	-49.186	-35.1
21.49	-9.100	-48.283	-33.3
21.5	-9.107	-47.231	-28.7
21.51	-9.115	-46.075	-47.2
21.52	-9.123	-44.859	-30.3
21.53	-9.129	-43.552	-18.8
21.54	-9.135	-42.111	-13.1
21.55	-9.143	-40.558	-5.4
21.56	-9.151	-38.970	-23.5
21.57	-9.159	-37.416	-52.9
21.58	-9.166	-35.931	-58.5
21.59	-9.172	-34.519	-53.1
21.6	-9.179	-33.173	-63.3
21.61	-9.185	-31.919	-36.9
21.62	-9.192	-30.764	-67.5
21.63	-9.200	-29.688	-41.9
21.64	-9.209	-28.647	-42.7
21.65	-9.218	-27.597	-39.5
21.66	-9.226	-26.556	237.0
21.67	-9.233	-25.627	333.8
21.68	-9.239	-24.869	294.7
21.69	-9.243	-24.270	55.2
21.7	-9.249	-23.870	-120.3
21.71	-9.256	-23.772	-12.5
21.72	-9.264	-24.063	-37.2
21.73	-9.272	-24.756	-42.0
21.74	-9.281	-25.786	-17.9
21.75	-9.290	-27.045	-22.3
21.76	-9.297	-28.466	-30.0
21.77	-9.303	-30.030	-3.5
21.78	-9.306	-31.614	-4.2
21.79	-9.311	-33.017	-9.7
21.8	-9.315	-34.130	10.7
21.81	-9.318	-34.856	11.9
21.82	-9.320	-34.831	20.1
21.83	-9.323	-32.711	45.3
21.84	-9.328	-25.036	55.5
21.85	-9.332	-6.594	79.2
21.86	-9.338	21.236	108.9
21.87	-9.342	43.211	133.5
21.88	-9.346	50.533	168.3
21.89	-9.351	51.111	204.5
21.9	-9.355	51.139	211.9
21.91	-9.360	51.139	221.4
21.92	-9.366	51.139	216.5
21.93	-9.373	51.139	175.0
21.94	-9.381	51.139	93.1
21.95	-9.390	51.134	33.8
21.96	-9.399	51.038	-14.8
21.97	-9.408	48.872	-49.2
21.98	-9.416	39.711	-66.1
21.99	-9.423	23.191	-96.8
22.0	-9.431	5.205	-79.6
22.01	-9.438	-10.581	-100.8
22.02	-9.447	-23.694	-102.7
22.03	-9.456	-34.058	-87.3
22.04	-9.465	-41.783	-89.6
22.05	-9.474	-47.130	-77.9
22.06	-9.482	-50.089	-99.6
22.07	-9.491	-51.038	-83.2
22.08	-9.500	-51.139	-78.0
22.09	-9.508	-51.141	-85.2
22.1	-9.514	-51.141	-78.8
22.11	-9.521	-51.141	-81.0
22.12	-9.529	-51.139	-84.2
22.13	-9.537	-51.097	-70.2
22.14	-9.545	-50.031	-51.7
22.15	-9.552	-45.002	-75.7
22.16	-9.558	-34.753	-72.3
22.17	-9.563	-21.906	-79.5
22.18	-9.568	-9.128	-78.4
22.19	-9.572	2.322	-59.8
22.2	-9.577	11.553	-90.0
22.21	-9.582	17.872	-62.9
22.22	-9.587	20.870	-61.9
22.23	-9.592	20.561	-82.5
22.24	-9.599	17.359	-68.5
22.25	-9.605	11.938	-55.6
22.26	-9.611	5.072	-72.4
22.27	-9.617	-2.514	-60.9
22.28	-9.623	-10.216	-59.2
22.29	-9.627	-17.573	-71.1
22.3	-9.632	-24.295	-54.0
22.31	-9.636	-30.239	-57.9
22.32	-9.642	-35.353	-63.4
22.33	-9.648	-39.625	-51.9
22.34	-9.656	-43.025	-67.2
22.35	-9.665	-45.538	-64.8
22.36	-9.674	-47.234	-42.3
22.37	-9.679	-48.258	-54.5
22.38	-9.685	-48.723	-56.2
22.39	-9.692	-48.708	-44.0
22.4	-9.699	-48.291	-44.5
22.41	-9.707	-47.570	-44.9
22.42	-9.714	-46.603	-35.0
22.43	-9.723	-45.433	-36.4
22.44	-9.730	-44.092	-15.5
22.45	-9.738	-42.625	-3.6
22.46	-9.746	-41.105	-21.4
22.47	-9.754	-39.597	-14.6
22.48	-9.762	-38.145	-15.8
22.49	-9.769	-36.733	-33.8
22.5	-9.777	-35.313	-59.3
22.51	-9.786	-33.925	-65.1
22.52	-9.793	-32.670	-45.9
22.53	-9.801	-31.570	-39.7
22.54	-9.810	-30.533	-57.5
22.55	-9.819	-29.484	-31.2
22.56	-9.828	-28.463	-21.4
22.57	-9.835	-27.536	-41.0
22.58	-9.841	-26.647	186.5
22.59	-9.844	-25.655	325.5
22.6	-9.846	-24.566	261.6
22.61	-9.849	-23.538	55.7
22.62	-9.854	-22.673	-119.2
22.63	-9.860	-22.039	-24.8
22.64	-9.866	-21.794	-13.4
22.65	-9.871	-22.041	-32.9
22.66	-9.877	-22.689	-17.8
22.67	-9.881	-23.631	-22.9
22.68	-9.881	-24.870	-29.3
22.69	-9.875	-26.456	-2.3
22.7	-9.867	-28.320	-8.8
22.71	-9.859	-30.214	0.3
22.72	-9.854	-31.873	15.9
22.73	-9.850	-33.127	13.5
22.74	-9.846	-33.848	28.1
22.75	-9.841	-33.656	33.4
22.76	-9.834	-31.078	57.8
22.77	-9.826	-22.584	74.7
22.78	-9.816	-3.484	103.6
22.79	-9.804	23.755	147.0
22.8	-9.791	44.230	164.4
22.81	-9.774	50.669	187.9
22.82	-9.753	51.116	214.7
22.83	-9.729	51.139	235.6
22.84	-9.703	51.139	212.0
22.85	-9.676	51.139	152.6
22.86	-9.648	51.139	110.6
22.87	-9.621	51.139	47.9
22.88	-9.595	51.127	-18.5
22.89	-9.571	50.559	-48.2
22.9	-9.551	45.630	-85.4
22.91	-9.536	32.289	-70.4
22.92	-9.523	13.875	-79.3
22.93	-9.511	-3.847	-103.4
22.94	-9.498	-19.119	-90.3
22.95	-9.483	-31.770	-88.8
22.96	-9.470	-41.730	-82.8
22.97	-9.458	-48.197	-94.7
22.98	-9.445	-50.747	-87.3
22.99	-9.431	-51.131	-68.1
23.0	-9.415	-51.139	-78.8
23.01	-9.399	-51.141	-66.3
23.02	-9.383	-51.141	-79.1
23.03	-9.365	-51.141	-62.3
23.04	-9.348	-51.141	-54.4
23.05	-9.331	-51.133	-68.5
23.06	-9.316	-50.694	-56.1
23.07	-9.301	-47.027	-58.4
23.08	-9.287	-36.923	-69.6
23.09	-9.273	-22.027	-70.4
23.1	-9.259	-6.333	-75.8
23.11	-9.245	7.880	-72.0
23.12	-9.231	19.244	-66.5
23.13	-9.218	26.888	-63.5
23.14	-9.204	30.513	-65.1
23.15	-9.191	30.350	-68.2
23.16	-9.177	26.997	-57.0
23.17	-9.163	21.223	-60.8
23.18	-9.149	13.797	-64.7
23.19	-9.134	5.400	-64.4
23.2	-9.121	-3.369	-48.5
23.21	-9.107	-11.980	-43.9
23.22	-9.096	-20.025	-68.4
23.23	-9.085	-27.252	-62.9
23.24	-9.074	-33.563	-63.1
23.25	-9.064	-38.911	-56.6
23.26	-9.054	-43.189	-53.5
23.27	-9.044	-46.322	-48.6
23.28	-9.033	-48.413	-47.5
23.29	-9.021	-49.669	-50.0
23.3	-9.009	-50.214	-63.3
23.31	-8.997	-50.080	-50.3
23.32	-8.986	-49.347	-39.5
23.33	-8.974	-48.197	-43.2
23.34	-8.964	-46.811	-23.1
23.35	-8.953	-45.313	-12.5
23.36	-8.943	-43.772	-15.0
23.37	-8.933	-42.203	-27.2
23.38	-8.925	-40.638	-19.7
23.39	-8.918	-39.131	-18.9
23.4	-8.910	-37.688	-55.7
23.41	-8.902	-36.294	-64.9
23.42	-8.896	-34.978	-55.2
23.43	-8.889	-33.756	-66.6
23.44	-8.884	-32.605	-45.3
23.45	-8.879	-31.483	-53.1
23.46	-8.874	-30.325	-21.1
23.47	-8.869	-29.125	-48.9
23.48	-8.863	-27.967	38.0
23.49	-8.856	-26.878	274.9
23.5	-8.848	-25.764	313.0
23.51	-8.839	-24.559	228.1
23.52	-8.831	-23.341	-46.7
23.53	-8.824	-22.297	-92.5
23.54	-8.819	-21.652	-25.5
23.55	-8.813	-21.536	-51.5
23.56	-8.808	-21.941	-36.5
23.57	-8.802	-22.784	-33.3
23.58	-8.797	-23.997	-30.7
23.59	-8.791	-25.542	-29.6
23.6	-8.783	-27.286	-19.4
23.61	-8.774	-28.956	-19.8
23.62	-8.765	-30.325	-14.0
23.63	-8.756	-31.234	-3.2
23.64	-8.745	-31.439	9.8
23.65	-8.736	-30.181	16.0
23.66	-8.726	-25.073	20.1
23.67	-8.717	-11.236	39.6
23.68	-8.710	13.766	63.3
23.69	-8.704	38.469	84.8
23.7	-8.697	49.573	113.2
23.71	-8.692	51.108	158.4
23.72	-8.687	51.136	196.2
23.73	-8.681	51.139	205.8
23.74	-8.676	51.139	193.8
23.75	-8.671	51.139	180.2
23.76	-8.667	51.139	132.4
23.77	-8.662	51.139	56.0
23.78	-8.660	51.127	8.9
23.79	-8.659	50.878	-37.2
23.8	-8.658	47.506	-79.4
23.81	-8.656	36.345	-80.8
23.82	-8.654	19.131	-104.4
23.83	-8.655	1.911	-99.3
23.84	-8.656	-12.858	-103.7
23.85	-8.656	-24.975	-99.2
23.86	-8.654	-34.462	-86.1
23.87	-8.652	-41.583	-102.9
23.88	-8.649	-46.730	-93.7
23.89	-8.648	-49.848	-89.1
23.9	-8.648	-50.988	-92.3
23.91	-8.646	-51.139	-86.9
23.92	-8.646	-51.141	-87.5
23.93	-8.646	-51.141	-80.8
23.94	-8.645	-51.141	-86.3
23.95	-8.645	-51.136	-88.7
23.96	-8.644	-50.886	-84.5
23.97	-8.643	-48.477	-74.6
23.98	-8.641	-41.252	-58.4
23.99	-8.639	-30.013	-68.0
24.0	-8.638	-17.770	-72.9
24.01	-8.636	-6.286	-74.4
24.02	-8.636	3.519	-73.5
24.03	-8.637	11.013	-60.5
24.04	-8.637	15.766	-71.8
24.05	-8.636	17.603	-73.8
24.06	-8.634	16.689	-84.5
24.07	-8.633	13.417	-83.5
24.08	-8.629	8.239	-60.8
24.09	-8.627	1.691	-61.7
24.1	-8.626	-5.572	-73.2
24.11	-8.623	-12.973	-70.3
24.12	-8.622	-20.114	-63.8
24.13	-8.621	-26.722	-57.2
24.14	-8.620	-32.589	-66.7
24.15	-8.619	-37.569	-61.5
24.16	-8.620	-41.614	-61.1
24.17	-8.619	-44.758	-64.3
24.18	-8.619	-47.033	-63.5
24.19	-8.619	-48.469	-58.2
24.2	-8.619	-49.192	-55.7
24.21	-8.617	-49.414	-57.9
24.22	-8.617	-49.320	-60.4
24.23	-8.616	-49.028	-54.3
24.24	-8.616	-48.605	-55.9
24.25	-8.616	-48.072	-53.7
24.26	-8.615	-47.428	-48.9
24.27	-8.615	-46.663	-62.0
24.28	-8.615	-45.747	-54.5
24.29	-8.615	-44.678	-46.5
24.3	-8.615	-43.491	-50.8
24.31	-8.615	-42.214	-41.0
24.32	-8.615	-40.841	-42.5
24.33	-8.615	-39.373	-24.3
24.34	-8.616	-37.939	-17.8
24.35	-8.616	-36.733	-24.4
24.36	-8.616	-35.819	-17.0
24.37	-8.617	-35.095	-44.2
24.38	-8.618	-34.422	-70.0
24.39	-8.619	-33.656	-54.6
24.4	-8.619	-32.716	-66.6
24.41	-8.621	-31.634	-53.3
24.42	-8.621	-30.525	-61.3
24.43	-8.622	-29.494	-41.8
24.44	-8.623	-28.588	-38.3
24.45	-8.624	-27.803	25.7
24.46	-8.624	-27.120	277.8
24.47	-8.625	-26.514	353.3
24.48	-8.624	-25.970	304.8
24.49	-8.623	-25.523	26.4
24.5	-8.624	-25.248	-105.8
24.51	-8.627	-25.208	-10.7
24.52	-8.630	-25.430	-52.4
24.53	-8.632	-25.927	-39.8
24.54	-8.633	-26.711	-32.8
24.55	-8.634	-27.745	-22.7
24.56	-8.633	-28.905	-30.3
24.57	-8.632	-30.072	-38.0
24.58	-8.632	-31.152	-2.2
24.59	-8.633	-32.020	-10.8
24.6	-8.634	-32.473	-9.2
24.61	-8.636	-32.013	7.5
24.62	-8.636	-28.950	1.0
24.63	-8.635	-19.039	36.3
24.64	-8.634	2.898	59.6
24.65	-8.634	30.545	78.4
24.66	-8.635	47.263	95.6
24.67	-8.636	50.988	133.0
24.68	-8.638	51.130	177.5
24.69	-8.639	51.139	205.0
24.7	-8.639	51.139	231.2
24.71	-8.640	51.139	230.9
24.72	-8.641	51.139	212.4
24.73	-8.642	51.139	173.7
24.74	-8.643	51.139	92.5
24.75	-8.645	51.125	16.0
24.76	-8.646	50.778	-9.2
24.77	-8.648	46.881	-49.8
24.78	-8.649	34.983	-87.7
24.79	-8.650	17.505	-98.9
24.8	-8.651	0.459	-102.1
24.81	-8.653	-13.877	-95.7
24.82	-8.655	-25.189	-121.4
24.83	-8.657	-33.558	-93.1
24.84	-8.659	-39.367	-89.4
24.85	-8.662	-43.348	-113.0
24.86	-8.666	-46.641	-84.5
24.87	-8.669	-49.423	-97.5
24.88	-8.671	-50.845	-95.0
24.89	-8.673	-51.130	-67.1
24.9	-8.676	-51.141	-84.3
24.91	-8.679	-51.141	-91.1
24.92	-8.683	-51.138	-79.8
24.93	-8.686	-51.086	-77.6
24.94	-8.690	-49.958	-77.3
24.95	-8.694	-45.211	-63.7
24.96	-8.697	-36.323	-86.5
24.97	-8.701	-25.773	-83.4
24.98	-8.703	-15.411	-71.3
24.99	-8.704	-5.963	-77.9
25.0	-8.704	1.856	-63.5
25.01	-8.705	7.209	-72.5
25.02	-8.706	9.361	-74.5
25.03	-8.707	8.383	-61.9
25.04	-8.708	5.108	-70.3
25.05	-8.709	-0.042	-69.1
25.06	-8.710	-7.172	-58.8
25.07	-8.711	-15.639	-75.3
25.08	-8.712	-23.880	-68.1
25.09	-8.714	-30.631	-47.8
25.1	-8.715	-34.361	-62.0
25.11	-8.716	-32.766	-72.1
25.12	-8.717	-29.775	-50.1
25.13	-8.719	-32.281	-55.6
25.14	-8.721	-38.502	-49.6
25.15	-8.723	-44.117	-43.0
25.16	-8.724	-48.409	-57.9
25.17	-8.724	-50.672	-41.7
25.18	-8.725	-51.122	-59.3
25.19	-8.725	-51.139	-62.1
25.2	-8.726	-51.134	-25.4
25.21	-8.726	-51.013	-24.9
25.22	-8.726	-49.613	-41.6
25.23	-8.726	-46.230	-19.3
25.24	-8.726	-44.717	-23.6
25.25	-8.727	-47.472	-22.0
25.26	-8.728	-50.361	-22.7
25.27	-8.728	-51.108	-11.7
25.28	-8.728	-51.139	-20.6
25.29	-8.728	-51.141	-42.0
25.3	-8.728	-51.139	-51.6
25.31	-8.729	-51.109	-54.9
25.32	-8.729	-50.448	-38.0
25.33	-8.729	-47.861	-46.1
25.34	-8.728	-44.186	-65.2
25.35	-8.729	-41.395	0.9
25.36	-8.731	-38.452	-53.3
25.37	-8.731	-34.566	46.6
25.38	-8.729	-31.027	338.3
25.39	-8.727	-28.522	428.8
25.4	-8.726	-26.863	348.3
25.41	-8.725	-26.175	0.3
25.42	-8.725	-26.641	-72.4
25.43	-8.726	-26.953	-5.4
25.44	-8.728	-26.256	-51.6
25.45	-8.731	-26.670	-18.1
25.46	-8.731	-28.695	-36.9
25.47	-8.729	-29.942	-24.3
25.48	-8.725	-30.291	-13.0
25.49	-8.721	-30.417	-5.2
25.5	-8.719	-31.014	1.6
25.51	-8.715	-32.830	18.8
25.52	-8.711	-34.666	20.4
25.53	-8.706	-35.781	33.9
25.54	-8.701	-36.059	49.5
25.55	-8.694	-32.313	39.1
25.56	-8.686	-18.459	57.6
25.57	-8.677	7.986	98.9
25.58	-8.667	35.453	141.7
25.59	-8.658	48.914	166.3
25.6	-8.648	51.094	202.9
25.61	-8.640	51.133	242.7
25.62	-8.634	51.139	249.2
25.63	-8.631	51.139	272.1
25.64	-8.634	51.139	249.9
25.65	-8.642	51.139	187.5
25.66	-8.654	51.138	117.4
25.67	-8.668	51.123	37.0
25.68	-8.683	50.414	-13.1
25.69	-8.697	45.564	-75.4
25.7	-8.713	33.595	-71.9
25.71	-8.728	17.438	-105.6
25.72	-8.742	1.747	-113.8
25.73	-8.756	-12.342	-71.4
25.74	-8.769	-25.053	-99.2
25.75	-8.782	-36.163	-80.2
25.76	-8.794	-45.300	-90.2
25.77	-8.806	-50.214	-93.0
25.78	-8.818	-51.122	-69.1
25.79	-8.831	-51.139	-81.2
25.8	-8.844	-51.141	-82.2
25.81	-8.856	-51.141	-80.9
25.82	-8.867	-51.141	-93.6
25.83	-8.877	-51.141	-78.1
25.84	-8.888	-51.133	-56.0
25.85	-8.898	-50.825	-50.5
25.86	-8.908	-47.666	-63.9
25.87	-8.919	-38.433	-55.4
25.88	-8.931	-25.488	-64.7
25.89	-8.941	-13.178	-51.7
25.9	-8.950	-2.002	-59.5
25.91	-8.959	8.280	-65.6
25.92	-8.966	18.120	-67.0
25.93	-8.971	27.042	-64.6
25.94	-8.977	33.145	-45.6
25.95	-8.982	35.306	-79.2
25.96	-8.988	33.502	-59.8
25.97	-8.994	28.978	-30.7
25.98	-8.999	22.655	-47.3
25.99	-9.004	15.531	-50.9
26.0	-9.009	9.831	-54.8
26.01	-9.014	6.023	-59.6
26.02	-9.019	1.263	-58.1
26.03	-9.023	-5.228	-62.6
26.04	-9.027	-10.994	-42.1
26.05	-9.030	-16.045	-41.8
26.06	-9.033	-21.402	-51.7
26.07	-9.036	-25.973	-54.6
26.08	-9.040	-29.711	-42.5
26.09	-9.044	-32.392	-47.4
26.1	-9.048	-32.753	-52.8
26.11	-9.051	-33.578	-54.5
26.12	-9.055	-38.497	-54.2
26.13	-9.058	-45.345	-7.4
26.14	-9.062	-49.742	-22.1
26.15	-9.067	-51.031	-20.6
26.16	-9.072	-51.131	-18.7
26.17	-9.078	-51.045	-22.2
26.18	-9.082	-49.819	-30.7
26.19	-9.088	-46.066	-60.5
26.2	-9.092	-41.372	-60.3
26.21	-9.098	-38.636	-54.4
26.22	-9.104	-37.827	-49.9
26.23	-9.111	-36.989	-35.1
26.24	-9.116	-34.959	-72.8
26.25	-9.121	-32.120	-19.6
26.26	-9.126	-29.633	-33.4
26.27	-9.131	-28.388	67.2
26.28	-9.138	-28.414	286.6
26.29	-9.145	-29.342	332.7
26.3	-9.151	-30.456	245.2
26.31	-9.156	-30.989	-59.0
26.32	-9.163	-30.939	-65.8
26.33	-9.171	-30.520	43.4
26.34	-9.178	-30.058	-13.7
26.35	-9.186	-29.923	-15.8
26.36	-9.194	-30.206	-8.8
26.37	-9.203	-30.811	-33.9
26.38	-9.212	-31.502	-15.5
26.39	-9.220	-32.045	43.4
26.4	-9.228	-32.311	21.1
26.41	-9.238	-32.313	-16.6
26.42	-9.249	-31.989	10.4
26.43	-9.261	-31.139	23.2
26.44	-9.269	-29.016	39.8
26.45	-9.276	-24.063	53.3
26.46	-9.281	-13.138	46.7
26.47	-9.285	7.720	81.3
26.48	-9.289	32.777	106.3
26.49	-9.294	47.686	151.8
26.5	-9.301	51.003	215.0
26.51	-9.309	51.131	222.3
26.52	-9.318	51.139	227.1
26.53	-9.326	51.139	225.0
26.54	-9.333	51.139	188.2
26.55	-9.340	51.139	146.4
26.56	-9.347	51.139	74.9
26.57	-9.354	51.134	-34.8
26.58	-9.360	51.097	-45.0
26.59	-9.367	49.789	-12.0
26.6	-9.375	42.456	-90.0
26.61	-9.382	26.861	-119.6
26.62	-9.388	8.125	-89.6
26.63	-9.395	-9.250	-98.2
26.64	-9.403	-24.516	-112.6
26.65	-9.413	-37.334	-88.6
26.66	-9.422	-46.341	-92.5
26.67	-9.429	-50.352	-99.3
26.68	-9.432	-51.113	-68.3
26.69	-9.430	-51.139	-67.6
26.7	-9.424	-51.141	-70.9
26.71	-9.413	-51.141	-101.9
26.72	-9.398	-51.141	-75.4
26.73	-9.380	-51.141	-47.3
26.74	-9.363	-51.136	-106.8
26.75	-9.346	-51.055	-89.7
26.76	-9.330	-49.423	-57.3
26.77	-9.314	-42.789	-68.1
26.78	-9.297	-30.575	-67.1
26.79	-9.283	-16.817	-52.8
26.8	-9.268	-4.936	-60.8
26.81	-9.256	3.953	-54.8
26.82	-9.246	9.559	-88.4
26.83	-9.238	12.375	-85.4
26.84	-9.232	13.286	-61.2
26.85	-9.227	12.775	-63.2
26.86	-9.222	10.958	-73.3
26.87	-9.217	7.831	-76.1
26.88	-9.213	3.552	-49.7
26.89	-9.209	-1.464	-73.0
26.9	-9.207	-6.764	-65.8
26.91	-9.208	-12.105	-46.6
26.92	-9.210	-17.345	-54.6
26.93	-9.213	-22.355	-53.2
26.94	-9.214	-26.981	-59.5
26.95	-9.214	-31.102	-40.1
26.96	-9.214	-34.712	-35.8
26.97	-9.210	-37.791	-61.5
26.98	-9.203	-40.191	-58.1
26.99	-9.194	-41.895	-31.8
27.0	-9.183	-43.008	-23.4
27.01	-9.174	-43.591	-15.3
27.02	-9.168	-43.745	-15.8
27.03	-9.165	-43.570	-28.7
27.04	-9.165	-43.069	-29.5
27.05	-9.167	-42.347	-42.9
27.06	-9.170	-41.631	-60.4
27.07	-9.172	-41.016	-48.4
27.08	-9.174	-40.411	-48.7
27.09	-9.175	-39.566	-59.6
27.1	-9.177	-38.263	-41.3
27.11	-9.179	-36.630	-8.8
27.12	-9.183	-34.841	-74.3
27.13	-9.183	-32.837	133.8
27.14	-9.178	-30.613	337.6
27.15	-9.169	-28.270	312.6
27.16	-9.159	-25.888	122.5
27.17	-9.149	-23.625	-115.3
27.18	-9.142	-21.713	-34.5
27.19	-9.136	-20.261	-9.8
27.2	-9.130	-19.388	-48.2
27.21	-9.125	-19.086	-22.7
27.22	-9.119	-19.195	-37.6
27.23	-9.111	-19.903	-26.4
27.24	-9.099	-21.564	8.5
27.25	-9.086	-24.053	-18.5
27.26	-9.071	-26.778	7.1
27.27	-9.058	-29.175	6.1
27.28	-9.044	-30.734	8.8
27.29	-9.030	-30.784	28.4
27.3	-9.015	-28.634	14.6
27.31	-8.999	-22.538	56.7
27.32	-8.984	-8.333	72.6
27.33	-8.970	15.908	85.3
27.34	-8.958	39.316	115.5
27.35	-8.949	49.697	168.8
27.36	-8.943	51.109	193.3
27.37	-8.937	51.136	207.0
27.38	-8.931	51.139	228.7
27.39	-8.928	51.139	221.1
27.4	-8.927	51.139	174.5
27.41	-8.933	51.139	109.0
27.42	-8.946	51.139	31.3
27.43	-8.964	51.128	-20.3
27.44	-8.983	50.913	-46.8
27.45	-8.999	47.673	-70.2
27.46	-9.011	36.569	-84.1
27.47	-9.023	19.063	-98.0
27.48	-9.037	1.336	-98.3
27.49	-9.056	-13.916	-98.1
27.5	-9.075	-26.414	-106.7
27.51	-9.089	-36.273	-92.4
27.52	-9.096	-43.841	-84.6
27.53	-9.100	-48.783	-88.8
27.54	-9.104	-50.798	-92.5
27.55	-9.110	-51.131	-85.5
27.56	-9.118	-51.139	-96.2
27.57	-9.127	-51.141	-92.5
27.58	-9.135	-51.141	-76.4
27.59	-9.141	-51.141	-75.9
27.6	-9.144	-51.134	-80.2
27.61	-9.146	-50.814	-81.4
27.62	-9.148	-48.136	-81.9
27.63	-9.147	-40.909	-77.2
27.64	-9.144	-30.673	-83.0
27.65	-9.139	-20.356	-81.6
27.66	-9.130	-11.091	-79.4
27.67	-9.119	-3.255	-79.6
27.68	-9.107	2.858	-87.3
27.69	-9.096	6.981	-84.0
27.7	-9.084	8.914	-76.6
27.71	-9.072	8.813	-75.2
27.72	-9.058	7.041	-80.3
27.73	-9.044	3.845	-78.0
27.74	-9.030	-0.558	-75.9
27.75	-9.018	-5.853	-77.0
27.76	-9.009	-11.577	-76.0
27.77	-9.002	-17.247	-70.5
27.78	-8.998	-22.613	-72.3
27.79	-8.995	-27.598	-71.0
27.8	-8.992	-32.116	-69.5
27.81	-8.992	-36.056	-65.9
27.82	-8.992	-39.267	-64.2
27.83	-8.994	-41.669	-63.6
27.84	-8.994	-43.366	-63.8
27.85	-8.995	-44.575	-49.5
27.86	-8.996	-45.439	-46.4
27.87	-8.998	-45.994	-45.9
27.88	-9.000	-46.234	-33.7
27.89	-9.002	-46.164	-27.5
27.9	-9.006	-45.881	-22.1
27.91	-9.009	-45.525	-29.5
27.92	-9.013	-45.123	-60.3
27.93	-9.017	-44.580	-71.3
27.94	-9.021	-43.964	-58.6
27.95	-9.025	-43.470	-65.8
27.96	-9.029	-42.981	-57.7
27.97	-9.033	-42.094	-63.3
27.98	-9.037	-40.577	-47.1
27.99	-9.045	-38.681	-30.8
28.0	-9.055	-36.852	-44.5
28.01	-9.064	-35.159	187.4
28.02	-9.069	-33.288	286.0
28.03	-9.072	-31.095	260.3
28.04	-9.074	-28.773	53.1
28.05	-9.079	-26.538	-120.2
28.06	-9.088	-24.584	-22.4
28.07	-9.100	-23.114	-31.4
28.08	-9.113	-22.286	-32.2
28.09	-9.126	-22.128	-29.6
28.1	-9.134	-22.703	-38.5
28.11	-9.132	-24.041	-38.4
28.12	-9.121	-25.845	-31.8
28.13	-9.105	-27.863	-10.7
28.14	-9.086	-29.816	-3.4
28.15	-9.066	-31.252	8.4
28.16	-9.043	-31.823	21.8
28.17	-9.019	-30.964	25.9
28.18	-8.996	-26.813	33.9
28.19	-8.972	-15.173	54.1
28.2	-8.947	7.720	76.1
28.21	-8.925	33.836	102.5
28.22	-8.907	48.208	128.3
28.23	-8.891	51.039	163.0
28.24	-8.876	51.130	192.4
28.25	-8.863	51.139	217.0
28.26	-8.851	51.139	227.5
28.27	-8.839	51.139	218.9
28.28	-8.827	51.139	171.2
28.29	-8.816	51.139	108.0
28.3	-8.806	51.125	36.7
28.31	-8.797	50.839	-8.5
28.32	-8.789	46.983	-27.0
28.33	-8.782	34.280	-71.3
28.34	-8.776	14.856	-74.1
28.35	-8.771	-4.333	-65.1
28.36	-8.766	-20.597	-86.0
28.37	-8.761	-33.811	-81.1
28.38	-8.758	-43.620	-85.2
28.39	-8.754	-49.169	-79.6
28.4	-8.751	-50.944	-71.3
28.41	-8.748	-51.138	-62.6
28.42	-8.744	-51.141	-70.6
28.43	-8.741	-51.141	-75.5
28.44	-8.737	-51.141	-64.9
28.45	-8.733	-51.141	-69.1
28.46	-8.730	-51.141	-73.2
28.47	-8.727	-51.138	-63.7
28.48	-8.724	-51.080	-60.7
28.49	-8.721	-49.783	-62.2
28.5	-8.717	-44.177	-64.9
28.51	-8.714	-33.634	-58.8
28.52	-8.711	-21.414	-64.3
28.53	-8.708	-10.002	-65.5
28.54	-8.706	-0.186	-60.0
28.55	-8.704	7.427	-65.9
28.56	-8.701	12.323	-73.9
28.57	-8.699	14.300	-63.5
28.58	-8.697	13.423	-57.9
28.59	-8.694	10.028	-57.2
28.6	-8.692	4.681	-64.0
28.61	-8.689	-1.942	-58.9
28.62	-8.687	-9.188	-53.5
28.63	-8.686	-16.556	-60.2
28.64	-8.684	-23.703	-60.8
28.65	-8.681	-30.361	-58.2
28.66	-8.678	-36.275	-62.4
28.67	-8.674	-41.275	-56.9
28.68	-8.671	-45.317	-57.0
28.69	-8.669	-48.398	-53.4
28.7	-8.666	-50.320	-53.7
28.71	-8.663	-51.041	-59.7
28.72	-8.661	-51.139	-60.9
28.73	-8.658	-51.141	-57.9
28.74	-8.656	-51.141	-51.3
28.75	-8.653	-51.138	-47.8
28.76	-8.651	-51.063	-53.2
28.77	-8.648	-50.634	-48.4
28.78	-8.646	-49.645	-40.0
28.79	-8.644	-48.305	-35.1
28.8	-8.642	-46.864	-34.5
28.81	-8.639	-45.359	-26.4
28.82	-8.638	-43.773	-14.9
28.83	-8.636	-42.106	-18.2
28.84	-8.634	-40.411	-44.4
28.85	-8.633	-38.781	-64.4
28.86	-8.631	-37.292	-74.4
28.87	-8.631	-35.953	-63.6
28.88	-8.631	-34.750	-57.3
28.89	-8.630	-33.698	-61.3
28.9	-8.629	-32.813	-65.1
28.91	-8.627	-32.073	-24.4
28.92	-8.627	-31.441	-82.2
28.93	-8.628	-30.888	86.0
28.94	-8.628	-30.394	339.0
28.95	-8.628	-29.908	370.5
28.96	-8.629	-29.372	211.0
28.97	-8.633	-28.756	-90.3
28.98	-8.644	-28.078	-66.5
28.99	-8.661	-27.452	-38.1
29.0	-8.679	-27.058	-69.4
29.01	-8.698	-27.038	-37.2
29.02	-8.716	-27.408	-51.2
29.03	-8.732	-28.111	-41.6
29.04	-8.747	-29.125	-45.9
29.05	-8.759	-30.433	-41.9
29.06	-8.769	-31.809	-18.8
29.07	-8.777	-32.831	-4.7
29.08	-8.783	-33.075	-5.0
29.09	-8.785	-31.941	5.5
29.1	-8.782	-27.663	17.3
29.11	-8.774	-15.902	35.6
29.12	-8.763	7.675	48.7
29.13	-8.752	34.425	75.8
29.14	-8.746	48.566	115.8
29.15	-8.742	51.070	147.7
29.16	-8.741	51.131	175.0
29.17	-8.742	51.139	218.9
29.18	-8.741	51.139	225.9
29.19	-8.738	51.139	215.7
29.2	-8.736	51.139	205.7
29.21	-8.738	51.139	147.1
29.22	-8.741	51.130	72.5
29.23	-8.745	50.944	0.4
29.24	-8.749	47.783	-41.2
29.25	-8.753	36.484	-63.8
29.26	-8.755	18.353	-85.5
29.27	-8.754	-0.103	-99.3
29.28	-8.752	-15.942	-113.8
29.29	-8.747	-28.795	-107.3
29.3	-8.739	-38.609	-83.7
29.31	-8.731	-45.553	-87.7
29.32	-8.724	-49.558	-87.8
29.33	-8.719	-50.961	-78.6
29.34	-8.715	-51.138	-89.1
29.35	-8.713	-51.141	-88.8
29.36	-8.710	-51.141	-84.9
29.37	-8.706	-51.141	-76.8
29.38	-8.699	-51.141	-85.7
29.39	-8.693	-51.139	-73.2
29.4	-8.687	-51.108	-60.6
29.41	-8.682	-50.245	-58.9
29.42	-8.678	-46.002	-61.0
29.43	-8.674	-37.386	-70.9
29.44	-8.671	-26.952	-61.6
29.45	-8.668	-17.003	-64.6
29.46	-8.664	-8.380	-72.9
29.47	-8.660	-1.586	-64.6
29.48	-8.658	3.055	-72.5
29.49	-8.655	5.328	-68.8
29.5	-8.652	5.231	-73.7
29.51	-8.650	3.011	-62.9
29.52	-8.648	-0.938	-59.1
29.53	-8.645	-6.150	-67.2
29.54	-8.643	-12.134	-62.0
29.55	-8.641	-18.380	-66.3
29.56	-8.640	-24.455	-71.9
29.57	-8.639	-30.048	-70.0
29.58	-8.641	-34.955	-63.3
29.59	-8.643	-39.033	-59.9
29.6	-8.648	-42.163	-56.4
29.61	-8.653	-44.367	-46.3
29.62	-8.656	-45.831	-62.1
29.63	-8.655	-46.753	-58.6
29.64	-8.650	-47.244	-55.8
29.65	-8.644	-47.394	-61.0
29.66	-8.641	-47.388	-58.1
29.67	-8.639	-47.414	-60.3
29.68	-8.639	-47.542	-42.3
29.69	-8.639	-47.733	-43.1
29.7	-8.639	-47.856	-52.0
29.71	-8.640	-47.802	-23.1
29.72	-8.643	-47.481	-13.4
29.73	-8.649	-46.814	-14.3
29.74	-8.653	-45.730	-9.8
29.75	-8.654	-44.242	-29.8
29.76	-8.653	-42.492	-52.2
29.77	-8.652	-40.681	-58.0
29.78	-8.651	-38.959	-59.0
29.79	-8.651	-37.395	-69.5
29.8	-8.652	-36.022	-46.0
29.81	-8.652	-34.863	-59.7
29.82	-8.653	-33.878	-38.5
29.83	-8.654	-33.028	-48.8
29.84	-8.654	-32.320	-6.7
29.85	-8.655	-31.752	267.0
29.86	-8.654	-31.258	367.5
29.87	-8.653	-30.716	347.6
29.88	-8.652	-29.997	44.2
29.89	-8.652	-29.080	-115.1
29.9	-8.654	-28.097	-19.0
29.91	-8.658	-27.272	-44.8
29.92	-8.664	-26.798	-34.8
29.93	-8.671	-26.736	-36.3
29.94	-8.674	-27.055	-32.9
29.95	-8.671	-27.800	-26.4
29.96	-8.665	-29.020	-29.5
29.97	-8.657	-30.550	-28.0
29.98	-8.649	-32.036	-12.1
29.99	-8.642	-33.106	6.1
30.0	-8.636	-33.344	5.4
30.01	-8.633	-31.691	17.2
30.02	-8.633	-25.083	41.0
30.03	-8.633	-8.014	49.0
30.04	-8.634	19.447	76.8
30.05	-8.638	42.327	114.1
30.06	-8.643	50.397	147.5
30.07	-8.648	51.106	186.1
30.08	-8.652	51.139	219.6
30.09	-8.657	51.139	242.3
30.1	-8.661	51.139	244.7
30.11	-8.664	51.139	229.6
30.12	-8.668	51.139	182.5
30.13	-8.671	51.128	112.1
30.14	-8.674	50.628	32.2
30.15	-8.675	45.969	-18.9
30.16	-8.676	32.939	-61.5
30.17	-8.678	14.794	-91.6
30.18	-8.679	-2.419	-101.3
30.19	-8.683	-16.928	-107.8
30.2	-8.686	-28.802	-106.2
30.21	-8.689	-38.100	-107.7
30.22	-8.692	-44.850	-102.6
30.23	-8.694	-49.013	-96.3
30.24	-8.697	-50.773	-99.0
30.25	-8.701	-51.127	-97.5
30.26	-8.704	-51.141	-90.7
30.27	-8.706	-51.141	-90.0
30.28	-8.706	-51.141	-93.8
30.29	-8.706	-51.141	-90.3
30.3	-8.706	-51.141	-82.5
30.31	-8.706	-51.138	-73.6
30.32	-8.706	-51.072	-82.3
30.33	-8.706	-49.788	-87.6
30.34	-8.704	-44.709	-77.3
30.35	-8.703	-35.503	-68.6
30.36	-8.701	-24.672	-82.4
30.37	-8.699	-14.148	-70.3
30.38	-8.697	-4.948	-59.4
30.39	-8.695	2.153	-63.9
30.4	-8.692	6.659	-72.2
30.41	-8.689	8.395	-70.0
30.42	-8.687	7.503	-67.2
30.43	-8.686	4.342	-63.2
30.44	-8.687	-0.613	-59.3
30.45	-8.688	-6.791	-70.1
30.46	-8.691	-13.538	-56.4
30.47	-8.693	-20.248	-50.7
30.48	-8.696	-26.545	-65.1
30.49	-8.699	-32.227	-54.9
30.5	-8.701	-37.139	-50.4
30.51	-8.703	-41.195	-54.9
30.52	-8.705	-44.400	-54.4
30.53	-8.706	-46.833	-47.9
30.54	-8.706	-48.570	-48.1
30.55	-8.706	-49.675	-48.4
30.56	-8.705	-50.244	-51.4
30.57	-8.703	-50.406	-37.8
30.58	-8.702	-50.256	-32.1
30.59	-8.701	-49.850	-36.6
30.6	-8.700	-49.189	-32.8
30.61	-8.698	-48.258	-13.5
30.62	-8.697	-47.098	-7.8
30.63	-8.696	-45.805	-22.1
30.64	-8.696	-44.450	-42.0
30.65	-8.695	-43.078	-58.6
30.66	-8.694	-41.723	-64.5
30.67	-8.693	-40.431	-56.3
30.68	-8.692	-39.239	-44.5
30.69	-8.691	-38.156	-71.0
30.7	-8.691	-37.156	-51.4
30.71	-8.691	-36.186	-23.1
30.72	-8.691	-35.228	-66.4
30.73	-8.693	-34.339	179.4
30.74	-8.696	-33.558	373.0
30.75	-8.702	-32.819	397.3
30.76	-8.707	-32.014	170.9
30.77	-8.711	-31.122	-109.2
30.78	-8.713	-30.205	-26.3
30.79	-8.716	-29.359	-37.7
30.8	-8.719	-28.723	-48.7
30.81	-8.723	-28.425	-30.8
30.82	-8.726	-28.539	-38.0
30.83	-8.727	-29.064	-21.0
30.84	-8.726	-29.911	-28.5
30.85	-8.724	-30.928	-14.0
30.86	-8.719	-31.895	-2.4
30.87	-8.708	-32.548	1.4
30.88	-8.691	-32.670	15.4
30.89	-8.676	-31.941	17.5
30.9	-8.665	-29.200	44.5
30.91	-8.658	-21.122	58.3
30.92	-8.655	-2.463	65.0
30.93	-8.654	24.630	112.1
30.94	-8.654	44.728	150.5
30.95	-8.656	50.764	185.5
30.96	-8.659	51.119	223.5
30.97	-8.660	51.139	250.4
30.98	-8.662	51.139	264.4
30.99	-8.663	51.139	269.8
31.0	-8.666	51.139	220.8
31.01	-8.668	51.127	126.7
31.02	-8.671	50.698	57.0
31.03	-8.673	46.367	8.2
31.04	-8.675	33.741	-50.5
31.05	-8.676	15.675	-84.1
31.06	-8.676	-1.738	-93.5
31.07	-8.679	-16.511	-99.7
31.08	-8.690	-28.567	-106.3
31.09	-8.707	-37.964	-104.9
31.1	-8.732	-44.823	-100.0
31.11	-8.761	-49.067	-99.3
31.12	-8.790	-50.809	-83.5
31.13	-8.816	-51.130	-95.3
31.14	-8.836	-51.141	-113.8
31.15	-8.851	-51.141	-80.7
31.16	-8.862	-51.141	-78.3
31.17	-8.870	-51.141	-71.4
31.18	-8.877	-51.136	-65.4
31.19	-8.885	-51.022	-79.1
31.2	-8.893	-49.438	-75.7
31.21	-8.900	-43.738	-74.7
31.22	-8.903	-33.498	-69.9
31.23	-8.902	-20.630	-77.7
31.24	-8.897	-6.656	-78.0
31.25	-8.888	6.894	-55.5
31.26	-8.877	18.106	-79.4
31.27	-8.868	25.200	-81.5
31.28	-8.861	27.002	-72.0
31.29	-8.855	23.544	-76.2
31.3	-8.851	16.008	-63.4
31.31	-8.848	5.978	-76.2
31.32	-8.844	-4.978	-69.0
31.33	-8.838	-15.453	-65.8
31.34	-8.832	-24.633	-74.4
31.35	-8.826	-33.013	-59.4
31.36	-8.821	-40.402	-63.4
31.37	-8.815	-45.252	-74.2
31.38	-8.808	-48.289	-61.4
31.39	-8.801	-50.327	-64.5
31.4	-8.795	-51.034	-57.7
31.41	-8.792	-51.133	-45.9
31.42	-8.789	-51.141	-60.2
31.43	-8.789	-51.139	-54.1
31.44	-8.787	-51.123	-34.2
31.45	-8.785	-50.577	-33.9
31.46	-8.786	-47.861	-33.3
31.47	-8.789	-43.920	-30.0
31.48	-8.793	-42.811	-21.8
31.49	-8.796	-45.323	-13.7
31.5	-8.797	-48.778	-13.5
31.51	-8.798	-50.739	11.8
31.52	-8.796	-50.600	7.6
31.53	-8.789	-45.742	8.0
31.54	-8.781	-32.755	12.5
31.55	-8.773	-19.473	-47.4
31.56	-8.766	-18.345	-39.8
31.57	-8.759	-25.717	-23.7
31.58	-8.751	-29.544	-21.3
31.59	-8.742	-28.756	-3.2
31.6	-8.736	-24.859	-35.0
31.61	-8.731	-16.922	13.8
31.62	-8.727	-8.428	-57.3
31.63	-8.724	-3.888	108.9
31.64	-8.720	-5.288	401.2
31.65	-8.716	-10.552	429.7
31.66	-8.712	-15.650	274.2
31.67	-8.708	-19.216	-64.5
31.68	-8.706	-22.114	-57.1
31.69	-8.706	-25.019	6.0
31.7	-8.705	-28.438	-31.8
31.71	-8.705	-32.548	5.7
31.72	-8.705	-36.570	-16.1
31.73	-8.704	-39.706	-2.1
31.74	-8.703	-42.747	-5.3
31.75	-8.701	-46.659	-2.2
31.76	-8.701	-49.892	24.0
31.77	-8.702	-51.042	17.8
31.78	-8.702	-51.036	27.3
31.79	-8.702	-50.420	38.1
31.8	-8.701	-48.611	46.3
31.81	-8.700	-44.308	64.4
31.82	-8.699	-32.988	82.0
31.83	-8.701	-8.211	116.7
31.84	-8.705	24.089	152.1
31.85	-8.711	45.248	186.2
31.86	-8.717	50.842	206.0
31.87	-8.724	51.123	247.3
31.88	-8.729	51.139	265.0
31.89	-8.732	51.139	273.4
31.9	-8.737	51.139	246.3
31.91	-8.744	51.130	161.5
31.92	-8.754	50.663	80.3
31.93	-8.765	46.447	-2.7
31.94	-8.773	34.244	-47.6
31.95	-8.779	15.972	-80.3
31.96	-8.783	-1.827	-96.6
31.97	-8.783	-15.723	-107.6
31.98	-8.781	-26.150	-110.3
31.99	-8.779	-34.017	-112.3
32.0	-8.779	-39.784	-132.5
32.01	-8.782	-44.742	-111.4
32.02	-8.785	-48.931	-112.0
32.03	-8.789	-50.852	-124.2
32.04	-8.794	-51.131	-113.3
32.05	-8.797	-51.141	-99.2
32.06	-8.799	-51.141	-108.0
32.07	-8.800	-51.141	-125.3
32.08	-8.802	-51.141	-104.6
32.09	-8.806	-51.141	-95.4
32.1	-8.811	-51.138	-87.5
32.11	-8.817	-51.116	-94.8
32.12	-8.822	-50.170	-88.0
32.13	-8.828	-44.581	-68.7
32.14	-8.832	-32.219	-121.6
32.15	-8.834	-16.391	-118.6
32.16	-8.836	0.775	-25.6
32.17	-8.838	18.881	-98.8
32.18	-8.839	34.977	-146.1
32.19	-8.838	45.756	-101.7
32.2	-8.836	50.277	-96.2
32.21	-8.834	50.239	-56.1
32.22	-8.834	46.569	-100.0
32.23	-8.836	41.373	-107.7
32.24	-8.841	36.980	-79.0
32.25	-8.847	30.095	-78.8
32.26	-8.851	17.947	-79.1
32.27	-8.852	2.878	-91.6
32.28	-8.853	-12.353	-71.9
32.29	-8.852	-26.069	-64.7
32.3	-8.852	-35.294	-58.5
32.31	-8.853	-39.855	-53.4
32.32	-8.856	-42.633	-58.2
32.33	-8.861	-43.938	-26.3
32.34	-8.866	-42.642	-24.8
32.35	-8.873	-38.578	-33.6
32.36	-8.881	-32.631	-4.6
32.37	-8.889	-26.564	-46.9
32.38	-8.894	-22.191	-83.0
32.39	-8.896	-18.964	-69.4
32.4	-8.894	-15.280	-70.4
32.41	-8.889	-11.814	-81.4
32.42	-8.881	-9.695	-66.3
32.43	-8.871	-9.297	-71.9
32.44	-8.860	-10.466	-30.2
32.45	-8.851	-12.486	-76.0
32.46	-8.844	-14.739	9.8
32.47	-8.841	-16.292	299.5
32.48	-8.838	-15.920	353.8
32.49	-8.834	-13.547	251.5
32.5	-8.831	-10.644	-63.2
32.51	-8.830	-8.855	-120.8
32.52	-8.831	-9.838	-24.2
32.53	-8.832	-14.202	-50.8
32.54	-8.832	-19.420	-25.4
32.55	-8.831	-22.642	-84.5
32.56	-8.826	-23.880	-49.8
32.57	-8.819	-25.158	-6.6
32.58	-8.813	-27.692	-31.8
32.59	-8.810	-30.372	-15.9
32.6	-8.810	-32.469	-7.1
32.61	-8.813	-34.802	32.8
32.62	-8.814	-36.988	19.1
32.63	-8.813	-37.120	-0.6
32.64	-8.809	-32.923	45.6
32.65	-8.805	-21.091	79.0
32.66	-8.802	1.314	119.9
32.67	-8.799	28.648	136.1
32.68	-8.795	46.298	191.9
32.69	-8.791	50.903	259.7
32.7	-8.787	51.122	217.2
32.71	-8.783	51.077	257.7
32.72	-8.777	49.344	344.1
32.73	-8.771	40.294	250.8
32.74	-8.766	22.431	247.1
32.75	-8.761	3.573	161.4
32.76	-8.756	-9.244	117.3
32.77	-8.748	-13.039	113.7
32.78	-8.742	-7.692	-91.3
32.79	-8.739	-1.183	-79.8
32.8	-8.738	-5.011	25.5
32.81	-8.737	-16.534	-29.0
32.82	-8.737	-24.470	-60.1
32.83	-8.738	-29.330	-94.8
32.84	-8.738	-37.883	-114.3
32.85	-8.738	-47.025	-14.0
32.86	-8.738	-50.759	-31.7
32.87	-8.739	-51.123	-54.7
32.88	-8.740	-51.141	20.6
32.89	-8.741	-51.141	48.0
32.9	-8.743	-51.141	85.8
32.91	-8.745	-51.141	102.8
32.92	-8.747	-51.131	121.3
32.93	-8.748	-50.814	175.7
32.94	-8.750	-47.613	113.2
32.95	-8.751	-37.686	118.5
32.96	-8.751	-21.472	171.7
32.97	-8.749	-4.802	94.5
32.98	-8.746	4.628	102.5
32.99	-8.742	3.741	183.6
33.0	-8.738	-3.552	193.9
33.01	-8.732	-14.164	118.5
33.02	-8.729	-27.177	101.4
33.03	-8.726	-38.447	111.9
33.04	-8.724	-44.972	142.8
33.05	-8.723	-48.384	82.3
33.06	-8.721	-50.205	171.0
33.07	-8.720	-50.406	200.2
33.08	-8.719	-49.700	124.0
33.09	-8.716	-49.717	265.3
33.1	-8.711	-50.550	184.3
33.11	-8.704	-51.066	152.7
33.12	-8.699	-51.128	279.9
33.13	-8.694	-50.952	273.1
33.14	-8.692	-50.131	301.2
33.15	-8.691	-47.911	266.8
33.16	-8.693	-47.000	281.2
33.17	-8.694	-49.222	361.0
33.18	-8.697	-50.961	273.9
33.19	-8.698	-51.130	273.7
33.2	-8.700	-51.141	358.3
33.21	-8.703	-51.136	273.1
33.22	-8.706	-51.080	312.8
33.23	-8.712	-49.889	330.3
33.24	-8.721	-46.523	282.5
33.25	-8.731	-45.503	373.0
33.26	-8.743	-48.672	402.7
33.27	-8.758	-50.878	488.3
33.28	-8.775	-51.064	NaN
33.29	-8.793	-49.759	NaN
33.3	-8.813	-45.148	358.0
33.31	-8.832	-40.848	64.0
33.32	-8.853	-42.852	-40.9
33.33	-8.871	-48.103	-86.1
33.34	-8.888	-50.656	-94.7
33.35	-8.904	-48.356	-125.2
33.36	-8.920	-38.106	-204.4
33.37	-8.936	-24.363	-190.2
33.38	-8.951	-13.697	-27.6
33.39	-8.965	-3.652	-34.2
33.4	-8.978	0.411	-150.1
33.41	-8.990	-7.177	-97.4
33.42	-9.001	-19.673	40.8
33.43	-9.009	-30.295	40.1
33.44	-9.016	-34.444	50.2
33.45	-9.023	-26.603	134.5
33.46	-9.033	-2.355	194.7
33.47	-9.044	28.805	180.4
33.48	-9.054	47.125	212.0
33.49	-9.061	50.992	374.8
33.5	-9.068	51.128	401.8
33.51	-9.073	51.139	346.4
33.52	-9.079	51.139	459.5
33.53	-9.085	51.139	481.6
33.54	-9.089	51.127	400.3
33.55	-9.092	50.914	364.7
33.56	-9.093	47.473	301.2
33.57	-9.094	35.639	204.8
33.58	-9.096	16.825	186.9
33.59	-9.101	-2.519	256.2
33.6	-9.110	-18.939	231.7
33.61	-9.121	-31.453	157.8
33.62	-9.130	-40.173	283.6
33.63	-9.137	-45.384	205.8
33.64	-9.141	-46.142	142.7
33.65	-9.144	-45.411	339.1
33.66	-9.146	-47.616	225.9
33.67	-9.149	-50.333	249.8
33.68	-9.151	-51.103	379.7
33.69	-9.154	-51.138	163.4
33.7	-9.156	-51.141	171.4
33.71	-9.159	-51.141	296.4
33.72	-9.163	-51.136	301.6
33.73	-9.168	-51.083	375.7
33.74	-9.172	-49.330	266.5
33.75	-9.178	-39.855	292.0
33.76	-9.182	-21.295	320.6
33.77	-9.185	-3.236	234.2
33.78	-9.188	9.083	334.6
33.79	-9.191	18.231	256.2
33.8	-9.192	25.728	147.5
33.81	-9.189	32.780	214.6
33.82	-9.189	35.858	179.6
33.83	-9.193	32.545	38.8
33.84	-9.200	29.525	45.4
33.85	-9.208	30.758	122.5
33.86	-9.221	35.202	30.7
33.87	-9.239	41.359	-11.8
33.88	-9.259	47.142	32.8
33.89	-9.275	50.398	77.6
33.9	-9.288	50.602	64.4
33.91	-9.301	46.002	12.3
33.92	-9.314	32.191	140.0
33.93	-9.326	10.670	105.1
33.94	-9.338	-11.470	7.0
33.95	-9.348	-28.494	29.4
33.96	-9.359	-37.367	16.9
33.97	-9.367	-37.814	34.9
33.98	-9.373	-30.075	16.7
33.99	-9.378	-14.784	-21.7
34.0	-9.384	1.056	7.9
34.01	-9.388	10.600	-45.3
34.02	-9.391	17.177	67.5
34.03	-9.394	24.325	28.1
34.04	-9.396	28.552	16.0
34.05	-9.395	26.817	359.2
34.06	-9.393	17.570	478.9
34.07	-9.390	-2.661	305.5
34.08	-9.388	-29.138	-99.3
34.09	-9.386	-46.430	-91.9
34.1	-9.386	-50.438	62.5
34.11	-9.385	-48.967	-43.2
34.12	-9.384	-45.623	12.0
34.13	-9.381	-38.580	9.7
34.14	-9.379	-23.875	-103.9
34.15	-9.376	-3.972	-22.7
34.16	-9.373	12.741	25.4
34.17	-9.370	22.094	-58.0
34.18	-9.370	27.434	-6.1
34.19	-9.371	36.228	-7.7
34.2	-9.371	46.452	-56.6
34.21	-9.371	50.753	-83.1
34.22	-9.369	51.117	-14.7
34.23	-9.365	51.139	56.7
34.24	-9.360	51.139	-44.6
34.25	-9.353	51.139	33.6
34.26	-9.346	51.139	115.5
34.27	-9.341	51.139	136.4
34.28	-9.334	51.139	215.9
34.29	-9.329	51.139	152.6
34.3	-9.324	51.139	235.9
34.31	-9.320	51.139	107.5
34.32	-9.317	51.139	-52.2
34.33	-9.314	51.139	-20.0
34.34	-9.311	51.139	-176.3
34.35	-9.308	51.139	-251.4
34.36	-9.304	51.139	-263.9
34.37	-9.299	51.139	-326.0
34.38	-9.291	51.139	-414.9
34.39	-9.281	51.139	-481.4
34.4	-9.273	51.139	-476.4
34.41	-9.268	51.139	-496.5
34.42	-9.267	51.139	NaN
34.43	-9.266	51.139	-507.6
34.44	-9.266	51.139	NaN
34.45	-9.266	51.139	-511.0
34.46	-9.266	51.139	NaN
34.47	-9.265	51.139	-511.9
34.48	-9.262	51.139	-511.8
34.49	-9.256	51.139	-511.9
34.5	-9.248	51.139	-511.9
34.51	-9.239	51.128	-511.9
34.52	-9.232	50.927	-511.9
34.53	-9.226	46.941	-511.9
34.54	-9.220	34.059	-511.9
34.55	-9.214	24.384	-511.9
34.56	-9.209	32.644	-511.9
34.57	-9.203	45.939	-511.9
34.58	-9.196	50.741	-511.9
34.59	-9.189	51.123	-511.9
34.6	-9.181	51.139	-511.9
34.61	-9.173	51.139	-511.9
34.62	-9.169	51.139	-511.9
34.63	-9.167	51.139	-511.9
34.64	-9.166	51.139	-511.9
34.65	-9.167	51.139	-511.9
34.66	-9.168	51.139	-511.9
34.67	-9.170	51.117	-511.9
34.68	-9.172	50.694	-511.9
34.69	-9.173	42.334	-511.9
34.7	-9.172	12.166	-511.9
34.71	-9.172	-27.155	-511.9
34.72	-9.171	-47.625	-511.9
34.73	-9.168	-51.039	-511.9
34.74	-9.164	-51.131	-511.9
