Interval=	0.01 s
ExcelDateTime=	3.9777404002438023e+004	25/11/2008 9:41:45.810645
TimeFormat=	StartOfBlock
ChannelTitle=	Channel 1	Channel 2	Channel 3
Range=	20.000 mV	50.000 mV	1000.0 µV
0.0	-7.708	51.139	-5.7
0.01	-7.718	51.128	29.7
0.02	-7.727	50.928	76.0
0.03	-7.735	47.358	80.8
0.04	-7.741	34.486	81.7
0.05	-7.746	14.058	44.3
0.06	-7.752	-5.789	-15.1
0.07	-7.757	-21.323	-43.3
0.08	-7.764	-32.361	-60.0
0.09	-7.775	-39.206	-96.0
0.1	-7.790	-42.747	-134.5
0.11	-7.805	-44.278	-130.7
0.12	-7.816	-44.973	-97.5
0.13	-7.822	-45.903	-75.0
0.14	-7.825	-47.778	-96.5
0.15	-7.828	-49.877	-123.6
0.16	-7.829	-50.945	-108.0
0.17	-7.831	-51.130	-93.0
0.18	-7.835	-50.916	-91.6
0.19	-7.841	-49.384	-88.9
0.2	-7.849	-45.389	-75.1
0.21	-7.860	-39.319	-69.5
0.22	-7.873	-32.202	-74.0
0.23	-7.886	-24.647	-78.5
0.24	-7.898	-17.311	-82.7
0.25	-7.906	-10.961	-77.7
0.26	-7.913	-6.094	-87.2
0.27	-7.918	-2.817	-106.4
0.28	-7.923	-1.169	-83.2
0.29	-7.927	-1.180	-54.4
0.3	-7.931	-2.775	-52.1
0.31	-7.934	-5.772	-53.4
0.32	-7.939	-9.780	-71.2
0.33	-7.944	-14.248	-95.9
0.34	-7.951	-18.692	-97.1
0.35	-7.959	-22.731	-81.3
0.36	-7.967	-26.092	-73.6
0.37	-7.977	-28.525	-71.0
0.38	-7.988	-29.814	-62.7
0.39	-8.001	-30.206	-45.3
0.4	-8.012	-30.358	-6.3
0.41	-8.024	-30.513	17.6
0.42	-8.033	-30.461	3.7
0.43	-8.041	-30.166	-29.9
0.44	-8.047	-29.652	-66.3
0.45	-8.051	-28.897	-76.3
0.46	-8.053	-28.033	-63.3
0.47	-8.054	-27.091	-58.0
0.48	-8.055	-25.934	-60.7
0.49	-8.054	-24.636	-49.7
0.5	-8.051	-23.475	1.0
0.51	-8.039	-22.547	122.2
0.52	-8.026	-21.798	364.8
0.53	-8.019	-21.191	531.3
0.54	-8.021	-20.600	348.2
0.55	-8.026	-19.984	48.1
0.56	-8.031	-19.553	-68.1
0.57	-8.033	-19.500	-79.7
0.58	-8.032	-19.778	-77.2
0.59	-8.026	-20.216	-74.0
0.6	-8.019	-20.639	-77.5
0.61	-8.009	-20.673	-71.1
0.62	-7.999	-19.728	-59.8
0.63	-7.993	-16.666	-46.9
0.64	-7.994	-8.395	-36.4
0.65	-8.001	9.106	-31.3
0.66	-8.009	31.873	-12.1
0.67	-8.018	46.942	12.5
0.68	-8.024	50.930	31.6
0.69	-8.029	51.128	34.2
0.7	-8.032	51.139	50.0
0.71	-8.034	51.138	90.7
0.72	-8.035	51.122	111.7
0.73	-8.037	50.288	110.2
0.74	-8.037	43.770	86.4
0.75	-8.039	27.420	52.4
0.76	-8.041	6.567	36.5
0.77	-8.045	-11.486	16.1
0.78	-8.051	-24.972	-26.3
0.79	-8.058	-34.175	-66.5
0.8	-8.068	-39.650	-86.7
0.81	-8.078	-42.239	-95.5
0.82	-8.085	-42.988	-107.2
0.83	-8.092	-43.056	-124.6
0.84	-8.099	-43.678	-124.4
0.85	-8.104	-45.603	-97.8
0.86	-8.107	-48.344	-80.9
0.87	-8.110	-50.386	-107.8
0.88	-8.113	-50.997	-123.1
0.89	-8.118	-50.316	-90.5
0.9	-8.124	-47.834	-65.3
0.91	-8.131	-43.344	-75.5
0.92	-8.139	-37.530	-90.0
0.93	-8.148	-31.058	-80.9
0.94	-8.155	-24.386	-76.8
0.95	-8.162	-17.909	-95.1
0.96	-8.168	-12.127	-87.9
0.97	-8.171	-7.652	-69.4
0.98	-8.174	-4.966	-75.5
0.99	-8.174	-4.077	-82.9
1.0	-8.176	-4.625	-83.2
1.01	-8.177	-6.336	-79.8
1.02	-8.181	-9.064	-61.1
1.03	-8.184	-12.538	-66.2
1.04	-8.188	-16.309	-76.7
1.05	-8.191	-20.008	-73.1
1.06	-8.194	-23.427	-71.7
1.07	-8.196	-26.359	-63.0
1.08	-8.199	-28.644	-72.4
1.09	-8.202	-30.239	-84.5
1.1	-8.205	-31.200	-79.4
1.11	-8.208	-31.700	-61.4
1.12	-8.211	-31.950	-32.2
1.13	-8.214	-32.092	-6.8
1.14	-8.216	-32.113	9.5
1.15	-8.217	-31.855	10.8
1.16	-8.217	-31.272	-5.7
1.17	-8.216	-30.469	-36.7
1.18	-8.216	-29.630	-60.3
1.19	-8.217	-28.842	-82.8
1.2	-8.220	-28.006	-93.8
1.21	-8.223	-27.088	-69.6
1.22	-8.225	-26.091	-24.1
1.23	-8.224	-25.041	35.4
1.24	-8.217	-24.088	154.2
1.25	-8.209	-23.302	402.6
1.26	-8.209	-22.509	559.3
1.27	-8.215	-21.691	332.8
1.28	-8.221	-21.191	34.3
1.29	-8.223	-21.252	-41.5
1.3	-8.221	-21.702	-53.0
1.31	-8.214	-22.191	-58.3
1.32	-8.203	-22.605	-51.1
1.33	-8.193	-22.950	-64.0
1.34	-8.183	-22.845	-76.9
1.35	-8.172	-21.744	-68.1
1.36	-8.164	-18.772	-17.3
1.37	-8.158	-11.217	17.0
1.38	-8.153	4.848	2.8
1.39	-8.150	27.556	10.3
1.4	-8.148	44.917	27.5
1.41	-8.143	50.650	37.1
1.42	-8.135	51.117	51.8
1.43	-8.126	51.139	75.0
1.44	-8.116	51.134	125.4
1.45	-8.105	51.095	158.7
1.46	-8.092	49.623	153.7
1.47	-8.079	41.178	114.0
1.48	-8.064	23.350	69.2
1.49	-8.049	2.831	67.3
1.5	-8.035	-14.416	51.3
1.51	-8.024	-27.452	-9.2
1.52	-8.016	-36.547	-44.1
1.53	-8.012	-42.192	-59.0
1.54	-8.008	-45.067	-84.8
1.55	-8.002	-46.061	-129.3
1.56	-7.994	-46.195	-151.3
1.57	-7.988	-46.478	-110.8
1.58	-7.982	-47.578	-85.5
1.59	-7.974	-49.269	-100.9
1.6	-7.964	-50.589	-103.7
1.61	-7.954	-50.922	-108.7
1.62	-7.943	-49.947	-98.0
1.63	-7.934	-47.328	-73.8
1.64	-7.926	-43.420	-64.0
1.65	-7.920	-38.906	-59.4
1.66	-7.914	-34.134	-69.1
1.67	-7.909	-29.266	-75.9
1.68	-7.904	-24.467	-74.8
1.69	-7.899	-19.959	-88.8
1.7	-7.893	-16.095	-96.1
1.71	-7.887	-13.273	-85.8
1.72	-7.880	-11.692	-74.8
1.73	-7.873	-11.434	-74.2
1.74	-7.865	-12.475	-74.7
1.75	-7.858	-14.572	-61.5
1.76	-7.851	-17.347	-72.3
1.77	-7.845	-20.411	-101.0
1.78	-7.839	-23.355	-79.3
1.79	-7.834	-25.905	-48.4
1.8	-7.829	-28.041	-52.3
1.81	-7.824	-29.841	-45.6
1.82	-7.820	-31.370	-22.2
1.83	-7.817	-32.664	-0.0
1.84	-7.816	-33.684	18.1
1.85	-7.815	-34.392	-7.7
1.86	-7.814	-34.813	-53.0
1.87	-7.813	-34.895	-56.4
1.88	-7.810	-34.575	-50.7
1.89	-7.807	-33.930	-60.5
1.9	-7.804	-33.103	-57.6
1.91	-7.799	-32.203	-47.7
1.92	-7.790	-31.338	-9.4
1.93	-7.774	-30.547	146.8
1.94	-7.758	-29.733	441.5
1.95	-7.753	-28.839	594.4
1.96	-7.760	-28.016	345.4
1.97	-7.771	-27.450	34.0
1.98	-7.781	-27.092	-67.4
1.99	-7.788	-26.806	-72.9
2.0	-7.787	-26.617	-59.0
2.01	-7.776	-26.538	-73.7
2.02	-7.760	-26.441	-80.8
2.03	-7.745	-26.044	-68.7
2.04	-7.735	-24.956	-42.8
2.05	-7.729	-22.867	-11.6
2.06	-7.726	-18.402	-4.0
2.07	-7.725	-8.233	3.4
2.08	-7.729	10.013	23.6
2.09	-7.734	31.930	26.5
2.1	-7.737	46.623	51.2
2.11	-7.741	50.864	84.8
2.12	-7.743	51.125	94.3
2.13	-7.744	51.127	122.5
2.14	-7.745	50.733	153.1
2.15	-7.745	46.650	166.1
2.16	-7.745	34.447	144.6
2.17	-7.744	16.441	104.2
2.18	-7.743	-1.267	93.1
2.19	-7.741	-15.977	62.8
2.2	-7.740	-27.331	3.6
2.21	-7.741	-35.486	-48.2
2.22	-7.747	-40.709	-90.0
2.23	-7.754	-43.413	-129.8
2.24	-7.759	-44.267	-150.9
2.25	-7.761	-44.173	-126.8
2.26	-7.764	-43.958	-98.0
2.27	-7.768	-44.198	-84.0
2.28	-7.768	-45.041	-78.8
2.29	-7.764	-46.020	-100.2
2.3	-7.758	-46.350	-121.9
2.31	-7.752	-45.391	-117.5
2.32	-7.748	-43.020	-109.2
2.33	-7.747	-39.648	-100.8
2.34	-7.748	-35.761	-85.0
2.35	-7.751	-31.572	-76.0
2.36	-7.753	-27.270	-74.5
2.37	-7.755	-23.195	-82.3
2.38	-7.756	-19.600	-94.8
2.39	-7.758	-16.670	-85.8
2.4	-7.760	-14.570	-87.8
2.41	-7.763	-13.295	-103.0
2.42	-7.767	-13.092	-82.7
2.43	-7.771	-14.284	-60.1
2.44	-7.776	-16.377	-54.5
2.45	-7.781	-18.708	-74.3
2.46	-7.785	-21.077	-87.1
2.47	-7.788	-23.334	-54.1
2.48	-7.787	-25.378	-33.1
2.49	-7.784	-27.150	-0.5
2.5	-7.780	-28.520	28.2
2.51	-7.775	-29.453	-7.6
2.52	-7.768	-29.966	-48.7
2.53	-7.760	-30.059	-62.9
2.54	-7.753	-29.855	-68.3
2.55	-7.746	-29.559	-88.3
2.56	-7.740	-29.242	-90.8
2.57	-7.734	-28.970	-48.3
2.58	-7.726	-28.847	24.6
2.59	-7.713	-28.717	167.3
2.6	-7.700	-28.375	438.9
2.61	-7.695	-27.833	598.8
2.62	-7.694	-27.198	353.2
2.63	-7.693	-26.561	18.5
2.64	-7.689	-26.002	-80.1
2.65	-7.681	-25.583	-73.3
2.66	-7.671	-25.341	-69.9
2.67	-7.659	-25.208	-81.2
2.68	-7.645	-24.992	-73.0
2.69	-7.627	-24.459	-41.8
2.7	-7.607	-23.495	-34.3
2.71	-7.589	-21.909	-29.1
2.72	-7.576	-18.483	-16.3
2.73	-7.567	-10.384	-7.8
2.74	-7.560	4.873	20.5
2.75	-7.551	25.397	39.4
2.76	-7.539	42.636	41.8
2.77	-7.525	50.022	75.6
2.78	-7.511	51.108	123.2
2.79	-7.497	50.534	143.4
2.8	-7.481	45.958	151.4
2.81	-7.465	34.127	143.3
2.82	-7.447	17.889	137.5
2.83	-7.431	2.028	136.7
2.84	-7.416	-11.672	90.3
2.85	-7.402	-22.772	21.5
2.86	-7.389	-31.130	-25.7
2.87	-7.377	-36.781	-47.6
2.88	-7.366	-39.889	-73.4
2.89	-7.356	-40.870	-112.1
2.9	-7.343	-40.369	-120.1
2.91	-7.329	-39.123	-95.5
2.92	-7.315	-37.873	-76.2
2.93	-7.301	-37.184	-99.3
2.94	-7.285	-37.244	-122.7
2.95	-7.269	-37.666	-111.4
2.96	-7.252	-37.639	-94.6
2.97	-7.236	-36.495	-91.8
2.98	-7.223	-34.142	-99.4
2.99	-7.211	-30.947	-80.8
3.0	-7.201	-27.422	-55.9
3.01	-7.192	-23.955	-56.8
3.02	-7.184	-20.636	-63.0
3.03	-7.176	-17.398	-74.2
3.04	-7.168	-14.439	-84.4
3.05	-7.159	-12.141	-81.3
3.06	-7.149	-10.689	-82.8
3.07	-7.140	-10.170	-76.5
3.08	-7.131	-10.528	-61.5
3.09	-7.121	-11.519	-46.9
3.1	-7.112	-12.984	-33.4
3.11	-7.105	-14.845	-39.4
3.12	-7.099	-16.945	-12.4
3.13	-7.094	-19.003	32.0
3.14	-7.087	-20.759	3.3
3.15	-7.079	-22.153	-58.5
3.16	-7.072	-23.156	-76.3
3.17	-7.065	-23.709	-71.8
3.18	-7.059	-23.920	-81.4
3.19	-7.056	-23.939	-93.7
3.2	-7.054	-23.856	-54.7
3.21	-7.049	-23.689	27.4
3.22	-7.037	-23.372	179.4
3.23	-7.025	-22.941	439.1
3.24	-7.021	-22.461	522.4
3.25	-7.020	-21.892	254.5
3.26	-7.015	-21.183	-13.8
3.27	-7.011	-20.463	-86.9
3.28	-7.009	-20.036	-88.0
3.29	-7.006	-19.997	-69.0
3.3	-7.002	-20.148	-63.8
3.31	-6.994	-20.173	-53.6
3.32	-6.985	-19.784	-22.4
3.33	-6.976	-18.933	-24.5
3.34	-6.972	-17.434	-37.8
3.35	-6.973	-14.208	-23.5
3.36	-6.976	-6.944	1.4
3.37	-6.979	6.472	13.4
3.38	-6.981	24.689	25.7
3.39	-6.978	41.072	54.4
3.4	-6.974	49.317	85.0
3.41	-6.969	50.375	115.5
3.42	-6.967	46.070	132.5
3.43	-6.965	35.544	120.2
3.44	-6.964	20.914	130.3
3.45	-6.964	5.709	146.1
3.46	-6.966	-7.513	111.5
3.47	-6.971	-17.558	63.9
3.48	-6.976	-24.794	14.1
3.49	-6.980	-29.667	-46.6
3.5	-6.983	-32.497	-67.5
3.51	-6.988	-33.733	-63.9
3.52	-6.996	-33.750	-77.2
3.53	-7.003	-32.831	-105.7
3.54	-7.008	-31.370	-115.5
3.55	-7.011	-30.009	-91.8
3.56	-7.011	-29.400	-96.7
3.57	-7.009	-29.752	-110.9
3.58	-7.006	-30.522	-98.6
3.59	-7.003	-30.798	-90.1
3.6	-7.003	-29.925	-88.5
3.61	-7.006	-27.702	-92.3
3.62	-7.011	-24.491	-89.2
3.63	-7.019	-20.963	-81.0
3.64	-7.027	-17.503	-76.1
3.65	-7.036	-14.197	-67.8
3.66	-7.045	-11.180	-58.9
3.67	-7.055	-8.727	-51.8
3.68	-7.067	-7.089	-50.7
3.69	-7.081	-6.439	-55.8
3.7	-7.095	-6.816	-64.3
3.71	-7.109	-8.006	-63.9
3.72	-7.123	-9.725	-37.5
3.73	-7.136	-11.734	-10.3
3.74	-7.149	-13.897	20.0
3.75	-7.159	-16.033	17.1
3.76	-7.165	-17.770	-4.8
3.77	-7.169	-18.889	-22.4
3.78	-7.170	-19.516	-79.1
3.79	-7.172	-19.886	-102.1
3.8	-7.176	-20.113	-63.2
3.81	-7.184	-20.225	-36.7
3.82	-7.196	-20.197	-29.1
3.83	-7.201	-19.922	41.4
3.84	-7.197	-19.406	256.9
3.85	-7.196	-18.809	486.1
3.86	-7.202	-18.198	423.3
3.87	-7.208	-17.522	120.9
3.88	-7.211	-16.830	-53.3
3.89	-7.217	-16.331	-82.2
3.9	-7.224	-16.134	-79.3
3.91	-7.228	-16.094	-51.3
3.92	-7.227	-16.038	-50.0
3.93	-7.223	-15.866	-54.2
3.94	-7.221	-15.369	-60.3
3.95	-7.225	-14.236	-61.8
3.96	-7.233	-11.641	-30.0
3.97	-7.246	-5.552	-16.6
3.98	-7.263	6.183	-17.1
3.99	-7.279	22.936	11.4
4.0	-7.293	39.267	38.1
4.01	-7.306	48.520	38.3
4.02	-7.318	49.377	53.6
4.03	-7.332	43.073	79.6
4.04	-7.347	31.091	98.2
4.05	-7.362	17.083	116.5
4.06	-7.377	4.011	128.5
4.07	-7.391	-6.956	118.6
4.08	-7.403	-15.484	65.8
4.09	-7.415	-21.545	6.2
4.1	-7.427	-25.234	-25.2
4.11	-7.440	-26.903	-53.7
4.12	-7.454	-27.127	-83.7
4.13	-7.471	-26.553	-110.2
4.14	-7.490	-25.659	-129.0
4.15	-7.508	-24.811	-125.9
4.16	-7.524	-24.347	-103.5
4.17	-7.539	-24.441	-94.4
4.18	-7.553	-25.070	-105.1
4.19	-7.563	-25.867	-113.6
4.2	-7.571	-26.114	-114.9
4.21	-7.579	-25.209	-112.5
4.22	-7.588	-23.073	-109.3
4.23	-7.596	-20.250	-104.3
4.24	-7.606	-17.431	-91.8
4.25	-7.618	-14.855	-87.0
4.26	-7.632	-12.439	-79.9
4.27	-7.647	-10.261	-80.6
4.28	-7.661	-8.534	-95.7
4.29	-7.673	-7.406	-77.0
4.3	-7.685	-6.969	-62.1
4.31	-7.696	-7.241	-73.0
4.32	-7.706	-8.178	-77.2
4.33	-7.716	-9.664	-67.1
4.34	-7.726	-11.347	-45.6
4.35	-7.736	-12.813	-34.8
4.36	-7.744	-13.877	-21.7
4.37	-7.753	-14.642	-7.8
4.38	-7.761	-15.352	-29.3
4.39	-7.768	-16.144	-72.9
4.4	-7.775	-16.880	-94.7
4.41	-7.784	-17.333	-97.4
4.42	-7.793	-17.459	-100.7
4.43	-7.803	-17.342	-83.3
4.44	-7.808	-17.036	-28.9
4.45	-7.808	-16.695	74.1
4.46	-7.803	-16.436	289.5
4.47	-7.805	-16.134	511.3
4.48	-7.814	-15.677	426.0
4.49	-7.825	-15.083	109.6
4.5	-7.833	-14.473	-71.1
4.51	-7.839	-14.072	-91.2
4.52	-7.840	-14.038	-86.1
4.53	-7.839	-14.286	-83.8
4.54	-7.838	-14.480	-80.8
4.55	-7.839	-14.239	-67.9
4.56	-7.841	-13.342	-57.8
4.57	-7.844	-11.409	-66.7
4.58	-7.848	-7.172	-52.6
4.59	-7.852	1.430	-14.0
4.6	-7.859	15.394	17.4
4.61	-7.868	31.823	18.6
4.62	-7.878	44.050	14.7
4.63	-7.886	46.878	45.8
4.64	-7.892	40.573	69.2
4.65	-7.897	29.022	79.8
4.66	-7.899	16.141	95.9
4.67	-7.899	4.283	130.4
4.68	-7.898	-5.553	144.6
4.69	-7.895	-13.205	96.5
4.7	-7.894	-18.802	47.8
4.71	-7.894	-22.472	14.9
4.72	-7.896	-24.497	-28.7
4.73	-7.901	-25.295	-94.8
4.74	-7.908	-25.267	-137.4
4.75	-7.916	-24.780	-130.8
4.76	-7.924	-24.122	-115.0
4.77	-7.929	-23.603	-116.1
4.78	-7.933	-23.486	-138.7
4.79	-7.936	-23.761	-147.3
4.8	-7.937	-24.172	-117.1
4.81	-7.936	-24.241	-103.1
4.82	-7.936	-23.575	-107.8
4.83	-7.936	-22.264	-104.0
4.84	-7.938	-20.583	-118.9
4.85	-7.940	-18.544	-116.2
4.86	-7.943	-16.173	-77.3
4.87	-7.946	-13.911	-85.2
4.88	-7.951	-11.967	-121.5
4.89	-7.955	-10.481	-107.8
4.9	-7.960	-10.195	-84.4
4.91	-7.964	-10.592	-73.8
4.92	-7.968	-10.336	-76.0
4.93	-7.969	-9.939	-85.3
4.94	-7.970	-10.633	-91.4
4.95	-7.971	-12.605	-119.5
4.96	-7.971	-15.063	-103.3
4.97	-7.973	-16.781	-63.6
4.98	-7.976	-17.269	-56.0
4.99	-7.979	-17.145	-49.1
5.0	-7.983	-17.009	-47.0
5.01	-7.987	-16.917	-47.4
5.02	-7.990	-16.931	-43.5
5.03	-7.993	-17.166	-13.0
5.04	-7.996	-17.352	-7.9
5.05	-7.998	-17.230	-33.6
5.06	-7.999	-16.830	-32.8
5.07	-8.001	-16.219	-53.2
5.08	-8.002	-15.592	-83.7
5.09	-8.004	-15.298	-86.0
5.1	-8.006	-15.197	-69.9
5.11	-8.006	-14.958	-33.4
5.12	-8.000	-14.608	38.5
5.13	-7.994	-14.236	256.9
5.14	-7.996	-13.903	583.6
5.15	-8.013	-13.588	574.6
5.16	-8.038	-13.261	192.7
5.17	-8.066	-13.120	-46.0
5.18	-8.092	-13.370	-68.6
5.19	-8.113	-13.917	-81.8
5.2	-8.125	-14.456	-87.9
5.21	-8.129	-14.697	-72.5
5.22	-8.127	-14.513	-59.5
5.23	-8.121	-13.770	-56.9
5.24	-8.113	-11.961	-45.1
5.25	-8.104	-7.583	-25.6
5.26	-8.096	1.802	-13.3
5.27	-8.092	16.864	-5.8
5.28	-8.089	33.569	13.8
5.29	-8.087	44.688	39.6
5.3	-8.083	45.528	47.7
5.31	-8.077	37.386	75.0
5.32	-8.069	24.883	129.6
5.33	-8.062	11.863	134.0
5.34	-8.052	0.338	112.1
5.35	-8.040	-8.969	136.3
5.36	-8.027	-15.916	136.8
5.37	-8.014	-20.558	92.9
5.38	-8.003	-23.270	59.5
5.39	-7.994	-24.572	18.5
5.4	-7.986	-24.872	-43.8
5.41	-7.979	-24.542	-91.4
5.42	-7.970	-23.922	-107.9
5.43	-7.963	-23.338	-111.1
5.44	-7.957	-23.019	-115.1
5.45	-7.951	-23.114	-118.2
5.46	-7.945	-23.683	-112.3
5.47	-7.936	-24.455	-94.7
5.48	-7.925	-24.844	-86.3
5.49	-7.914	-24.320	-101.6
5.5	-7.902	-22.717	-101.9
5.51	-7.893	-20.217	-84.0
5.52	-7.885	-17.238	-84.7
5.53	-7.879	-14.261	-83.5
5.54	-7.874	-11.617	-69.6
5.55	-7.872	-9.513	-58.8
5.56	-7.870	-8.108	-59.1
5.57	-7.869	-7.517	-81.0
5.58	-7.866	-7.655	-86.4
5.59	-7.862	-8.228	-72.8
5.6	-7.856	-8.977	-72.4
5.61	-7.848	-9.764	-59.9
5.62	-7.838	-10.575	-37.1
5.63	-7.828	-11.520	-46.9
5.64	-7.820	-12.730	-44.8
5.65	-7.813	-14.133	-34.1
5.66	-7.808	-15.391	-62.0
5.67	-7.804	-16.186	-87.4
5.68	-7.799	-16.508	-80.7
5.69	-7.795	-16.523	-45.4
5.7	-7.791	-16.345	-12.9
5.71	-7.788	-16.078	1.6
5.72	-7.783	-15.803	9.7
5.73	-7.777	-15.561	23.8
5.74	-7.771	-15.375	21.6
5.75	-7.766	-15.217	-3.1
5.76	-7.759	-15.069	-23.3
5.77	-7.751	-14.831	-58.0
5.78	-7.744	-14.402	-75.7
5.79	-7.740	-13.872	-52.2
5.8	-7.738	-13.316	-28.8
5.81	-7.736	-12.770	-15.2
5.82	-7.728	-12.284	36.5
5.83	-7.714	-11.820	241.8
5.84	-7.704	-11.338	571.8
5.85	-7.699	-10.863	607.3
5.86	-7.692	-10.511	258.7
5.87	-7.681	-10.564	-2.4
5.88	-7.670	-11.148	-57.0
5.89	-7.662	-11.883	-76.8
5.9	-7.653	-12.416	-72.9
5.91	-7.641	-12.663	-45.8
5.92	-7.623	-12.472	-40.4
5.93	-7.604	-11.839	-37.5
5.94	-7.589	-10.567	-27.9
5.95	-7.579	-7.256	-14.5
5.96	-7.574	0.750	9.5
5.97	-7.569	14.970	16.6
5.98	-7.565	32.319	19.6
5.99	-7.559	45.280	27.9
6.0	-7.554	48.536	60.7
6.01	-7.547	42.523	107.8
6.02	-7.538	30.666	121.6
6.03	-7.527	16.973	121.6
6.04	-7.516	4.472	152.1
6.05	-7.506	-5.361	188.0
6.06	-7.496	-12.347	156.8
6.07	-7.487	-16.913	104.3
6.08	-7.479	-19.525	67.9
6.09	-7.474	-20.688	9.9
6.1	-7.468	-20.877	-30.2
6.11	-7.463	-20.455	-42.8
6.12	-7.457	-19.761	-53.2
6.13	-7.453	-19.122	-56.7
6.14	-7.450	-18.761	-75.3
6.15	-7.447	-18.825	-88.5
6.16	-7.442	-19.495	-80.1
6.17	-7.434	-20.886	-68.7
6.18	-7.426	-22.473	-61.5
6.19	-7.418	-23.170	-72.6
6.2	-7.410	-22.283	-77.8
6.21	-7.404	-19.853	-68.5
6.22	-7.399	-16.356	-59.7
6.23	-7.398	-12.466	-50.5
6.24	-7.398	-8.877	-46.5
6.25	-7.401	-6.120	-40.9
6.26	-7.405	-4.477	-30.8
6.27	-7.409	-3.927	-47.4
6.28	-7.411	-4.317	-62.8
6.29	-7.410	-5.466	-41.8
6.3	-7.409	-7.027	-30.9
6.31	-7.406	-8.722	-27.0
6.32	-7.402	-10.383	-20.0
6.33	-7.399	-11.789	-23.4
6.34	-7.397	-12.889	-40.4
6.35	-7.396	-13.741	-63.4
6.36	-7.397	-14.297	-54.9
6.37	-7.399	-14.556	-33.1
6.38	-7.404	-14.613	-27.0
6.39	-7.407	-14.577	-22.8
6.4	-7.408	-14.442	-8.3
6.41	-7.407	-14.184	0.8
6.42	-7.405	-13.920	-1.3
6.43	-7.402	-13.797	7.6
6.44	-7.401	-13.881	21.5
6.45	-7.397	-14.102	37.2
6.46	-7.393	-14.213	31.2
6.47	-7.391	-13.933	-12.3
6.48	-7.393	-13.213	-43.0
6.49	-7.396	-12.270	-59.3
6.5	-7.400	-11.345	-53.9
6.51	-7.406	-10.534	-20.3
6.52	-7.416	-9.894	-9.5
6.53	-7.426	-9.536	10.9
6.54	-7.428	-9.417	105.9
6.55	-7.428	-9.456	348.1
6.56	-7.434	-9.591	574.7
6.57	-7.443	-9.545	426.8
6.58	-7.450	-9.217	96.3
6.59	-7.456	-8.917	-53.0
6.6	-7.463	-8.892	-59.0
6.61	-7.474	-9.102	-34.5
6.62	-7.484	-9.356	-41.3
6.63	-7.489	-9.428	-48.8
6.64	-7.490	-9.216	-52.0
6.65	-7.492	-8.630	-62.4
6.66	-7.499	-6.952	-35.0
6.67	-7.510	-2.233	-19.2
6.68	-7.523	7.969	-23.3
6.69	-7.538	23.608	-3.3
6.7	-7.550	39.320	14.6
6.71	-7.562	47.728	23.9
6.72	-7.571	46.283	51.4
6.73	-7.580	37.642	84.3
6.74	-7.588	25.828	108.1
6.75	-7.595	13.919	114.6
6.76	-7.601	3.545	104.6
6.77	-7.607	-4.563	88.7
6.78	-7.612	-10.381	76.2
6.79	-7.619	-14.300	76.0
6.8	-7.625	-16.623	48.1
6.81	-7.632	-17.600	2.3
6.82	-7.638	-17.700	-50.0
6.83	-7.644	-17.428	-109.9
6.84	-7.650	-17.073	-126.0
6.85	-7.656	-16.847	-110.9
6.86	-7.665	-17.034	-106.3
6.87	-7.673	-17.841	-122.0
6.88	-7.678	-19.270	-124.4
6.89	-7.681	-21.047	-98.2
6.9	-7.685	-22.473	-79.8
6.91	-7.689	-22.770	-94.0
6.92	-7.691	-21.636	-121.1
6.93	-7.693	-19.234	-98.5
6.94	-7.698	-15.950	-62.8
6.95	-7.706	-12.319	-79.8
6.96	-7.716	-8.942	-98.9
6.97	-7.725	-6.345	-92.7
6.98	-7.735	-4.744	-83.6
6.99	-7.743	-4.078	-74.4
7.0	-7.751	-4.192	-79.0
7.01	-7.759	-5.070	-94.6
7.02	-7.767	-6.600	-87.9
7.03	-7.775	-8.308	-60.8
7.04	-7.782	-9.817	-50.5
7.05	-7.790	-11.030	-73.5
7.06	-7.797	-11.972	-95.2
7.07	-7.806	-12.723	-88.9
7.08	-7.816	-13.456	-61.1
7.09	-7.826	-14.148	-60.8
7.1	-7.837	-14.608	-95.8
7.11	-7.847	-14.802	-97.1
7.12	-7.857	-14.730	-79.1
7.13	-7.869	-14.522	-72.5
7.14	-7.882	-14.378	-66.8
7.15	-7.894	-14.247	-62.8
7.16	-7.906	-14.048	-61.2
7.17	-7.918	-13.808	-67.4
7.18	-7.928	-13.522	-70.9
7.19	-7.937	-13.223	-72.8
7.2	-7.946	-12.964	-78.5
7.21	-7.953	-12.841	-79.8
7.22	-7.959	-12.956	-74.8
7.23	-7.965	-13.153	-63.9
7.24	-7.971	-13.122	-54.4
7.25	-7.976	-12.797	-57.0
7.26	-7.981	-12.311	-64.0
7.27	-7.987	-11.819	-42.9
7.28	-7.993	-11.498	-18.0
7.29	-7.998	-11.361	-22.5
7.3	-8.002	-11.136	-23.9
7.31	-8.008	-10.681	-0.3
7.32	-8.012	-10.011	26.3
7.33	-8.015	-9.445	8.0
7.34	-8.018	-9.536	-44.3
7.35	-8.019	-10.127	-65.4
7.36	-8.022	-10.761	-63.9
7.37	-8.026	-11.341	-60.1
7.38	-8.031	-11.594	-58.1
7.39	-8.033	-11.395	-58.2
7.4	-8.030	-11.250	-16.5
7.41	-8.023	-11.380	149.2
7.42	-8.019	-11.498	475.8
7.43	-8.025	-11.570	651.9
7.44	-8.036	-11.541	395.1
7.45	-8.044	-11.264	55.9
7.46	-8.049	-11.072	-60.2
7.47	-8.049	-11.344	-83.8
7.48	-8.044	-11.803	-98.6
7.49	-8.038	-12.183	-104.0
7.5	-8.032	-12.416	-90.0
7.51	-8.029	-12.153	-77.4
7.52	-8.029	-10.809	-77.4
7.53	-8.032	-7.477	-66.7
7.54	-8.036	-0.241	-41.1
7.55	-8.043	12.686	-11.2
7.56	-8.049	29.480	-13.1
7.57	-8.058	43.570	-18.6
7.58	-8.066	49.541	23.4
7.59	-8.073	47.459	62.6
7.6	-8.078	39.363	65.3
7.61	-8.079	27.964	95.8
7.62	-8.077	16.189	132.1
7.63	-8.072	5.711	124.6
7.64	-8.066	-2.606	114.3
7.65	-8.060	-8.617	96.3
7.66	-8.055	-12.769	57.8
7.67	-8.055	-15.677	9.8
7.68	-8.059	-17.475	-33.6
7.69	-8.066	-18.292	-46.5
7.7	-8.073	-18.584	-70.8
7.71	-8.080	-18.642	-109.3
7.72	-8.086	-18.533	-113.9
7.73	-8.090	-18.269	-100.9
7.74	-8.091	-18.316	-127.3
7.75	-8.091	-19.253	-158.9
7.76	-8.089	-20.730	-117.9
7.77	-8.086	-21.950	-73.4
7.78	-8.083	-22.378	-80.8
7.79	-8.083	-21.756	-101.1
7.8	-8.088	-20.189	-103.3
7.81	-8.100	-17.928	-89.2
7.82	-8.116	-15.170	-90.6
7.83	-8.137	-12.219	-108.1
7.84	-8.158	-9.567	-94.7
7.85	-8.178	-7.727	-76.1
7.86	-8.194	-6.967	-72.7
7.87	-8.207	-7.011	-68.0
7.88	-8.214	-7.497	-80.5
7.89	-8.216	-8.398	-78.2
7.9	-8.213	-9.408	-65.1
7.91	-8.207	-10.434	-75.9
7.92	-8.201	-11.633	-93.8
7.93	-8.195	-12.691	-97.9
7.94	-8.189	-13.456	-83.5
7.95	-8.183	-14.038	-77.2
7.96	-8.175	-14.677	-82.1
7.97	-8.169	-15.573	-64.1
7.98	-8.162	-16.425	-47.9
7.99	-8.156	-16.959	-64.8
8.0	-8.151	-17.327	-69.4
8.01	-8.147	-17.477	-50.7
8.02	-8.142	-17.180	-61.3
8.03	-8.137	-16.764	-74.2
8.04	-8.132	-16.616	-62.8
8.05	-8.127	-16.494	-67.1
8.06	-8.122	-16.184	-74.3
8.07	-8.117	-15.736	-55.4
8.08	-8.112	-15.158	-31.1
8.09	-8.106	-14.617	-20.7
8.1	-8.101	-14.258	-30.0
8.11	-8.095	-13.994	-23.1
8.12	-8.090	-13.636	25.6
8.13	-8.086	-13.064	24.8
8.14	-8.081	-12.652	-30.2
8.15	-8.076	-12.486	-44.7
8.16	-8.071	-12.164	-31.2
8.17	-8.065	-11.867	-42.4
8.18	-8.061	-11.845	-75.1
8.19	-8.059	-11.953	-66.3
8.2	-8.057	-12.020	-14.3
8.21	-8.050	-12.002	41.7
8.22	-8.037	-11.967	229.0
8.23	-8.029	-11.983	552.0
8.24	-8.027	-12.108	621.4
8.25	-8.024	-12.358	301.2
8.26	-8.017	-12.752	1.9
8.27	-8.008	-13.402	-75.9
8.28	-7.998	-14.303	-67.2
8.29	-7.989	-15.317	-60.5
8.3	-7.980	-16.089	-73.3
8.31	-7.969	-16.314	-74.6
8.32	-7.957	-15.989	-43.7
8.33	-7.946	-15.084	-19.7
8.34	-7.938	-13.148	-34.4
8.35	-7.936	-8.727	-12.8
8.36	-7.938	0.397	21.6
8.37	-7.941	14.872	8.0
8.38	-7.943	31.563	26.1
8.39	-7.944	44.455	78.4
8.4	-7.941	49.597	105.0
8.41	-7.935	47.269	118.2
8.42	-7.927	39.211	136.7
8.43	-7.919	28.059	155.5
8.44	-7.909	16.494	156.9
8.45	-7.899	5.900	148.6
8.46	-7.889	-2.945	142.1
8.47	-7.883	-9.641	101.1
8.48	-7.879	-14.209	36.8
8.49	-7.874	-17.114	-7.9
8.5	-7.868	-18.770	-38.2
8.51	-7.860	-19.342	-64.3
8.52	-7.852	-19.036	-89.1
8.53	-7.843	-18.242	-114.6
8.54	-7.833	-17.441	-121.3
8.55	-7.823	-17.017	-112.6
8.56	-7.812	-17.262	-108.2
8.57	-7.798	-18.309	-93.9
8.58	-7.781	-19.867	-80.4
8.59	-7.763	-21.191	-88.5
8.6	-7.744	-21.544	-101.8
8.61	-7.728	-20.692	-102.6
8.62	-7.715	-18.745	-106.6
8.63	-7.706	-15.909	-99.4
8.64	-7.697	-12.630	-63.8
8.65	-7.690	-9.492	-47.6
8.66	-7.681	-6.964	-53.8
8.67	-7.673	-5.373	-59.5
8.68	-7.664	-4.817	-66.6
8.69	-7.656	-5.027	-82.7
8.7	-7.649	-5.561	-80.7
8.71	-7.641	-6.320	-63.0
8.72	-7.633	-7.525	-60.3
8.73	-7.624	-8.933	-38.2
8.74	-7.617	-10.116	-29.6
8.75	-7.611	-11.128	-58.5
8.76	-7.607	-12.103	-84.8
8.77	-7.603	-13.013	-67.2
8.78	-7.599	-13.909	-25.3
8.79	-7.594	-14.805	-36.8
8.8	-7.591	-15.511	-44.7
8.81	-7.588	-15.925	-24.7
8.82	-7.584	-16.170	-35.9
8.83	-7.579	-16.289	-52.1
8.84	-7.575	-16.295	-50.0
8.85	-7.572	-16.234	-31.1
8.86	-7.570	-15.964	-8.7
8.87	-7.566	-15.405	25.3
8.88	-7.561	-14.866	67.0
8.89	-7.555	-14.598	49.8
8.9	-7.549	-14.473	-15.1
8.91	-7.546	-14.292	-40.8
8.92	-7.541	-13.942	-42.7
8.93	-7.538	-13.450	-55.3
8.94	-7.536	-12.947	-50.8
8.95	-7.539	-12.469	-18.7
8.96	-7.542	-11.991	35.9
8.97	-7.537	-11.573	133.9
8.98	-7.531	-11.320	358.3
8.99	-7.529	-11.173	576.2
9.0	-7.529	-11.000	454.3
9.01	-7.524	-10.820	127.3
9.02	-7.519	-10.697	-40.3
9.03	-7.516	-10.683	-64.3
9.04	-7.514	-10.803	-50.9
9.05	-7.508	-11.059	-45.4
9.06	-7.495	-11.448	-57.0
9.07	-7.479	-11.753	-31.2
9.08	-7.462	-11.675	1.5
9.09	-7.446	-10.936	-1.3
9.1	-7.433	-8.761	-3.2
9.11	-7.424	-3.364	11.9
9.12	-7.421	7.277	21.1
9.13	-7.422	23.013	27.9
9.14	-7.426	39.027	45.0
9.15	-7.433	48.505	68.8
9.16	-7.442	50.975	95.7
9.17	-7.454	50.391	127.7
9.18	-7.468	46.261	137.6
9.19	-7.479	37.225	133.7
9.2	-7.489	26.069	158.7
9.21	-7.499	15.498	155.4
9.22	-7.508	6.216	99.7
9.23	-7.518	-1.452	34.3
9.24	-7.527	-7.422	-19.3
9.25	-7.538	-11.658	-45.7
9.26	-7.549	-14.133	-60.0
9.27	-7.563	-15.095	-70.4
9.28	-7.579	-15.050	-80.6
9.29	-7.595	-14.481	-83.4
9.3	-7.611	-13.811	-99.7
9.31	-7.624	-13.591	-110.0
9.32	-7.634	-14.238	-93.8
9.33	-7.642	-15.861	-93.6
9.34	-7.648	-18.155	-77.6
9.35	-7.652	-20.247	-72.8
9.36	-7.656	-21.227	-97.9
9.37	-7.661	-20.784	-100.8
9.38	-7.666	-19.159	-101.7
9.39	-7.673	-16.752	-97.9
9.4	-7.679	-13.881	-82.1
9.41	-7.685	-10.872	-69.8
9.42	-7.690	-8.056	-69.3
9.43	-7.694	-5.661	-81.4
9.44	-7.697	-3.841	-85.1
9.45	-7.699	-2.861	-73.3
9.46	-7.702	-2.955	-57.5
9.47	-7.704	-3.930	-66.4
9.48	-7.706	-5.342	-86.4
9.49	-7.709	-6.970	-78.8
9.5	-7.713	-8.748	-60.7
9.51	-7.717	-10.627	-64.6
9.52	-7.721	-12.444	-73.2
9.53	-7.726	-13.911	-72.8
9.54	-7.733	-14.884	-78.6
9.55	-7.741	-15.448	-77.3
9.56	-7.749	-15.528	-66.2
9.57	-7.757	-15.211	-54.5
9.58	-7.764	-15.066	-56.0
9.59	-7.771	-15.225	-55.8
9.6	-7.779	-15.398	-31.2
9.61	-7.788	-15.611	-11.4
9.62	-7.798	-15.859	-13.0
9.63	-7.809	-15.928	-24.1
9.64	-7.819	-15.777	-34.4
9.65	-7.828	-15.439	-41.9
9.66	-7.838	-14.927	-52.8
9.67	-7.850	-14.322	-75.8
9.68	-7.862	-13.631	-92.4
9.69	-7.876	-12.845	-85.2
9.7	-7.890	-12.103	-52.4
9.71	-7.900	-11.575	17.8
9.72	-7.905	-11.239	200.3
9.73	-7.911	-11.039	514.7
9.74	-7.924	-11.023	600.1
9.75	-7.940	-11.063	267.7
9.76	-7.953	-11.069	-28.2
9.77	-7.961	-11.263	-67.9
9.78	-7.966	-11.792	-74.4
9.79	-7.968	-12.538	-105.1
9.8	-7.968	-13.209	-85.9
9.81	-7.966	-13.586	-46.1
9.82	-7.963	-13.556	-54.7
9.83	-7.960	-12.930	-67.5
9.84	-7.961	-11.273	-52.1
9.85	-7.967	-7.341	-45.0
9.86	-7.976	1.008	-37.1
9.87	-7.986	14.616	-14.2
9.88	-7.996	30.938	11.2
9.89	-8.004	44.133	34.2
9.9	-8.010	50.056	62.7
9.91	-8.015	50.892	92.1
9.92	-8.018	48.698	90.8
9.93	-8.019	41.808	93.8
9.94	-8.019	31.078	108.9
9.95	-8.018	19.600	97.5
9.96	-8.016	8.952	81.4
9.97	-8.014	-0.191	44.3
9.98	-8.011	-7.303	-16.5
9.99	-8.010	-12.209	-57.6
10.0	-8.011	-15.367	-76.5
10.01	-8.015	-17.552	-92.8
10.02	-8.022	-19.006	-112.3
10.03	-8.029	-19.731	-125.3
10.04	-8.035	-20.086	-144.2
10.05	-8.041	-20.419	-162.2
10.06	-8.044	-20.909	-143.6
10.07	-8.047	-21.688	-107.7
10.08	-8.047	-22.827	-103.6
10.09	-8.046	-24.025	-117.3
10.1	-8.044	-24.503	-131.7
10.11	-8.043	-23.673	-127.5
10.12	-8.044	-21.630	-99.6
10.13	-8.047	-18.895	-100.2
10.14	-8.054	-16.063	-122.5
10.15	-8.063	-13.608	-102.6
10.16	-8.071	-11.597	-43.8
10.17	-8.079	-9.756	-47.2
10.18	-8.085	-8.005	-110.0
10.19	-8.091	-6.555	-106.7
10.2	-8.094	-5.531	-92.2
10.21	-8.096	-4.948	-109.3
10.22	-8.097	-4.892	-98.8
10.23	-8.098	-5.430	-96.4
10.24	-8.099	-6.570	-86.3
10.25	-8.101	-8.303	-60.4
10.26	-8.104	-10.458	-70.0
10.27	-8.109	-12.778	-80.5
10.28	-8.115	-14.945	-87.3
10.29	-8.122	-16.667	-109.7
10.3	-8.128	-17.827	-99.3
10.31	-8.134	-18.434	-73.3
10.32	-8.137	-18.600	-69.1
10.33	-8.138	-18.547	-67.7
10.34	-8.139	-18.448	-68.6
10.35	-8.139	-18.417	-79.8
10.36	-8.139	-18.483	-70.6
10.37	-8.140	-18.544	-52.5
10.38	-8.141	-18.567	-60.6
10.39	-8.143	-18.536	-56.1
10.4	-8.146	-18.453	-42.7
10.41	-8.149	-18.338	-8.6
10.42	-8.151	-18.091	25.5
10.43	-8.152	-17.713	10.9
10.44	-8.152	-17.228	-40.9
10.45	-8.150	-16.614	-93.0
10.46	-8.148	-15.916	-64.2
10.47	-8.148	-15.234	-32.5
10.48	-8.150	-14.647	-62.2
10.49	-8.151	-14.186	-51.1
10.5	-8.148	-13.872	14.0
10.51	-8.137	-13.761	143.2
10.52	-8.128	-13.858	403.8
10.53	-8.129	-13.944	617.1
10.54	-8.138	-13.853	444.6
10.55	-8.148	-13.798	94.8
10.56	-8.156	-13.947	-59.6
10.57	-8.160	-14.222	-88.1
10.58	-8.157	-14.661	-85.0
10.59	-8.148	-15.158	-76.3
10.6	-8.137	-15.413	-79.1
10.61	-8.128	-15.420	-75.6
10.62	-8.121	-15.127	-53.5
10.63	-8.117	-13.886	-27.7
10.64	-8.113	-10.138	-22.7
10.65	-8.112	-1.641	-17.9
10.66	-8.114	12.823	9.8
10.67	-8.120	30.675	39.0
10.68	-8.127	44.666	30.2
10.69	-8.132	50.328	22.1
10.7	-8.136	51.113	61.9
10.71	-8.139	50.548	104.4
10.72	-8.142	46.738	136.7
10.73	-8.146	37.583	159.5
10.74	-8.151	25.427	143.2
10.75	-8.156	13.538	122.4
10.76	-8.164	2.978	94.5
10.77	-8.177	-6.031	31.7
10.78	-8.193	-13.244	-37.2
10.79	-8.210	-18.478	-76.1
10.8	-8.227	-21.792	-88.3
10.81	-8.243	-23.434	-100.7
10.82	-8.256	-23.800	-119.1
10.83	-8.263	-23.378	-112.9
10.84	-8.266	-22.692	-104.3
10.85	-8.264	-22.292	-123.0
10.86	-8.260	-22.711	-138.3
10.87	-8.254	-24.078	-132.8
10.88	-8.244	-25.803	-106.4
10.89	-8.235	-26.898	-97.8
10.9	-8.226	-26.741	-122.2
10.91	-8.217	-25.548	-121.9
10.92	-8.210	-23.822	-85.5
10.93	-8.204	-21.809	-65.8
10.94	-8.198	-19.647	-74.7
10.95	-8.192	-17.327	-87.7
10.96	-8.184	-14.767	-100.9
10.97	-8.176	-12.052	-99.6
10.98	-8.164	-9.511	-86.2
10.99	-8.152	-7.639	-70.9
11.0	-8.139	-6.766	-57.3
11.01	-8.126	-6.870	-61.7
11.02	-8.111	-7.786	-79.9
11.03	-8.097	-9.269	-91.6
11.04	-8.083	-11.030	-89.0
11.05	-8.069	-12.803	-87.2
11.06	-8.057	-14.406	-83.1
11.07	-8.047	-15.742	-62.9
11.08	-8.038	-16.717	-66.2
11.09	-8.029	-17.413	-74.3
11.1	-8.021	-18.150	-42.5
11.11	-8.011	-19.053	-20.4
11.12	-8.000	-19.991	-28.5
11.13	-7.991	-20.848	-29.7
11.14	-7.984	-21.363	0.2
11.15	-7.977	-21.311	20.9
11.16	-7.969	-20.888	-15.5
11.17	-7.961	-20.430	-68.6
11.18	-7.953	-19.991	-84.0
11.19	-7.946	-19.463	-65.5
11.2	-7.942	-18.850	-48.1
11.21	-7.940	-18.211	-29.0
11.22	-7.936	-17.694	12.6
11.23	-7.924	-17.538	125.8
11.24	-7.909	-17.731	378.4
11.25	-7.900	-17.992	591.9
11.26	-7.894	-17.933	418.7
11.27	-7.886	-17.233	56.9
11.28	-7.876	-16.114	-72.3
11.29	-7.866	-15.123	-64.6
11.3	-7.858	-14.500	-65.9
11.31	-7.849	-14.338	-63.2
11.32	-7.838	-14.788	-68.1
11.33	-7.824	-15.672	-57.1
11.34	-7.808	-16.333	-40.9
11.35	-7.793	-16.192	-41.7
11.36	-7.781	-14.764	-27.6
11.37	-7.773	-10.477	-7.9
11.38	-7.766	-0.594	-1.7
11.39	-7.758	15.561	32.9
11.4	-7.749	33.577	60.0
11.41	-7.742	46.122	57.4
11.42	-7.734	50.578	71.5
11.43	-7.725	50.131	110.6
11.44	-7.715	45.419	142.2
11.45	-7.706	36.081	146.7
11.46	-7.694	25.134	138.1
11.47	-7.679	14.486	120.4
11.48	-7.658	3.694	88.7
11.49	-7.633	-8.370	48.2
11.5	-7.606	-20.672	-2.0
11.51	-7.581	-29.561	-70.2
11.52	-7.563	-34.098	-105.0
11.53	-7.552	-36.261	-87.0
11.54	-7.549	-37.236	-81.4
11.55	-7.551	-37.241	-103.6
11.56	-7.553	-36.388	-126.2
11.57	-7.553	-35.150	-123.6
11.58	-7.552	-34.203	-108.7
11.59	-7.548	-34.077	-112.1
11.6	-7.541	-35.170	-109.6
11.61	-7.531	-36.642	-88.6
11.62	-7.519	-35.994	-87.7
11.63	-7.506	-32.075	-95.0
11.64	-7.492	-26.781	-86.7
11.65	-7.479	-22.134	-95.6
11.66	-7.465	-18.144	-117.1
11.67	-7.451	-14.348	-103.1
11.68	-7.437	-10.716	-77.5
11.69	-7.422	-7.064	-70.2
11.7	-7.404	-3.194	-77.1
11.71	-7.388	0.505	-111.2
11.72	-7.374	3.038	-117.8
11.73	-7.366	4.203	-89.8
11.74	-7.366	4.347	-77.0
11.75	-7.373	3.484	-49.2
11.76	-7.385	1.597	-38.9
11.77	-7.402	-1.267	-59.0
11.78	-7.418	-4.673	-61.5
11.79	-7.431	-7.872	-30.5
11.8	-7.437	-10.447	0.3
11.81	-7.434	-12.381	-24.4
11.82	-7.426	-13.697	-64.7
11.83	-7.415	-14.475	-78.3
11.84	-7.402	-14.781	-88.0
11.85	-7.392	-14.852	-93.7
11.86	-7.386	-15.158	-77.5
11.87	-7.384	-15.884	-35.1
11.88	-7.381	-16.897	4.9
11.89	-7.372	-17.983	111.0
11.9	-7.366	-18.967	365.9
11.91	-7.366	-19.995	489.8
11.92	-7.366	-21.052	262.3
11.93	-7.363	-21.788	6.2
11.94	-7.361	-22.228	-69.8
11.95	-7.361	-22.861	-83.8
11.96	-7.362	-23.531	-86.0
11.97	-7.359	-23.608	-62.2
11.98	-7.353	-23.509	-46.6
11.99	-7.346	-23.236	-59.4
12.0	-7.341	-22.114	-46.8
12.01	-7.340	-20.205	-22.4
12.02	-7.339	-16.998	-28.8
12.03	-7.335	-10.611	-26.0
12.04	-7.329	0.741	-5.9
12.05	-7.324	15.566	15.4
12.06	-7.319	30.347	42.1
12.07	-7.314	42.308	60.1
12.08	-7.310	48.472	66.0
12.09	-7.304	49.056	89.7
12.1	-7.299	46.261	121.2
12.11	-7.294	39.820	120.6
12.12	-7.292	30.016	96.8
12.13	-7.292	18.448	83.2
12.14	-7.294	6.573	64.0
12.15	-7.296	-4.228	16.2
12.16	-7.298	-13.264	-31.2
12.17	-7.299	-20.445	-63.9
12.18	-7.304	-25.530	-85.8
12.19	-7.319	-28.444	-93.0
12.2	-7.337	-29.306	-101.5
12.21	-7.349	-28.002	-109.3
12.22	-7.352	-25.120	-98.6
12.23	-7.349	-22.811	-90.2
12.24	-7.344	-22.741	-98.1
12.25	-7.336	-24.441	-93.3
12.26	-7.326	-26.091	-85.5
12.27	-7.319	-26.561	-87.2
12.28	-7.317	-26.133	-90.8
12.29	-7.321	-24.800	-100.2
12.3	-7.327	-22.133	-90.5
12.31	-7.334	-18.216	-70.1
12.32	-7.340	-13.878	-70.3
12.33	-7.343	-9.720	-83.2
12.34	-7.344	-5.498	-81.4
12.35	-7.344	-1.503	-77.0
12.36	-7.345	1.431	-75.8
12.37	-7.349	2.891	-57.3
12.38	-7.357	2.928	-53.2
12.39	-7.367	1.750	-70.6
12.4	-7.379	-0.414	-72.3
12.41	-7.392	-3.178	-43.4
12.42	-7.404	-6.097	-22.1
12.43	-7.416	-8.925	-12.8
12.44	-7.426	-11.677	-11.0
12.45	-7.434	-14.348	-39.7
12.46	-7.442	-16.628	-76.7
12.47	-7.451	-18.238	-86.5
12.48	-7.463	-19.355	-81.2
12.49	-7.477	-20.130	-90.6
12.5	-7.494	-20.486	-91.9
12.51	-7.512	-20.433	-54.1
12.52	-7.526	-19.930	0.2
12.53	-7.532	-19.072	150.5
12.54	-7.540	-18.392	394.8
12.55	-7.552	-18.242	418.2
12.56	-7.561	-18.384	155.8
12.57	-7.568	-18.625	-54.6
12.58	-7.574	-18.858	-109.7
12.59	-7.582	-18.856	-99.7
12.6	-7.589	-18.666	-79.2
12.61	-7.591	-18.313	-81.9
12.62	-7.589	-17.588	-84.6
12.63	-7.586	-16.445	-71.2
12.64	-7.584	-14.972	-64.7
12.65	-7.586	-12.870	-59.7
12.66	-7.593	-8.622	-39.5
12.67	-7.603	0.700	-34.3
12.68	-7.617	16.677	-34.1
12.69	-7.634	35.072	-8.1
12.7	-7.651	47.216	20.0
12.71	-7.668	50.850	39.5
12.72	-7.684	51.127	55.6
12.73	-7.701	51.131	67.8
12.74	-7.720	50.788	80.1
12.75	-7.739	47.552	80.1
12.76	-7.756	38.300	72.0
12.77	-7.767	24.894	60.0
12.78	-7.773	11.519	8.0
12.79	-7.776	0.031	-54.2
12.8	-7.776	-9.208	-79.5
12.81	-7.776	-16.392	-94.3
12.82	-7.781	-21.494	-111.0
12.83	-7.788	-24.673	-129.2
12.84	-7.796	-26.320	-145.8
12.85	-7.801	-26.894	-136.8
12.86	-7.804	-27.183	-129.8
12.87	-7.803	-27.827	-135.4
12.88	-7.800	-29.045	-134.7
12.89	-7.796	-30.241	-135.7
12.9	-7.793	-30.469	-129.8
12.91	-7.792	-29.581	-125.3
12.92	-7.794	-27.686	-120.4
12.93	-7.798	-24.791	-107.7
12.94	-7.803	-21.167	-107.3
12.95	-7.809	-17.077	-115.3
12.96	-7.815	-12.675	-113.7
12.97	-7.819	-8.369	-104.6
12.98	-7.822	-4.750	-111.9
12.99	-7.824	-2.164	-114.7
13.0	-7.826	-0.717	-104.9
13.01	-7.829	-0.511	-111.6
13.02	-7.831	-1.505	-115.9
13.03	-7.835	-3.425	-98.3
13.04	-7.840	-5.936	-91.6
13.05	-7.846	-8.648	-94.3
13.06	-7.854	-11.175	-87.7
13.07	-7.862	-13.353	-85.1
13.08	-7.870	-15.113	-79.3
13.09	-7.877	-16.181	-46.7
13.1	-7.883	-16.314	-14.1
13.11	-7.888	-16.058	-34.3
13.12	-7.891	-16.289	-83.6
13.13	-7.893	-17.102	-102.3
13.14	-7.895	-18.106	-104.2
13.15	-7.897	-18.867	-107.8
13.16	-7.899	-18.978	-110.1
13.17	-7.904	-18.623	-93.0
13.18	-7.906	-18.350	-36.3
13.19	-7.903	-18.252	98.2
13.2	-7.900	-18.066	364.9
13.21	-7.904	-17.684	519.5
13.22	-7.913	-17.228	292.9
13.23	-7.921	-16.916	-11.1
13.24	-7.928	-16.845	-110.2
13.25	-7.933	-16.850	-111.3
13.26	-7.933	-16.913	-107.8
13.27	-7.932	-17.253	-107.3
13.28	-7.931	-17.641	-99.4
13.29	-7.929	-17.439	-87.9
13.3	-7.926	-16.144	-77.5
13.31	-7.927	-13.303	-65.3
13.32	-7.931	-7.455	-51.8
13.33	-7.939	4.144	-28.5
13.34	-7.946	22.384	-9.0
13.35	-7.953	40.420	0.1
13.36	-7.958	49.444	5.3
13.37	-7.959	51.086	19.7
13.38	-7.959	51.131	62.6
13.39	-7.959	51.095	92.9
13.4	-7.961	49.869	87.6
13.41	-7.963	43.456	74.5
13.42	-7.964	30.395	52.8
13.43	-7.963	15.173	42.5
13.44	-7.961	1.519	34.1
13.45	-7.959	-9.644	-3.2
13.46	-7.959	-17.869	-52.5
13.47	-7.959	-23.348	-93.2
13.48	-7.962	-26.716	-124.9
13.49	-7.964	-28.475	-138.7
13.5	-7.964	-29.027	-144.2
13.51	-7.964	-28.766	-160.9
13.52	-7.963	-28.242	-156.9
13.53	-7.961	-28.130	-135.3
13.54	-7.959	-28.628	-130.3
13.55	-7.958	-29.323	-133.7
13.56	-7.956	-29.617	-132.3
13.57	-7.957	-28.963	-118.4
13.58	-7.960	-27.044	-98.9
13.59	-7.964	-23.983	-95.7
13.6	-7.967	-20.345	-106.3
13.61	-7.971	-16.741	-104.9
13.62	-7.975	-13.353	-104.8
13.63	-7.981	-10.166	-111.0
13.64	-7.987	-7.503	-103.5
13.65	-7.991	-5.722	-104.0
13.66	-7.994	-4.789	-107.7
13.67	-7.996	-4.603	-102.3
13.68	-7.996	-5.091	-107.1
13.69	-7.996	-6.183	-104.1
13.7	-7.996	-7.841	-92.5
13.71	-7.998	-9.992	-85.4
13.72	-7.998	-12.344	-83.5
13.73	-8.000	-14.519	-75.3
13.74	-8.002	-16.477	-59.5
13.75	-8.005	-18.289	-44.8
13.76	-8.008	-19.909	-16.7
13.77	-8.010	-21.336	-6.6
13.78	-8.011	-22.472	-41.1
13.79	-8.011	-23.103	-76.4
13.8	-8.012	-23.272	-95.0
13.81	-8.015	-23.189	-95.3
13.82	-8.019	-22.947	-94.0
13.83	-8.021	-22.655	-84.8
13.84	-8.021	-22.464	-47.6
13.85	-8.018	-22.397	18.8
13.86	-8.011	-22.272	231.3
13.87	-8.009	-21.836	538.4
13.88	-8.016	-21.150	505.9
13.89	-8.023	-20.427	144.0
13.9	-8.026	-19.681	-76.5
13.91	-8.027	-19.008	-102.4
13.92	-8.026	-18.606	-100.8
13.93	-8.023	-18.428	-101.7
13.94	-8.018	-18.297	-93.3
13.95	-8.016	-18.017	-81.3
13.96	-8.013	-17.203	-82.4
13.97	-8.011	-15.281	-69.0
13.98	-8.008	-11.056	-41.8
13.99	-8.006	-1.863	-24.8
14.0	-8.003	14.661	-12.2
14.01	-8.002	34.431	-5.1
14.02	-8.003	47.345	18.7
14.03	-8.004	50.925	49.4
14.04	-8.006	51.128	60.0
14.05	-8.005	51.128	83.2
14.06	-8.004	50.791	113.7
14.07	-8.004	47.292	123.3
14.08	-8.002	36.859	121.4
14.09	-8.000	21.534	110.6
14.1	-7.997	6.442	75.8
14.11	-7.994	-6.291	35.4
14.12	-7.992	-16.277	-1.1
14.13	-7.993	-23.569	-39.1
14.14	-7.998	-28.419	-74.7
14.15	-8.002	-31.088	-111.3
14.16	-8.002	-31.933	-145.8
14.17	-8.001	-31.616	-152.1
14.18	-8.000	-31.016	-135.8
14.19	-7.999	-30.870	-124.6
14.2	-7.998	-31.477	-126.6
14.21	-7.994	-32.538	-127.2
14.22	-7.991	-33.252	-114.2
14.23	-7.989	-32.859	-105.0
14.24	-7.989	-31.094	-111.6
14.25	-7.989	-28.120	-109.3
14.26	-7.989	-24.366	-97.4
14.27	-7.990	-20.320	-97.1
14.28	-7.990	-16.320	-100.2
14.29	-7.990	-12.580	-94.2
14.3	-7.989	-9.233	-88.6
14.31	-7.987	-6.391	-103.6
14.32	-7.986	-4.306	-113.2
14.33	-7.984	-3.144	-97.3
14.34	-7.982	-2.694	-85.7
14.35	-7.981	-2.864	-80.5
14.36	-7.979	-3.938	-87.5
14.37	-7.978	-5.870	-76.9
14.38	-7.976	-8.277	-45.8
14.39	-7.975	-11.164	-28.0
14.4	-7.974	-14.295	-1.0
14.41	-7.974	-16.916	0.2
14.42	-7.974	-18.930	-52.4
14.43	-7.974	-20.645	-91.0
14.44	-7.973	-21.975	-105.5
14.45	-7.973	-22.855	-105.5
14.46	-7.974	-23.370	-87.6
14.47	-7.976	-23.448	-77.8
14.48	-7.976	-22.906	-44.9
14.49	-7.973	-21.794	59.7
14.5	-7.969	-20.523	300.4
14.51	-7.972	-19.630	561.5
14.52	-7.985	-19.344	463.8
14.53	-8.002	-19.403	105.5
14.54	-8.022	-19.513	-82.6
14.55	-8.044	-19.673	-102.5
14.56	-8.068	-19.859	-97.7
14.57	-8.090	-19.964	-85.1
14.58	-8.109	-19.853	-77.7
14.59	-8.126	-19.400	-74.5
14.6	-8.139	-18.567	-71.5
14.61	-8.148	-16.991	-56.8
14.62	-8.155	-13.170	-37.4
14.63	-8.160	-4.173	-20.3
14.64	-8.164	12.286	-0.6
14.65	-8.169	32.506	19.6
14.66	-8.175	46.492	36.1
14.67	-8.180	50.795	52.9
14.68	-8.183	51.123	77.6
14.69	-8.183	51.128	97.9
14.7	-8.179	50.797	117.9
14.71	-8.174	47.284	132.6
14.72	-8.168	36.645	124.1
14.73	-8.161	20.809	103.6
14.74	-8.156	5.013	85.0
14.75	-8.152	-8.467	63.3
14.76	-8.148	-19.067	-2.0
14.77	-8.144	-26.592	-71.4
14.78	-8.140	-31.195	-97.9
14.79	-8.134	-33.258	-117.8
14.8	-8.126	-33.420	-125.5
14.81	-8.118	-32.634	-124.7
14.82	-8.111	-31.917	-131.7
14.83	-8.103	-32.031	-125.9
14.84	-8.095	-33.186	-114.7
14.85	-8.087	-34.778	-108.4
14.86	-8.078	-35.600	-102.3
14.87	-8.071	-34.717	-102.8
14.88	-8.064	-32.097	-100.6
14.89	-8.060	-28.289	-90.7
14.9	-8.056	-23.816	-94.3
14.91	-8.054	-19.086	-98.1
14.92	-8.051	-14.513	-100.6
14.93	-8.048	-10.397	-96.7
14.94	-8.044	-6.873	-82.5
14.95	-8.037	-4.139	-82.4
14.96	-8.030	-2.503	-89.9
14.97	-8.024	-2.167	-89.0
14.98	-8.019	-3.034	-83.3
14.99	-8.016	-4.750	-78.8
15.0	-8.014	-6.989	-67.1
15.01	-8.012	-9.563	-43.9
15.02	-8.009	-12.369	-31.0
15.03	-8.005	-15.188	-5.8
15.04	-7.999	-17.853	4.8
15.05	-7.993	-20.409	-30.3
15.06	-7.986	-22.525	-60.4
15.07	-7.979	-23.825	-88.2
15.08	-7.973	-24.369	-101.9
15.09	-7.968	-24.314	-84.6
15.1	-7.963	-23.833	-66.6
15.11	-7.958	-23.342	-33.4
15.12	-7.951	-23.042	53.5
15.13	-7.941	-22.494	257.1
15.14	-7.936	-21.755	515.0
15.15	-7.936	-21.248	481.2
15.16	-7.932	-20.958	141.6
15.17	-7.924	-20.759	-60.8
15.18	-7.916	-20.498	-79.9
15.19	-7.910	-20.014	-79.7
15.2	-7.906	-19.305	-72.4
15.21	-7.899	-18.503	-74.2
15.22	-7.888	-17.614	-65.3
15.23	-7.871	-16.569	-52.3
15.24	-7.854	-15.186	-43.6
15.25	-7.840	-12.583	-15.1
15.26	-7.831	-6.328	11.4
15.27	-7.826	6.733	17.7
15.28	-7.821	26.008	29.8
15.29	-7.817	42.911	54.5
15.3	-7.813	50.123	66.1
15.31	-7.805	51.123	77.1
15.32	-7.795	51.134	111.9
15.33	-7.784	51.117	141.8
15.34	-7.773	50.209	154.1
15.35	-7.763	44.497	161.0
15.36	-7.754	31.555	145.4
15.37	-7.744	15.386	108.5
15.38	-7.734	0.369	49.5
15.39	-7.724	-12.206	4.3
15.4	-7.714	-21.869	-18.4
15.41	-7.707	-28.519	-50.6
15.42	-7.703	-32.336	-87.5
15.43	-7.697	-33.806	-109.8
15.44	-7.691	-33.759	-91.4
15.45	-7.683	-33.058	-72.8
15.46	-7.673	-32.381	-79.7
15.47	-7.663	-32.230	-76.2
15.48	-7.652	-32.753	-68.8
15.49	-7.644	-33.442	-63.6
15.5	-7.637	-33.284	-69.4
15.51	-7.632	-31.638	-92.2
15.52	-7.627	-28.572	-90.2
15.53	-7.623	-24.327	-45.8
15.54	-7.619	-19.127	-24.5
15.55	-7.617	-13.517	-35.0
15.56	-7.612	-8.666	-43.6
15.57	-7.606	-5.333	-48.3
15.58	-7.601	-2.881	-46.4
15.59	-7.595	-0.856	-40.8
15.6	-7.591	0.234	-25.8
15.61	-7.588	0.045	-7.5
15.62	-7.584	-1.444	-2.3
15.63	-7.581	-3.964	-1.3
15.64	-7.578	-6.827	5.9
15.65	-7.574	-9.578	35.0
15.66	-7.572	-12.297	38.5
15.67	-7.569	-14.936	-2.5
15.68	-7.566	-17.269	-30.7
15.69	-7.564	-19.308	-43.8
15.7	-7.565	-21.028	-48.0
15.71	-7.571	-22.077	-48.3
15.72	-7.581	-22.319	-24.7
15.73	-7.586	-22.042	49.0
15.74	-7.581	-21.544	183.9
15.75	-7.576	-21.077	397.2
15.76	-7.574	-20.794	465.7
15.77	-7.571	-20.609	248.3
15.78	-7.564	-20.395	26.3
15.79	-7.558	-20.083	-42.4
15.8	-7.556	-19.697	-49.9
15.81	-7.554	-19.445	-41.7
15.82	-7.546	-19.522	-23.2
15.83	-7.534	-19.806	-9.7
15.84	-7.522	-19.781	-15.4
15.85	-7.511	-18.905	-12.9
15.86	-7.502	-16.517	2.8
15.87	-7.496	-10.770	14.0
15.88	-7.491	1.419	28.5
15.89	-7.487	20.863	48.8
15.9	-7.485	39.958	56.7
15.91	-7.483	49.398	72.4
15.92	-7.480	51.086	105.9
15.93	-7.478	51.134	118.4
15.94	-7.478	51.130	133.1
15.95	-7.480	50.689	156.6
15.96	-7.484	46.491	149.4
15.97	-7.487	34.542	138.8
15.98	-7.491	17.784	120.1
15.99	-7.495	2.163	73.4
16.0	-7.498	-10.278	24.3
16.01	-7.498	-19.444	-9.3
16.02	-7.501	-25.645	-28.5
16.03	-7.510	-29.472	-46.3
16.04	-7.521	-31.422	-68.5
16.05	-7.529	-32.036	-70.7
16.06	-7.537	-32.106	-66.3
16.07	-7.543	-32.438	-72.5
16.08	-7.549	-33.573	-79.8
16.09	-7.554	-35.453	-81.0
16.1	-7.559	-37.295	-72.8
16.11	-7.566	-38.136	-55.6
16.12	-7.574	-36.733	-55.2
16.13	-7.583	-31.653	-62.8
16.14	-7.593	-25.003	-59.5
16.15	-7.606	-19.773	-50.8
16.16	-7.619	-15.733	-41.1
16.17	-7.631	-12.092	-49.3
16.18	-7.641	-8.484	-62.4
16.19	-7.651	-5.061	-58.7
16.2	-7.661	-2.400	-37.3
16.21	-7.670	-0.920	-18.5
16.22	-7.678	-0.870	-25.3
16.23	-7.686	-2.398	-23.5
16.24	-7.692	-5.184	2.9
16.25	-7.699	-8.553	11.6
16.26	-7.706	-11.966	-14.5
16.27	-7.711	-15.116	-34.7
16.28	-7.717	-17.758	-50.7
16.29	-7.724	-19.792	-71.9
16.3	-7.734	-21.319	-76.3
16.31	-7.744	-22.542	-70.8
16.32	-7.754	-23.542	-51.8
16.33	-7.761	-24.266	-8.7
16.34	-7.760	-24.647	119.1
16.35	-7.759	-24.608	379.8
16.36	-7.764	-24.220	512.6
16.37	-7.775	-23.680	289.8
16.38	-7.783	-23.089	9.4
16.39	-7.789	-22.598	-75.0
16.4	-7.795	-22.356	-72.7
16.41	-7.801	-22.355	-63.3
16.42	-7.804	-22.403	-69.5
16.43	-7.804	-22.136	-83.2
16.44	-7.804	-21.258	-77.3
16.45	-7.804	-19.669	-48.1
16.46	-7.806	-16.845	-27.3
16.47	-7.811	-10.566	-23.0
16.48	-7.818	2.664	-18.1
16.49	-7.828	22.922	-8.3
16.5	-7.838	41.488	11.8
16.51	-7.848	49.852	38.4
16.52	-7.856	51.116	70.6
16.53	-7.862	51.134	92.0
16.54	-7.868	51.128	99.3
16.55	-7.873	50.588	109.1
16.56	-7.875	46.017	106.8
16.57	-7.876	33.795	92.0
16.58	-7.879	17.091	67.3
16.59	-7.883	1.414	34.7
16.6	-7.886	-11.272	-2.2
16.61	-7.889	-20.736	-47.1
16.62	-7.895	-27.133	-87.5
16.63	-7.904	-30.808	-96.3
16.64	-7.913	-32.472	-99.8
16.65	-7.919	-33.100	-115.1
16.66	-7.924	-33.513	-127.6
16.67	-7.929	-34.297	-139.3
16.68	-7.933	-35.719	-122.2
16.69	-7.935	-37.505	-92.9
16.7	-7.937	-38.922	-85.7
16.71	-7.940	-39.095	-83.1
16.72	-7.943	-37.545	-91.3
16.73	-7.946	-34.509	-110.0
16.74	-7.951	-30.591	-110.5
16.75	-7.957	-26.227	-98.4
16.76	-7.963	-21.584	-104.4
16.77	-7.969	-16.895	-98.0
16.78	-7.974	-12.650	-78.8
16.79	-7.978	-9.394	-77.7
16.8	-7.981	-7.403	-94.2
16.81	-7.984	-6.644	-104.2
16.82	-7.987	-6.897	-90.6
16.83	-7.990	-7.888	-80.8
16.84	-7.992	-9.309	-91.6
16.85	-7.993	-10.961	-96.1
16.86	-7.996	-13.111	-73.6
16.87	-7.999	-15.855	-50.5
16.88	-8.004	-18.544	-55.3
16.89	-8.008	-20.548	-73.5
16.9	-8.011	-21.919	-60.6
16.91	-8.014	-23.083	-6.3
16.92	-8.018	-24.111	22.6
16.93	-8.021	-24.775	-20.8
16.94	-8.024	-24.994	-64.0
16.95	-8.027	-24.933	-68.1
16.96	-8.030	-24.727	-84.5
16.97	-8.034	-24.352	-92.1
16.98	-8.040	-23.848	-82.6
16.99	-8.044	-23.355	-51.8
17.0	-8.044	-22.883	10.0
17.01	-8.038	-22.375	132.6
17.02	-8.034	-21.866	416.9
17.03	-8.039	-21.345	591.6
17.04	-8.048	-20.684	339.2
17.05	-8.057	-19.817	13.8
17.06	-8.061	-18.889	-85.0
17.07	-8.061	-18.277	-85.0
17.08	-8.058	-18.203	-81.0
17.09	-8.054	-18.497	-83.4
17.1	-8.052	-18.828	-73.1
17.11	-8.050	-18.686	-63.4
17.12	-8.050	-17.177	-67.8
17.13	-8.051	-12.292	-60.4
17.14	-8.053	-0.670	-40.8
17.15	-8.054	19.005	-10.7
17.16	-8.057	39.055	15.6
17.17	-8.061	49.227	26.9
17.18	-8.064	51.080	31.3
17.19	-8.068	51.133	48.1
17.2	-8.070	51.136	78.4
17.21	-8.072	51.078	100.8
17.22	-8.074	49.502	112.3
17.23	-8.076	41.897	121.8
17.24	-8.076	27.233	116.0
17.25	-8.076	11.025	76.5
17.26	-8.075	-2.766	29.8
17.27	-8.074	-13.644	12.1
17.28	-8.075	-21.584	-18.0
17.29	-8.078	-26.752	-76.6
17.3	-8.084	-29.623	-106.6
17.31	-8.092	-30.963	-98.1
17.32	-8.099	-31.645	-103.4
17.33	-8.109	-32.406	-123.1
17.34	-8.119	-33.688	-121.3
17.35	-8.131	-35.520	-111.0
17.36	-8.144	-37.403	-115.5
17.37	-8.162	-38.538	-111.9
17.38	-8.184	-38.292	-97.2
17.39	-8.208	-36.464	-81.3
17.4	-8.233	-33.278	-87.1
17.41	-8.255	-29.294	-97.1
17.42	-8.271	-25.055	-77.8
17.43	-8.283	-20.916	-74.2
17.44	-8.289	-17.272	-86.9
17.45	-8.291	-14.355	-84.4
17.46	-8.288	-12.067	-76.7
17.47	-8.282	-10.445	-80.4
17.48	-8.273	-9.663	-86.5
17.49	-8.262	-9.689	-81.2
17.5	-8.250	-10.406	-83.1
17.51	-8.238	-11.670	-82.3
17.52	-8.228	-13.252	-71.1
17.53	-8.219	-15.000	-59.5
17.54	-8.214	-16.923	-53.4
17.55	-8.208	-18.984	-49.2
17.56	-8.202	-20.984	-50.7
17.57	-8.196	-22.733	-33.7
17.58	-8.189	-24.191	8.8
17.59	-8.181	-25.391	15.7
17.6	-8.172	-26.322	-20.4
17.61	-8.162	-26.977	-44.6
17.62	-8.151	-27.256	-55.4
17.63	-8.141	-26.936	-74.4
17.64	-8.131	-26.055	-95.2
17.65	-8.124	-24.925	-75.8
17.66	-8.118	-23.811	-13.1
17.67	-8.109	-22.828	81.6
17.68	-8.097	-21.994	313.4
17.69	-8.091	-21.289	592.8
17.7	-8.091	-20.594	509.9
17.71	-8.091	-19.800	127.7
17.72	-8.087	-19.041	-75.5
17.73	-8.080	-18.536	-80.1
17.74	-8.071	-18.478	-86.4
17.75	-8.063	-18.852	-86.8
17.76	-8.053	-19.331	-68.1
17.77	-8.039	-19.492	-59.0
17.78	-8.026	-18.939	-42.5
17.79	-8.016	-17.070	-21.5
17.8	-8.009	-12.063	-23.3
17.81	-8.007	-0.406	-24.8
17.82	-8.005	19.411	-1.3
17.83	-8.004	39.436	15.2
17.84	-8.001	49.358	29.5
17.85	-7.996	51.089	79.1
17.86	-7.989	51.134	118.6
17.87	-7.981	51.134	133.0
17.88	-7.972	51.052	136.4
17.89	-7.963	49.117	121.7
17.9	-7.954	40.691	123.2
17.91	-7.946	25.356	121.3
17.92	-7.938	8.752	90.4
17.93	-7.929	-5.833	50.8
17.94	-7.921	-17.861	-2.7
17.95	-7.913	-26.636	-52.3
17.96	-7.907	-32.030	-73.9
17.97	-7.901	-34.497	-82.3
17.98	-7.893	-34.828	-101.1
17.99	-7.883	-34.467	-106.2
18.0	-7.873	-34.636	-100.1
18.01	-7.863	-35.600	-106.4
18.02	-7.851	-37.186	-105.8
18.03	-7.838	-38.914	-87.2
18.04	-7.826	-39.898	-83.6
18.05	-7.816	-39.245	-93.7
18.06	-7.807	-36.675	-89.0
18.07	-7.799	-32.569	-75.0
18.08	-7.792	-27.583	-75.2
18.09	-7.784	-22.327	-80.2
18.1	-7.776	-17.144	-66.9
18.11	-7.769	-12.270	-53.3
18.12	-7.761	-7.909	-56.1
18.13	-7.752	-4.402	-61.6
18.14	-7.743	-2.359	-74.7
18.15	-7.734	-2.031	-75.4
18.16	-7.724	-3.044	-52.4
18.17	-7.716	-4.883	-44.7
18.18	-7.709	-7.205	-46.1
18.19	-7.704	-9.722	-32.2
18.2	-7.701	-12.231	-20.3
18.21	-7.699	-14.678	-19.7
18.22	-7.696	-16.966	-0.9
18.23	-7.692	-19.022	38.0
18.24	-7.687	-21.022	17.4
18.25	-7.679	-23.038	-41.8
18.26	-7.672	-24.684	-54.6
18.27	-7.665	-25.539	-47.1
18.28	-7.661	-25.623	-58.8
18.29	-7.662	-25.263	-65.5
18.3	-7.666	-24.658	-29.1
18.31	-7.665	-23.930	32.0
18.32	-7.655	-23.338	154.9
18.33	-7.644	-22.744	406.5
18.34	-7.638	-21.766	517.2
18.35	-7.633	-20.481	266.8
18.36	-7.626	-19.314	-3.4
18.37	-7.620	-18.600	-59.6
18.38	-7.617	-18.392	-44.1
18.39	-7.613	-18.600	-37.1
18.4	-7.604	-19.064	-30.9
18.41	-7.591	-19.522	-16.7
18.42	-7.576	-19.583	-32.5
18.43	-7.565	-18.686	-43.7
18.44	-7.560	-15.969	-13.2
18.45	-7.560	-9.458	-0.7
18.46	-7.562	4.258	9.2
18.47	-7.562	25.097	36.8
18.48	-7.559	43.095	49.7
18.49	-7.552	50.263	74.1
18.5	-7.542	51.120	95.4
18.51	-7.533	51.138	100.1
18.52	-7.527	51.136	117.2
18.53	-7.524	51.061	134.8
18.54	-7.522	49.158	133.9
18.55	-7.519	40.447	129.2
18.56	-7.514	24.231	108.3
18.57	-7.509	6.797	60.0
18.58	-7.501	-7.650	14.6
18.59	-7.492	-18.491	-8.6
18.6	-7.486	-25.798	-18.9
18.61	-7.487	-30.258	-40.4
18.62	-7.496	-32.695	-66.9
18.63	-7.504	-33.777	-80.3
18.64	-7.510	-34.155	-87.7
18.65	-7.511	-34.617	-92.3
18.66	-7.511	-35.881	-83.3
18.67	-7.509	-38.100	-59.7
18.68	-7.508	-40.472	-63.4
18.69	-7.507	-41.591	-81.5
18.7	-7.508	-40.752	-69.3
18.71	-7.511	-38.191	-60.2
18.72	-7.516	-34.214	-70.4
18.73	-7.523	-29.041	-63.6
18.74	-7.531	-23.020	-46.1
18.75	-7.540	-16.880	-44.7
18.76	-7.548	-11.422	-50.8
18.77	-7.556	-6.991	-54.9
18.78	-7.562	-3.800	-53.9
18.79	-7.568	-2.175	-45.5
18.8	-7.574	-2.133	-58.4
18.81	-7.583	-3.303	-77.9
18.82	-7.589	-5.338	-71.4
18.83	-7.597	-8.095	-45.0
18.84	-7.604	-11.344	-29.6
18.85	-7.613	-14.595	-35.0
18.86	-7.624	-17.530	-15.0
18.87	-7.635	-20.158	22.1
18.88	-7.646	-22.423	5.1
18.89	-7.656	-24.136	-51.0
18.9	-7.664	-25.286	-80.6
18.91	-7.673	-26.039	-74.9
18.92	-7.681	-26.342	-81.8
18.93	-7.691	-26.081	-107.0
18.94	-7.702	-25.467	-83.8
18.95	-7.713	-24.863	-5.2
18.96	-7.718	-24.408	104.7
18.97	-7.721	-23.980	313.3
18.98	-7.727	-23.392	502.1
18.99	-7.737	-22.667	365.2
19.0	-7.746	-22.013	55.3
19.01	-7.751	-21.500	-88.9
19.02	-7.754	-21.147	-111.9
19.03	-7.759	-21.013	-88.0
19.04	-7.762	-21.064	-47.5
19.05	-7.764	-20.916	-39.8
19.06	-7.765	-19.906	-65.9
19.07	-7.766	-17.811	-75.6
19.08	-7.767	-14.536	-52.1
19.09	-7.773	-8.469	-42.9
19.1	-7.781	3.803	-39.6
19.11	-7.791	23.366	-11.5
19.12	-7.802	41.777	12.9
19.13	-7.813	49.969	28.3
19.14	-7.822	51.120	51.0
19.15	-7.829	51.136	68.7
19.16	-7.834	51.134	80.5
19.17	-7.839	51.088	95.1
19.18	-7.843	49.613	93.6
19.19	-7.847	41.797	93.2
19.2	-7.851	25.902	93.0
19.21	-7.856	7.948	53.1
19.22	-7.861	-7.009	-0.2
19.23	-7.868	-18.384	-43.5
19.24	-7.876	-26.600	-81.8
19.25	-7.886	-31.816	-102.5
19.26	-7.896	-34.386	-120.8
19.27	-7.906	-35.394	-127.4
19.28	-7.914	-35.931	-106.3
19.29	-7.919	-36.569	-100.1
19.3	-7.923	-37.652	-117.6
19.31	-7.926	-39.317	-121.3
19.32	-7.928	-41.167	-113.6
19.33	-7.931	-42.288	-96.8
19.34	-7.934	-41.803	-93.4
19.35	-7.938	-39.528	-106.8
19.36	-7.942	-35.986	-101.4
19.37	-7.948	-31.586	-87.9
19.38	-7.955	-26.466	-85.5
19.39	-7.963	-21.103	-92.9
19.4	-7.969	-15.988	-93.3
19.41	-7.974	-11.464	-83.5
19.42	-7.979	-8.039	-86.8
19.43	-7.984	-6.066	-95.1
19.44	-7.986	-5.466	-96.3
19.45	-7.987	-5.995	-102.3
19.46	-7.987	-7.602	-101.6
19.47	-7.989	-10.097	-75.1
19.48	-7.993	-12.906	-76.2
19.49	-7.996	-15.652	-106.6
19.5	-8.001	-18.241	-96.0
19.51	-8.005	-20.566	-67.0
19.52	-8.010	-22.508	-61.3
19.53	-8.015	-24.016	-70.5
19.54	-8.020	-25.164	-80.1
19.55	-8.025	-25.995	-67.6
19.56	-8.030	-26.505	-53.3
19.57	-8.033	-26.733	-47.3
19.58	-8.037	-26.745	-44.3
19.59	-8.040	-26.658	-22.6
19.6	-8.043	-26.497	20.9
19.61	-8.046	-26.184	11.0
19.62	-8.047	-25.644	-60.1
19.63	-8.049	-24.803	-99.9
19.64	-8.053	-23.909	-90.8
19.65	-8.056	-23.283	-74.7
19.66	-8.058	-22.789	-60.8
19.67	-8.059	-22.080	-31.2
19.68	-8.057	-21.127	38.0
19.69	-8.051	-20.183	217.6
19.7	-8.049	-19.336	499.1
19.71	-8.056	-18.505	548.9
19.72	-8.066	-17.686	252.4
19.73	-8.073	-17.106	-4.7
19.74	-8.076	-17.038	-81.8
19.75	-8.074	-17.359	-89.6
19.76	-8.070	-17.750	-80.1
19.77	-8.068	-18.191	-75.5
19.78	-8.067	-18.648	-74.7
19.79	-8.067	-18.619	-70.5
19.8	-8.066	-17.094	-61.4
19.81	-8.064	-11.934	-44.3
19.82	-8.065	0.447	-12.3
19.83	-8.068	21.084	6.5
19.84	-8.073	40.864	14.2
19.85	-8.080	49.819	33.1
19.86	-8.086	51.117	46.6
19.87	-8.091	51.136	54.1
19.88	-8.094	51.138	66.8
19.89	-8.096	51.125	94.4
19.9	-8.098	50.483	121.5
19.91	-8.098	45.264	125.0
19.92	-8.096	31.755	107.6
19.93	-8.092	13.892	76.4
19.94	-8.089	-2.356	35.7
19.95	-8.087	-15.169	-1.6
19.96	-8.089	-24.388	-34.3
19.97	-8.095	-30.369	-66.2
19.98	-8.102	-33.809	-84.4
19.99	-8.108	-35.458	-105.3
20.0	-8.112	-36.047	-132.0
20.01	-8.117	-36.320	-127.3
20.02	-8.121	-36.902	-122.5
20.03	-8.124	-38.080	-111.5
20.04	-8.125	-39.698	-92.1
20.05	-8.124	-41.019	-91.1
20.06	-8.122	-41.052	-97.3
20.07	-8.121	-39.347	-106.1
20.08	-8.122	-36.255	-89.1
20.09	-8.126	-32.416	-61.8
20.1	-8.132	-28.259	-64.7
20.11	-8.142	-24.072	-76.9
20.12	-8.154	-20.123	-84.7
20.13	-8.167	-16.620	-86.2
20.14	-8.181	-13.633	-80.7
20.15	-8.195	-11.088	-79.1
20.16	-8.208	-9.130	-80.9
20.17	-8.221	-8.200	-75.7
20.18	-8.233	-8.420	-72.1
20.19	-8.244	-9.594	-84.4
20.2	-8.254	-11.552	-103.4
20.21	-8.262	-13.928	-86.3
20.22	-8.268	-16.264	-55.2
20.23	-8.271	-18.525	-53.6
20.24	-8.273	-20.825	-60.6
20.25	-8.274	-23.105	-62.8
20.26	-8.276	-25.291	-44.0
20.27	-8.277	-27.198	-15.5
20.28	-8.279	-28.486	-4.4
20.29	-8.279	-29.031	7.9
20.3	-8.276	-29.158	-0.7
20.31	-8.273	-29.131	-29.7
20.32	-8.269	-28.847	-62.0
20.33	-8.264	-28.300	-75.0
20.34	-8.259	-27.648	-73.7
20.35	-8.256	-26.955	-73.9
20.36	-8.251	-26.253	-47.4
20.37	-8.245	-25.483	18.6
20.38	-8.234	-24.509	172.6
20.39	-8.224	-23.359	462.2
20.4	-8.221	-22.244	610.9
20.41	-8.223	-21.295	353.8
20.42	-8.221	-20.473	31.9
20.43	-8.215	-19.852	-79.1
20.44	-8.206	-19.486	-96.2
20.45	-8.197	-19.331	-82.4
20.46	-8.188	-19.598	-62.5
20.47	-8.178	-20.244	-57.7
20.48	-8.165	-20.636	-53.3
20.49	-8.154	-20.106	-34.4
20.5	-8.146	-17.809	-11.6
20.51	-8.141	-11.656	-7.7
20.52	-8.139	1.859	-5.7
20.53	-8.138	22.995	23.4
20.54	-8.137	42.019	45.2
20.55	-8.135	50.059	53.0
20.56	-8.131	51.119	83.3
20.57	-8.126	51.138	122.7
20.58	-8.120	51.138	138.2
20.59	-8.113	51.125	132.6
20.6	-8.107	50.461	133.3
20.61	-8.099	45.006	143.8
20.62	-8.091	30.664	123.1
20.63	-8.082	11.314	74.0
20.64	-8.073	-6.506	36.3
20.65	-8.066	-20.530	7.7
20.66	-8.062	-30.588	-49.8
20.67	-8.060	-36.936	-91.0
20.68	-8.055	-40.122	-93.7
20.69	-8.047	-41.061	-98.2
20.7	-8.038	-40.819	-111.8
20.71	-8.031	-40.330	-113.5
20.72	-8.023	-40.341	-92.4
20.73	-8.012	-41.164	-72.3
20.74	-8.001	-42.214	-75.9
20.75	-7.991	-42.439	-91.7
20.76	-7.982	-41.142	-91.4
20.77	-7.974	-38.236	-83.2
20.78	-7.967	-34.270	-87.2
20.79	-7.958	-29.791	-82.1
20.8	-7.947	-24.856	-67.6
20.81	-7.938	-19.494	-59.9
20.82	-7.929	-14.075	-60.3
20.83	-7.921	-9.242	-57.8
20.84	-7.911	-5.583	-63.0
20.85	-7.899	-3.455	-79.7
20.86	-7.888	-2.792	-79.6
20.87	-7.877	-3.144	-61.9
20.88	-7.869	-4.308	-46.8
20.89	-7.861	-6.352	-39.5
20.9	-7.853	-9.159	-46.9
20.91	-7.846	-12.381	-50.7
20.92	-7.839	-15.517	-29.0
20.93	-7.833	-18.333	-2.0
20.94	-7.826	-20.975	27.4
20.95	-7.819	-23.397	36.2
20.96	-7.813	-25.197	-13.9
20.97	-7.809	-26.214	-52.2
20.98	-7.803	-26.741	-50.3
20.99	-7.798	-26.984	-57.5
21.0	-7.794	-26.955	-69.5
21.01	-7.793	-26.748	-53.8
21.02	-7.791	-26.380	-7.9
21.03	-7.784	-25.727	87.6
21.04	-7.771	-24.781	311.6
21.05	-7.764	-23.694	532.3
21.06	-7.761	-22.617	414.2
21.07	-7.754	-21.608	84.3
21.08	-7.746	-20.794	-62.3
21.09	-7.740	-20.466	-64.8
21.1	-7.734	-20.722	-70.7
21.11	-7.727	-21.241	-58.2
21.12	-7.714	-21.547	-45.5
21.13	-7.699	-21.359	-33.8
21.14	-7.685	-20.539	-12.5
21.15	-7.675	-18.784	-4.8
21.16	-7.671	-15.317	-2.7
21.17	-7.671	-7.773	15.3
21.18	-7.673	7.670	29.2
21.19	-7.673	29.281	35.8
21.2	-7.671	45.516	38.9
21.21	-7.666	50.723	46.9
21.22	-7.661	51.119	88.3
21.23	-7.656	51.139	141.7
21.24	-7.652	51.134	162.3
21.25	-7.650	51.083	150.3
21.26	-7.647	49.494	129.6
21.27	-7.644	41.234	102.8
21.28	-7.640	24.547	72.7
21.29	-7.636	5.564	48.7
21.3	-7.631	-10.653	9.5
21.31	-7.627	-23.283	-41.3
21.32	-7.629	-32.456	-63.0
21.33	-7.636	-38.584	-70.7
21.34	-7.639	-42.128	-67.8
21.35	-7.641	-43.413	-66.8
21.36	-7.643	-43.158	-98.7
21.37	-7.644	-42.720	-107.7
21.38	-7.644	-43.331	-108.9
21.39	-7.642	-44.834	-112.9
21.4	-7.637	-45.445	-84.4
21.41	-7.633	-44.050	-58.8
21.42	-7.631	-41.047	-50.2
21.43	-7.633	-36.761	-48.6
21.44	-7.637	-31.319	-48.9
21.45	-7.643	-24.970	-34.0
21.46	-7.648	-18.191	-24.0
21.47	-7.652	-11.756	-32.1
21.48	-7.654	-6.333	-28.9
21.49	-7.654	-2.163	-35.0
21.5	-7.654	0.766	-58.8
21.51	-7.651	2.486	-61.4
21.52	-7.649	2.795	-61.0
21.53	-7.646	1.252	-43.5
21.54	-7.644	-2.036	-23.1
21.55	-7.642	-6.247	-39.6
21.56	-7.641	-10.630	-29.3
21.57	-7.639	-14.664	11.5
21.58	-7.640	-17.966	9.8
21.59	-7.640	-20.592	4.1
21.6	-7.641	-22.788	12.2
21.61	-7.642	-24.511	-8.1
21.62	-7.644	-25.708	-50.4
21.63	-7.647	-26.578	-69.7
21.64	-7.652	-27.172	-45.8
21.65	-7.659	-27.292	-27.6
21.66	-7.669	-26.925	-32.7
21.67	-7.682	-26.236	-18.6
21.68	-7.688	-25.409	75.7
21.69	-7.691	-24.717	304.4
21.7	-7.698	-24.264	508.2
21.71	-7.711	-23.833	386.8
21.72	-7.721	-23.228	89.0
21.73	-7.727	-22.472	-41.8
21.74	-7.732	-21.713	-60.8
21.75	-7.736	-21.255	-70.3
21.76	-7.737	-21.428	-70.8
21.77	-7.736	-22.016	-67.9
21.78	-7.734	-22.236	-58.4
21.79	-7.731	-21.463	-44.4
21.8	-7.731	-19.341	-24.1
21.81	-7.735	-14.842	-11.9
21.82	-7.744	-5.188	-24.5
21.83	-7.755	12.573	-26.0
21.84	-7.765	33.988	1.8
21.85	-7.774	47.528	33.8
21.86	-7.781	50.967	59.8
21.87	-7.786	51.130	74.3
21.88	-7.790	51.139	81.0
21.89	-7.795	51.131	94.8
21.9	-7.799	50.967	102.3
21.91	-7.804	47.913	99.9
21.92	-7.808	36.597	87.8
21.93	-7.813	18.262	56.6
21.94	-7.819	-0.186	11.9
21.95	-7.826	-15.648	-35.2
21.96	-7.832	-26.420	-72.7
21.97	-7.841	-32.127	-104.8
21.98	-7.852	-36.209	-113.6
21.99	-7.863	-39.925	-107.2
22.0	-7.874	-42.203	-127.6
22.01	-7.884	-43.186	-121.4
22.02	-7.894	-43.373	-77.4
22.03	-7.902	-43.605	-71.5
22.04	-7.909	-43.950	-89.9
22.05	-7.917	-43.489	-91.1
22.06	-7.924	-42.063	-104.9
22.07	-7.932	-39.975	-117.4
22.08	-7.940	-37.272	-96.1
22.09	-7.949	-34.192	-81.6
22.1	-7.957	-30.639	-98.2
22.11	-7.964	-26.286	-94.1
22.12	-7.971	-21.266	-74.4
22.13	-7.978	-16.206	-78.8
22.14	-7.984	-11.748	-81.2
22.15	-7.988	-8.261	-80.9
22.16	-7.991	-5.944	-90.9
22.17	-7.993	-4.884	-90.0
22.18	-7.996	-5.055	-72.3
22.19	-7.999	-6.430	-73.6
22.2	-8.004	-8.983	-108.0
22.21	-8.009	-12.303	-113.6
22.22	-8.016	-15.639	-104.7
22.23	-8.023	-18.534	-105.7
22.24	-8.029	-20.986	-59.5
22.25	-8.036	-23.056	-37.7
22.26	-8.043	-24.728	-66.2
22.27	-8.050	-25.984	-53.7
22.28	-8.057	-26.763	-43.8
22.29	-8.063	-27.067	-22.7
22.3	-8.068	-27.084	-1.7
22.31	-8.071	-27.050	-44.5
22.32	-8.073	-27.020	-92.2
22.33	-8.075	-26.831	-106.3
22.34	-8.078	-26.395	-94.6
22.35	-8.082	-25.803	-75.4
22.36	-8.086	-25.053	-60.0
22.37	-8.088	-24.067	-38.2
22.38	-8.086	-23.011	16.6
22.39	-8.080	-22.172	209.9
22.4	-8.078	-21.534	489.6
22.41	-8.086	-20.798	479.4
22.42	-8.097	-19.970	164.1
22.43	-8.107	-19.417	-32.2
22.44	-8.111	-19.088	-74.7
22.45	-8.111	-18.564	-104.0
22.46	-8.107	-18.031	-93.0
22.47	-8.105	-18.227	-71.8
22.48	-8.103	-19.214	-75.9
22.49	-8.101	-19.906	-97.7
22.5	-8.100	-18.923	-105.8
22.51	-8.101	-14.520	-51.7
22.52	-8.106	-3.680	9.0
22.53	-8.111	15.556	15.1
22.54	-8.115	36.677	-1.0
22.55	-8.119	48.513	0.4
22.56	-8.121	51.039	20.0
22.57	-8.121	51.133	54.0
22.58	-8.121	51.139	83.3
22.59	-8.122	51.136	99.9
22.6	-8.123	51.067	105.0
22.61	-8.124	49.219	116.3
22.62	-8.124	40.367	111.3
22.63	-8.124	23.273	66.9
22.64	-8.124	4.348	31.1
22.65	-8.126	-11.492	-16.4
22.66	-8.128	-23.253	-78.8
22.67	-8.133	-30.966	-101.2
22.68	-8.138	-35.303	-109.2
22.69	-8.141	-37.198	-133.2
22.7	-8.143	-37.608	-146.2
22.71	-8.143	-37.444	-128.8
22.72	-8.143	-37.645	-115.1
22.73	-8.141	-38.917	-125.2
22.74	-8.139	-41.022	-136.9
22.75	-8.139	-42.714	-127.4
22.76	-8.140	-42.956	-106.6
22.77	-8.142	-41.684	-91.2
22.78	-8.144	-39.233	-87.8
22.79	-8.147	-35.784	-100.6
22.8	-8.150	-31.475	-103.8
22.81	-8.154	-26.678	-87.1
22.82	-8.156	-21.844	-90.3
22.83	-8.158	-17.008	-96.5
22.84	-8.158	-12.152	-76.1
22.85	-8.158	-8.011	-67.6
22.86	-8.156	-5.631	-87.2
22.87	-8.154	-5.089	-93.7
22.88	-8.154	-5.584	-97.8
22.89	-8.155	-6.448	-117.5
22.9	-8.157	-7.648	-88.1
22.91	-8.158	-9.733	-55.8
22.92	-8.159	-12.841	-62.8
22.93	-8.159	-16.034	-72.7
22.94	-8.159	-18.498	-94.8
22.95	-8.160	-20.525	-78.1
22.96	-8.161	-22.739	-33.2
22.97	-8.163	-25.095	-15.3
22.98	-8.164	-26.941	-8.4
22.99	-8.166	-27.825	7.9
23.0	-8.166	-28.009	-1.9
23.01	-8.166	-27.883	-37.6
23.02	-8.163	-27.702	-74.9
23.03	-8.160	-27.700	-98.8
23.04	-8.156	-27.564	-88.3
23.05	-8.152	-26.928	-81.3
23.06	-8.146	-25.945	-58.2
23.07	-8.137	-24.822	19.8
23.08	-8.122	-23.702	148.2
23.09	-8.107	-22.703	382.4
23.1	-8.101	-21.913	545.8
23.11	-8.104	-21.425	353.3
23.12	-8.109	-21.134	45.5
23.13	-8.114	-20.695	-71.8
23.14	-8.116	-20.091	-91.1
23.15	-8.113	-19.744	-83.4
23.16	-8.106	-19.817	-72.6
23.17	-8.098	-19.898	-87.3
23.18	-8.091	-19.627	-73.2
23.19	-8.083	-18.681	-41.3
23.2	-8.078	-15.945	-36.9
23.21	-8.076	-9.266	-34.5
23.22	-8.075	4.347	-24.8
23.23	-8.076	24.889	-0.8
23.24	-8.079	42.898	10.4
23.25	-8.081	50.222	15.0
23.26	-8.083	51.119	64.6
23.27	-8.084	51.138	112.9
23.28	-8.084	51.139	132.5
23.29	-8.084	51.127	145.1
23.3	-8.084	50.627	145.4
23.31	-8.084	45.861	134.3
23.32	-8.084	32.414	98.2
23.33	-8.085	13.703	44.8
23.34	-8.086	-3.769	-0.7
23.35	-8.086	-17.766	-22.4
23.36	-8.089	-27.917	-46.4
23.37	-8.096	-34.464	-89.6
23.38	-8.102	-38.044	-110.3
23.39	-8.107	-39.150	-110.3
23.4	-8.109	-38.741	-137.4
23.41	-8.113	-38.373	-150.8
23.42	-8.114	-38.952	-120.8
23.43	-8.113	-40.416	-99.8
23.44	-8.110	-42.042	-100.9
23.45	-8.106	-42.848	-96.3
23.46	-8.102	-42.275	-90.9
23.47	-8.100	-40.239	-99.9
23.48	-8.100	-36.881	-114.8
23.49	-8.101	-32.614	-116.6
23.5	-8.103	-27.950	-106.4
23.51	-8.104	-23.130	-87.2
23.52	-8.105	-18.256	-87.0
23.53	-8.107	-13.539	-98.2
23.54	-8.108	-9.356	-88.8
23.55	-8.109	-6.228	-93.9
23.56	-8.108	-4.525	-96.9
23.57	-8.107	-4.314	-77.4
23.58	-8.104	-5.405	-83.3
23.59	-8.102	-7.430	-99.1
23.6	-8.101	-10.094	-91.5
23.61	-8.102	-13.131	-72.1
23.62	-8.103	-16.220	-58.3
23.63	-8.105	-19.144	-54.7
23.64	-8.106	-21.759	-37.1
23.65	-8.108	-23.966	-6.5
23.66	-8.111	-25.792	6.3
23.67	-8.113	-27.298	-1.6
23.68	-8.115	-28.361	-28.6
23.69	-8.116	-28.680	-82.2
23.7	-8.116	-28.313	-121.0
23.71	-8.117	-27.764	-87.1
23.72	-8.118	-27.348	-60.8
23.73	-8.117	-26.998	-52.8
23.74	-8.113	-26.481	15.0
23.75	-8.102	-25.763	193.6
23.76	-8.094	-25.111	489.9
23.77	-8.099	-24.588	576.7
23.78	-8.111	-24.016	271.5
23.79	-8.123	-23.311	-6.1
23.8	-8.131	-22.508	-68.6
23.81	-8.135	-21.833	-89.9
23.82	-8.133	-21.541	-106.3
23.83	-8.123	-21.577	-92.9
23.84	-8.109	-21.603	-62.9
23.85	-8.099	-21.227	-53.6
23.86	-8.094	-20.017	-57.1
23.87	-8.092	-16.942	-46.4
23.88	-8.092	-9.638	-28.3
23.89	-8.091	5.173	-1.9
23.9	-8.090	26.578	15.9
23.91	-8.089	44.048	31.0
23.92	-8.089	50.463	46.4
23.93	-8.090	51.120	78.6
23.94	-8.092	51.139	116.7
23.95	-8.093	51.138	119.1
23.96	-8.093	51.125	124.8
23.97	-8.093	50.430	152.7
23.98	-8.092	44.698	145.0
23.99	-8.090	29.892	110.8
24.0	-8.088	10.633	69.2
24.01	-8.085	-6.378	13.4
24.02	-8.083	-19.439	-14.7
24.03	-8.084	-28.663	-51.0
24.04	-8.091	-34.448	-97.3
24.05	-8.098	-37.506	-115.1
24.06	-8.101	-38.664	-132.2
24.07	-8.105	-38.897	-149.6
24.08	-8.109	-39.206	-131.9
24.09	-8.111	-40.141	-92.8
24.1	-8.109	-41.722	-93.5
24.11	-8.104	-43.511	-112.7
24.12	-8.096	-44.564	-111.0
24.13	-8.090	-44.008	-105.3
24.14	-8.088	-41.631	-109.2
24.15	-8.089	-37.802	-94.7
24.16	-8.092	-33.084	-78.0
24.17	-8.097	-28.013	-79.0
24.18	-8.101	-22.984	-93.4
24.19	-8.102	-18.116	-105.1
24.2	-8.102	-13.459	-99.4
24.21	-8.101	-9.531	-96.3
24.22	-8.099	-7.003	-87.7
24.23	-8.098	-5.820	-71.5
24.24	-8.097	-5.520	-88.9
24.25	-8.095	-6.189	-94.8
24.26	-8.093	-8.116	-64.5
24.27	-8.092	-10.938	-58.3
24.28	-8.092	-14.000	-59.9
24.29	-8.094	-17.070	-35.2
24.3	-8.098	-20.117	10.9
24.31	-8.103	-22.702	32.6
24.32	-8.109	-24.228	-16.2
24.33	-8.114	-24.914	-70.3
24.34	-8.117	-25.938	-63.3
24.35	-8.119	-28.122	-67.8
24.36	-8.121	-30.580	-94.8
24.37	-8.120	-31.817	-71.7
24.38	-8.116	-31.577	-43.7
24.39	-8.107	-30.206	12.4
24.4	-8.093	-28.145	194.3
24.41	-8.084	-26.100	483.8
24.42	-8.090	-24.692	583.8
24.43	-8.105	-24.086	301.6
24.44	-8.123	-23.836	13.3
24.45	-8.137	-23.500	-52.5
24.46	-8.146	-23.191	-67.4
24.47	-8.144	-23.264	-92.5
24.48	-8.133	-23.608	-86.0
24.49	-8.113	-23.677	-66.0
24.5	-8.092	-23.175	-62.2
24.51	-8.072	-21.736	-48.0
24.52	-8.056	-18.227	-23.3
24.53	-8.046	-10.536	-13.1
24.54	-8.042	4.297	-3.5
24.55	-8.043	25.677	23.0
24.56	-8.048	43.536	43.4
24.57	-8.054	50.369	69.3
24.58	-8.058	51.120	95.6
24.59	-8.059	51.139	109.4
24.6	-8.060	51.139	129.8
24.61	-8.060	51.125	154.7
24.62	-8.059	50.519	158.8
24.63	-8.059	45.216	133.9
24.64	-8.058	31.045	122.9
24.65	-8.058	12.330	89.4
24.66	-8.056	-4.084	18.5
24.67	-8.057	-16.613	-24.3
24.68	-8.060	-25.788	-56.3
24.69	-8.067	-32.030	-91.3
24.7	-8.074	-35.748	-125.0
24.71	-8.078	-37.620	-134.7
24.72	-8.080	-38.525	-126.1
24.73	-8.082	-39.391	-129.7
24.74	-8.084	-40.930	-106.7
24.75	-8.081	-43.105	-82.5
24.76	-8.076	-45.153	-97.2
24.77	-8.070	-46.203	-106.0
24.78	-8.065	-45.602	-92.3
24.79	-8.063	-43.128	-86.2
24.8	-8.064	-39.198	-105.5
24.81	-8.069	-34.577	-105.3
24.82	-8.074	-29.770	-72.8
24.83	-8.079	-24.764	-65.4
24.84	-8.084	-19.458	-90.2
24.85	-8.086	-14.209	-84.3
24.86	-8.087	-9.745	-63.2
24.87	-8.087	-6.673	-69.3
24.88	-8.086	-5.131	-91.5
24.89	-8.084	-5.016	-96.3
24.9	-8.084	-6.275	-77.8
24.91	-8.085	-8.580	-64.8
24.92	-8.086	-11.222	-55.6
24.93	-8.088	-13.755	-55.9
24.94	-8.092	-16.373	-21.3
24.95	-8.099	-19.353	38.9
24.96	-8.109	-22.398	16.1
24.97	-8.119	-24.919	-58.3
24.98	-8.127	-26.606	-91.7
24.99	-8.135	-27.561	-86.7
25.0	-8.143	-28.006	-76.1
25.01	-8.152	-28.088	-80.2
25.02	-8.160	-28.064	-86.5
25.03	-8.164	-28.145	-35.7
25.04	-8.161	-28.139	94.4
25.05	-8.157	-27.777	350.9
25.06	-8.161	-27.225	588.7
25.07	-8.172	-26.739	466.5
25.08	-8.184	-26.180	116.2
25.09	-8.192	-25.388	-90.6
25.1	-8.195	-24.566	-116.6
25.11	-8.194	-23.952	-65.8
25.12	-8.192	-23.327	-42.8
25.13	-8.189	-22.398	-77.6
25.14	-8.185	-21.263	-92.8
25.15	-8.181	-20.000	-64.0
25.16	-8.180	-17.859	-45.3
25.17	-8.181	-12.495	-38.4
25.18	-8.183	-0.314	-21.1
25.19	-8.186	19.973	7.1
25.2	-8.188	40.048	24.8
25.21	-8.190	49.611	45.5
25.22	-8.190	51.111	70.0
25.23	-8.188	51.134	88.7
25.24	-8.186	51.139	119.1
25.25	-8.183	51.130	147.4
25.26	-8.179	50.964	141.6
25.27	-8.174	47.909	127.0
25.28	-8.169	36.658	114.1
25.29	-8.164	18.361	79.6
25.3	-8.159	0.116	34.0
25.31	-8.154	-14.398	-9.0
25.32	-8.148	-24.834	-37.4
25.33	-8.143	-31.697	-81.5
25.34	-8.137	-35.806	-116.9
25.35	-8.129	-38.013	-104.5
25.36	-8.121	-39.144	-107.6
25.37	-8.113	-40.081	-132.9
25.38	-8.106	-41.675	-118.8
25.39	-8.098	-44.234	-83.2
25.4	-8.090	-47.122	-78.7
25.41	-8.082	-49.108	-84.6
25.42	-8.075	-49.305	-87.5
25.43	-8.069	-47.561	-96.3
25.44	-8.064	-44.117	-107.6
25.45	-8.061	-39.416	-108.7
25.46	-8.058	-33.992	-99.4
25.47	-8.056	-28.298	-91.5
25.48	-8.051	-22.622	-91.1
25.49	-8.047	-17.194	-80.0
25.5	-8.041	-12.631	-63.4
25.51	-8.036	-9.620	-58.1
25.52	-8.031	-7.966	-60.4
25.53	-8.026	-7.120	-68.0
25.54	-8.023	-7.222	-54.3
25.55	-8.019	-8.727	-37.5
25.56	-8.018	-11.366	-35.0
25.57	-8.017	-14.319	-19.8
25.58	-8.015	-17.125	-6.0
25.59	-8.011	-19.791	-13.8
25.6	-8.006	-22.388	-58.7
25.61	-7.999	-24.628	-91.1
25.62	-7.994	-26.131	-79.7
25.63	-7.992	-27.063	-71.6
25.64	-7.990	-27.814	-73.9
25.65	-7.987	-28.420	-61.5
25.66	-7.978	-28.658	20.9
25.67	-7.965	-28.488	261.0
25.68	-7.957	-28.052	547.8
25.69	-7.955	-27.372	510.8
25.7	-7.953	-26.528	165.6
25.71	-7.946	-25.838	-52.6
25.72	-7.939	-25.517	-78.0
25.73	-7.934	-25.508	-74.4
25.74	-7.931	-25.764	-78.9
25.75	-7.923	-26.211	-68.7
25.76	-7.909	-26.431	-48.4
25.77	-7.894	-25.816	-50.8
25.78	-7.883	-23.830	-48.0
25.79	-7.877	-19.342	-19.5
25.8	-7.874	-9.370	-3.1
25.81	-7.874	9.591	8.4
25.82	-7.875	32.780	25.5
25.83	-7.874	47.355	51.2
25.84	-7.872	50.966	80.9
25.85	-7.869	51.130	94.1
25.86	-7.865	51.139	108.6
25.87	-7.860	51.134	127.6
25.88	-7.854	51.106	146.7
25.89	-7.848	49.820	155.8
25.9	-7.841	41.992	142.9
25.91	-7.833	25.003	117.0
25.92	-7.824	5.289	63.9
25.93	-7.816	-10.997	-11.9
25.94	-7.810	-22.828	-59.3
25.95	-7.807	-30.698	-83.9
25.96	-7.806	-35.337	-108.3
25.97	-7.806	-37.502	-107.7
25.98	-7.805	-38.097	-98.2
25.99	-7.804	-38.189	-109.2
26.0	-7.799	-38.828	-114.2
26.01	-7.792	-40.745	-96.3
26.02	-7.782	-43.950	-85.5
26.03	-7.773	-47.500	-84.9
26.04	-7.765	-49.911	-90.9
26.05	-7.759	-49.983	-86.6
26.06	-7.755	-47.350	-74.5
26.07	-7.751	-42.345	-84.3
26.08	-7.748	-35.712	-77.3
26.09	-7.744	-28.380	-64.5
26.1	-7.740	-21.105	-66.3
26.11	-7.734	-14.459	-57.8
26.12	-7.729	-9.109	-51.7
26.13	-7.725	-5.458	-53.3
26.14	-7.723	-3.227	-62.9
26.15	-7.723	-2.131	-54.1
26.16	-7.721	-2.423	-25.8
26.17	-7.719	-4.303	3.2
26.18	-7.718	-7.472	24.1
26.19	-7.716	-11.461	17.5
26.2	-7.714	-15.872	-16.1
26.21	-7.710	-20.072	-63.7
26.22	-7.707	-23.311	-89.4
26.23	-7.705	-25.327	-69.4
26.24	-7.704	-26.300	-55.8
26.25	-7.706	-26.633	-53.4
26.26	-7.709	-26.803	-22.9
26.27	-7.708	-27.084	49.6
26.28	-7.699	-27.466	210.9
26.29	-7.691	-27.673	444.5
26.3	-7.686	-27.380	468.4
26.31	-7.682	-26.620	202.3
26.32	-7.676	-25.778	0.8
26.33	-7.676	-25.089	-42.7
26.34	-7.679	-24.553	-55.7
26.35	-7.682	-24.227	-61.8
26.36	-7.679	-24.106	-63.6
26.37	-7.673	-23.931	-50.3
26.38	-7.666	-23.181	-42.5
26.39	-7.661	-21.144	-49.6
26.4	-7.658	-16.442	-39.2
26.41	-7.659	-5.923	-9.5
26.42	-7.663	13.653	7.8
26.43	-7.667	36.009	22.8
26.44	-7.669	48.509	46.3
26.45	-7.668	51.045	63.8
26.46	-7.666	51.131	58.7
26.47	-7.663	51.139	77.5
26.48	-7.661	51.134	138.5
26.49	-7.659	51.080	149.2
26.5	-7.656	49.409	128.3
26.51	-7.653	40.808	121.2
26.52	-7.651	23.814	75.8
26.53	-7.649	5.213	18.4
26.54	-7.649	-9.916	-19.3
26.55	-7.648	-21.038	-43.5
26.56	-7.648	-28.414	-70.8
26.57	-7.651	-32.642	-93.2
26.58	-7.657	-34.766	-86.3
26.59	-7.664	-36.214	-92.5
26.6	-7.669	-38.141	-112.5
26.61	-7.672	-40.867	-113.5
26.62	-7.672	-44.288	-121.7
26.63	-7.671	-47.877	-116.7
26.64	-7.669	-50.305	-80.8
26.65	-7.668	-51.038	-62.4
26.66	-7.669	-50.522	-67.0
26.67	-7.673	-48.241	-80.9
26.68	-7.679	-43.797	-89.2
26.69	-7.686	-37.892	-87.8
26.7	-7.693	-31.241	-87.5
26.71	-7.699	-24.375	-65.2
26.72	-7.703	-17.988	-41.5
26.73	-7.705	-12.733	-49.9
26.74	-7.707	-8.888	-65.9
26.75	-7.709	-6.630	-74.4
26.76	-7.710	-6.108	-81.0
26.77	-7.712	-7.280	-70.6
26.78	-7.715	-9.800	-42.8
26.79	-7.718	-13.039	-17.1
26.8	-7.722	-16.539	0.1
26.81	-7.726	-20.086	24.9
26.82	-7.729	-23.342	13.3
26.83	-7.731	-25.981	-31.8
26.84	-7.734	-27.913	-60.7
26.85	-7.737	-29.216	-69.4
26.86	-7.741	-30.006	-69.2
26.87	-7.746	-30.319	-71.8
26.88	-7.753	-30.186	-58.9
26.89	-7.758	-29.708	-15.7
26.9	-7.759	-28.928	97.1
26.91	-7.759	-27.805	358.3
26.92	-7.767	-26.483	545.3
26.93	-7.779	-25.297	385.8
26.94	-7.788	-24.434	94.9
26.95	-7.794	-23.986	-52.0
26.96	-7.798	-24.073	-89.1
26.97	-7.800	-24.567	-95.0
26.98	-7.798	-25.027	-77.8
26.99	-7.795	-24.986	-68.8
27.0	-7.793	-24.083	-70.9
27.01	-7.793	-21.914	-51.7
27.02	-7.797	-17.456	-47.2
27.03	-7.804	-7.906	-46.2
27.04	-7.814	10.433	-14.0
27.05	-7.823	33.156	9.7
27.06	-7.833	47.463	30.0
27.07	-7.841	50.973	44.7
27.08	-7.849	51.131	43.0
27.09	-7.854	51.139	56.5
27.1	-7.858	51.138	88.9
27.11	-7.861	51.123	124.3
27.12	-7.864	50.300	128.1
27.13	-7.865	44.100	104.9
27.14	-7.866	29.013	84.4
27.15	-7.867	10.300	60.7
27.16	-7.869	-5.566	22.8
27.17	-7.872	-17.272	-39.2
27.18	-7.877	-25.239	-95.0
27.19	-7.883	-30.275	-107.6
27.2	-7.888	-33.392	-108.3
27.21	-7.893	-35.553	-114.3
27.22	-7.898	-37.550	-120.8
27.23	-7.901	-40.008	-113.4
27.24	-7.902	-43.411	-109.3
27.25	-7.903	-47.370	-126.3
27.26	-7.903	-50.164	-129.7
27.27	-7.903	-51.059	-97.6
27.28	-7.904	-51.081	-84.4
27.29	-7.906	-50.288	-104.6
27.3	-7.910	-47.370	-96.5
27.31	-7.915	-42.167	-91.3
27.32	-7.919	-35.973	-92.9
27.33	-7.923	-29.761	-72.0
27.34	-7.926	-23.842	-77.9
27.35	-7.928	-18.486	-95.3
27.36	-7.930	-14.197	-95.3
27.37	-7.931	-11.389	-86.3
27.38	-7.933	-9.972	-80.6
27.39	-7.934	-9.656	-91.7
27.4	-7.933	-10.438	-94.4
27.41	-7.931	-12.352	-76.5
27.42	-7.929	-15.103	-79.2
27.43	-7.926	-18.170	-84.6
27.44	-7.924	-21.089	-60.3
27.45	-7.924	-23.600	-50.7
27.46	-7.925	-25.616	-74.8
27.47	-7.927	-27.214	-72.5
27.48	-7.930	-28.528	-48.1
27.49	-7.933	-29.508	-20.8
27.5	-7.935	-30.048	19.3
27.51	-7.936	-30.228	14.6
27.52	-7.935	-30.236	-24.6
27.53	-7.933	-30.138	-55.4
27.54	-7.932	-29.834	-88.6
27.55	-7.931	-29.252	-108.7
27.56	-7.932	-28.458	-90.1
27.57	-7.932	-27.613	-42.5
27.58	-7.929	-26.805	-2.7
27.59	-7.921	-26.095	94.4
27.6	-7.914	-25.547	366.8
27.61	-7.917	-25.100	613.0
27.62	-7.928	-24.589	477.4
27.63	-7.941	-23.894	118.3
27.64	-7.952	-23.144	-82.4
27.65	-7.961	-22.620	-95.1
27.66	-7.964	-22.583	-62.5
27.67	-7.963	-23.100	-64.8
27.68	-7.961	-23.491	-71.0
27.69	-7.959	-22.725	-62.9
27.7	-7.956	-20.148	-59.4
27.71	-7.954	-14.386	-37.0
27.72	-7.954	-2.219	-5.1
27.73	-7.959	18.461	-5.4
27.74	-7.966	39.472	-23.5
27.75	-7.976	49.559	4.5
27.76	-7.987	51.111	54.7
27.77	-7.999	51.134	60.3
27.78	-8.011	51.139	65.4
27.79	-8.023	51.136	102.7
27.8	-8.034	51.122	122.8
27.81	-8.044	50.139	127.1
27.82	-8.053	43.384	139.5
27.83	-8.061	27.959	139.0
27.84	-8.067	9.689	87.3
27.85	-8.072	-5.625	15.3
27.86	-8.079	-17.359	-28.9
27.87	-8.088	-25.955	-51.3
27.88	-8.098	-31.745	-90.8
27.89	-8.109	-35.355	-122.4
27.9	-8.117	-37.750	-119.8
27.91	-8.124	-39.794	-109.7
27.92	-8.128	-42.225	-99.3
27.93	-8.131	-45.547	-105.7
27.94	-8.132	-48.905	-122.8
27.95	-8.131	-50.730	-126.2
27.96	-8.131	-51.120	-107.3
27.97	-8.132	-50.888	-94.6
27.98	-8.136	-49.202	-100.8
27.99	-8.142	-45.050	-96.3
28.0	-8.149	-39.206	-81.1
28.01	-8.156	-32.875	-80.3
28.02	-8.163	-26.781	-99.4
28.03	-8.170	-21.514	-90.7
28.04	-8.176	-17.219	-74.2
28.05	-8.182	-13.931	-79.8
28.06	-8.187	-11.864	-75.0
28.07	-8.192	-10.975	-73.2
28.08	-8.196	-11.067	-95.1
28.09	-8.201	-12.084	-99.8
28.1	-8.204	-13.925	-77.6
28.11	-8.207	-16.334	-71.0
28.12	-8.209	-18.941	-71.2
28.13	-8.211	-21.409	-78.8
28.14	-8.214	-23.692	-72.5
28.15	-8.218	-25.864	-46.5
28.16	-8.223	-27.722	-46.8
28.17	-8.227	-28.963	-41.2
28.18	-8.232	-29.652	-46.3
28.19	-8.239	-30.059	-39.9
28.2	-8.248	-30.234	13.0
28.21	-8.255	-30.209	20.2
28.22	-8.261	-30.141	-18.1
28.23	-8.264	-30.022	-56.8
28.24	-8.266	-29.705	-89.6
28.25	-8.266	-29.069	-96.3
28.26	-8.266	-28.116	-89.4
28.27	-8.266	-27.020	-60.8
28.28	-8.261	-25.958	36.9
28.29	-8.252	-25.066	236.7
28.3	-8.247	-24.353	528.6
28.31	-8.252	-23.584	636.2
28.32	-8.266	-22.656	330.4
28.33	-8.279	-21.770	-23.9
28.34	-8.291	-21.213	-125.6
28.35	-8.298	-21.150	-91.5
28.36	-8.299	-21.444	-49.0
28.37	-8.293	-21.834	-46.7
28.38	-8.284	-22.008	-59.4
28.39	-8.274	-21.453	-44.7
28.4	-8.265	-19.339	-34.1
28.41	-8.259	-13.950	-50.3
28.42	-8.259	-1.900	-49.0
28.43	-8.266	18.825	-15.0
28.44	-8.281	39.708	10.2
28.45	-8.300	49.608	30.0
28.46	-8.322	51.113	58.2
28.47	-8.343	51.134	85.8
28.48	-8.364	51.139	129.1
28.49	-8.381	51.134	154.6
28.5	-8.393	51.089	135.9
28.51	-8.401	49.552	130.5
28.52	-8.404	41.189	151.6
28.53	-8.408	24.155	125.3
28.54	-8.411	5.236	65.3
28.55	-8.416	-10.044	17.8
28.56	-8.420	-21.206	-26.5
28.57	-8.422	-28.989	-64.4
28.58	-8.424	-34.169	-94.3
28.59	-8.423	-37.411	-115.8
28.6	-8.420	-39.580	-127.0
28.61	-8.416	-41.720	-106.0
28.62	-8.411	-44.500	-91.8
28.63	-8.404	-47.720	-109.7
28.64	-8.394	-50.148	-121.4
28.65	-8.383	-51.039	-126.8
28.66	-8.373	-51.133	-121.7
28.67	-8.363	-50.883	-109.2
28.68	-8.355	-49.211	-95.2
28.69	-8.349	-45.045	-74.3
28.7	-8.344	-39.022	-75.1
28.71	-8.340	-32.348	-74.8
28.72	-8.336	-25.809	-78.9
28.73	-8.332	-19.991	-98.2
28.74	-8.327	-15.209	-95.6
28.75	-8.320	-11.691	-91.3
28.76	-8.313	-9.617	-85.6
28.77	-8.306	-8.928	-56.0
28.78	-8.299	-9.411	-46.8
28.79	-8.293	-10.988	-76.3
28.8	-8.286	-13.453	-85.5
28.81	-8.279	-16.359	-67.4
28.82	-8.274	-19.470	-63.3
28.83	-8.270	-22.622	-63.4
28.84	-8.268	-25.461	-50.5
28.85	-8.266	-27.736	-37.5
28.86	-8.265	-29.397	-9.9
28.87	-8.264	-30.569	32.4
28.88	-8.262	-31.475	32.3
28.89	-8.259	-32.028	-11.4
28.9	-8.255	-31.967	-68.8
28.91	-8.252	-31.380	-104.9
28.92	-8.250	-30.494	-83.3
28.93	-8.251	-29.378	-56.2
28.94	-8.253	-28.127	-48.1
28.95	-8.253	-26.903	-10.5
28.96	-8.248	-25.806	79.6
28.97	-8.238	-24.898	282.8
28.98	-8.236	-24.094	534.9
28.99	-8.240	-23.263	504.2
29.0	-8.242	-22.483	167.3
29.01	-8.239	-21.928	-51.0
29.02	-8.232	-21.723	-80.9
29.03	-8.223	-21.858	-84.5
29.04	-8.213	-22.255	-73.5
29.05	-8.199	-22.886	-59.0
29.06	-8.184	-23.455	-42.7
29.07	-8.168	-23.281	-45.9
29.08	-8.155	-21.575	-56.7
29.09	-8.146	-16.731	-31.3
29.1	-8.141	-5.264	-16.5
29.11	-8.137	15.427	-8.7
29.12	-8.134	37.597	31.0
29.13	-8.130	49.044	55.7
29.14	-8.123	51.081	57.2
29.15	-8.113	51.133	76.6
29.16	-8.102	51.139	124.3
29.17	-8.093	51.134	155.2
29.18	-8.086	51.103	137.5
29.19	-8.079	49.734	125.4
29.2	-8.072	41.459	132.1
29.21	-8.066	23.700	99.0
29.22	-8.059	3.417	41.1
29.23	-8.053	-13.119	8.0
29.24	-8.046	-25.023	-29.1
29.25	-8.040	-32.481	-71.6
29.26	-8.036	-36.406	-99.6
29.27	-8.033	-38.525	-116.4
29.28	-8.027	-39.991	-108.9
29.29	-8.022	-41.308	-91.5
29.3	-8.014	-43.273	-98.5
29.31	-8.005	-46.319	-109.6
29.32	-7.995	-49.327	-98.9
29.33	-7.986	-50.839	-101.4
29.34	-7.980	-51.120	-112.8
29.35	-7.976	-50.839	-104.3
29.36	-7.971	-49.139	-79.1
29.37	-7.965	-44.998	-58.7
29.38	-7.958	-38.748	-66.0
29.39	-7.951	-31.355	-79.8
29.4	-7.944	-23.713	-85.7
29.41	-7.938	-16.511	-78.2
29.42	-7.933	-10.455	-66.9
29.43	-7.927	-6.334	-65.9
29.44	-7.920	-4.200	-54.4
29.45	-7.912	-3.509	-53.2
29.46	-7.904	-4.169	-76.9
29.47	-7.898	-6.372	-63.1
29.48	-7.894	-9.845	-37.3
29.49	-7.891	-13.889	-47.8
29.5	-7.888	-17.898	-40.7
29.51	-7.886	-21.566	-1.7
29.52	-7.883	-24.673	22.8
29.53	-7.881	-27.039	17.3
29.54	-7.876	-28.692	-14.3
29.55	-7.872	-29.803	-55.8
29.56	-7.869	-30.497	-77.4
29.57	-7.868	-30.697	-59.8
29.58	-7.868	-30.428	-53.1
29.59	-7.871	-30.094	-45.5
29.6	-7.872	-30.053	5.7
29.61	-7.865	-29.981	132.2
29.62	-7.859	-29.327	391.1
29.63	-7.858	-28.406	539.0
29.64	-7.856	-27.548	325.6
29.65	-7.850	-26.478	28.7
29.66	-7.846	-25.397	-70.4
29.67	-7.843	-24.820	-60.1
29.68	-7.842	-24.619	-56.2
29.69	-7.837	-24.313	-54.7
29.7	-7.827	-23.969	-46.7
29.71	-7.814	-23.591	-40.2
29.72	-7.803	-22.486	-28.1
29.73	-7.795	-19.755	-14.6
29.74	-7.792	-13.452	2.1
29.75	-7.792	0.300	13.9
29.76	-7.793	22.320	11.6
29.77	-7.794	42.106	24.7
29.78	-7.793	50.155	58.4
29.79	-7.789	51.116	81.2
29.8	-7.784	51.139	101.3
29.81	-7.779	51.139	119.0
29.82	-7.774	51.133	132.3
29.83	-7.768	51.020	157.8
29.84	-7.763	48.473	143.9
29.85	-7.759	37.661	100.6
29.86	-7.756	18.538	65.3
29.87	-7.754	-1.030	19.4
29.88	-7.751	-16.241	-23.3
29.89	-7.747	-26.819	-40.1
29.9	-7.746	-33.455	-64.3
29.91	-7.749	-37.373	-87.3
29.92	-7.752	-39.778	-80.4
29.93	-7.753	-41.317	-83.8
29.94	-7.752	-42.616	-99.0
29.95	-7.749	-44.681	-92.3
29.96	-7.747	-47.706	-81.0
29.97	-7.746	-50.164	-72.9
29.98	-7.744	-51.050	-71.1
29.99	-7.745	-51.133	-83.8
30.0	-7.748	-50.889	-81.7
30.01	-7.751	-49.202	-67.1
30.02	-7.756	-44.938	-58.1
30.03	-7.761	-38.584	-59.8
30.04	-7.765	-31.145	-66.7
30.05	-7.768	-23.325	-50.8
30.06	-7.770	-15.866	-48.7
30.07	-7.773	-9.527	-56.8
30.08	-7.774	-5.073	-49.4
30.09	-7.777	-2.881	-45.4
30.1	-7.781	-2.720	-52.6
30.11	-7.786	-4.242	-74.4
30.12	-7.793	-7.033	-73.6
30.13	-7.800	-10.538	-46.7
30.14	-7.808	-14.330	-26.2
30.15	-7.816	-18.120	-10.2
30.16	-7.825	-21.659	9.1
30.17	-7.833	-24.716	23.7
30.18	-7.841	-27.180	-10.2
30.19	-7.849	-29.128	-52.1
30.2	-7.858	-30.617	-63.4
30.21	-7.868	-31.458	-67.8
30.22	-7.876	-31.489	-47.3
30.23	-7.885	-31.033	-53.9
30.24	-7.894	-30.497	-72.4
30.25	-7.902	-29.809	-12.5
30.26	-7.902	-28.972	129.2
30.27	-7.904	-28.311	392.3
30.28	-7.913	-27.814	556.0
30.29	-7.924	-27.192	327.7
30.3	-7.933	-26.406	15.8
30.31	-7.941	-25.648	-79.4
30.32	-7.947	-25.080	-79.8
30.33	-7.951	-24.755	-74.8
30.34	-7.953	-24.772	-78.6
30.35	-7.953	-25.006	-76.1
30.36	-7.951	-24.814	-50.5
30.37	-7.953	-23.434	-37.0
30.38	-7.959	-20.038	-31.8
30.39	-7.970	-12.406	-18.1
30.4	-7.983	3.192	-19.5
30.41	-7.995	25.833	-8.5
30.42	-8.005	44.034	4.6
30.43	-8.013	50.502	28.3
30.44	-8.021	51.116	68.1
30.45	-8.027	51.139	91.5
30.46	-8.033	51.139	116.8
30.47	-8.037	51.127	124.9
30.48	-8.041	50.886	118.5
30.49	-8.044	47.164	114.9
30.5	-8.047	34.353	81.8
30.51	-8.052	14.531	24.4
30.52	-8.057	-4.395	-21.9
30.53	-8.063	-18.883	-49.9
30.54	-8.069	-28.816	-69.7
30.55	-8.078	-35.003	-82.0
30.56	-8.088	-38.775	-104.1
30.57	-8.097	-40.859	-108.7
30.58	-8.105	-41.900	-95.3
30.59	-8.111	-43.245	-112.6
30.6	-8.115	-45.664	-121.8
30.61	-8.117	-48.578	-96.3
30.62	-8.119	-50.544	-79.5
30.63	-8.123	-51.106	-90.1
30.64	-8.127	-51.111	-103.3
30.65	-8.131	-50.544	-101.6
30.66	-8.134	-48.206	-102.5
30.67	-8.138	-43.775	-96.6
30.68	-8.143	-38.258	-75.9
30.69	-8.148	-32.319	-66.2
30.7	-8.152	-26.103	-68.6
30.71	-8.156	-19.984	-66.5
30.72	-8.158	-14.472	-69.9
30.73	-8.158	-9.966	-88.9
30.74	-8.158	-6.883	-101.2
30.75	-8.156	-5.611	-89.1
30.76	-8.155	-6.175	-75.4
30.77	-8.154	-8.369	-69.3
30.78	-8.156	-11.736	-73.1
30.79	-8.158	-15.373	-84.6
30.8	-8.160	-18.569	-81.7
30.81	-8.162	-21.363	-73.9
30.82	-8.164	-24.142	-65.3
30.83	-8.166	-26.856	-50.3
30.84	-8.168	-28.875	-59.9
30.85	-8.172	-29.759	-60.0
30.86	-8.176	-29.967	-32.7
30.87	-8.179	-30.208	-10.4
30.88	-8.181	-30.577	7.8
30.89	-8.181	-30.845	-3.4
30.9	-8.183	-30.800	-30.3
30.91	-8.183	-30.380	-53.0
30.92	-8.185	-29.850	-83.8
30.93	-8.188	-29.311	-92.7
30.94	-8.192	-28.319	-89.3
30.95	-8.194	-26.859	-52.0
30.96	-8.194	-25.631	35.5
30.97	-8.189	-24.969	154.3
30.98	-8.186	-24.577	382.2
30.99	-8.189	-24.059	556.3
31.0	-8.198	-23.238	369.3
31.01	-8.205	-22.191	59.0
31.02	-8.209	-21.341	-55.5
31.03	-8.208	-21.059	-71.9
31.04	-8.204	-21.292	-76.5
31.05	-8.198	-21.794	-65.5
31.06	-8.193	-22.255	-69.3
31.07	-8.189	-22.120	-75.3
31.08	-8.186	-20.616	-57.9
31.09	-8.183	-16.434	-40.0
31.1	-8.183	-6.606	-18.3
31.11	-8.186	12.156	10.6
31.12	-8.193	34.516	6.1
31.13	-8.200	47.933	2.5
31.14	-8.207	51.009	39.6
31.15	-8.212	51.133	73.6
31.16	-8.215	51.139	83.6
31.17	-8.216	51.139	102.1
31.18	-8.216	51.123	127.9
31.19	-8.214	50.661	141.0
31.2	-8.212	45.797	135.4
31.21	-8.208	31.470	103.3
31.22	-8.206	11.188	52.7
31.23	-8.206	-7.481	-2.7
31.24	-8.211	-21.825	-45.1
31.25	-8.218	-31.895	-80.1
31.26	-8.228	-38.247	-105.8
31.27	-8.236	-41.530	-102.0
31.28	-8.241	-42.648	-109.5
31.29	-8.243	-42.875	-121.4
31.3	-8.245	-43.473	-94.4
31.31	-8.245	-45.180	-76.1
31.32	-8.243	-47.800	-99.7
31.33	-8.240	-50.066	-114.3
31.34	-8.238	-51.008	-111.1
31.35	-8.237	-50.911	-90.9
31.36	-8.238	-49.559	-64.8
31.37	-8.240	-46.344	-79.1
31.38	-8.243	-41.836	-100.9
31.39	-8.247	-36.698	-92.3
31.4	-8.251	-31.036	-79.0
31.41	-8.254	-25.209	-79.1
31.42	-8.256	-19.700	-83.0
31.43	-8.259	-14.784	-69.3
31.44	-8.261	-10.900	-55.3
31.45	-8.262	-8.514	-57.2
31.46	-8.263	-7.670	-67.9
31.47	-8.264	-8.253	-92.8
31.48	-8.264	-9.981	-79.3
31.49	-8.265	-12.278	-59.0
31.5	-8.267	-14.830	-80.9
31.51	-8.269	-17.716	-69.4
31.52	-8.271	-20.802	-42.2
31.53	-8.272	-23.633	-46.9
31.54	-8.272	-26.008	-59.0
31.55	-8.272	-28.088	-42.8
31.56	-8.273	-29.988	2.1
31.57	-8.274	-31.506	32.4
31.58	-8.277	-32.441	20.0
31.59	-8.281	-32.798	-13.6
31.6	-8.284	-32.669	-40.0
31.61	-8.286	-32.228	-62.0
31.62	-8.286	-31.622	-81.2
31.63	-8.288	-30.894	-86.0
31.64	-8.290	-30.138	-80.9
31.65	-8.290	-29.433	-33.5
31.66	-8.285	-28.689	63.8
31.67	-8.275	-27.742	245.7
31.68	-8.269	-26.563	536.7
31.69	-8.274	-25.258	576.5
31.7	-8.283	-24.023	226.7
31.71	-8.293	-23.089	-48.3
31.72	-8.299	-22.648	-88.8
31.73	-8.299	-22.706	-61.9
31.74	-8.294	-22.869	-54.2
31.75	-8.286	-22.767	-72.3
31.76	-8.279	-22.409	-64.6
31.77	-8.274	-21.709	-41.0
31.78	-8.269	-20.136	-49.4
31.79	-8.266	-16.227	-48.8
31.8	-8.263	-6.802	-7.1
31.81	-8.261	11.467	22.7
31.82	-8.262	33.733	26.3
31.83	-8.264	47.594	46.8
31.84	-8.267	50.980	71.1
31.85	-8.269	51.131	74.5
31.86	-8.270	51.139	97.3
31.87	-8.271	51.139	122.4
31.88	-8.271	51.125	127.0
31.89	-8.271	50.472	138.5
31.9	-8.270	44.764	142.9
31.91	-8.269	29.466	128.4
31.92	-8.268	8.933	87.9
31.93	-8.268	-9.697	18.3
31.94	-8.269	-24.192	-41.7
31.95	-8.274	-34.422	-70.7
31.96	-8.279	-40.855	-104.7
31.97	-8.283	-44.342	-124.7
31.98	-8.283	-45.745	-115.8
31.99	-8.283	-45.966	-109.5
32.0	-8.283	-46.109	-107.2
32.01	-8.281	-47.044	-104.1
32.02	-8.277	-48.739	-104.4
32.03	-8.272	-50.244	-118.0
32.04	-8.268	-50.531	-126.7
32.05	-8.265	-49.252	-106.3
32.06	-8.266	-46.456	-94.1
32.07	-8.267	-42.208	-102.4
32.08	-8.269	-36.922	-95.6
32.09	-8.271	-31.506	-78.1
32.1	-8.271	-26.431	-89.0
32.11	-8.270	-21.417	-121.3
32.12	-8.268	-16.427	-119.3
32.13	-8.266	-12.072	-83.8
32.14	-8.264	-8.878	-53.8
32.15	-8.262	-6.897	-64.7
32.16	-8.259	-6.158	-106.2
32.17	-8.257	-6.744	-99.9
32.18	-8.254	-8.553	-82.5
32.19	-8.253	-11.252	-78.2
32.2	-8.252	-14.352	-69.6
32.21	-8.252	-17.439	-68.4
32.22	-8.252	-20.381	-48.1
32.23	-8.251	-23.180	-36.8
32.24	-8.250	-25.611	-48.8
32.25	-8.249	-27.466	-29.4
32.26	-8.249	-28.966	22.5
32.27	-8.249	-30.469	23.5
32.28	-8.249	-31.964	-35.0
32.29	-8.249	-32.783	-83.6
32.3	-8.249	-32.475	-96.3
32.31	-8.248	-31.598	-79.7
32.32	-8.247	-30.752	-58.6
32.33	-8.242	-30.067	-32.5
32.34	-8.232	-29.558	43.4
32.35	-8.218	-29.138	236.3
32.36	-8.207	-28.544	521.9
32.37	-8.209	-27.591	569.6
32.38	-8.217	-26.466	245.2
32.39	-8.228	-25.463	-19.6
32.4	-8.235	-24.752	-63.5
32.41	-8.237	-24.436	-69.8
32.42	-8.231	-24.411	-79.5
32.43	-8.219	-24.403	-83.2
32.44	-8.206	-24.158	-78.8
32.45	-8.195	-23.513	-50.8
32.46	-8.189	-22.053	-8.7
32.47	-8.188	-18.406	-11.8
32.48	-8.187	-9.834	-34.6
32.49	-8.184	7.152	0.0
32.5	-8.184	29.895	40.8
32.51	-8.187	46.098	53.0
32.52	-8.193	50.850	63.5
32.53	-8.197	51.123	107.5
32.54	-8.203	51.139	148.1
32.55	-8.207	51.139	128.4
32.56	-8.214	51.127	122.6
32.57	-8.219	50.902	158.1
32.58	-8.224	47.291	157.4
32.59	-8.229	34.622	109.3
32.6	-8.233	14.508	69.0
32.61	-8.236	-5.464	55.1
32.62	-8.241	-21.580	14.9
32.63	-8.249	-33.358	-66.6
32.64	-8.261	-40.870	-127.3
32.65	-8.274	-44.770	-126.0
32.66	-8.287	-46.383	-101.8
32.67	-8.303	-47.036	-105.8
32.68	-8.321	-47.588	-104.3
32.69	-8.341	-48.609	-86.8
32.7	-8.358	-49.995	-94.2
32.71	-8.374	-50.892	-100.4
32.72	-8.389	-50.844	-107.7
32.73	-8.406	-49.495	-118.3
32.74	-8.424	-46.606	-85.8
32.75	-8.442	-42.722	-55.8
32.76	-8.459	-38.303	-69.5
32.77	-8.475	-33.377	-85.8
32.78	-8.488	-28.061	-77.7
32.79	-8.498	-22.680	-75.6
32.8	-8.503	-17.567	-94.1
32.81	-8.504	-13.217	-100.6
32.82	-8.502	-10.153	-80.7
32.83	-8.499	-8.459	-74.3
32.84	-8.494	-7.878	-90.1
32.85	-8.489	-8.438	-85.9
32.86	-8.485	-10.202	-76.8
32.87	-8.479	-12.634	-61.6
32.88	-8.472	-15.198	-56.0
32.89	-8.462	-17.823	-45.3
32.9	-8.449	-20.588	12.0
32.91	-8.434	-23.456	43.1
32.92	-8.417	-26.225	-0.6
32.93	-8.396	-28.544	-56.1
32.94	-8.374	-30.075	-78.1
32.95	-8.351	-30.867	-83.7
32.96	-8.329	-31.311	-103.3
32.97	-8.307	-31.706	-114.8
32.98	-8.284	-32.156	-59.3
32.99	-8.259	-32.475	33.3
33.0	-8.231	-32.359	180.8
33.01	-8.206	-31.739	449.3
33.02	-8.191	-30.867	557.1
33.03	-8.181	-30.036	303.7
33.04	-8.170	-29.253	8.1
33.05	-8.156	-28.427	-90.1
33.06	-8.141	-27.633	-85.1
33.07	-8.125	-27.064	-69.8
33.08	-8.109	-26.802	-49.9
33.09	-8.091	-26.636	-35.2
33.1	-8.072	-26.267	-47.8
33.11	-8.056	-25.352	-55.4
33.12	-8.044	-23.108	-23.8
33.13	-8.037	-17.563	12.4
33.14	-8.034	-4.922	38.2
33.15	-8.031	16.792	49.4
33.16	-8.025	38.759	58.0
33.17	-8.017	49.394	81.6
33.18	-8.006	51.103	102.3
33.19	-7.994	51.134	122.5
33.2	-7.982	51.139	144.1
33.21	-7.971	51.136	147.6
33.22	-7.959	51.122	144.7
33.23	-7.947	50.114	156.3
33.24	-7.936	43.036	124.4
33.25	-7.924	26.130	72.9
33.26	-7.913	4.825	42.6
33.27	-7.902	-13.861	-20.1
33.28	-7.896	-28.073	-96.3
33.29	-7.892	-38.048	-125.3
33.3	-7.886	-44.158	-92.0
33.31	-7.876	-47.127	-75.7
33.32	-7.864	-48.144	-103.2
33.33	-7.851	-48.517	-115.5
33.34	-7.834	-49.147	-118.8
33.35	-7.817	-50.125	-117.6
33.36	-7.802	-50.889	-113.2
33.37	-7.787	-51.103	-115.1
33.38	-7.775	-50.653	-92.6
33.39	-7.765	-48.659	-62.4
33.4	-7.758	-44.559	-65.6
33.41	-7.750	-38.983	-79.1
33.42	-7.744	-32.916	-81.7
33.43	-7.737	-26.903	-72.7
33.44	-7.731	-20.888	-65.8
33.45	-7.723	-14.922	-57.1
33.46	-7.716	-9.547	-51.1
33.47	-7.709	-5.334	-56.5
33.48	-7.703	-2.580	-69.1
33.49	-7.692	-1.452	-55.2
