Interval=	0.01 s
ExcelDateTime=	3.9777398986998465e+004	25/11/2008 9:34:32.476667
TimeFormat=	StartOfBlock
ChannelTitle=	Channel 1	Channel 2	Channel 3
Range=	20.000 mV	50.000 mV	1000.0 µV
0.0	-8.385	-51.141	-4.6
0.01	-8.383	-51.136	-23.9
0.02	-8.381	-51.045	-71.8
0.03	-8.379	-49.692	-86.8
0.04	-8.379	-44.820	-70.7
0.05	-8.381	-36.578	-65.2
0.06	-8.381	-27.573	-76.4
0.07	-8.381	-19.552	-84.5
0.08	-8.379	-13.231	-88.9
0.09	-8.379	-8.978	-86.0
0.1	-8.378	-6.775	-64.2
0.11	-8.377	-6.431	-40.0
0.12	-8.377	-7.775	-34.0
0.13	-8.377	-10.536	-26.1
0.14	-8.377	-14.295	6.9
0.15	-8.377	-18.563	19.4
0.16	-8.376	-22.966	-15.0
0.17	-8.374	-27.155	-55.3
0.18	-8.375	-30.847	-64.5
0.19	-8.377	-33.973	-64.8
0.2	-8.380	-36.525	-85.2
0.21	-8.385	-38.469	-90.3
0.22	-8.390	-39.670	-42.9
0.23	-8.392	-40.288	59.1
0.24	-8.391	-40.734	284.8
0.25	-8.391	-41.105	552.8
0.26	-8.392	-41.267	506.4
0.27	-8.392	-41.167	172.1
0.28	-8.390	-40.953	-38.6
0.29	-8.386	-40.863	-74.9
0.3	-8.382	-40.906	-87.7
0.31	-8.377	-40.886	-85.2
0.32	-8.375	-40.686	-69.9
0.33	-8.375	-40.219	-58.6
0.34	-8.373	-39.308	-51.0
0.35	-8.366	-37.531	-44.0
0.36	-8.359	-33.361	-29.7
0.37	-8.356	-22.920	-14.8
0.38	-8.358	-0.752	0.9
0.39	-8.363	28.059	20.7
0.4	-8.365	46.467	43.4
0.41	-8.363	50.938	54.8
0.42	-8.357	51.130	80.5
0.43	-8.349	51.139	137.9
0.44	-8.343	51.139	157.1
0.45	-8.339	51.139	132.9
0.46	-8.337	51.133	122.8
0.47	-8.336	51.067	124.7
0.48	-8.334	48.938	90.4
0.49	-8.331	37.427	32.5
0.5	-8.328	14.025	-4.6
0.51	-8.325	-12.128	-52.4
0.52	-8.327	-33.089	-84.3
0.53	-8.329	-45.884	-95.3
0.54	-8.329	-50.509	-133.3
0.55	-8.326	-51.130	-126.3
0.56	-8.321	-51.139	-87.9
0.57	-8.316	-51.141	-91.3
0.58	-8.309	-51.141	-103.9
0.59	-8.302	-51.141	-114.9
0.6	-8.294	-51.141	-118.5
0.61	-8.288	-51.141	-101.4
0.62	-8.284	-51.141	-98.3
0.63	-8.279	-51.141	-105.1
0.64	-8.273	-51.134	-83.1
0.65	-8.263	-51.002	-61.9
0.66	-8.249	-49.305	-69.6
0.67	-8.231	-43.706	-75.7
0.68	-8.208	-34.800	-79.4
0.69	-8.184	-25.367	-78.0
0.7	-8.159	-16.938	-76.1
0.71	-8.133	-10.205	-92.3
0.72	-8.107	-5.630	-72.2
0.73	-8.082	-3.473	-27.9
0.74	-8.058	-3.764	-4.8
0.75	-8.036	-6.009	20.4
0.76	-8.012	-9.450	10.4
0.77	-7.989	-13.500	-35.1
0.78	-7.964	-17.714	-59.0
0.79	-7.938	-21.797	-81.8
0.8	-7.910	-25.650	-115.3
0.81	-7.883	-29.184	-107.3
0.82	-7.856	-32.230	-59.2
0.83	-7.830	-34.656	-22.1
0.84	-7.801	-36.548	37.8
0.85	-7.768	-38.053	246.2
0.86	-7.736	-39.108	515.3
0.87	-7.706	-39.775	476.9
0.88	-7.678	-40.427	142.7
0.89	-7.652	-41.267	-62.2
0.9	-7.628	-42.228	-85.4
0.91	-7.601	-43.197	-106.3
0.92	-7.571	-44.050	-89.0
0.93	-7.542	-44.648	-48.8
0.94	-7.513	-44.720	-50.6
0.95	-7.484	-43.748	-54.5
0.96	-7.454	-41.097	-56.2
0.97	-7.426	-35.320	-52.9
0.98	-7.402	-22.292	-23.3
0.99	-7.383	2.794	6.2
1.0	-7.366	31.817	27.1
1.01	-7.349	47.894	53.7
1.02	-7.333	51.031	67.4
1.03	-7.317	51.130	87.7
1.04	-7.300	51.139	115.9
1.05	-7.282	51.139	112.7
1.06	-7.266	51.139	120.3
1.07	-7.249	51.131	131.9
1.08	-7.234	50.992	117.5
1.09	-7.219	47.827	94.2
1.1	-7.204	34.375	61.5
1.11	-7.188	10.613	19.6
1.12	-7.173	-13.753	-34.8
1.13	-7.160	-32.825	-90.1
1.14	-7.149	-45.081	-115.7
1.15	-7.136	-50.181	-111.8
1.16	-7.122	-51.108	-99.3
1.17	-7.107	-51.139	-105.0
1.18	-7.091	-51.141	-116.8
1.19	-7.072	-51.141	-99.8
1.2	-7.053	-51.141	-84.5
1.21	-7.035	-51.141	-104.9
1.22	-7.019	-51.141	-128.5
1.23	-6.999	-51.141	-117.5
1.24	-6.977	-51.141	-79.2
1.25	-6.953	-51.139	-72.7
1.26	-6.931	-51.108	-96.5
1.27	-6.908	-50.298	-84.9
1.28	-6.887	-46.514	-68.8
1.29	-6.865	-38.958	-88.1
1.3	-6.845	-29.834	-86.8
1.31	-6.826	-21.391	-61.3
1.32	-6.808	-14.680	-62.9
1.33	-6.788	-10.241	-93.4
1.34	-6.764	-8.236	-105.3
1.35	-6.741	-8.286	-64.8
1.36	-6.718	-9.892	-29.4
1.37	-6.696	-12.756	-5.0
1.38	-6.674	-16.503	25.8
1.39	-6.651	-20.539	2.7
1.4	-6.628	-24.342	-49.7
1.41	-6.604	-27.761	-85.7
1.42	-6.579	-30.706	-98.1
1.43	-6.557	-33.119	-96.8
1.44	-6.538	-35.277	-104.3
1.45	-6.519	-37.303	-78.3
1.46	-6.500	-38.942	-0.5
1.47	-6.479	-40.147	131.4
1.48	-6.458	-41.059	399.3
1.49	-6.440	-41.683	597.3
1.5	-6.424	-42.064	387.1
1.51	-6.407	-42.183	34.8
1.52	-6.389	-42.055	-91.8
1.53	-6.368	-41.978	-85.4
1.54	-6.344	-42.056	-85.8
1.55	-6.319	-42.161	-91.3
1.56	-6.299	-42.242	-81.5
1.57	-6.284	-41.930	-81.6
1.58	-6.269	-40.325	-71.4
1.59	-6.251	-35.603	-41.6
1.6	-6.231	-23.613	-27.4
1.61	-6.216	0.669	-19.1
1.62	-6.203	30.056	-12.2
1.63	-6.192	47.292	2.5
1.64	-6.183	50.994	46.9
1.65	-6.173	51.128	73.1
1.66	-6.163	51.139	81.2
1.67	-6.151	51.139	91.0
1.68	-6.141	51.139	94.3
1.69	-6.129	51.134	122.0
1.7	-6.117	51.102	121.9
1.71	-6.107	49.592	83.9
1.72	-6.096	40.370	61.4
1.73	-6.087	20.467	29.2
1.74	-6.080	-2.441	-18.8
1.75	-6.077	-21.384	-66.0
1.76	-6.077	-35.397	-107.3
1.77	-6.078	-44.697	-142.7
1.78	-6.077	-49.509	-137.1
1.79	-6.076	-50.981	-109.8
1.8	-6.076	-51.138	-108.0
1.81	-6.073	-51.141	-109.9
1.82	-6.069	-51.141	-96.7
1.83	-6.063	-51.141	-87.8
1.84	-6.058	-51.141	-106.6
1.85	-6.053	-51.141	-112.1
1.86	-6.051	-51.141	-93.3
1.87	-6.052	-51.141	-79.0
1.88	-6.053	-51.136	-86.2
1.89	-6.055	-50.964	-100.1
1.9	-6.057	-49.244	-83.1
1.91	-6.058	-44.113	-73.8
1.92	-6.059	-36.347	-78.8
1.93	-6.060	-28.338	-75.8
1.94	-6.061	-21.478	-78.6
1.95	-6.063	-16.369	-84.5
1.96	-6.064	-13.153	-86.9
1.97	-6.064	-11.716	-77.7
1.98	-6.066	-11.877	-67.4
1.99	-6.067	-13.495	-56.9
2.0	-6.069	-16.359	-47.7
2.01	-6.072	-19.873	-42.2
2.02	-6.076	-23.395	-12.2
2.03	-6.082	-26.753	23.6
2.04	-6.089	-29.923	23.4
2.05	-6.097	-32.697	-18.7
2.06	-6.104	-35.048	-68.7
2.07	-6.109	-37.159	-82.8
2.08	-6.113	-38.894	-83.2
2.09	-6.119	-39.978	-83.7
2.1	-6.126	-40.544	-62.3
2.11	-6.134	-40.923	-21.5
2.12	-6.138	-41.195	91.9
2.13	-6.139	-41.355	338.2
2.14	-6.141	-41.459	592.1
2.15	-6.149	-41.298	520.6
2.16	-6.163	-40.686	152.8
2.17	-6.179	-39.920	-77.2
2.18	-6.194	-39.402	-97.1
2.19	-6.201	-39.091	-83.4
2.2	-6.200	-38.763	-88.7
2.21	-6.193	-38.430	-90.8
2.22	-6.184	-37.900	-48.4
2.23	-6.173	-36.156	-38.8
2.24	-6.164	-31.158	-58.6
2.25	-6.162	-18.980	-31.9
2.26	-6.168	4.913	-3.1
2.27	-6.180	32.769	5.4
2.28	-6.198	48.133	12.6
2.29	-6.218	51.047	30.0
2.3	-6.237	51.130	62.6
2.31	-6.252	51.139	90.9
2.32	-6.263	51.139	116.8
2.33	-6.271	51.139	131.1
2.34	-6.277	51.136	121.2
2.35	-6.283	51.120	114.0
2.36	-6.289	50.038	110.8
2.37	-6.294	42.083	88.5
2.38	-6.299	23.084	36.1
2.39	-6.303	-0.147	-20.5
2.4	-6.309	-19.677	-54.6
2.41	-6.318	-33.925	-72.7
2.42	-6.330	-43.384	-96.4
2.43	-6.342	-48.719	-128.1
2.44	-6.353	-50.769	-125.5
2.45	-6.365	-51.128	-113.2
2.46	-6.374	-51.141	-118.0
2.47	-6.380	-51.141	-115.0
2.48	-6.384	-51.141	-107.0
2.49	-6.386	-51.141	-91.5
2.5	-6.390	-51.141	-93.2
2.51	-6.396	-51.141	-99.6
2.52	-6.403	-51.141	-84.3
2.53	-6.413	-51.136	-77.0
2.54	-6.422	-50.902	-73.8
2.55	-6.430	-48.842	-81.9
2.56	-6.438	-43.158	-94.3
2.57	-6.445	-35.058	-86.8
2.58	-6.451	-27.058	-94.9
2.59	-6.458	-20.394	-101.1
2.6	-6.464	-15.439	-68.2
2.61	-6.471	-12.200	-58.8
2.62	-6.476	-10.672	-80.6
2.63	-6.481	-10.744	-90.1
2.64	-6.485	-12.194	-69.8
2.65	-6.489	-14.670	-60.2
2.66	-6.496	-17.706	-71.3
2.67	-6.503	-21.194	-52.6
2.68	-6.513	-25.153	-20.6
2.69	-6.526	-29.088	19.6
2.7	-6.540	-32.570	27.1
2.71	-6.554	-35.587	-33.5
2.72	-6.566	-37.930	-72.8
2.73	-6.574	-39.478	-72.4
2.74	-6.579	-40.559	-79.4
2.75	-6.585	-41.414	-90.0
2.76	-6.594	-41.933	-78.8
2.77	-6.606	-41.980	-28.4
2.78	-6.616	-41.634	74.3
2.79	-6.622	-41.089	295.5
2.8	-6.628	-40.495	577.5
2.81	-6.638	-39.855	553.3
2.82	-6.654	-39.103	204.1
2.83	-6.675	-38.419	-25.5
2.84	-6.697	-38.108	-72.2
2.85	-6.716	-38.150	-97.1
2.86	-6.726	-38.208	-78.8
2.87	-6.732	-38.039	-53.9
2.88	-6.736	-37.380	-60.6
2.89	-6.737	-35.566	-63.2
2.9	-6.741	-31.339	-55.7
2.91	-6.749	-21.702	-39.6
2.92	-6.764	-1.498	-16.2
2.93	-6.788	26.242	4.5
2.94	-6.816	45.553	22.3
2.95	-6.847	50.855	44.8
2.96	-6.877	51.123	69.5
2.97	-6.906	51.139	79.2
2.98	-6.933	51.139	106.2
2.99	-6.958	51.139	141.9
3.0	-6.982	51.139	121.8
3.01	-7.006	51.120	105.4
3.02	-7.029	50.502	124.8
3.03	-7.051	44.411	104.2
3.04	-7.071	27.153	54.8
3.05	-7.090	3.553	1.8
3.06	-7.109	-17.345	-43.2
3.07	-7.131	-32.770	-75.8
3.08	-7.153	-43.169	-101.4
3.09	-7.176	-48.930	-103.3
3.1	-7.199	-50.891	-103.4
3.11	-7.220	-51.138	-117.7
3.12	-7.241	-51.141	-108.3
3.13	-7.258	-51.141	-91.6
3.14	-7.273	-51.141	-94.2
3.15	-7.285	-51.141	-104.6
3.16	-7.296	-51.141	-108.7
3.17	-7.308	-51.141	-94.8
3.18	-7.321	-51.141	-60.4
3.19	-7.333	-51.136	-37.1
3.2	-7.345	-51.016	-66.2
3.21	-7.356	-49.448	-106.9
3.22	-7.367	-44.188	-103.8
3.23	-7.377	-35.811	-84.6
3.24	-7.388	-27.048	-85.6
3.25	-7.397	-19.263	-69.4
3.26	-7.405	-12.988	-56.4
3.27	-7.412	-8.803	-75.7
3.28	-7.419	-6.989	-74.3
3.29	-7.427	-7.281	-56.7
3.3	-7.435	-9.270	-43.6
3.31	-7.442	-12.625	-54.0
3.32	-7.449	-16.789	-58.0
3.33	-7.456	-21.109	-19.5
3.34	-7.461	-25.284	29.3
3.35	-7.466	-29.138	38.0
3.36	-7.469	-32.422	-1.5
3.37	-7.471	-35.102	-53.9
3.38	-7.474	-37.241	-90.8
3.39	-7.478	-38.742	-102.5
3.4	-7.484	-39.667	-82.7
3.41	-7.490	-40.417	-45.3
3.42	-7.495	-41.184	-5.3
3.43	-7.498	-41.841	99.5
3.44	-7.500	-42.184	356.0
3.45	-7.505	-42.006	608.2
3.46	-7.511	-41.313	498.6
3.47	-7.516	-40.259	123.4
3.48	-7.517	-39.081	-78.3
3.49	-7.516	-38.191	-77.3
3.5	-7.515	-37.727	-63.1
3.51	-7.515	-37.438	-69.0
3.52	-7.519	-37.139	-61.5
3.53	-7.524	-36.650	-67.3
3.54	-7.527	-35.383	-69.6
3.55	-7.527	-32.308	-38.5
3.56	-7.528	-24.911	-8.8
3.57	-7.533	-7.764	6.6
3.58	-7.539	19.598	10.7
3.59	-7.544	42.405	27.4
3.6	-7.545	50.414	68.3
3.61	-7.546	51.106	86.2
3.62	-7.546	51.139	101.0
3.63	-7.548	51.139	117.1
3.64	-7.549	51.139	118.1
3.65	-7.551	51.139	140.3
3.66	-7.553	51.120	154.6
3.67	-7.555	50.277	130.7
3.68	-7.558	42.955	91.7
3.69	-7.561	23.622	50.7
3.7	-7.564	-1.395	9.6
3.71	-7.569	-22.642	-42.9
3.72	-7.576	-37.870	-84.2
3.73	-7.583	-46.975	-88.5
3.74	-7.587	-50.517	-95.8
3.75	-7.589	-51.120	-118.9
3.76	-7.592	-51.139	-128.4
3.77	-7.595	-51.141	-112.8
3.78	-7.598	-51.141	-83.7
3.79	-7.601	-51.141	-85.4
3.8	-7.604	-51.141	-103.1
3.81	-7.608	-51.141	-96.6
3.82	-7.614	-51.141	-83.3
3.83	-7.622	-51.139	-84.0
3.84	-7.629	-51.127	-91.8
3.85	-7.633	-50.617	-92.1
3.86	-7.636	-47.564	-82.6
3.87	-7.639	-40.616	-57.1
3.88	-7.642	-31.563	-51.8
3.89	-7.646	-22.691	-77.9
3.9	-7.649	-15.155	-80.9
3.91	-7.652	-9.503	-70.2
3.92	-7.657	-5.972	-64.8
3.93	-7.661	-4.737	-66.0
3.94	-7.666	-5.689	-63.3
3.95	-7.672	-8.364	-28.1
3.96	-7.676	-12.217	24.8
3.97	-7.678	-16.673	24.8
3.98	-7.678	-21.289	-31.8
3.99	-7.677	-25.816	-73.8
4.0	-7.677	-29.881	-72.5
4.01	-7.679	-33.192	-67.1
4.02	-7.683	-35.817	-83.5
4.03	-7.691	-37.944	-81.8
4.04	-7.698	-39.588	-28.6
4.05	-7.701	-40.734	61.8
4.06	-7.697	-41.466	245.3
4.07	-7.692	-41.813	502.9
4.08	-7.686	-41.795	509.2
4.09	-7.681	-41.522	197.9
4.1	-7.678	-41.169	-35.3
4.11	-7.674	-40.923	-88.5
4.12	-7.666	-40.858	-78.1
4.13	-7.649	-40.956	-66.3
4.14	-7.628	-41.028	-76.6
4.15	-7.607	-40.666	-65.2
4.16	-7.584	-39.363	-52.4
4.17	-7.556	-36.428	-41.3
4.18	-7.529	-30.091	-27.9
4.19	-7.508	-15.842	-36.8
4.2	-7.494	9.916	-22.9
4.21	-7.484	36.561	25.3
4.22	-7.476	49.225	49.6
4.23	-7.464	51.106	69.0
4.24	-7.449	51.134	95.3
4.25	-7.431	51.139	100.2
4.26	-7.413	51.139	115.0
4.27	-7.395	51.139	125.8
4.28	-7.379	51.119	129.3
4.29	-7.365	50.716	111.7
4.3	-7.353	45.464	60.8
4.31	-7.341	28.731	25.2
4.32	-7.329	4.395	-8.1
4.33	-7.319	-17.556	-48.3
4.34	-7.311	-33.566	-73.2
4.35	-7.307	-43.983	-106.7
4.36	-7.303	-49.336	-128.0
4.37	-7.298	-50.966	-125.8
4.38	-7.294	-51.138	-113.9
4.39	-7.289	-51.141	-106.4
4.4	-7.282	-51.141	-121.8
4.41	-7.274	-51.141	-122.0
4.42	-7.265	-51.141	-102.2
4.43	-7.257	-51.141	-100.5
4.44	-7.251	-51.141	-103.2
4.45	-7.248	-51.141	-91.1
4.46	-7.246	-51.134	-86.1
4.47	-7.244	-50.994	-85.4
4.48	-7.242	-49.294	-86.3
4.49	-7.239	-43.845	-88.2
4.5	-7.237	-35.337	-97.2
4.51	-7.236	-26.378	-102.7
4.52	-7.234	-18.422	-73.7
4.53	-7.234	-12.288	-69.3
4.54	-7.234	-8.537	-66.5
4.55	-7.233	-7.205	-52.3
4.56	-7.233	-7.975	-57.5
4.57	-7.233	-10.403	-46.7
4.58	-7.234	-14.067	-32.0
4.59	-7.234	-18.523	-12.3
4.6	-7.234	-23.142	-5.6
4.61	-7.234	-27.480	-43.6
4.62	-7.234	-31.356	-75.4
4.63	-7.236	-34.503	-83.9
4.64	-7.238	-36.769	-90.3
4.65	-7.241	-38.316	-98.1
4.66	-7.244	-39.342	-69.9
4.67	-7.246	-40.075	-19.9
4.68	-7.244	-40.831	54.8
4.69	-7.242	-41.659	301.1
4.7	-7.242	-42.216	580.8
4.71	-7.246	-42.172	483.0
4.72	-7.251	-41.688	122.4
4.73	-7.255	-41.272	-76.1
4.74	-7.256	-41.220	-93.9
4.75	-7.253	-41.322	-96.3
4.76	-7.251	-41.303	-103.3
4.77	-7.252	-41.100	-83.3
4.78	-7.256	-40.334	-60.3
4.79	-7.258	-38.336	-50.8
4.8	-7.258	-33.828	-57.2
4.81	-7.257	-23.247	-56.8
4.82	-7.258	-1.163	-30.6
4.83	-7.261	27.655	-19.4
4.84	-7.264	46.298	1.3
4.85	-7.268	50.923	38.5
4.86	-7.271	51.128	60.4
4.87	-7.273	51.139	81.9
4.88	-7.274	51.139	103.6
4.89	-7.274	51.139	110.4
4.9	-7.274	51.134	124.3
4.91	-7.273	51.111	126.3
4.92	-7.274	49.728	94.8
4.93	-7.278	40.869	66.5
4.94	-7.283	21.416	31.7
4.95	-7.288	-0.922	-24.8
4.96	-7.293	-18.958	-74.1
4.97	-7.298	-31.938	-98.9
4.98	-7.302	-40.845	-107.4
4.99	-7.304	-46.711	-114.3
5.0	-7.305	-49.933	-113.1
5.01	-7.306	-51.009	-119.9
5.02	-7.306	-51.138	-130.7
5.03	-7.306	-51.141	-123.0
5.04	-7.306	-51.141	-102.9
5.05	-7.307	-51.141	-108.3
5.06	-7.313	-51.141	-119.8
5.07	-7.320	-51.141	-95.3
5.08	-7.326	-51.141	-89.1
5.09	-7.330	-51.134	-98.5
5.1	-7.333	-50.986	-88.8
5.11	-7.336	-49.255	-94.4
5.12	-7.336	-43.778	-89.6
5.13	-7.337	-35.405	-85.1
5.14	-7.337	-26.927	-84.6
5.15	-7.337	-19.772	-71.0
5.16	-7.338	-14.502	-77.9
5.17	-7.339	-11.327	-98.2
5.18	-7.340	-10.252	-99.7
5.19	-7.343	-11.183	-66.3
5.2	-7.346	-13.839	-61.6
5.21	-7.351	-17.672	-87.0
5.22	-7.359	-21.945	-61.3
5.23	-7.366	-26.056	-24.0
5.24	-7.372	-29.717	-1.1
5.25	-7.376	-32.980	18.0
5.26	-7.380	-35.856	6.3
5.27	-7.383	-38.173	-34.3
5.28	-7.383	-39.936	-85.3
5.29	-7.383	-41.270	-119.5
5.3	-7.383	-42.236	-99.7
5.31	-7.385	-42.908	-71.1
5.32	-7.389	-43.336	-43.3
5.33	-7.391	-43.470	13.5
5.34	-7.389	-43.241	131.6
5.35	-7.384	-42.686	394.2
5.36	-7.383	-41.881	615.0
5.37	-7.388	-40.936	452.1
5.38	-7.394	-40.055	82.2
5.39	-7.402	-39.409	-93.4
5.4	-7.406	-39.133	-88.8
5.41	-7.403	-39.177	-64.2
5.42	-7.396	-39.166	-54.8
5.43	-7.390	-38.642	-74.5
5.44	-7.386	-37.108	-87.6
5.45	-7.393	-33.750	-69.7
5.46	-7.411	-26.639	-50.0
5.47	-7.424	-11.061	-21.8
5.48	-7.426	15.319	-0.7
5.49	-7.429	39.863	-1.2
5.5	-7.433	49.931	11.2
5.51	-7.437	51.109	46.9
5.52	-7.441	51.139	83.7
5.53	-7.444	51.139	92.1
5.54	-7.446	51.139	97.0
5.55	-7.447	51.139	116.7
5.56	-7.448	51.131	114.4
5.57	-7.449	51.002	98.4
5.58	-7.448	48.164	101.6
5.59	-7.447	36.495	92.7
5.6	-7.446	16.478	42.0
5.61	-7.444	-3.592	-22.7
5.62	-7.444	-19.388	-59.6
5.63	-7.448	-30.958	-81.2
5.64	-7.454	-39.048	-114.8
5.65	-7.462	-44.889	-146.5
5.66	-7.469	-48.925	-122.9
5.67	-7.475	-50.778	-90.9
5.68	-7.479	-51.128	-115.7
5.69	-7.480	-51.139	-120.3
5.7	-7.478	-51.141	-90.4
5.71	-7.474	-51.141	-100.8
5.72	-7.471	-51.141	-120.5
5.73	-7.470	-51.141	-98.3
5.74	-7.471	-51.141	-68.3
5.75	-7.474	-51.134	-87.8
5.76	-7.477	-50.855	-111.3
5.77	-7.480	-48.525	-81.9
5.78	-7.482	-42.219	-47.3
5.79	-7.486	-33.377	-66.1
5.8	-7.489	-24.959	-110.9
5.81	-7.493	-18.423	-111.2
5.82	-7.497	-14.280	-95.0
5.83	-7.499	-12.420	-95.7
5.84	-7.501	-12.331	-80.9
5.85	-7.501	-13.656	-63.9
5.86	-7.500	-16.139	-51.2
5.87	-7.499	-19.384	-54.5
5.88	-7.500	-22.892	-87.2
5.89	-7.502	-26.259	-107.3
5.9	-7.505	-29.344	-88.2
5.91	-7.509	-32.106	-50.3
5.92	-7.514	-34.616	-18.4
5.93	-7.521	-37.053	-14.4
5.94	-7.529	-39.359	9.3
5.95	-7.538	-41.283	21.3
5.96	-7.546	-42.686	-19.6
5.97	-7.550	-43.598	-40.3
5.98	-7.551	-44.036	-63.5
5.99	-7.549	-43.888	-88.0
6.0	-7.549	-43.213	-76.7
6.01	-7.553	-42.373	-61.5
6.02	-7.559	-41.500	-17.9
6.03	-7.563	-40.538	83.0
6.04	-7.562	-39.561	316.5
6.05	-7.561	-38.558	606.3
6.06	-7.566	-37.533	571.4
6.07	-7.578	-36.722	205.4
6.08	-7.593	-36.167	-44.8
6.09	-7.606	-35.669	-91.6
6.1	-7.614	-35.139	-91.0
6.11	-7.610	-34.608	-85.7
6.12	-7.599	-34.134	-71.7
6.13	-7.583	-33.330	-57.6
6.14	-7.563	-31.214	-54.5
6.15	-7.542	-26.094	-36.0
6.16	-7.527	-13.959	-32.6
6.17	-7.519	9.525	-29.8
6.18	-7.518	35.605	6.2
6.19	-7.521	48.914	27.8
6.2	-7.526	51.094	42.4
6.21	-7.532	51.133	67.5
6.22	-7.539	51.139	92.4
6.23	-7.546	51.139	110.1
6.24	-7.554	51.139	125.4
6.25	-7.564	51.136	138.7
6.26	-7.575	51.120	137.3
6.27	-7.588	49.986	110.6
6.28	-7.601	42.067	94.8
6.29	-7.614	23.872	75.1
6.3	-7.628	2.430	20.2
6.31	-7.644	-15.086	-41.3
6.32	-7.665	-27.992	-79.8
6.33	-7.691	-37.306	-92.9
6.34	-7.718	-44.033	-101.4
6.35	-7.745	-48.542	-117.9
6.36	-7.769	-50.659	-126.7
6.37	-7.791	-51.120	-115.2
6.38	-7.808	-51.139	-93.8
6.39	-7.822	-51.141	-88.3
6.4	-7.834	-51.141	-86.3
6.41	-7.848	-51.141	-89.4
6.42	-7.862	-51.141	-78.6
6.43	-7.879	-51.141	-63.4
6.44	-7.898	-51.138	-80.6
6.45	-7.918	-51.078	-89.8
6.46	-7.935	-49.922	-77.9
6.47	-7.950	-45.461	-59.5
6.48	-7.963	-37.748	-60.4
6.49	-7.974	-29.414	-76.5
6.5	-7.986	-22.211	-67.8
6.51	-7.996	-16.673	-55.5
6.52	-8.007	-13.033	-59.2
6.53	-8.018	-11.336	-75.7
6.54	-8.027	-11.544	-75.2
6.55	-8.037	-13.542	-58.1
6.56	-8.048	-16.791	-64.6
6.57	-8.060	-20.538	-77.6
6.58	-8.071	-24.347	-63.5
6.59	-8.083	-27.975	-46.7
6.6	-8.095	-31.297	-35.7
6.61	-8.106	-34.447	-26.8
6.62	-8.117	-37.428	-32.2
6.63	-8.126	-39.969	-16.2
6.64	-8.134	-41.938	22.8
6.65	-8.141	-43.391	27.5
6.66	-8.147	-44.278	-3.2
6.67	-8.151	-44.583	-36.9
6.68	-8.154	-44.400	-67.5
6.69	-8.158	-43.781	-74.1
6.7	-8.164	-42.783	-57.5
6.71	-8.171	-41.591	-45.2
6.72	-8.176	-40.538	-9.7
6.73	-8.178	-39.783	90.7
6.74	-8.178	-39.117	344.0
6.75	-8.181	-38.194	626.0
6.76	-8.186	-36.856	550.2
6.77	-8.189	-35.286	172.4
6.78	-8.189	-33.894	-42.3
6.79	-8.189	-32.995	-49.3
6.8	-8.188	-32.502	-51.8
6.81	-8.186	-32.211	-83.2
6.82	-8.188	-32.080	-83.9
6.83	-8.189	-31.791	-40.3
6.84	-8.191	-30.652	-29.1
6.85	-8.191	-27.556	-33.3
6.86	-8.193	-19.497	-9.4
6.87	-8.197	-0.830	16.1
6.88	-8.199	26.147	29.6
6.89	-8.199	45.439	33.0
6.9	-8.196	50.844	58.2
6.91	-8.193	51.123	75.7
6.92	-8.191	51.139	80.6
6.93	-8.190	51.139	114.8
6.94	-8.190	51.139	155.6
6.95	-8.190	51.139	174.7
6.96	-8.191	51.120	158.9
6.97	-8.191	50.302	130.7
6.98	-8.193	43.206	113.3
6.99	-8.194	24.503	71.1
7.0	-8.194	0.258	-2.1
7.01	-8.196	-20.423	-56.5
7.02	-8.199	-35.238	-80.7
7.03	-8.203	-44.627	-97.4
7.04	-8.203	-49.406	-99.6
7.05	-8.199	-50.947	-105.3
7.06	-8.197	-51.138	-112.5
7.07	-8.198	-51.141	-112.6
7.08	-8.199	-51.141	-106.1
7.09	-8.199	-51.141	-84.4
7.1	-8.199	-51.141	-77.5
7.11	-8.199	-51.141	-97.4
7.12	-8.202	-51.141	-93.8
7.13	-8.205	-51.141	-95.4
7.14	-8.208	-51.134	-106.0
7.15	-8.209	-51.000	-71.8
7.16	-8.209	-49.331	-57.4
7.17	-8.207	-43.850	-83.6
7.18	-8.206	-35.014	-76.4
7.19	-8.206	-25.519	-58.3
7.2	-8.206	-17.197	-56.0
7.21	-8.206	-10.892	-73.0
7.22	-8.207	-7.091	-92.3
7.23	-8.207	-5.886	-87.2
7.24	-8.208	-6.770	-73.3
7.25	-8.209	-9.155	-56.7
7.26	-8.210	-12.714	-38.9
7.27	-8.212	-17.122	-24.3
7.28	-8.214	-21.838	-23.4
7.29	-8.216	-26.413	-12.4
7.3	-8.216	-30.686	28.8
7.31	-8.213	-34.500	15.9
7.32	-8.211	-37.534	-44.2
7.33	-8.208	-39.644	-75.6
7.34	-8.207	-41.017	-72.3
7.35	-8.209	-41.859	-64.3
7.36	-8.215	-42.294	-58.2
7.37	-8.222	-42.514	-53.4
7.38	-8.226	-42.727	-28.6
7.39	-8.225	-42.828	103.9
7.4	-8.221	-42.600	391.1
7.41	-8.216	-42.033	614.6
7.42	-8.214	-41.077	457.3
7.43	-8.211	-39.789	100.8
7.44	-8.207	-38.552	-62.5
7.45	-8.204	-37.653	-78.8
7.46	-8.197	-37.052	-77.3
7.47	-8.185	-36.602	-83.4
7.48	-8.172	-36.242	-80.0
7.49	-8.158	-35.716	-50.1
7.5	-8.137	-34.475	-46.7
7.51	-8.112	-31.738	-45.3
7.52	-8.087	-25.022	-19.3
7.53	-8.067	-8.631	1.3
7.54	-8.052	18.553	7.2
7.55	-8.041	41.883	18.2
7.56	-8.030	50.330	58.4
7.57	-8.018	51.106	88.9
7.58	-8.003	51.139	96.8
7.59	-7.986	51.139	103.5
7.6	-7.968	51.139	117.2
7.61	-7.949	51.139	140.7
7.62	-7.932	51.120	155.4
7.63	-7.916	50.391	134.4
7.64	-7.901	43.519	87.1
7.65	-7.886	24.602	32.6
7.66	-7.873	-0.542	-14.6
7.67	-7.861	-22.113	-54.2
7.68	-7.851	-37.436	-90.4
7.69	-7.845	-46.613	-106.0
7.7	-7.839	-50.372	-106.4
7.71	-7.831	-51.109	-118.4
7.72	-7.822	-51.139	-129.0
7.73	-7.813	-51.141	-119.0
7.74	-7.802	-51.141	-98.1
7.75	-7.789	-51.141	-86.9
7.76	-7.776	-51.141	-98.0
7.77	-7.763	-51.141	-104.9
7.78	-7.753	-51.141	-91.9
7.79	-7.746	-51.141	-84.8
7.8	-7.740	-51.136	-85.5
7.81	-7.735	-51.056	-90.1
7.82	-7.730	-49.678	-87.9
7.83	-7.724	-44.675	-63.0
7.84	-7.719	-36.420	-50.1
7.85	-7.713	-27.739	-78.4
7.86	-7.708	-20.120	-92.7
7.87	-7.702	-14.064	-78.3
7.88	-7.696	-10.134	-69.8
7.89	-7.691	-8.488	-76.8
7.9	-7.686	-8.784	-73.9
7.91	-7.682	-10.706	-41.7
7.92	-7.678	-14.072	-16.4
7.93	-7.676	-18.423	-36.5
7.94	-7.673	-23.109	-29.4
7.95	-7.671	-27.708	10.3
7.96	-7.668	-31.967	0.8
7.97	-7.664	-35.580	-34.1
7.98	-7.659	-38.283	-62.4
7.99	-7.654	-40.192	-89.1
8.0	-7.652	-41.548	-90.2
8.01	-7.652	-42.381	-71.4
8.02	-7.652	-42.873	-55.2
8.03	-7.652	-43.267	-20.0
8.04	-7.648	-43.506	112.5
8.05	-7.643	-43.530	387.6
8.06	-7.641	-43.358	602.8
8.07	-7.641	-42.920	432.5
8.08	-7.641	-42.250	76.2
8.09	-7.640	-41.591	-68.8
8.1	-7.637	-41.086	-69.5
8.11	-7.631	-40.598	-79.4
8.12	-7.625	-40.045	-89.8
8.13	-7.624	-39.575	-86.2
8.14	-7.624	-38.981	-65.3
8.15	-7.622	-37.286	-50.0
8.16	-7.619	-32.872	-52.8
8.17	-7.617	-22.342	-43.3
8.18	-7.616	-0.456	-9.3
8.19	-7.617	28.042	14.6
8.2	-7.619	46.408	14.3
8.21	-7.619	50.930	14.5
8.22	-7.619	51.128	53.4
8.23	-7.617	51.139	101.2
8.24	-7.615	51.139	117.0
8.25	-7.613	51.139	132.2
8.26	-7.612	51.136	144.1
8.27	-7.612	51.119	135.2
8.28	-7.612	49.906	121.8
8.29	-7.614	41.428	82.3
8.3	-7.614	21.809	14.2
8.31	-7.615	-1.523	-35.9
8.32	-7.616	-20.511	-51.7
8.33	-7.620	-33.986	-84.1
8.34	-7.624	-42.997	-122.3
8.35	-7.628	-48.347	-116.9
8.36	-7.630	-50.625	-113.2
8.37	-7.631	-51.116	-136.6
8.38	-7.631	-51.139	-114.2
8.39	-7.630	-51.141	-85.6
8.4	-7.626	-51.141	-114.6
8.41	-7.623	-51.141	-131.5
8.42	-7.621	-51.141	-109.4
8.43	-7.622	-51.141	-102.2
8.44	-7.626	-51.141	-108.7
8.45	-7.631	-51.139	-101.7
8.46	-7.638	-51.131	-75.1
8.47	-7.642	-50.672	-68.0
8.48	-7.644	-47.706	-98.4
8.49	-7.645	-40.925	-106.9
8.5	-7.646	-32.389	-83.7
8.51	-7.646	-24.400	-80.5
8.52	-7.646	-17.925	-102.4
8.53	-7.646	-13.645	-110.3
8.54	-7.646	-11.598	-91.9
8.55	-7.644	-11.381	-70.6
8.56	-7.643	-12.828	-65.6
8.57	-7.643	-15.664	-77.7
8.58	-7.643	-19.148	-84.7
8.59	-7.643	-22.497	-82.9
8.6	-7.644	-25.722	-76.9
8.61	-7.646	-29.309	-78.5
8.62	-7.649	-32.953	-63.9
8.63	-7.652	-36.159	-42.1
8.64	-7.657	-39.055	-14.5
8.65	-7.662	-41.617	18.5
8.66	-7.667	-43.563	15.8
8.67	-7.669	-44.902	-25.2
8.68	-7.669	-45.638	-69.3
8.69	-7.666	-45.720	-87.1
8.7	-7.664	-45.397	-103.5
8.71	-7.666	-44.828	-105.2
8.72	-7.669	-43.928	-64.3
8.73	-7.673	-42.723	-14.3
8.74	-7.674	-41.430	90.0
8.75	-7.673	-40.145	346.6
8.76	-7.674	-38.850	605.7
8.77	-7.681	-37.619	509.6
8.78	-7.689	-36.602	157.8
8.79	-7.696	-35.919	-51.7
8.8	-7.697	-35.650	-90.8
8.81	-7.692	-35.631	-99.6
8.82	-7.681	-35.555	-96.3
8.83	-7.670	-35.216	-73.8
8.84	-7.660	-34.313	-61.3
8.85	-7.656	-32.244	-75.0
8.86	-7.664	-27.431	-58.0
8.87	-7.682	-15.820	-25.8
8.88	-7.695	7.295	-15.3
8.89	-7.699	34.023	-6.5
8.9	-7.701	48.445	8.0
8.91	-7.703	51.064	37.0
8.92	-7.704	51.130	66.9
8.93	-7.704	51.139	81.3
8.94	-7.703	51.139	96.0
8.95	-7.702	51.139	124.9
8.96	-7.700	51.139	137.6
8.97	-7.699	51.122	131.2
8.98	-7.697	50.377	117.7
8.99	-7.696	43.734	89.5
9.0	-7.693	25.973	51.8
9.01	-7.691	2.759	-5.0
9.02	-7.689	-17.111	-50.1
9.03	-7.691	-31.486	-76.6
9.04	-7.694	-41.097	-91.8
9.05	-7.699	-47.025	-97.2
9.06	-7.703	-50.059	-128.0
9.07	-7.706	-51.028	-144.1
9.08	-7.709	-51.139	-120.7
9.09	-7.709	-51.141	-112.2
9.1	-7.707	-51.141	-98.9
9.11	-7.703	-51.141	-81.7
9.12	-7.698	-51.141	-88.4
9.13	-7.696	-51.141	-116.6
9.14	-7.698	-51.141	-123.3
9.15	-7.701	-51.139	-92.4
9.16	-7.705	-51.128	-81.7
9.17	-7.708	-50.639	-87.5
9.18	-7.709	-47.681	-76.3
9.19	-7.710	-41.097	-74.2
9.2	-7.711	-32.930	-76.3
9.21	-7.711	-25.366	-80.1
9.22	-7.713	-19.205	-88.6
9.23	-7.714	-14.855	-83.5
9.24	-7.715	-12.433	-76.2
9.25	-7.714	-11.838	-83.8
9.26	-7.713	-12.731	-79.1
9.27	-7.711	-14.641	-70.0
9.28	-7.711	-17.277	-73.1
9.29	-7.711	-20.564	-82.6
9.3	-7.711	-24.289	-86.5
9.31	-7.713	-28.158	-75.5
9.32	-7.716	-32.002	-66.9
9.33	-7.719	-35.600	-60.8
9.34	-7.721	-38.753	-45.4
9.35	-7.723	-41.328	-35.4
9.36	-7.726	-43.169	-15.1
9.37	-7.731	-44.352	9.0
9.38	-7.737	-45.109	22.1
9.39	-7.743	-45.469	11.9
9.4	-7.746	-45.433	-31.4
9.41	-7.746	-45.177	-70.7
9.42	-7.743	-44.748	-77.8
9.43	-7.741	-44.028	-72.6
9.44	-7.742	-43.048	-67.6
9.45	-7.745	-41.930	-29.1
9.46	-7.746	-40.623	47.1
9.47	-7.743	-39.180	212.7
9.48	-7.739	-37.923	508.1
9.49	-7.740	-36.888	624.7
9.5	-7.748	-35.761	339.6
9.51	-7.759	-34.541	14.5
9.52	-7.769	-33.516	-84.0
9.53	-7.775	-32.808	-85.3
9.54	-7.772	-32.309	-82.9
9.55	-7.761	-31.948	-87.5
9.56	-7.746	-31.723	-72.9
9.57	-7.729	-31.189	-62.2
9.58	-7.713	-28.952	-46.4
9.59	-7.701	-22.195	-22.5
9.6	-7.696	-5.789	-23.1
9.61	-7.699	20.689	-14.6
9.62	-7.712	42.803	8.9
9.63	-7.728	50.478	21.7
9.64	-7.739	51.108	40.0
9.65	-7.746	51.139	74.1
9.66	-7.749	51.139	110.9
9.67	-7.753	51.139	119.4
9.68	-7.758	51.139	121.8
9.69	-7.762	51.133	140.4
9.7	-7.768	51.069	131.6
9.71	-7.774	49.042	99.7
9.72	-7.782	38.458	61.9
9.73	-7.791	17.478	12.4
9.74	-7.803	-5.375	-29.1
9.75	-7.821	-23.647	-64.7
9.76	-7.845	-36.775	-79.0
9.77	-7.874	-45.278	-90.0
9.78	-7.903	-49.644	-119.0
9.79	-7.931	-50.989	-134.2
9.8	-7.958	-51.139	-130.5
9.81	-7.981	-51.141	-112.9
9.82	-8.000	-51.141	-96.3
9.83	-8.016	-51.141	-99.5
9.84	-8.029	-51.141	-97.5
9.85	-8.043	-51.141	-90.8
9.86	-8.058	-51.141	-87.3
9.87	-8.075	-51.141	-82.6
9.88	-8.093	-51.136	-82.4
9.89	-8.111	-51.052	-97.2
9.9	-8.129	-49.783	-88.9
9.91	-8.145	-45.348	-69.7
9.92	-8.161	-38.072	-63.8
9.93	-8.175	-30.213	-63.4
9.94	-8.188	-23.011	-76.6
9.95	-8.200	-17.025	-89.4
9.96	-8.211	-12.880	-88.7
9.97	-8.221	-10.805	-84.2
9.98	-8.231	-10.513	-85.3
9.99	-8.240	-11.738	-77.3
10.0	-8.249	-14.236	-59.6
10.01	-8.259	-17.552	-62.2
10.02	-8.268	-21.294	-77.5
10.03	-8.276	-25.244	-77.4
10.04	-8.283	-29.088	-60.4
10.05	-8.290	-32.452	-51.8
10.06	-8.297	-35.080	-54.9
10.07	-8.303	-37.084	-41.1
10.08	-8.310	-39.025	-5.7
10.09	-8.317	-41.111	18.8
10.1	-8.323	-42.834	22.9
10.11	-8.327	-43.730	-5.9
10.12	-8.329	-43.798	-48.2
10.13	-8.331	-43.353	-65.8
10.14	-8.332	-42.713	-76.6
10.15	-8.334	-41.945	-79.3
10.16	-8.339	-41.111	-53.5
10.17	-8.342	-40.309	-9.7
10.18	-8.344	-39.369	67.1
10.19	-8.342	-38.145	256.6
10.2	-8.343	-36.753	543.3
10.21	-8.346	-35.263	584.7
10.22	-8.346	-33.712	276.8
10.23	-8.345	-32.428	1.8
10.24	-8.342	-31.753	-83.1
10.25	-8.339	-31.606	-81.5
10.26	-8.337	-31.664	-67.0
10.27	-8.336	-31.725	-66.4
10.28	-8.338	-31.531	-53.8
10.29	-8.338	-30.766	-41.6
10.3	-8.336	-28.858	-29.9
10.31	-8.334	-23.744	-18.1
10.32	-8.334	-10.766	0.4
10.33	-8.335	13.442	20.7
10.34	-8.334	38.206	34.7
10.35	-8.331	49.539	44.8
10.36	-8.330	51.105	65.7
10.37	-8.330	51.136	103.9
10.38	-8.331	51.139	125.1
10.39	-8.329	51.139	143.7
10.4	-8.328	51.139	168.4
10.41	-8.326	51.133	161.9
10.42	-8.323	51.080	139.5
10.43	-8.321	49.147	115.6
10.44	-8.321	38.375	76.9
10.45	-8.320	16.272	16.4
10.46	-8.321	-8.352	-42.3
10.47	-8.322	-28.272	-72.1
10.48	-8.326	-42.064	-65.3
10.49	-8.329	-49.088	-78.2
10.5	-8.330	-50.989	-107.4
10.51	-8.328	-51.136	-112.9
10.52	-8.325	-51.141	-115.3
10.53	-8.322	-51.141	-98.0
10.54	-8.320	-51.141	-84.1
10.55	-8.318	-51.141	-102.1
10.56	-8.316	-51.141	-103.1
10.57	-8.318	-51.141	-86.8
10.58	-8.320	-51.141	-88.8
10.59	-8.324	-51.139	-105.3
10.6	-8.326	-51.136	-104.0
10.61	-8.327	-50.786	-72.3
10.62	-8.326	-48.216	-44.6
10.63	-8.325	-41.720	-57.6
10.64	-8.325	-32.778	-69.2
10.65	-8.326	-23.844	-63.3
10.66	-8.328	-16.177	-76.0
10.67	-8.328	-10.617	-88.8
10.68	-8.328	-7.375	-71.8
10.69	-8.329	-6.098	-47.2
10.7	-8.329	-6.661	-47.3
10.71	-8.330	-8.866	-69.6
10.72	-8.332	-12.339	-62.2
10.73	-8.334	-16.664	-26.8
10.74	-8.336	-21.239	-8.2
10.75	-8.336	-25.698	3.8
10.76	-8.336	-29.936	24.5
10.77	-8.336	-33.820	7.1
10.78	-8.334	-36.966	-33.1
10.79	-8.331	-39.033	-56.9
10.8	-8.329	-40.272	-64.2
10.81	-8.329	-41.106	-57.6
10.82	-8.334	-41.673	-51.3
10.83	-8.341	-42.008	-46.2
10.84	-8.344	-41.995	-7.8
10.85	-8.341	-41.473	137.7
10.86	-8.334	-40.734	418.1
10.87	-8.331	-40.222	605.0
10.88	-8.328	-39.902	420.1
10.89	-8.325	-39.497	80.8
10.9	-8.321	-38.986	-60.8
10.91	-8.318	-38.441	-72.6
10.92	-8.308	-37.837	-61.8
10.93	-8.296	-37.109	-50.9
10.94	-8.285	-36.152	-55.5
10.95	-8.275	-34.939	-51.8
10.96	-8.259	-33.302	-53.7
10.97	-8.236	-30.403	-55.8
10.98	-8.214	-23.794	-24.9
10.99	-8.196	-8.080	11.0
11.0	-8.184	18.270	32.0
11.01	-8.174	41.486	45.9
11.02	-8.164	50.233	68.2
11.03	-8.151	51.106	96.3
11.04	-8.136	51.139	105.0
11.05	-8.117	51.139	107.3
11.06	-8.098	51.139	133.8
11.07	-8.078	51.139	151.8
11.08	-8.059	51.127	142.7
11.09	-8.039	50.888	115.5
11.1	-8.020	46.620	88.1
11.11	-8.000	31.206	60.8
11.12	-7.979	6.783	6.3
11.13	-7.959	-16.719	-48.1
11.14	-7.943	-34.561	-74.9
11.15	-7.931	-45.708	-95.0
11.16	-7.919	-50.273	-113.3
11.17	-7.906	-51.111	-127.1
11.18	-7.893	-51.139	-123.1
11.19	-7.880	-51.141	-108.5
11.2	-7.867	-51.141	-92.9
11.21	-7.852	-51.141	-93.9
11.22	-7.836	-51.141	-96.0
11.23	-7.821	-51.141	-89.1
11.24	-7.809	-51.141	-96.9
11.25	-7.798	-51.141	-92.4
11.26	-7.790	-51.136	-87.8
11.27	-7.782	-51.031	-92.0
11.28	-7.773	-49.556	-69.5
11.29	-7.765	-44.472	-59.1
11.3	-7.756	-36.192	-65.5
11.31	-7.749	-27.356	-79.7
11.32	-7.743	-19.530	-93.5
11.33	-7.739	-13.311	-86.7
11.34	-7.734	-9.075	-67.2
11.35	-7.730	-7.027	-51.4
11.36	-7.726	-7.142	-41.4
11.37	-7.721	-9.178	-46.0
11.38	-7.717	-12.608	-32.7
11.39	-7.711	-16.695	7.6
11.4	-7.706	-20.888	9.8
11.41	-7.701	-24.981	-34.0
11.42	-7.697	-28.811	-62.6
11.43	-7.696	-31.989	-69.9
11.44	-7.695	-34.434	-77.8
11.45	-7.696	-36.563	-72.8
11.46	-7.696	-38.581	-69.8
11.47	-7.697	-40.423	-51.4
11.48	-7.696	-41.922	44.7
11.49	-7.692	-42.792	272.9
11.5	-7.691	-43.025	556.0
11.51	-7.693	-42.838	538.2
11.52	-7.696	-42.369	199.6
11.53	-7.696	-41.795	-41.3
11.54	-7.693	-41.495	-91.0
11.55	-7.688	-41.639	-107.7
11.56	-7.682	-41.805	-95.0
11.57	-7.680	-41.592	-76.3
11.58	-7.681	-41.005	-71.6
11.59	-7.681	-39.864	-50.0
11.6	-7.679	-37.244	-50.0
11.61	-7.678	-31.061	-53.1
11.62	-7.680	-16.813	-17.3
11.63	-7.683	9.209	14.8
11.64	-7.686	36.300	24.2
11.65	-7.688	49.195	22.7
11.66	-7.689	51.106	40.5
11.67	-7.689	51.134	84.2
11.68	-7.688	51.139	105.8
11.69	-7.688	51.139	108.3
11.7	-7.688	51.139	137.9
11.71	-7.688	51.131	143.8
11.72	-7.688	50.984	116.2
11.73	-7.690	47.858	92.9
11.74	-7.693	35.136	48.2
11.75	-7.696	13.269	-23.6
11.76	-7.696	-8.789	-70.7
11.77	-7.697	-25.880	-102.8
11.78	-7.700	-37.723	-120.6
11.79	-7.702	-45.123	-104.9
11.8	-7.703	-49.167	-112.7
11.81	-7.701	-50.797	-138.0
11.82	-7.700	-51.127	-130.4
11.83	-7.697	-51.141	-129.6
11.84	-7.694	-51.141	-130.3
11.85	-7.690	-51.141	-107.6
11.86	-7.689	-51.141	-97.8
11.87	-7.692	-51.141	-104.2
11.88	-7.700	-51.141	-103.8
11.89	-7.708	-51.141	-109.6
11.9	-7.711	-51.136	-105.3
11.91	-7.712	-50.844	-84.4
11.92	-7.713	-48.648	-70.3
11.93	-7.713	-43.123	-76.5
11.94	-7.712	-35.733	-110.0
11.95	-7.712	-28.533	-108.5
11.96	-7.712	-22.097	-73.8
11.97	-7.712	-16.903	-80.3
11.98	-7.713	-13.672	-77.8
11.99	-7.713	-12.505	-52.4
12.0	-7.714	-12.939	-49.2
12.01	-7.715	-14.603	-59.3
12.02	-7.718	-17.211	-63.5
12.03	-7.721	-20.386	-39.0
12.04	-7.726	-23.817	26.7
12.05	-7.731	-27.234	23.0
12.06	-7.737	-30.377	-50.7
12.07	-7.741	-33.123	-67.1
12.08	-7.744	-35.428	-73.3
12.09	-7.747	-37.311	-97.1
12.1	-7.750	-38.931	-89.7
12.11	-7.754	-40.309	-68.9
12.12	-7.756	-41.205	-22.8
12.13	-7.755	-41.425	98.7
12.14	-7.752	-41.089	365.5
12.15	-7.751	-40.586	594.7
12.16	-7.756	-40.200	475.8
12.17	-7.763	-39.897	126.1
12.18	-7.771	-39.698	-80.4
12.19	-7.776	-39.759	-94.3
12.2	-7.774	-39.975	-73.5
12.21	-7.764	-40.089	-73.7
12.22	-7.753	-39.973	-80.4
12.23	-7.741	-39.228	-75.1
12.24	-7.733	-37.070	-55.1
12.25	-7.732	-32.256	-38.5
12.26	-7.744	-21.420	-49.9
12.27	-7.758	0.719	-31.6
12.28	-7.766	29.009	11.2
12.29	-7.768	46.763	13.7
12.3	-7.770	50.958	36.6
12.31	-7.771	51.130	73.3
12.32	-7.773	51.139	88.6
12.33	-7.773	51.139	95.7
12.34	-7.773	51.139	111.1
12.35	-7.771	51.139	128.8
12.36	-7.771	51.123	133.7
12.37	-7.769	50.467	115.7
12.38	-7.767	44.373	75.2
12.39	-7.764	27.645	30.7
12.4	-7.760	5.298	-14.6
12.41	-7.757	-14.214	-63.8
12.42	-7.757	-28.588	-102.7
12.43	-7.759	-38.292	-104.6
12.44	-7.763	-44.425	-88.3
12.45	-7.764	-48.234	-90.1
12.46	-7.766	-50.325	-90.2
12.47	-7.767	-51.048	-100.5
12.48	-7.765	-51.139	-124.9
12.49	-7.761	-51.141	-130.1
12.5	-7.756	-51.141	-102.8
12.51	-7.751	-51.141	-85.0
12.52	-7.749	-51.141	-97.5
12.53	-7.748	-51.141	-97.8
12.54	-7.749	-51.138	-88.5
12.55	-7.751	-51.091	-91.9
12.56	-7.753	-50.064	-76.8
12.57	-7.754	-45.789	-67.3
12.58	-7.757	-38.194	-77.5
12.59	-7.763	-30.066	-85.1
12.6	-7.772	-23.045	-88.6
12.61	-7.784	-17.370	-92.4
12.62	-7.801	-13.389	-87.8
12.63	-7.819	-11.347	-75.1
12.64	-7.838	-11.069	-51.3
12.65	-7.859	-12.320	-46.8
12.66	-7.880	-14.891	-60.1
12.67	-7.903	-18.305	-42.6
12.68	-7.927	-22.042	-8.4
12.69	-7.953	-25.767	16.5
12.7	-7.978	-29.233	16.0
12.71	-8.002	-32.327	-22.4
12.72	-8.024	-35.158	-63.8
12.73	-8.044	-37.664	-80.8
12.74	-8.063	-39.469	-74.2
12.75	-8.080	-40.566	-76.8
12.76	-8.098	-41.323	-89.4
12.77	-8.113	-41.891	-44.3
12.78	-8.127	-42.281	74.2
12.79	-8.138	-42.466	312.0
12.8	-8.151	-42.394	604.5
12.81	-8.165	-42.189	574.1
12.82	-8.180	-41.952	210.7
12.83	-8.194	-41.648	-54.1
12.84	-8.205	-41.348	-108.6
12.85	-8.211	-41.066	-103.8
12.86	-8.214	-40.658	-86.8
12.87	-8.217	-40.122	-81.3
12.88	-8.221	-39.356	-75.2
12.89	-8.224	-37.772	-54.7
12.9	-8.226	-34.128	-40.1
12.91	-8.229	-25.455	-31.4
12.92	-8.234	-6.200	-28.4
12.93	-8.241	22.355	-9.2
12.94	-8.248	44.063	27.6
12.95	-8.252	50.716	42.1
12.96	-8.257	51.117	59.4
12.97	-8.261	51.139	81.6
12.98	-8.263	51.139	89.0
12.99	-8.264	51.139	110.1
13.0	-8.266	51.139	129.8
13.01	-8.268	51.119	127.7
13.02	-8.269	50.653	113.6
13.03	-8.271	45.231	85.3
13.04	-8.273	28.713	61.1
13.05	-8.274	5.284	13.8
13.06	-8.276	-15.755	-51.7
13.07	-8.279	-31.345	-93.1
13.08	-8.281	-41.781	-102.2
13.09	-8.283	-47.800	-104.9
13.1	-8.284	-50.417	-118.5
13.11	-8.284	-51.081	-116.4
13.12	-8.285	-51.139	-99.5
13.13	-8.283	-51.141	-91.2
13.14	-8.281	-51.141	-98.0
13.15	-8.280	-51.141	-102.6
13.16	-8.280	-51.141	-93.5
13.17	-8.281	-51.141	-94.6
13.18	-8.284	-51.141	-100.8
13.19	-8.286	-51.134	-103.9
13.2	-8.288	-50.958	-78.5
13.21	-8.289	-49.025	-55.4
13.22	-8.289	-43.052	-65.3
13.23	-8.288	-34.034	-76.8
13.24	-8.287	-25.019	-81.3
13.25	-8.288	-17.464	-90.8
13.26	-8.288	-11.741	-80.6
13.27	-8.288	-7.983	-40.8
13.28	-8.289	-6.350	-29.1
13.29	-8.288	-7.019	-55.4
13.3	-8.289	-9.613	-68.8
13.31	-8.289	-13.242	-35.8
13.32	-8.290	-17.217	30.2
13.33	-8.289	-21.095	45.8
13.34	-8.287	-24.720	-6.0
13.35	-8.284	-28.289	-65.9
13.36	-8.283	-31.666	-87.7
13.37	-8.284	-34.313	-92.0
13.38	-8.287	-36.202	-92.8
13.39	-8.291	-37.973	-66.7
13.4	-8.293	-39.844	-18.2
13.41	-8.288	-41.159	60.3
13.42	-8.283	-41.497	241.4
13.43	-8.281	-41.317	503.6
13.44	-8.284	-41.144	541.0
13.45	-8.285	-40.764	238.6
13.46	-8.284	-39.889	-14.9
13.47	-8.283	-39.069	-64.8
13.48	-8.280	-38.870	-59.3
13.49	-8.276	-38.814	-59.8
13.5	-8.276	-38.400	-70.0
13.51	-8.278	-37.741	-77.7
13.52	-8.281	-36.617	-64.7
13.53	-8.279	-34.252	-35.3
13.54	-8.279	-28.775	-35.9
13.55	-8.284	-15.625	-32.3
13.56	-8.289	9.234	11.7
13.57	-8.289	35.894	43.0
13.58	-8.283	49.039	56.5
13.59	-8.276	51.100	68.7
13.6	-8.276	51.133	107.2
13.61	-8.278	51.139	142.3
13.62	-8.279	51.139	147.7
13.63	-8.279	51.139	156.8
13.64	-8.279	51.119	162.7
13.65	-8.279	50.716	152.2
13.66	-8.280	45.481	106.1
13.67	-8.280	28.789	38.8
13.68	-8.279	4.583	15.3
13.69	-8.279	-16.994	-3.4
13.7	-8.281	-32.481	-42.8
13.71	-8.284	-42.623	-89.1
13.72	-8.287	-48.355	-124.8
13.73	-8.288	-50.658	-114.9
13.74	-8.289	-51.120	-102.3
13.75	-8.289	-51.139	-120.1
13.76	-8.287	-51.141	-114.8
13.77	-8.283	-51.141	-87.2
13.78	-8.278	-51.141	-85.8
13.79	-8.273	-51.141	-95.7
13.8	-8.270	-51.141	-85.5
13.81	-8.269	-51.141	-76.4
13.82	-8.267	-51.136	-89.8
13.83	-8.263	-51.063	-108.5
13.84	-8.256	-49.700	-86.5
13.85	-8.246	-44.545	-54.4
13.86	-8.232	-35.552	-54.9
13.87	-8.216	-25.408	-73.3
13.88	-8.199	-16.192	-95.8
13.89	-8.181	-9.061	-86.8
13.9	-8.162	-4.667	-58.7
13.91	-8.145	-3.055	-51.3
13.92	-8.129	-3.861	-24.8
13.93	-8.113	-6.644	8.3
13.94	-8.097	-10.889	28.3
13.95	-8.081	-15.898	21.3
13.96	-8.063	-21.073	-33.5
13.97	-8.042	-25.988	-77.5
13.98	-8.021	-30.158	-72.8
13.99	-8.001	-33.336	-65.4
14.0	-7.984	-35.723	-83.5
14.01	-7.970	-37.577	-83.2
14.02	-7.958	-39.041	-27.3
14.03	-7.943	-40.298	81.8
14.04	-7.926	-41.303	299.8
14.05	-7.910	-41.845	539.1
14.06	-7.896	-41.900	481.7
14.07	-7.884	-41.648	155.3
14.08	-7.873	-41.492	-52.8
14.09	-7.863	-41.680	-92.6
14.1	-7.851	-42.000	-86.7
14.11	-7.834	-42.098	-66.3
14.12	-7.817	-41.839	-53.7
14.13	-7.801	-41.170	-66.9
14.14	-7.784	-39.656	-61.8
14.15	-7.767	-36.181	-29.5
14.16	-7.751	-27.792	-16.8
14.17	-7.740	-9.023	-14.9
14.18	-7.734	19.627	-19.7
14.19	-7.729	42.673	0.3
14.2	-7.724	50.477	42.1
14.21	-7.718	51.108	59.5
14.22	-7.711	51.139	90.9
14.23	-7.703	51.139	137.3
14.24	-7.696	51.139	153.9
14.25	-7.688	51.134	116.4
14.26	-7.681	51.114	97.6
14.27	-7.675	49.736	118.5
14.28	-7.670	40.617	94.5
14.29	-7.666	20.300	41.4
14.3	-7.663	-3.100	-9.3
14.31	-7.661	-21.680	-55.9
14.32	-7.662	-34.430	-76.8
14.33	-7.664	-42.470	-105.9
14.34	-7.666	-47.456	-130.0
14.35	-7.664	-50.186	-124.8
14.36	-7.663	-51.055	-124.8
14.37	-7.660	-51.139	-127.9
14.38	-7.656	-51.141	-123.1
14.39	-7.651	-51.141	-96.1
14.4	-7.646	-51.141	-81.9
14.41	-7.644	-51.141	-113.3
14.42	-7.644	-51.141	-116.7
14.43	-7.648	-51.141	-101.3
14.44	-7.650	-51.138	-82.7
14.45	-7.651	-51.067	-76.6
14.46	-7.651	-49.759	-98.9
14.47	-7.649	-44.791	-101.2
14.48	-7.648	-36.309	-81.8
14.49	-7.646	-27.170	-78.4
14.5	-7.644	-19.267	-91.1
14.51	-7.644	-13.442	-97.8
14.52	-7.643	-10.028	-85.0
14.53	-7.643	-8.920	-69.7
14.54	-7.644	-9.814	-64.8
14.55	-7.646	-12.134	-51.3
14.56	-7.649	-15.494	-31.9
14.57	-7.652	-19.747	-18.0
14.58	-7.655	-24.434	5.5
14.59	-7.655	-28.892	-12.9
14.6	-7.652	-32.673	-65.0
14.61	-7.650	-35.673	-81.9
14.62	-7.648	-37.980	-82.1
14.63	-7.648	-39.728	-90.5
14.64	-7.650	-41.086	-78.9
14.65	-7.653	-42.148	-47.3
14.66	-7.654	-42.863	-11.1
14.67	-7.653	-43.169	114.2
14.68	-7.652	-43.098	408.2
14.69	-7.656	-42.692	610.5
14.7	-7.660	-42.098	413.6
14.71	-7.661	-41.522	58.3
14.72	-7.659	-41.044	-88.2
14.73	-7.656	-40.703	-90.8
14.74	-7.648	-40.602	-82.7
14.75	-7.639	-40.636	-86.8
14.76	-7.637	-40.370	-90.1
14.77	-7.638	-39.278	-74.6
14.78	-7.641	-36.645	-62.6
14.79	-7.644	-30.539	-62.3
14.8	-7.644	-16.030	-58.3
14.81	-7.643	10.414	-37.0
14.82	-7.643	37.166	-4.6
14.83	-7.644	49.395	13.3
14.84	-7.644	51.105	31.3
14.85	-7.643	51.134	51.5
14.86	-7.641	51.139	76.5
14.87	-7.639	51.139	113.4
14.88	-7.638	51.139	132.3
14.89	-7.638	51.122	123.1
14.9	-7.639	50.802	116.3
14.91	-7.641	46.225	96.8
14.92	-7.644	31.234	50.2
14.93	-7.645	9.189	14.9
14.94	-7.644	-10.867	-20.3
14.95	-7.644	-25.767	-73.6
14.96	-7.646	-35.980	-99.9
14.97	-7.648	-42.669	-112.5
14.98	-7.649	-47.195	-126.3
14.99	-7.650	-49.981	-133.4
15.0	-7.651	-51.011	-127.3
15.01	-7.651	-51.138	-125.0
15.02	-7.649	-51.141	-134.0
15.03	-7.647	-51.141	-113.8
15.04	-7.645	-51.141	-79.5
15.05	-7.644	-51.141	-99.0
15.06	-7.646	-51.141	-127.3
15.07	-7.649	-51.141	-101.9
15.08	-7.652	-51.134	-80.5
15.09	-7.656	-50.838	-92.8
15.1	-7.659	-48.455	-100.3
15.11	-7.661	-42.297	-100.3
15.12	-7.664	-34.008	-85.1
15.13	-7.666	-26.148	-78.2
15.14	-7.668	-19.861	-105.8
15.15	-7.670	-15.745	-115.8
15.16	-7.671	-13.786	-75.0
15.17	-7.671	-13.581	-59.5
15.18	-7.671	-14.772	-95.0
15.19	-7.671	-17.092	-109.4
15.2	-7.674	-20.216	-84.1
15.21	-7.678	-23.642	-68.1
15.22	-7.681	-27.109	-68.6
15.23	-7.686	-30.777	-63.6
15.24	-7.690	-34.356	-39.1
15.25	-7.694	-37.239	-3.8
15.26	-7.697	-39.461	13.3
15.27	-7.700	-41.225	-15.8
15.28	-7.701	-42.606	-71.1
15.29	-7.701	-43.733	-82.4
15.3	-7.700	-44.431	-71.6
15.31	-7.700	-44.563	-98.7
15.32	-7.702	-44.314	-105.5
15.33	-7.704	-43.852	-48.7
15.34	-7.703	-43.183	50.6
15.35	-7.698	-42.298	251.9
15.36	-7.694	-41.319	553.3
15.37	-7.696	-40.323	597.1
15.38	-7.701	-39.461	260.9
15.39	-7.709	-38.859	-27.6
15.4	-7.716	-38.492	-95.6
15.41	-7.716	-38.336	-103.5
15.42	-7.707	-38.188	-83.2
15.43	-7.694	-37.647	-53.0
15.44	-7.680	-36.369	-50.3
15.45	-7.668	-33.892	-58.6
15.46	-7.660	-29.027	-56.6
15.47	-7.663	-18.245	-59.4
15.48	-7.676	3.708	-48.3
15.49	-7.689	31.016	-20.5
15.5	-7.696	47.398	1.8
15.51	-7.697	50.995	32.3
15.52	-7.699	51.130	68.6
15.53	-7.700	51.139	90.2
15.54	-7.702	51.139	103.1
15.55	-7.703	51.139	104.2
15.56	-7.703	51.133	114.9
15.57	-7.703	51.083	120.8
15.58	-7.701	49.322	99.8
15.59	-7.699	39.541	91.0
15.6	-7.696	19.538	73.3
15.61	-7.693	-2.517	12.0
15.62	-7.691	-20.236	-48.8
15.63	-7.691	-33.275	-80.2
15.64	-7.693	-42.097	-85.4
15.65	-7.696	-47.384	-99.3
15.66	-7.700	-50.080	-127.4
15.67	-7.704	-51.013	-123.6
15.68	-7.708	-51.139	-98.3
15.69	-7.710	-51.141	-103.5
15.7	-7.709	-51.141	-115.3
15.71	-7.706	-51.141	-99.3
15.72	-7.704	-51.141	-74.2
15.73	-7.703	-51.141	-83.6
15.74	-7.705	-51.141	-92.3
15.75	-7.711	-51.139	-67.8
15.76	-7.718	-51.122	-66.1
15.77	-7.726	-50.586	-98.2
15.78	-7.736	-47.595	-87.2
15.79	-7.746	-41.053	-54.3
15.8	-7.758	-32.880	-66.3
15.81	-7.773	-25.294	-87.4
15.82	-7.791	-19.245	-81.2
15.83	-7.812	-15.278	-69.2
15.84	-7.835	-13.547	-77.3
15.85	-7.860	-13.700	-92.1
15.86	-7.885	-15.133	-81.2
15.87	-7.910	-17.402	-69.3
15.88	-7.935	-20.605	-65.2
15.89	-7.958	-25.277	-58.5
15.9	-7.979	-29.855	-60.5
15.91	-7.998	-33.081	-69.1
15.92	-8.016	-37.006	-45.3
15.93	-8.035	-41.794	-13.1
15.94	-8.054	-45.802	21.4
15.95	-8.074	-47.934	38.3
15.96	-8.094	-48.078	-6.4
15.97	-8.111	-47.563	-46.9
15.98	-8.125	-46.928	-51.5
15.99	-8.136	-46.070	-64.3
16.0	-8.144	-45.148	-70.2
16.01	-8.154	-44.269	-53.2
16.02	-8.164	-43.297	-30.1
16.03	-8.174	-42.341	8.1
16.04	-8.183	-41.648	139.3
16.05	-8.190	-40.963	447.8
16.06	-8.199	-39.967	666.4
16.07	-8.208	-38.834	446.2
16.08	-8.216	-37.747	79.4
16.09	-8.223	-36.680	-65.3
16.1	-8.226	-35.709	-75.9
16.11	-8.228	-34.950	-78.8
16.12	-8.231	-34.220	-75.6
16.13	-8.234	-33.314	-68.0
16.14	-8.236	-32.005	-53.0
16.15	-8.238	-29.595	-43.1
16.16	-8.239	-24.250	-37.4
16.17	-8.242	-11.416	-25.3
16.18	-8.248	12.627	-12.0
16.19	-8.253	37.636	16.3
16.2	-8.258	49.400	46.2
16.21	-8.261	51.108	58.1
16.22	-8.264	51.134	68.4
16.23	-8.266	51.139	86.4
16.24	-8.267	51.139	118.2
16.25	-8.268	51.139	138.4
16.26	-8.268	51.122	152.0
16.27	-8.269	50.775	151.4
16.28	-8.269	46.028	125.9
16.29	-8.271	30.433	93.7
16.3	-8.272	7.091	50.2
16.31	-8.272	-14.586	-3.7
16.32	-8.272	-30.917	-55.4
16.33	-8.273	-41.948	-83.3
16.34	-8.274	-48.128	-89.7
16.35	-8.274	-50.591	-92.0
16.36	-8.276	-51.113	-98.3
16.37	-8.277	-51.139	-117.9
16.38	-8.280	-51.141	-118.5
16.39	-8.281	-51.141	-94.8
16.4	-8.280	-51.141	-82.7
16.41	-8.279	-51.141	-96.0
16.42	-8.278	-51.141	-94.7
16.43	-8.278	-51.141	-71.5
16.44	-8.279	-51.138	-70.9
16.45	-8.281	-51.072	-75.6
16.46	-8.283	-49.952	-73.2
16.47	-8.284	-45.697	-93.2
16.48	-8.284	-38.191	-84.1
16.49	-8.284	-29.586	-53.9
16.5	-8.284	-21.339	-47.1
16.51	-8.284	-14.202	-62.9
16.52	-8.285	-8.981	-84.2
16.53	-8.286	-6.219	-80.4
16.54	-8.287	-5.911	-63.1
16.55	-8.289	-7.427	-55.8
16.56	-8.292	-10.191	-46.3
16.57	-8.295	-13.984	-31.4
16.58	-8.296	-18.330	-29.5
16.59	-8.296	-22.597	-13.5
16.6	-8.296	-26.550	30.8
16.61	-8.297	-30.123	33.1
16.62	-8.297	-33.092	-17.8
16.63	-8.296	-35.548	-67.4
16.64	-8.296	-37.631	-54.3
16.65	-8.297	-39.113	-39.4
16.66	-8.304	-40.084	-71.6
16.67	-8.311	-40.733	-68.5
16.68	-8.314	-41.159	-2.8
16.69	-8.310	-41.623	133.2
16.7	-8.304	-41.520	388.6
16.71	-8.300	-40.466	602.4
16.72	-8.300	-39.381	475.4
16.73	-8.301	-38.813	117.4
16.74	-8.301	-38.600	-71.3
16.75	-8.301	-38.505	-66.9
16.76	-8.298	-38.342	-49.8
16.77	-8.294	-37.923	-57.5
16.78	-8.293	-37.205	-60.5
16.79	-8.293	-36.331	-44.2
16.8	-8.290	-35.002	-27.1
16.81	-8.283	-32.416	-25.9
16.82	-8.279	-26.183	-16.5
16.83	-8.279	-10.448	10.3
16.84	-8.284	16.583	27.8
16.85	-8.292	40.761	20.1
16.86	-8.299	50.114	43.1
16.87	-8.301	51.109	96.1
16.88	-8.299	51.139	121.8
16.89	-8.293	51.139	123.0
16.9	-8.286	51.139	128.1
16.91	-8.280	51.134	143.2
16.92	-8.276	51.113	149.6
16.93	-8.273	49.702	125.0
16.94	-8.272	40.480	78.9
16.95	-8.271	19.891	25.1
16.96	-8.270	-4.625	-11.2
16.97	-8.271	-25.366	-31.2
16.98	-8.274	-40.081	-61.3
16.99	-8.278	-48.141	-86.8
17.0	-8.279	-50.811	-96.8
17.01	-8.275	-51.136	-108.3
17.02	-8.269	-51.141	-115.5
17.03	-8.262	-51.141	-112.2
17.04	-8.250	-51.141	-98.5
17.05	-8.232	-51.141	-79.5
17.06	-8.212	-51.141	-71.5
17.07	-8.192	-51.141	-83.3
17.08	-8.175	-51.141	-84.2
17.09	-8.160	-51.139	-75.6
17.1	-8.144	-51.122	-81.2
17.11	-8.127	-50.606	-84.7
17.12	-8.109	-47.805	-59.9
17.13	-8.089	-41.700	-40.3
17.14	-8.068	-33.909	-31.0
17.15	-8.048	-26.134	-40.1
17.16	-8.028	-19.231	-62.6
17.17	-8.008	-14.073	-67.4
17.18	-7.990	-11.053	-62.2
17.19	-7.972	-10.020	-53.4
17.2	-7.955	-10.542	-36.0
17.21	-7.939	-12.184	-12.8
17.22	-7.922	-14.794	14.3
17.23	-7.906	-17.813	20.5
17.24	-7.889	-20.295	-20.5
17.25	-7.872	-22.466	-88.3
17.26	-7.854	-25.231	-117.0
17.27	-7.839	-28.741	-109.6
17.28	-7.826	-32.625	-90.5
17.29	-7.814	-36.348	-50.1
17.3	-7.804	-39.238	-2.6
17.31	-7.791	-40.828	63.8
17.32	-7.776	-41.544	234.1
17.33	-7.760	-42.192	490.2
17.34	-7.748	-42.878	538.3
17.35	-7.737	-43.125	244.7
17.36	-7.728	-42.802	-26.7
17.37	-7.719	-42.298	-82.7
17.38	-7.709	-41.988	-73.8
17.39	-7.699	-42.039	-60.0
17.4	-7.690	-42.286	-57.3
17.41	-7.684	-42.172	-77.0
17.42	-7.678	-41.098	-75.1
17.43	-7.669	-37.950	-67.5
17.44	-7.663	-30.970	-60.7
17.45	-7.659	-17.077	-42.7
17.46	-7.657	7.614	-12.7
17.47	-7.653	34.731	31.2
17.48	-7.648	48.725	64.2
17.49	-7.643	51.084	78.9
17.5	-7.639	51.131	93.0
17.51	-7.638	51.139	109.2
17.52	-7.638	51.139	116.9
17.53	-7.638	51.138	110.1
17.54	-7.638	51.119	104.7
17.55	-7.637	50.192	92.7
17.56	-7.634	42.544	87.3
17.57	-7.629	22.795	75.9
17.58	-7.626	-2.622	27.9
17.59	-7.626	-24.097	-21.4
17.6	-7.626	-38.864	-64.4
17.61	-7.626	-47.205	-114.7
17.62	-7.626	-50.473	-132.1
17.63	-7.627	-51.114	-138.6
17.64	-7.630	-51.139	-166.3
17.65	-7.633	-51.141	-151.3
17.66	-7.634	-51.141	-95.8
17.67	-7.632	-51.141	-73.6
17.68	-7.630	-51.141	-85.6
17.69	-7.629	-51.141	-99.1
17.7	-7.629	-51.141	-105.7
17.71	-7.628	-51.141	-110.9
17.72	-7.626	-51.138	-107.0
17.73	-7.624	-50.894	-106.6
17.74	-7.625	-48.966	-90.1
17.75	-7.626	-43.791	-68.5
17.76	-7.628	-36.319	-71.0
17.77	-7.629	-28.673	-76.1
17.78	-7.631	-21.944	-75.5
17.79	-7.633	-16.545	-71.3
17.8	-7.637	-12.958	-77.4
17.81	-7.641	-11.438	-96.4
17.82	-7.644	-11.636	-80.4
17.83	-7.646	-13.166	-45.3
17.84	-7.648	-15.855	-27.5
17.85	-7.649	-19.428	-0.8
17.86	-7.650	-23.373	21.8
17.87	-7.651	-27.342	-8.2
17.88	-7.652	-31.205	-70.4
17.89	-7.652	-34.623	-104.5
17.9	-7.654	-37.347	-94.5
17.91	-7.657	-39.403	-90.1
17.92	-7.662	-40.844	-83.9
17.93	-7.664	-41.758	-43.2
17.94	-7.664	-42.227	38.1
17.95	-7.660	-42.364	238.8
17.96	-7.660	-42.283	535.3
17.97	-7.664	-42.067	541.2
17.98	-7.671	-41.956	187.6
17.99	-7.678	-42.020	-57.1
18.0	-7.682	-42.330	-92.0
18.01	-7.681	-43.113	-87.1
18.02	-7.675	-43.755	-75.3
18.03	-7.669	-42.505	-86.1
18.04	-7.668	-39.639	-99.9
18.05	-7.675	-35.027	-94.6
18.06	-7.688	-26.025	-66.3
18.07	-7.696	-8.006	-41.9
18.08	-7.700	18.781	-22.9
18.09	-7.704	41.119	-0.3
18.1	-7.709	49.938	12.6
18.11	-7.715	51.117	24.4
18.12	-7.721	51.136	36.1
18.13	-7.725	51.139	57.4
18.14	-7.728	51.139	78.5
18.15	-7.730	51.139	85.7
18.16	-7.731	51.119	94.3
18.17	-7.731	50.769	105.6
18.18	-7.731	45.016	118.2
18.19	-7.732	27.013	96.4
18.2	-7.734	4.536	46.6
18.21	-7.738	-12.123	-2.3
18.22	-7.744	-24.872	-40.8
18.23	-7.752	-34.563	-79.7
18.24	-7.762	-40.500	-120.2
18.25	-7.770	-44.097	-146.3
18.26	-7.776	-45.881	-138.1
18.27	-7.782	-46.698	-98.6
18.28	-7.786	-48.213	-75.3
18.29	-7.788	-50.125	-92.6
18.3	-7.787	-51.028	-119.6
18.31	-7.785	-51.136	-119.8
18.32	-7.783	-51.141	-109.8
18.33	-7.782	-51.141	-120.1
18.34	-7.782	-51.141	-107.5
18.35	-7.783	-51.133	-75.2
18.36	-7.785	-50.989	-58.3
18.37	-7.786	-48.953	-68.0
18.38	-7.786	-42.291	-94.6
18.39	-7.786	-32.808	-100.9
18.4	-7.787	-25.286	-95.2
18.41	-7.788	-20.747	-90.8
18.42	-7.788	-17.414	-85.3
18.43	-7.788	-15.164	-81.8
18.44	-7.788	-15.186	-66.0
18.45	-7.786	-17.684	-57.2
18.46	-7.783	-22.558	-39.2
18.47	-7.782	-28.861	-14.5
18.48	-7.782	-35.005	5.2
18.49	-7.783	-40.967	20.5
18.5	-7.786	-46.664	-14.0
18.51	-7.788	-50.169	-73.0
18.52	-7.789	-51.094	-80.7
18.53	-7.788	-51.139	-70.6
18.54	-7.788	-51.139	-91.9
18.55	-7.788	-51.128	-94.7
18.56	-7.789	-50.714	-46.5
18.57	-7.787	-48.761	28.8
18.58	-7.781	-45.230	190.2
18.59	-7.775	-40.772	471.5
18.6	-7.773	-35.411	595.8
18.61	-7.774	-29.008	329.2
18.62	-7.781	-22.042	14.7
18.63	-7.789	-17.322	-80.4
18.64	-7.792	-16.511	-98.2
18.65	-7.784	-17.631	-92.8
18.66	-7.771	-18.561	-71.9
18.67	-7.753	-18.684	-76.1
18.68	-7.736	-18.048	-76.2
18.69	-7.719	-15.802	-57.3
18.7	-7.708	-9.344	-21.8
18.71	-7.703	6.027	-2.1
18.72	-7.708	29.047	-9.8
18.73	-7.720	46.019	-4.9
18.74	-7.733	50.872	19.7
18.75	-7.746	51.125	55.8
18.76	-7.760	51.139	83.7
18.77	-7.779	51.139	93.3
18.78	-7.803	51.139	103.0
18.79	-7.829	51.139	111.1
18.8	-7.855	51.119	122.4
18.81	-7.879	50.684	124.3
18.82	-7.899	45.167	91.5
18.83	-7.915	27.844	50.9
18.84	-7.928	3.483	16.5
18.85	-7.939	-16.706	-34.7
18.86	-7.951	-30.053	-77.0
18.87	-7.966	-39.066	-107.7
18.88	-7.983	-45.308	-122.5
18.89	-8.000	-49.202	-112.8
18.9	-8.018	-50.848	-102.4
18.91	-8.035	-51.133	-108.5
18.92	-8.051	-51.141	-114.3
18.93	-8.066	-51.141	-104.6
18.94	-8.079	-51.141	-97.5
18.95	-8.092	-51.141	-104.3
18.96	-8.104	-51.141	-103.5
18.97	-8.116	-51.139	-99.8
18.98	-8.128	-51.127	-82.7
18.99	-8.139	-50.647	-72.6
19.0	-8.149	-47.764	-77.3
19.01	-8.158	-41.077	-70.5
19.02	-8.166	-32.309	-70.3
19.03	-8.173	-23.816	-86.9
19.04	-8.180	-17.202	-90.5
19.05	-8.186	-13.881	-80.1
19.06	-8.191	-13.631	-67.3
19.07	-8.196	-15.064	-74.2
19.08	-8.202	-17.213	-77.7
19.09	-8.208	-19.784	-26.3
19.1	-8.214	-23.141	15.6
19.11	-8.219	-27.144	18.9
19.12	-8.223	-30.852	8.1
19.13	-8.225	-33.994	-36.2
19.14	-8.226	-36.881	-71.2
19.15	-8.227	-39.367	-62.5
19.16	-8.229	-41.075	-58.8
19.17	-8.233	-41.867	-88.1
19.18	-8.238	-41.966	-77.6
19.19	-8.240	-41.655	-11.1
19.2	-8.239	-41.228	70.3
19.21	-8.237	-41.400	277.0
19.22	-8.238	-42.331	572.3
19.23	-8.239	-42.948	558.3
19.24	-8.240	-42.553	223.5
19.25	-8.239	-41.405	-13.2
19.26	-8.236	-39.906	-72.1
19.27	-8.231	-38.356	-75.5
19.28	-8.228	-36.958	-73.1
19.29	-8.227	-35.625	-82.7
19.3	-8.228	-33.998	-61.8
19.31	-8.228	-31.981	-29.4
19.32	-8.226	-29.405	-28.5
19.33	-8.224	-23.731	-27.7
19.34	-8.226	-8.867	3.6
19.35	-8.229	17.175	24.3
19.36	-8.231	40.825	32.7
19.37	-8.230	50.105	53.7
19.38	-8.226	51.109	71.1
19.39	-8.222	51.139	78.4
19.4	-8.220	51.139	103.6
19.41	-8.219	51.139	137.8
19.42	-8.217	51.133	150.8
19.43	-8.217	51.066	141.8
19.44	-8.217	48.864	124.6
19.45	-8.218	37.073	92.3
19.46	-8.219	13.366	51.2
19.47	-8.220	-12.791	2.1
19.48	-8.221	-33.502	-46.5
19.49	-8.224	-46.017	-66.6
19.5	-8.225	-50.516	-87.8
19.51	-8.223	-51.128	-132.7
19.52	-8.221	-51.139	-127.8
19.53	-8.221	-51.141	-88.7
19.54	-8.222	-51.141	-85.5
19.55	-8.222	-51.141	-97.9
19.56	-8.223	-51.141	-82.8
19.57	-8.223	-51.141	-82.6
19.58	-8.225	-51.141	-100.8
19.59	-8.228	-51.141	-84.2
19.6	-8.232	-51.139	-78.1
19.61	-8.234	-51.113	-88.0
19.62	-8.236	-50.370	-71.7
19.63	-8.237	-46.580	-70.3
19.64	-8.238	-38.673	-74.4
19.65	-8.239	-28.816	-65.3
19.66	-8.241	-19.411	-47.7
19.67	-8.243	-12.050	-33.6
19.68	-8.246	-7.534	-36.6
19.69	-8.248	-5.697	-29.8
19.7	-8.249	-6.077	-3.0
19.71	-8.248	-7.981	28.3
19.72	-8.247	-10.922	19.5
19.73	-8.246	-14.778	-32.0
19.74	-8.246	-19.158	-76.8
19.75	-8.247	-23.414	-83.4
19.76	-8.249	-27.305	-65.6
19.77	-8.253	-31.078	-68.6
19.78	-8.258	-34.763	-52.9
19.79	-8.259	-37.975	0.8
19.8	-8.256	-40.386	129.7
19.81	-8.251	-41.786	400.9
19.82	-8.249	-42.203	571.6
19.83	-8.250	-42.047	355.9
19.84	-8.251	-41.889	43.5
19.85	-8.252	-42.089	-54.1
19.86	-8.252	-42.466	-58.3
19.87	-8.248	-42.677	-86.2
19.88	-8.242	-42.591	-90.8
19.89	-8.241	-42.009	-54.4
19.9	-8.239	-40.816	-41.3
19.91	-8.232	-39.075	-52.5
19.92	-8.221	-35.738	-38.1
19.93	-8.214	-26.877	-7.6
19.94	-8.212	-6.378	3.8
19.95	-8.215	23.114	13.4
19.96	-8.219	44.545	44.2
19.97	-8.222	50.778	59.7
19.98	-8.221	51.120	67.2
19.99	-8.214	51.139	90.2
20.0	-8.203	51.139	114.3
20.01	-8.186	51.139	125.3
20.02	-8.167	51.119	143.3
20.03	-8.146	50.722	153.1
20.04	-8.123	45.273	125.1
20.05	-8.099	27.588	75.1
20.06	-8.075	1.794	4.8
20.07	-8.051	-21.175	-54.3
20.08	-8.031	-37.456	-74.4
20.09	-8.016	-46.967	-80.3
20.1	-8.002	-50.552	-79.3
20.11	-7.987	-51.123	-85.8
20.12	-7.972	-51.139	-104.0
20.13	-7.956	-51.141	-116.6
20.14	-7.939	-51.141	-102.5
20.15	-7.919	-51.141	-79.8
20.16	-7.898	-51.141	-78.6
20.17	-7.878	-51.141	-94.3
20.18	-7.861	-51.141	-95.5
20.19	-7.848	-51.141	-83.1
20.2	-7.836	-51.136	-86.0
20.21	-7.824	-50.922	-90.2
20.22	-7.813	-48.906	-68.9
20.23	-7.801	-42.994	-45.8
20.24	-7.789	-33.988	-53.4
20.25	-7.777	-24.483	-72.3
20.26	-7.765	-16.183	-64.5
20.27	-7.753	-10.281	-45.5
20.28	-7.743	-7.378	-41.3
20.29	-7.734	-7.033	-41.3
20.3	-7.725	-8.472	-6.6
20.31	-7.716	-11.217	20.7
20.32	-7.706	-14.822	-23.4
20.33	-7.696	-18.759	-65.5
20.34	-7.686	-22.605	-69.9
20.35	-7.678	-26.325	-68.3
20.36	-7.671	-30.148	-71.0
20.37	-7.667	-33.817	-74.9
20.38	-7.663	-36.742	-44.3
20.39	-7.657	-38.722	46.3
20.4	-7.648	-39.856	277.5
20.41	-7.640	-40.439	534.7
20.42	-7.636	-40.856	475.9
20.43	-7.634	-41.220	149.3
20.44	-7.633	-41.492	-52.7
20.45	-7.632	-41.742	-91.3
20.46	-7.626	-42.081	-105.1
20.47	-7.617	-42.475	-83.3
20.48	-7.611	-42.581	-68.2
20.49	-7.606	-41.816	-72.4
20.5	-7.600	-39.658	-42.9
20.51	-7.594	-35.230	-23.8
20.52	-7.589	-25.200	-24.8
20.53	-7.587	-3.675	-19.6
20.54	-7.586	25.630	-24.0
20.55	-7.587	45.558	-8.3
20.56	-7.588	50.863	46.0
20.57	-7.586	51.123	77.2
20.58	-7.583	51.139	84.1
20.59	-7.579	51.139	115.3
20.6	-7.575	51.139	133.6
20.61	-7.572	51.123	115.0
20.62	-7.570	50.831	108.2
20.63	-7.569	46.244	107.6
20.64	-7.570	30.536	74.0
20.65	-7.571	6.523	13.9
20.66	-7.574	-15.959	-36.8
20.67	-7.577	-32.623	-63.9
20.68	-7.581	-43.455	-78.5
20.69	-7.585	-49.097	-93.9
20.7	-7.588	-50.919	-116.4
20.71	-7.589	-51.138	-134.3
20.72	-7.590	-51.141	-117.0
20.73	-7.589	-51.141	-102.7
20.74	-7.586	-51.141	-117.2
20.75	-7.581	-51.141	-124.6
20.76	-7.578	-51.141	-99.0
20.77	-7.578	-51.141	-79.7
20.78	-7.583	-51.141	-94.1
20.79	-7.590	-51.136	-101.0
20.8	-7.595	-51.058	-102.4
20.81	-7.598	-49.791	-93.1
20.82	-7.598	-45.177	-71.1
20.83	-7.598	-37.356	-87.2
20.84	-7.598	-28.864	-95.1
20.85	-7.598	-21.405	-79.7
20.86	-7.599	-15.630	-75.4
20.87	-7.600	-11.686	-70.0
20.88	-7.601	-9.689	-70.0
20.89	-7.600	-9.972	-64.1
20.9	-7.600	-12.289	-46.4
20.91	-7.601	-15.775	-13.8
20.92	-7.602	-19.798	18.5
20.93	-7.601	-24.105	-13.9
20.94	-7.599	-28.253	-79.1
20.95	-7.596	-31.719	-98.5
20.96	-7.594	-34.377	-100.9
20.97	-7.594	-36.453	-116.7
20.98	-7.596	-38.228	-94.7
20.99	-7.599	-39.722	-47.9
21.0	-7.598	-40.802	-9.8
21.01	-7.593	-41.461	143.8
21.02	-7.589	-41.783	457.8
21.03	-7.591	-41.786	587.5
21.04	-7.596	-41.581	300.9
21.05	-7.601	-41.445	-19.8
21.06	-7.603	-41.438	-90.7
21.07	-7.600	-41.419	-90.2
21.08	-7.593	-41.445	-117.7
21.09	-7.586	-41.459	-119.2
21.1	-7.584	-40.967	-82.9
21.11	-7.586	-39.413	-55.7
21.12	-7.587	-36.044	-58.4
21.13	-7.586	-28.247	-69.8
21.14	-7.584	-10.406	-37.3
21.15	-7.584	17.975	-0.6
21.16	-7.585	41.817	1.6
21.17	-7.586	50.338	-6.1
21.18	-7.586	51.105	8.8
21.19	-7.583	51.139	67.8
21.2	-7.580	51.139	108.9
21.21	-7.577	51.139	96.0
21.22	-7.574	51.130	96.6
21.23	-7.572	50.953	130.3
21.24	-7.571	47.441	133.5
21.25	-7.572	33.995	95.5
21.26	-7.572	11.825	41.1
21.27	-7.574	-9.989	-3.7
21.28	-7.578	-26.727	-31.5
21.29	-7.582	-38.461	-77.8
21.3	-7.586	-46.013	-110.6
21.31	-7.588	-49.856	-114.7
21.32	-7.588	-51.013	-136.9
21.33	-7.587	-51.139	-158.9
21.34	-7.586	-51.141	-146.9
21.35	-7.584	-51.141	-112.5
21.36	-7.580	-51.141	-96.8
21.37	-7.576	-51.141	-105.2
21.38	-7.572	-51.141	-99.2
21.39	-7.571	-51.141	-94.0
21.4	-7.573	-51.141	-103.4
21.41	-7.576	-51.136	-115.3
21.42	-7.581	-50.842	-126.4
21.43	-7.586	-48.555	-126.7
21.44	-7.590	-42.673	-109.0
21.45	-7.593	-34.686	-96.7
21.46	-7.595	-27.136	-94.0
21.47	-7.597	-21.113	-89.8
21.48	-7.598	-16.795	-95.0
21.49	-7.597	-14.214	-107.3
21.5	-7.596	-13.505	-108.5
21.51	-7.594	-14.514	-95.7
21.52	-7.593	-16.788	-87.8
21.53	-7.593	-19.883	-88.9
21.54	-7.594	-23.486	-67.3
21.55	-7.596	-27.159	-28.2
21.56	-7.600	-30.489	4.0
21.57	-7.606	-33.622	8.7
21.58	-7.611	-36.564	-32.5
21.59	-7.614	-38.875	-87.8
21.6	-7.614	-40.408	-120.9
21.61	-7.612	-41.333	-104.1
21.62	-7.610	-41.945	-69.0
21.63	-7.609	-42.256	-52.8
21.64	-7.609	-41.956	-20.4
21.65	-7.606	-41.195	59.7
21.66	-7.601	-40.344	275.7
21.67	-7.599	-39.542	557.3
21.68	-7.602	-38.986	532.4
21.69	-7.608	-38.806	174.7
21.7	-7.616	-38.709	-66.9
21.71	-7.622	-38.434	-91.3
21.72	-7.620	-38.264	-79.5
21.73	-7.611	-38.125	-77.0
21.74	-7.598	-37.622	-86.1
21.75	-7.585	-36.731	-88.3
21.76	-7.572	-34.906	-71.2
21.77	-7.564	-30.208	-70.9
21.78	-7.568	-18.506	-66.3
21.79	-7.584	4.894	-25.2
21.8	-7.599	32.484	-2.6
21.81	-7.606	47.970	9.5
21.82	-7.609	51.033	33.0
21.83	-7.611	51.130	57.6
21.84	-7.614	51.139	77.9
21.85	-7.616	51.139	76.8
21.86	-7.618	51.139	98.7
21.87	-7.618	51.122	120.5
21.88	-7.617	50.356	108.7
21.89	-7.614	43.823	94.3
21.9	-7.611	26.666	68.9
21.91	-7.607	4.359	35.2
21.92	-7.602	-14.861	-14.1
21.93	-7.599	-29.050	-62.3
21.94	-7.601	-38.986	-76.2
21.95	-7.604	-45.636	-89.7
21.96	-7.609	-49.441	-111.8
21.97	-7.614	-50.883	-126.8
21.98	-7.619	-51.131	-129.4
21.99	-7.623	-51.141	-122.5
22.0	-7.623	-51.141	-120.5
22.01	-7.623	-51.141	-116.5
22.02	-7.624	-51.141	-111.2
22.03	-7.628	-51.141	-98.8
22.04	-7.634	-51.141	-78.2
22.05	-7.643	-51.136	-85.6
22.06	-7.654	-50.863	-87.3
22.07	-7.668	-48.725	-66.7
22.08	-7.684	-43.219	-78.3
22.09	-7.704	-35.583	-101.0
22.1	-7.726	-27.948	-93.7
22.11	-7.752	-21.463	-70.0
22.12	-7.780	-16.656	-62.2
22.13	-7.809	-13.542	-82.9
22.14	-7.836	-12.058	-77.2
22.15	-7.861	-12.138	-47.6
22.16	-7.884	-13.702	-51.7
22.17	-7.904	-16.383	-72.8
22.18	-7.924	-19.456	-85.3
22.19	-7.943	-22.742	-72.7
22.2	-7.964	-26.256	-37.3
22.21	-7.986	-29.561	-5.4
22.22	-8.009	-32.620	15.7
22.23	-8.033	-35.555	20.6
22.24	-8.058	-37.938	-16.9
22.25	-8.079	-39.653	-66.8
22.26	-8.099	-40.922	-69.5
22.27	-8.116	-41.677	-71.6
22.28	-8.131	-41.855	-93.0
22.29	-8.147	-41.622	-72.0
22.3	-8.162	-41.225	-13.4
22.31	-8.174	-40.850	85.8
22.32	-8.183	-40.467	305.8
22.33	-8.192	-39.731	581.2
22.34	-8.202	-38.548	566.7
22.35	-8.213	-37.411	223.8
22.36	-8.222	-36.639	-29.1
22.37	-8.229	-36.144	-84.0
22.38	-8.234	-35.875	-83.7
22.39	-8.239	-35.703	-68.6
22.4	-8.243	-35.364	-61.0
22.41	-8.248	-34.598	-56.4
22.42	-8.250	-32.863	-44.7
22.43	-8.251	-28.725	-29.9
22.44	-8.254	-18.800	-15.7
22.45	-8.258	1.889	-18.8
22.46	-8.263	28.931	-9.6
22.47	-8.269	46.520	21.8
22.48	-8.273	50.928	39.8
22.49	-8.276	51.128	69.2
22.5	-8.277	51.139	101.2
22.51	-8.279	51.139	122.0
22.52	-8.281	51.139	135.5
22.53	-8.283	51.123	134.4
22.54	-8.285	50.827	130.4
22.55	-8.285	46.217	125.6
22.56	-8.286	30.556	119.0
22.57	-8.287	6.948	81.4
22.58	-8.288	-14.716	7.8
22.59	-8.289	-30.509	-49.4
22.6	-8.291	-40.831	-69.9
22.61	-8.291	-46.922	-79.3
22.62	-8.290	-49.967	-100.2
22.63	-8.289	-50.984	-113.0
22.64	-8.290	-51.136	-102.3
22.65	-8.291	-51.141	-91.7
22.66	-8.291	-51.141	-79.8
22.67	-8.291	-51.141	-78.8
22.68	-8.291	-51.141	-92.4
22.69	-8.292	-51.141	-91.6
22.7	-8.293	-51.141	-86.4
22.71	-8.295	-51.136	-83.0
22.72	-8.296	-50.794	-75.5
22.73	-8.295	-48.184	-54.1
22.74	-8.294	-41.534	-44.9
22.75	-8.294	-32.497	-66.0
22.76	-8.294	-23.620	-88.7
22.77	-8.296	-15.794	-80.5
22.78	-8.297	-9.577	-63.0
22.79	-8.299	-5.575	-58.9
22.8	-8.301	-3.867	-48.3
22.81	-8.301	-4.169	-51.3
22.82	-8.301	-6.302	-54.7
22.83	-8.302	-9.805	-28.9
22.84	-8.302	-14.034	18.2
22.85	-8.302	-18.789	24.9
22.86	-8.301	-23.756	-22.5
22.87	-8.299	-28.050	-41.9
22.88	-8.299	-31.211	-51.7
22.89	-8.301	-33.541	-74.7
22.9	-8.304	-35.397	-83.0
22.91	-8.308	-37.066	-79.9
22.92	-8.308	-38.586	-38.8
22.93	-8.306	-39.581	35.7
22.94	-8.303	-39.853	195.6
22.95	-8.303	-39.578	479.9
22.96	-8.304	-38.933	599.4
22.97	-8.306	-38.234	322.7
22.98	-8.308	-37.794	-2.3
22.99	-8.309	-37.623	-87.8
23.0	-8.309	-37.650	-84.9
23.01	-8.305	-37.837	-64.1
23.02	-8.302	-38.045	-45.2
23.03	-8.303	-37.842	-53.9
23.04	-8.301	-36.831	-42.1
23.05	-8.294	-34.602	-31.1
23.06	-8.286	-29.669	-30.5
23.07	-8.283	-18.048	-9.0
23.08	-8.286	4.992	12.1
23.09	-8.294	32.297	17.5
23.1	-8.301	47.842	31.9
23.11	-8.306	51.022	53.3
23.12	-8.306	51.130	82.5
23.13	-8.303	51.139	114.0
23.14	-8.298	51.139	115.3
23.15	-8.293	51.136	127.8
23.16	-8.288	51.119	147.6
23.17	-8.284	50.019	135.5
23.18	-8.281	41.803	109.3
23.19	-8.278	22.016	58.8
23.2	-8.275	-2.164	-7.3
23.21	-8.271	-22.119	-35.8
23.22	-8.269	-36.025	-41.9
23.23	-8.271	-44.603	-84.9
23.24	-8.271	-49.100	-126.6
23.25	-8.269	-50.797	-114.5
23.26	-8.263	-51.127	-85.2
23.27	-8.254	-51.141	-78.3
23.28	-8.241	-51.141	-97.6
23.29	-8.222	-51.141	-104.1
23.3	-8.200	-51.141	-88.0
23.31	-8.181	-51.141	-84.9
23.32	-8.166	-51.141	-84.3
23.33	-8.156	-51.139	-73.2
23.34	-8.148	-51.098	-69.6
23.35	-8.139	-50.191	-69.5
23.36	-8.131	-46.148	-60.8
23.37	-8.119	-38.325	-55.6
23.38	-8.106	-29.028	-59.2
23.39	-8.091	-20.255	-70.9
23.4	-8.077	-12.939	-78.2
23.41	-8.063	-7.642	-67.1
23.42	-8.049	-4.525	-59.7
23.43	-8.037	-3.739	-53.8
23.44	-8.026	-5.342	-40.8
23.45	-8.017	-8.978	-32.4
23.46	-8.009	-13.745	-8.6
23.47	-8.000	-18.634	21.7
23.48	-7.990	-23.264	17.8
23.49	-7.977	-27.647	-15.6
23.5	-7.961	-31.528	-57.1
23.51	-7.944	-34.742	-78.7
23.52	-7.928	-37.506	-80.7
23.53	-7.915	-39.822	-77.1
23.54	-7.905	-41.398	-48.5
23.55	-7.896	-42.238	2.0
23.56	-7.883	-42.558	111.0
23.57	-7.868	-42.320	368.4
23.58	-7.854	-41.541	587.5
23.59	-7.845	-40.459	440.0
23.6	-7.839	-39.156	96.2
23.61	-7.834	-37.766	-86.4
23.62	-7.829	-36.642	-126.1
23.63	-7.819	-36.084	-125.7
23.64	-7.805	-36.205	-101.9
23.65	-7.794	-36.491	-55.9
23.66	-7.784	-36.008	-28.5
23.67	-7.773	-34.222	-48.6
23.68	-7.761	-29.991	-51.6
23.69	-7.752	-19.341	-20.5
23.7	-7.746	2.916	-13.0
23.71	-7.743	30.572	-25.2
23.72	-7.740	47.247	-6.3
23.73	-7.736	50.986	46.3
23.74	-7.729	51.130	90.6
23.75	-7.721	51.139	107.0
23.76	-7.714	51.139	114.8
23.77	-7.707	51.139	125.0
23.78	-7.701	51.119	121.3
23.79	-7.695	50.559	106.5
23.8	-7.689	44.663	79.1
23.81	-7.685	27.589	51.6
23.82	-7.681	4.375	22.7
23.83	-7.677	-15.597	-33.0
23.84	-7.674	-29.872	-83.0
23.85	-7.675	-39.236	-94.3
23.86	-7.676	-44.794	-102.3
23.87	-7.676	-48.002	-121.0
23.88	-7.674	-49.952	-136.3
23.89	-7.674	-50.900	-125.7
23.9	-7.671	-51.128	-103.4
23.91	-7.666	-51.141	-106.8
23.92	-7.660	-51.141	-117.0
23.93	-7.654	-51.141	-101.2
23.94	-7.652	-51.141	-81.9
23.95	-7.651	-51.141	-102.2
23.96	-7.652	-51.136	-111.4
23.97	-7.653	-51.053	-83.7
23.98	-7.652	-49.728	-73.2
23.99	-7.651	-44.905	-79.3
24.0	-7.650	-36.761	-85.9
24.01	-7.648	-27.822	-82.2
24.02	-7.646	-19.747	-85.2
24.03	-7.644	-13.477	-107.5
24.04	-7.642	-9.661	-97.9
24.05	-7.640	-8.305	-62.5
24.06	-7.639	-8.941	-61.4
24.07	-7.639	-11.098	-63.8
24.08	-7.641	-14.328	-47.9
24.09	-7.644	-18.056	-31.7
24.1	-7.646	-21.867	-1.2
24.11	-7.647	-25.589	11.2
24.12	-7.646	-29.217	-35.7
24.13	-7.643	-32.544	-83.3
24.14	-7.639	-35.170	-86.5
24.15	-7.637	-37.091	-75.7
24.16	-7.638	-38.491	-80.3
24.17	-7.641	-39.458	-85.3
24.18	-7.646	-40.056	-45.7
24.19	-7.649	-40.364	50.6
24.2	-7.648	-40.508	229.8
24.21	-7.646	-40.505	499.1
24.22	-7.648	-40.223	562.4
24.23	-7.651	-39.658	267.2
24.24	-7.655	-39.113	-17.1
24.25	-7.657	-38.816	-94.2
24.26	-7.656	-38.669	-92.8
24.27	-7.651	-38.481	-89.6
24.28	-7.646	-38.159	-91.9
24.29	-7.646	-37.484	-74.2
24.3	-7.651	-35.916	-56.4
24.31	-7.659	-32.297	-58.0
24.32	-7.664	-23.381	-53.8
24.33	-7.669	-3.663	-40.3
24.34	-7.675	24.428	-19.0
24.35	-7.683	44.834	9.9
24.36	-7.690	50.789	31.1
24.37	-7.696	51.122	35.4
24.38	-7.698	51.139	60.3
24.39	-7.699	51.139	104.2
24.4	-7.701	51.139	115.7
24.41	-7.704	51.133	121.1
24.42	-7.706	51.023	123.6
24.43	-7.709	48.327	100.6
24.44	-7.715	36.344	65.4
24.45	-7.721	14.764	32.2
24.46	-7.729	-7.248	-4.8
24.47	-7.739	-24.089	-54.3
24.48	-7.751	-35.638	-105.5
24.49	-7.762	-42.869	-105.9
24.5	-7.771	-47.256	-97.4
24.51	-7.779	-49.836	-115.8
24.52	-7.788	-50.933	-122.3
24.53	-7.797	-51.134	-118.8
24.54	-7.806	-51.141	-110.3
24.55	-7.813	-51.141	-117.9
24.56	-7.822	-51.141	-119.5
24.57	-7.834	-51.141	-95.8
24.58	-7.848	-51.141	-91.2
24.59	-7.862	-51.139	-83.3
24.6	-7.874	-51.122	-66.6
24.61	-7.884	-50.516	-86.3
24.62	-7.893	-47.525	-97.1
24.63	-7.901	-41.248	-85.9
24.64	-7.907	-32.869	-95.2
24.65	-7.913	-24.892	-103.8
24.66	-7.917	-18.806	-91.3
24.67	-7.920	-14.192	-73.1
24.68	-7.923	-11.231	-80.5
24.69	-7.926	-10.477	-90.4
24.7	-7.929	-11.577	-91.4
24.71	-7.934	-14.072	-85.1
24.72	-7.941	-17.528	-68.7
24.73	-7.947	-21.180	-54.3
24.74	-7.954	-24.734	-46.3
24.75	-7.960	-28.050	-38.2
24.76	-7.966	-31.009	6.9
24.77	-7.971	-33.769	41.1
24.78	-7.973	-36.186	-11.7
24.79	-7.973	-38.125	-84.5
24.8	-7.969	-39.645	-107.1
24.81	-7.966	-40.580	-87.9
24.82	-7.965	-40.952	-63.5
24.83	-7.968	-41.016	-51.2
24.84	-7.969	-40.823	-26.6
24.85	-7.969	-40.336	45.3
24.86	-7.966	-39.617	252.2
24.87	-7.966	-38.858	542.6
24.88	-7.971	-38.203	560.7
24.89	-7.979	-37.633	248.2
24.9	-7.985	-37.158	-12.3
24.91	-7.988	-36.928	-79.9
24.92	-7.985	-36.916	-89.3
24.93	-7.978	-36.833	-90.7
24.94	-7.969	-36.403	-84.0
24.95	-7.965	-35.406	-79.2
24.96	-7.968	-33.466	-71.1
24.97	-7.977	-29.230	-57.6
24.98	-7.985	-19.175	-42.8
24.99	-7.987	1.633	-27.7
25.0	-7.987	28.775	-19.1
25.01	-7.987	46.472	-2.8
25.02	-7.989	50.925	29.5
25.03	-7.989	51.128	62.3
25.04	-7.987	51.139	71.1
25.05	-7.986	51.139	83.2
25.06	-7.982	51.139	108.0
25.07	-7.981	51.131	124.8
25.08	-7.981	50.986	114.5
25.09	-7.982	47.884	88.4
25.1	-7.986	35.280	68.7
25.11	-7.991	13.825	42.9
25.12	-7.996	-7.417	9.8
25.13	-8.001	-23.661	-29.7
25.14	-8.007	-34.962	-73.5
25.15	-8.012	-42.089	-97.1
25.16	-8.017	-46.286	-129.6
25.17	-8.020	-48.941	-164.3
25.18	-8.023	-50.542	-143.3
25.19	-8.026	-51.088	-112.1
25.2	-8.026	-51.139	-113.2
25.21	-8.025	-51.141	-106.4
25.22	-8.023	-51.141	-94.3
25.23	-8.020	-51.141	-102.3
25.24	-8.019	-51.141	-111.6
25.25	-8.020	-51.138	-96.2
25.26	-8.023	-51.080	-82.8
25.27	-8.026	-49.972	-78.8
25.28	-8.027	-45.706	-88.2
25.29	-8.029	-38.263	-103.6
25.3	-8.031	-29.989	-97.2
25.31	-8.032	-22.575	-85.0
25.32	-8.034	-16.698	-96.2
25.33	-8.034	-12.578	-101.4
25.34	-8.034	-10.302	-77.9
25.35	-8.034	-9.908	-61.9
25.36	-8.032	-11.155	-81.1
25.37	-8.031	-13.636	-102.8
25.38	-8.031	-16.909	-94.6
25.39	-8.031	-20.611	-67.9
25.4	-8.033	-24.486	-63.4
25.41	-8.034	-28.175	-80.7
25.42	-8.035	-31.509	-52.1
25.43	-8.037	-34.395	6.7
25.44	-8.040	-36.600	26.2
25.45	-8.045	-38.342	14.1
25.46	-8.049	-39.722	-24.2
25.47	-8.053	-40.428	-57.3
25.48	-8.053	-40.797	-79.6
25.49	-8.051	-41.252	-101.2
25.5	-8.048	-41.616	-90.5
25.51	-8.048	-42.216	-56.0
25.52	-8.048	-43.077	-14.9
25.53	-8.046	-42.813	62.6
25.54	-8.039	-41.659	293.7
25.55	-8.033	-40.570	585.3
25.56	-8.033	-39.313	534.0
25.57	-8.037	-38.259	182.9
25.58	-8.046	-37.636	-54.1
25.59	-8.055	-37.148	-96.3
25.6	-8.058	-36.798	-84.4
25.61	-8.057	-36.667	-79.9
25.62	-8.054	-36.294	-75.8
25.63	-8.051	-35.064	-67.8
25.64	-8.046	-32.623	-68.3
25.65	-8.041	-27.888	-45.3
25.66	-8.041	-17.102	-28.4
25.67	-8.049	4.661	-21.8
25.68	-8.066	31.372	3.9
25.69	-8.089	47.402	20.4
25.7	-8.114	50.992	37.6
25.71	-8.143	51.131	53.0
25.72	-8.172	51.139	74.9
25.73	-8.202	51.139	116.4
25.74	-8.230	51.139	133.1
25.75	-8.256	51.122	130.4
25.76	-8.280	50.383	116.3
25.77	-8.301	43.834	103.4
25.78	-8.319	26.320	95.5
25.79	-8.336	3.320	64.4
25.8	-8.349	-16.509	14.0
25.81	-8.363	-31.022	-40.9
25.82	-8.379	-40.816	-79.3
25.83	-8.396	-46.778	-94.9
25.84	-8.412	-49.872	-116.8
25.85	-8.428	-50.970	-128.4
25.86	-8.443	-51.136	-114.4
25.87	-8.458	-51.141	-106.6
25.88	-8.472	-51.141	-112.8
25.89	-8.484	-51.141	-102.5
25.9	-8.494	-51.141	-85.3
25.91	-8.504	-51.141	-69.5
25.92	-8.512	-51.141	-72.9
25.93	-8.521	-51.138	-100.6
25.94	-8.529	-51.070	-107.2
25.95	-8.537	-49.859	-86.6
25.96	-8.546	-45.369	-67.2
25.97	-8.554	-37.669	-52.9
25.98	-8.561	-29.058	-66.2
25.99	-8.568	-21.069	-83.5
26.0	-8.572	-14.363	-79.3
26.01	-8.577	-9.347	-76.7
26.02	-8.580	-6.405	-79.0
26.03	-8.584	-5.741	-71.7
26.04	-8.587	-6.992	-60.0
26.05	-8.591	-9.558	-50.9
26.06	-8.596	-13.086	-50.3
26.07	-8.599	-17.147	-38.4
26.08	-8.603	-21.208	-18.9
26.09	-8.607	-25.042	-5.0
26.1	-8.610	-28.447	11.7
26.11	-8.612	-31.242	8.7
26.12	-8.612	-33.586	-25.5
26.13	-8.612	-35.663	-62.4
26.14	-8.613	-37.316	-90.5
26.15	-8.615	-38.473	-89.9
26.16	-8.619	-39.197	-62.2
26.17	-8.622	-39.439	-25.8
26.18	-8.620	-39.334	29.3
26.19	-8.616	-39.017	192.2
26.2	-8.613	-38.436	489.1
26.21	-8.614	-37.709	617.6
26.22	-8.614	-36.919	354.8
26.23	-8.614	-36.009	33.9
26.24	-8.611	-35.228	-76.9
26.25	-8.607	-34.836	-82.4
26.26	-8.604	-34.733	-75.5
26.27	-8.603	-34.695	-71.5
26.28	-8.604	-34.314	-70.6
26.29	-8.605	-33.152	-51.4
26.3	-8.603	-30.772	-30.3
26.31	-8.601	-25.720	-18.9
26.32	-8.600	-14.247	-17.9
26.33	-8.603	7.925	-5.6
26.34	-8.604	33.773	28.2
26.35	-8.604	48.211	43.4
26.36	-8.600	51.042	64.7
26.37	-8.595	51.130	105.8
26.38	-8.591	51.139	109.5
26.39	-8.589	51.139	106.7
26.4	-8.588	51.139	128.9
26.41	-8.586	51.120	138.4
26.42	-8.585	50.439	140.5
26.43	-8.584	43.931	122.8
26.44	-8.585	25.823	68.3
26.45	-8.586	1.558	22.9
26.46	-8.587	-19.267	-17.9
26.47	-8.589	-34.058	-53.4
26.48	-8.592	-43.639	-82.5
26.49	-8.592	-48.839	-111.7
26.5	-8.587	-50.756	-125.3
26.51	-8.584	-51.119	-112.7
26.52	-8.584	-51.141	-86.2
26.53	-8.584	-51.141	-84.0
26.54	-8.582	-51.141	-113.5
26.55	-8.579	-51.141	-108.0
26.56	-8.578	-51.141	-78.7
26.57	-8.579	-51.141	-68.6
26.58	-8.582	-51.139	-75.9
26.59	-8.585	-51.114	-95.0
26.6	-8.586	-50.450	-95.5
26.61	-8.585	-47.142	-77.2
26.62	-8.582	-40.138	-57.4
26.63	-8.580	-31.181	-51.3
26.64	-8.578	-22.344	-66.8
26.65	-8.576	-14.602	-73.7
26.66	-8.574	-8.566	-74.8
26.67	-8.574	-4.814	-72.3
26.68	-8.574	-3.417	-61.8
26.69	-8.576	-4.081	-43.8
26.7	-8.578	-6.472	-33.8
26.71	-8.580	-10.114	-22.2
26.72	-8.581	-14.688	12.3
26.73	-8.581	-19.767	41.0
26.74	-8.578	-24.605	13.4
26.75	-8.574	-28.756	-25.9
26.76	-8.570	-32.097	-38.5
26.77	-8.566	-34.569	-57.8
26.78	-8.564	-36.442	-67.9
26.79	-8.566	-37.978	-68.0
26.8	-8.569	-38.995	-52.9
26.81	-8.571	-39.298	4.9
26.82	-8.566	-39.055	120.6
26.83	-8.554	-38.591	367.7
26.84	-8.540	-38.291	575.5
26.85	-8.526	-38.273	432.8
26.86	-8.513	-38.206	110.5
26.87	-8.502	-38.114	-56.9
26.88	-8.491	-38.219	-87.7
26.89	-8.471	-38.334	-68.0
26.9	-8.442	-38.141	-51.2
26.91	-8.411	-37.431	-49.8
26.92	-8.381	-36.091	-52.8
26.93	-8.350	-33.950	-55.7
26.94	-8.316	-30.144	-49.5
26.95	-8.286	-21.709	-24.1
26.96	-8.261	-3.288	6.7
26.97	-8.242	23.834	9.5
26.98	-8.227	44.408	20.6
26.99	-8.210	50.730	53.0
27.0	-8.191	51.117	70.7
27.01	-8.170	51.139	85.0
27.02	-8.148	51.139	94.5
27.03	-8.127	51.139	112.8
27.04	-8.107	51.130	145.9
27.05	-8.087	50.947	147.5
27.06	-8.068	47.258	102.0
27.07	-8.050	33.066	56.6
27.08	-8.033	9.941	23.1
27.09	-8.018	-12.128	-14.9
27.1	-8.004	-28.616	-61.8
27.11	-7.993	-39.845	-93.6
27.12	-7.985	-46.483	-113.8
27.13	-7.976	-49.720	-118.0
27.14	-7.967	-50.900	-105.8
27.15	-7.958	-51.131	-117.1
27.16	-7.948	-51.141	-129.8
27.17	-7.938	-51.141	-113.9
27.18	-7.926	-51.141	-97.2
27.19	-7.914	-51.141	-87.5
27.2	-7.905	-51.141	-94.2
27.21	-7.898	-51.141	-97.8
27.22	-7.893	-51.136	-92.5
27.23	-7.889	-50.981	-103.6
27.24	-7.886	-49.347	-97.7
27.25	-7.884	-44.236	-84.3
27.26	-7.881	-36.209	-97.0
27.27	-7.877	-27.706	-95.3
27.28	-7.873	-20.175	-75.6
27.29	-7.868	-14.217	-56.8
27.3	-7.864	-10.183	-62.4
27.31	-7.860	-8.186	-80.7
27.32	-7.856	-8.089	-88.3
27.33	-7.854	-9.769	-79.5
27.34	-7.851	-12.900	-58.4
27.35	-7.849	-16.817	-46.7
27.36	-7.846	-20.973	-22.1
27.37	-7.844	-25.064	23.1
27.38	-7.841	-28.794	16.7
27.39	-7.839	-31.823	-31.4
27.4	-7.837	-34.125	-75.1
27.41	-7.836	-35.972	-101.6
27.42	-7.836	-37.444	-107.7
27.43	-7.835	-38.458	-101.0
27.44	-7.834	-39.044	-66.7
27.45	-7.832	-39.367	-4.8
27.46	-7.827	-39.563	135.8
27.47	-7.823	-39.673	425.6
27.48	-7.825	-39.638	604.3
27.49	-7.829	-39.386	390.2
27.5	-7.830	-38.969	41.8
27.51	-7.828	-38.544	-93.1
27.52	-7.822	-38.344	-96.8
27.53	-7.814	-38.348	-96.6
27.54	-7.807	-38.273	-85.5
27.55	-7.804	-37.819	-67.1
27.56	-7.804	-36.614	-59.8
27.57	-7.803	-34.027	-62.6
27.58	-7.798	-28.269	-64.7
27.59	-7.795	-15.103	-47.9
27.6	-7.794	9.213	-13.4
27.61	-7.795	35.508	-1.7
27.62	-7.796	48.856	-11.0
27.63	-7.797	51.088	26.4
27.64	-7.796	51.131	84.5
27.65	-7.794	51.139	96.0
27.66	-7.791	51.139	87.6
27.67	-7.788	51.139	108.5
27.68	-7.783	51.122	123.6
27.69	-7.779	50.522	106.3
27.7	-7.774	44.613	88.5
27.71	-7.770	27.973	75.5
27.72	-7.767	5.548	24.7
27.73	-7.766	-13.948	-50.3
27.74	-7.771	-28.094	-93.0
27.75	-7.779	-37.500	-108.8
27.76	-7.786	-43.398	-123.7
27.77	-7.788	-47.120	-118.7
27.78	-7.789	-49.548	-115.2
27.79	-7.788	-50.803	-126.7
27.8	-7.785	-51.123	-119.4
27.81	-7.781	-51.139	-114.8
27.82	-7.774	-51.141	-127.8
27.83	-7.769	-51.141	-109.3
27.84	-7.766	-51.141	-84.1
27.85	-7.766	-51.141	-81.7
27.86	-7.767	-51.138	-92.5
27.87	-7.769	-51.069	-100.8
27.88	-7.769	-49.930	-101.9
27.89	-7.769	-45.761	-99.4
27.9	-7.767	-38.677	-88.6
27.91	-7.766	-30.831	-81.8
27.92	-7.764	-23.580	-78.5
27.93	-7.763	-17.592	-78.0
27.94	-7.761	-13.372	-92.0
27.95	-7.759	-11.083	-90.4
27.96	-7.758	-10.647	-82.0
27.97	-7.756	-11.823	-79.4
27.98	-7.754	-14.256	-73.4
27.99	-7.754	-17.523	-71.7
28.0	-7.754	-21.189	-76.4
28.01	-7.754	-24.942	-57.7
28.02	-7.755	-28.548	-29.0
28.03	-7.757	-31.702	-16.2
28.04	-7.761	-34.288	3.2
28.05	-7.765	-36.363	11.0
28.06	-7.769	-37.941	-17.2
28.07	-7.773	-39.213	-57.3
28.08	-7.772	-40.192	-91.7
28.09	-7.771	-40.647	-84.7
28.1	-7.771	-40.906	-75.6
28.11	-7.773	-41.244	-84.2
28.12	-7.775	-41.234	-39.8
28.13	-7.774	-40.622	72.7
28.14	-7.769	-39.658	307.6
28.15	-7.768	-38.645	586.2
28.16	-7.771	-37.694	538.8
28.17	-7.781	-36.844	190.5
28.18	-7.794	-36.086	-47.5
28.19	-7.805	-35.417	-105.5
28.2	-7.809	-35.086	-103.2
28.21	-7.804	-35.105	-71.8
28.22	-7.793	-34.894	-54.4
28.23	-7.777	-33.881	-74.0
28.24	-7.759	-31.745	-83.6
28.25	-7.744	-27.239	-55.6
28.26	-7.732	-16.578	-35.3
28.27	-7.729	5.116	-10.2
28.28	-7.731	31.750	10.9
28.29	-7.737	47.566	11.6
28.3	-7.748	51.003	15.6
28.31	-7.761	51.130	45.6
28.32	-7.773	51.139	97.3
28.33	-7.781	51.139	110.3
28.34	-7.786	51.139	107.1
28.35	-7.789	51.134	126.2
28.36	-7.790	51.044	108.3
28.37	-7.791	48.648	91.2
28.38	-7.790	37.422	89.6
28.39	-7.788	16.436	51.9
28.4	-7.786	-5.694	6.2
28.41	-7.784	-23.139	-37.4
28.42	-7.785	-35.380	-78.2
28.43	-7.790	-43.128	-91.6
28.44	-7.795	-47.656	-107.1
28.45	-7.800	-50.027	-124.8
28.46	-7.806	-50.948	-121.9
28.47	-7.810	-51.133	-114.9
28.48	-7.811	-51.141	-113.4
28.49	-7.808	-51.141	-102.8
28.5	-7.804	-51.141	-92.8
28.51	-7.799	-51.141	-100.0
28.52	-7.798	-51.141	-93.2
28.53	-7.798	-51.139	-77.0
28.54	-7.801	-51.116	-79.6
28.55	-7.804	-50.444	-81.8
28.56	-7.807	-47.173	-88.8
28.57	-7.808	-40.648	-79.6
28.58	-7.809	-32.922	-72.8
28.59	-7.811	-25.570	-93.2
28.6	-7.813	-19.017	-88.0
28.61	-7.816	-13.867	-63.1
28.62	-7.817	-10.644	-72.3
28.63	-7.819	-9.281	-74.3
28.64	-7.819	-9.583	-72.3
28.65	-7.820	-11.448	-82.4
28.66	-7.822	-14.478	-75.4
28.67	-7.826	-18.255	-70.2
28.68	-7.833	-22.298	-74.1
28.69	-7.843	-26.073	-73.9
28.7	-7.856	-29.408	-51.0
28.71	-7.873	-32.377	-11.0
28.72	-7.895	-35.031	30.5
28.73	-7.920	-37.320	45.0
28.74	-7.947	-39.106	7.0
28.75	-7.973	-40.263	-38.5
28.76	-7.996	-40.956	-77.4
28.77	-8.015	-41.558	-85.2
28.78	-8.032	-42.034	-67.8
28.79	-8.049	-42.105	-60.5
28.8	-8.065	-41.761	-32.4
28.81	-8.080	-41.156	51.6
28.82	-8.092	-40.392	259.1
28.83	-8.106	-39.558	562.8
28.84	-8.123	-38.739	604.8
28.85	-8.144	-37.783	279.8
28.86	-8.165	-36.641	-4.6
28.87	-8.184	-35.709	-89.6
28.88	-8.199	-35.219	-94.0
28.89	-8.210	-34.908	-55.3
28.9	-8.216	-34.511	-40.4
28.91	-8.219	-33.822	-68.1
28.92	-8.220	-32.478	-72.6
28.93	-8.221	-29.533	-50.9
28.94	-8.223	-22.272	-22.1
28.95	-8.229	-5.595	-3.3
28.96	-8.241	20.698	-5.9
28.97	-8.254	42.638	18.4
28.98	-8.269	50.419	50.8
28.99	-8.283	51.108	69.4
29.0	-8.294	51.139	83.2
29.01	-8.306	51.139	106.4
29.02	-8.315	51.139	138.9
29.03	-8.323	51.138	144.4
29.04	-8.329	51.119	118.5
29.05	-8.335	50.141	112.8
29.06	-8.339	42.411	112.5
29.07	-8.343	23.025	75.2
29.08	-8.346	-1.416	28.0
29.09	-8.351	-22.102	-15.1
29.1	-8.356	-36.950	-63.4
29.11	-8.364	-46.117	-102.0
29.12	-8.369	-50.180	-104.9
29.13	-8.374	-51.094	-100.6
29.14	-8.379	-51.139	-112.1
29.15	-8.383	-51.141	-90.5
29.16	-8.386	-51.141	-88.5
29.17	-8.387	-51.141	-111.5
29.18	-8.389	-51.141	-98.2
29.19	-8.391	-51.141	-80.3
29.2	-8.393	-51.141	-81.5
29.21	-8.396	-51.139	-80.6
29.22	-8.399	-51.120	-83.5
29.23	-8.401	-50.552	-77.7
29.24	-8.402	-47.486	-66.2
29.25	-8.403	-40.908	-81.1
29.26	-8.405	-32.542	-80.4
29.27	-8.408	-24.233	-64.4
29.28	-8.409	-16.942	-68.6
29.29	-8.411	-11.303	-62.5
29.3	-8.412	-7.609	-55.9
29.31	-8.413	-5.930	-69.2
29.32	-8.414	-6.100	-87.0
29.33	-8.415	-7.872	-75.7
29.34	-8.414	-10.905	-63.4
29.35	-8.413	-14.741	-68.4
29.36	-8.412	-18.952	-53.4
29.37	-8.412	-23.148	-26.4
29.38	-8.412	-27.070	-20.5
29.39	-8.412	-30.564	-22.4
29.4	-8.413	-33.500	14.8
29.41	-8.412	-35.827	36.3
29.42	-8.411	-37.553	-11.3
29.43	-8.410	-38.769	-54.4
29.44	-8.409	-39.573	-61.8
29.45	-8.411	-40.066	-58.5
29.46	-8.414	-40.320	-72.1
29.47	-8.419	-40.234	-68.3
29.48	-8.421	-39.741	-21.9
29.49	-8.418	-39.081	55.4
29.5	-8.412	-38.361	257.9
29.51	-8.410	-37.442	547.8
29.52	-8.412	-36.355	559.7
29.53	-8.413	-35.214	239.6
29.54	-8.413	-34.123	-14.4
29.55	-8.413	-33.366	-73.1
29.56	-8.412	-33.081	-74.0
29.57	-8.410	-32.959	-67.7
29.58	-8.411	-32.723	-67.2
29.59	-8.416	-32.358	-64.5
29.6	-8.419	-31.559	-35.0
29.61	-8.418	-29.430	-14.6
29.62	-8.416	-23.981	-23.2
29.63	-8.419	-10.661	-15.5
29.64	-8.426	13.691	8.7
29.65	-8.434	38.308	26.7
29.66	-8.441	49.542	38.8
29.67	-8.443	51.108	66.1
29.68	-8.438	51.136	100.9
29.69	-8.429	51.139	125.4
29.7	-8.421	51.139	138.7
29.71	-8.419	51.139	136.4
29.72	-8.420	51.119	131.7
29.73	-8.422	50.509	135.2
29.74	-8.424	44.148	110.3
29.75	-8.426	25.611	46.8
29.76	-8.427	-0.020	-4.5
29.77	-8.430	-22.645	-25.4
29.78	-8.435	-38.805	-59.7
29.79	-8.441	-47.817	-88.8
29.8	-8.441	-50.784	-102.2
29.81	-8.436	-51.136	-111.3
29.82	-8.431	-51.141	-116.6
29.83	-8.427	-51.141	-123.1
29.84	-8.422	-51.141	-115.9
29.85	-8.417	-51.141	-108.7
29.86	-8.410	-51.141	-95.9
29.87	-8.405	-51.141	-84.9
29.88	-8.402	-51.141	-92.3
29.89	-8.403	-51.139	-78.7
29.9	-8.404	-51.111	-78.8
29.91	-8.402	-50.383	-101.6
29.92	-8.399	-46.931	-103.0
29.93	-8.393	-39.950	-89.9
29.94	-8.387	-31.263	-74.5
29.95	-8.381	-22.623	-63.3
29.96	-8.376	-14.889	-59.5
29.97	-8.374	-8.883	-74.9
29.98	-8.371	-5.059	-85.1
29.99	-8.367	-3.331	-77.6
30.0	-8.363	-3.628	-85.1
30.01	-8.358	-5.698	-77.5
30.02	-8.352	-9.050	-42.8
30.03	-8.345	-13.325	-3.3
30.04	-8.336	-18.084	26.4
30.05	-8.322	-22.798	10.6
30.06	-8.303	-27.103	-25.3
30.07	-8.278	-30.781	-62.3
30.08	-8.251	-33.788	-97.3
30.09	-8.223	-36.061	-94.4
30.1	-8.199	-37.598	-81.7
30.11	-8.180	-38.605	-72.3
30.12	-8.164	-39.273	-34.4
30.13	-8.147	-39.714	51.0
30.14	-8.125	-39.870	254.7
30.15	-8.103	-39.672	515.1
30.16	-8.081	-39.263	482.4
30.17	-8.061	-38.666	161.5
30.18	-8.044	-37.947	-48.9
30.19	-8.028	-37.441	-84.5
30.2	-8.009	-37.313	-70.3
30.21	-7.984	-37.450	-73.5
30.22	-7.958	-37.594	-94.8
30.23	-7.936	-37.408	-77.4
30.24	-7.913	-36.422	-48.3
30.25	-7.888	-33.852	-33.7
30.26	-7.864	-27.898	-29.1
30.27	-7.845	-14.408	-27.2
30.28	-7.830	10.056	-16.0
30.29	-7.817	36.034	5.5
30.3	-7.806	48.986	30.0
30.31	-7.793	51.095	67.3
30.32	-7.778	51.133	98.8
30.33	-7.764	51.139	114.6
30.34	-7.750	51.139	129.3
30.35	-7.737	51.139	124.1
30.36	-7.725	51.119	104.4
30.37	-7.714	50.589	90.9
30.38	-7.703	44.686	60.8
30.39	-7.692	26.959	27.6
30.4	-7.682	2.031	12.3
30.41	-7.674	-20.219	-24.8
30.42	-7.668	-36.547	-78.5
30.43	-7.666	-46.480	-118.4
30.44	-7.663	-50.420	-137.5
30.45	-7.660	-51.116	-125.1
30.46	-7.658	-51.139	-124.2
30.47	-7.656	-51.141	-130.7
30.48	-7.654	-51.141	-103.7
30.49	-7.652	-51.141	-85.8
30.5	-7.651	-51.141	-101.9
30.51	-7.652	-51.141	-107.3
30.52	-7.656	-51.141	-99.8
30.53	-7.661	-51.141	-100.4
30.54	-7.665	-51.136	-104.5
30.55	-7.669	-50.817	-89.7
30.56	-7.673	-48.481	-72.7
30.57	-7.676	-42.716	-76.9
30.58	-7.678	-34.898	-69.3
30.59	-7.681	-26.855	-63.3
30.6	-7.683	-19.353	-83.1
30.61	-7.684	-13.109	-85.9
30.62	-7.686	-8.698	-72.4
30.63	-7.687	-6.442	-70.3
30.64	-7.688	-6.355	-70.9
30.65	-7.691	-8.070	-66.4
30.66	-7.694	-11.006	-59.2
30.67	-7.699	-14.672	-46.4
30.68	-7.704	-18.703	-19.9
30.69	-7.707	-22.778	-2.4
30.7	-7.708	-26.656	-24.2
30.71	-7.709	-30.105	-58.5
30.72	-7.709	-33.105	-77.6
30.73	-7.711	-35.817	-96.1
30.74	-7.714	-38.153	-108.0
30.75	-7.718	-39.852	-88.9
30.76	-7.721	-40.811	-32.5
30.77	-7.721	-41.219	42.6
30.78	-7.717	-41.264	221.7
30.79	-7.716	-41.072	516.9
30.8	-7.719	-40.913	563.6
30.81	-7.723	-40.789	237.6
30.82	-7.724	-40.633	-59.3
30.83	-7.723	-40.584	-119.1
30.84	-7.718	-40.403	-78.0
30.85	-7.711	-39.856	-66.1
30.86	-7.708	-39.245	-97.6
30.87	-7.708	-38.570	-104.2
30.88	-7.707	-37.145	-74.1
30.89	-7.704	-34.084	-56.3
30.9	-7.703	-27.297	-63.0
30.91	-7.703	-11.595	-57.2
30.92	-7.704	15.141	-13.0
30.93	-7.704	39.822	26.4
30.94	-7.706	49.916	29.0
30.95	-7.705	51.111	34.7
30.96	-7.703	51.139	63.3
30.97	-7.700	51.139	91.6
30.98	-7.697	51.139	91.3
30.99	-7.694	51.139	85.4
31.0	-7.689	51.122	105.9
31.01	-7.685	50.453	119.7
31.02	-7.681	44.116	83.3
31.03	-7.677	26.523	21.6
31.04	-7.674	2.747	-13.8
31.05	-7.675	-18.270	-43.7
31.06	-7.682	-33.791	-82.7
31.07	-7.690	-43.991	-120.5
31.08	-7.696	-49.300	-141.9
31.09	-7.697	-50.955	-122.2
31.1	-7.698	-51.138	-98.6
31.11	-7.698	-51.141	-120.8
31.12	-7.696	-51.141	-151.0
31.13	-7.692	-51.141	-135.0
31.14	-7.686	-51.141	-104.4
31.15	-7.681	-51.141	-102.7
31.16	-7.678	-51.141	-102.5
31.17	-7.678	-51.141	-91.0
31.18	-7.678	-51.136	-90.1
31.19	-7.679	-50.959	-106.0
31.2	-7.680	-49.288	-118.8
31.21	-7.679	-44.444	-98.6
31.22	-7.677	-37.145	-87.6
31.23	-7.674	-29.286	-90.9
31.24	-7.672	-21.877	-83.2
31.25	-7.670	-15.722	-86.1
31.26	-7.669	-11.586	-84.5
31.27	-7.668	-9.703	-87.3
31.28	-7.666	-9.730	-91.3
31.29	-7.665	-11.181	-68.5
31.3	-7.665	-13.614	-40.0
31.31	-7.667	-16.656	6.6
31.32	-7.670	-19.936	36.2
31.33	-7.674	-23.180	-7.4
31.34	-7.678	-26.353	-63.5
31.35	-7.679	-29.330	-89.5
31.36	-7.679	-31.931	-89.2
31.37	-7.680	-34.138	-87.7
31.38	-7.681	-36.041	-100.3
31.39	-7.684	-37.681	-69.2
31.4	-7.686	-38.953	11.3
31.41	-7.686	-39.739	144.1
31.42	-7.683	-39.936	409.6
31.43	-7.683	-39.844	601.2
31.44	-7.689	-39.847	398.8
31.45	-7.697	-39.806	59.6
31.46	-7.707	-39.520	-79.5
31.47	-7.715	-39.141	-90.9
31.48	-7.715	-38.873	-86.7
31.49	-7.707	-38.733	-91.5
31.5	-7.695	-38.406	-66.4
31.51	-7.683	-37.455	-57.3
31.52	-7.670	-35.403	-75.0
31.53	-7.661	-30.639	-63.2
31.54	-7.659	-18.906	-35.3
31.55	-7.665	4.520	-12.4
31.56	-7.679	32.152	-4.2
31.57	-7.695	47.819	9.0
31.58	-7.707	51.020	33.8
31.59	-7.714	51.130	64.8
