Interval=	0.01 s
ExcelDateTime=	3.9777408341083901e+004	25/11/2008 9:48:00.669649
TimeFormat=	StartOfBlock
ChannelTitle=	Channel 1	Channel 2	Channel 3
Range=	20.000 mV	50.000 mV	1000.0 µV
0.0	-7.619	-49.809	-8.7
0.01	-7.618	-50.689	-50.6
0.02	-7.618	-51.088	-88.5
0.03	-7.618	-51.139	-68.1
0.04	-7.618	-51.138	-34.3
0.05	-7.620	-51.056	-8.1
0.06	-7.624	-50.041	-13.6
0.07	-7.631	-46.834	-69.9
0.08	-7.637	-42.020	-92.2
0.09	-7.643	-36.719	-45.5
0.1	-7.649	-30.564	-44.7
0.11	-7.654	-23.381	-78.9
0.12	-7.657	-16.125	-45.6
0.13	-7.661	-9.880	-21.5
0.14	-7.666	-5.444	-67.7
0.15	-7.672	-3.458	-71.2
0.16	-7.679	-3.336	-37.0
0.17	-7.687	-3.852	-59.5
0.18	-7.697	-4.892	-44.5
0.19	-7.709	-6.902	13.8
0.2	-7.723	-9.694	-5.1
0.21	-7.737	-12.698	-20.2
0.22	-7.751	-15.673	29.4
0.23	-7.764	-18.778	30.8
0.24	-7.776	-22.003	-32.8
0.25	-7.789	-24.800	-74.5
0.26	-7.802	-26.845	-86.4
0.27	-7.816	-28.241	-56.2
0.28	-7.829	-28.881	-28.6
0.29	-7.844	-28.816	-41.2
0.3	-7.860	-28.538	-7.5
0.31	-7.870	-28.380	99.3
0.32	-7.876	-28.197	297.8
0.33	-7.885	-28.030	475.6
0.34	-7.898	-28.261	377.7
0.35	-7.911	-28.602	101.9
0.36	-7.919	-28.300	-65.6
0.37	-7.926	-27.622	-85.7
0.38	-7.931	-27.550	-66.3
0.39	-7.934	-28.128	-92.8
0.4	-7.934	-28.466	-113.8
0.41	-7.934	-28.205	-63.7
0.42	-7.934	-27.683	-21.2
0.43	-7.938	-26.592	-36.3
0.44	-7.944	-22.825	-54.2
0.45	-7.954	-13.861	-14.0
0.46	-7.964	0.058	-1.5
0.47	-7.974	20.219	-55.4
0.48	-7.983	40.409	-1.2
0.49	-7.991	49.720	95.9
0.5	-7.998	51.108	94.4
0.51	-8.004	51.134	44.9
0.52	-8.008	51.139	34.5
0.53	-8.012	51.139	90.7
0.54	-8.016	51.136	92.3
0.55	-8.020	51.106	75.8
0.56	-8.024	49.870	90.4
0.57	-8.027	42.398	56.7
0.58	-8.030	26.222	-14.9
0.59	-8.034	7.197	-83.5
0.6	-8.039	-9.477	-86.7
0.61	-8.047	-23.008	-75.6
0.62	-8.055	-33.334	-102.5
0.63	-8.061	-40.758	-111.3
0.64	-8.068	-45.689	-123.6
0.65	-8.076	-48.553	-143.8
0.66	-8.082	-50.122	-111.3
0.67	-8.086	-50.914	-97.9
0.68	-8.089	-51.128	-101.1
0.69	-8.093	-51.141	-82.6
0.7	-8.098	-51.139	-81.2
0.71	-8.101	-51.125	-76.1
0.72	-8.106	-50.758	-98.2
0.73	-8.111	-49.089	-106.9
0.74	-8.116	-45.844	-93.1
0.75	-8.121	-41.672	-82.3
0.76	-8.127	-36.766	-68.8
0.77	-8.131	-31.350	-79.5
0.78	-8.136	-25.777	-83.3
0.79	-8.140	-20.300	-88.4
0.8	-8.144	-15.750	-86.0
0.81	-8.148	-12.636	-70.1
0.82	-8.149	-10.484	-93.9
0.83	-8.150	-9.148	-98.4
0.84	-8.152	-9.222	-51.4
0.85	-8.154	-10.672	-61.6
0.86	-8.158	-12.513	-93.2
0.87	-8.161	-14.306	-99.0
0.88	-8.164	-16.417	-95.2
0.89	-8.167	-18.931	-65.7
0.9	-8.169	-21.520	-68.7
0.91	-8.173	-23.909	-68.3
0.92	-8.178	-26.095	-37.7
0.93	-8.182	-28.178	-16.8
0.94	-8.185	-30.013	15.9
0.95	-8.188	-31.309	12.9
0.96	-8.189	-31.947	-26.6
0.97	-8.189	-31.873	-71.1
0.98	-8.191	-31.483	-82.5
0.99	-8.192	-31.367	-41.4
1.0	-8.195	-31.441	-67.7
1.01	-8.200	-31.397	-114.2
1.02	-8.203	-31.220	-63.8
1.03	-8.202	-30.789	-4.8
1.04	-8.195	-30.056	115.2
1.05	-8.189	-29.458	391.1
1.06	-8.189	-29.036	549.0
1.07	-8.196	-28.352	334.9
1.08	-8.202	-27.408	19.2
1.09	-8.205	-26.417	-86.5
1.1	-8.204	-25.733	-98.3
1.11	-8.201	-25.498	-108.5
1.12	-8.199	-25.530	-73.6
1.13	-8.198	-25.923	-56.9
1.14	-8.194	-26.295	-60.5
1.15	-8.190	-25.677	-64.3
1.16	-8.188	-23.473	-61.1
1.17	-8.189	-18.359	-22.9
1.18	-8.196	-6.769	-9.3
1.19	-8.202	14.036	-16.4
1.2	-8.207	36.636	9.5
1.21	-8.212	48.722	61.1
1.22	-8.216	51.058	48.8
1.23	-8.218	51.133	14.1
1.24	-8.219	51.139	65.7
1.25	-8.220	51.139	131.8
1.26	-8.219	51.139	132.8
1.27	-8.218	51.128	92.2
1.28	-8.217	50.914	100.2
1.29	-8.217	47.581	89.4
1.3	-8.217	35.872	20.4
1.31	-8.217	17.106	-7.2
1.32	-8.219	-1.556	-45.6
1.33	-8.223	-16.522	-104.5
1.34	-8.231	-27.834	-96.4
1.35	-8.238	-35.836	-87.4
1.36	-8.242	-41.064	-125.6
1.37	-8.248	-44.675	-126.4
1.38	-8.254	-47.244	-97.0
1.39	-8.259	-49.011	-122.8
1.4	-8.262	-50.328	-136.5
1.41	-8.262	-51.016	-87.1
1.42	-8.262	-51.138	-86.3
1.43	-8.266	-51.139	-112.6
1.44	-8.271	-51.050	-76.8
1.45	-8.275	-50.192	-49.1
1.46	-8.279	-47.552	-89.7
1.47	-8.284	-43.450	-140.7
1.48	-8.288	-39.092	-110.3
1.49	-8.292	-34.536	-66.4
1.5	-8.295	-29.331	-83.8
1.51	-8.299	-23.802	-86.4
1.52	-8.303	-18.605	-71.3
1.53	-8.306	-14.448	-69.9
1.54	-8.308	-11.595	-83.9
1.55	-8.311	-9.986	-108.1
1.56	-8.314	-9.719	-108.5
1.57	-8.318	-10.547	-64.1
1.58	-8.321	-12.027	-54.9
1.59	-8.326	-13.717	-79.2
1.6	-8.329	-15.583	-81.0
1.61	-8.333	-17.742	-74.9
1.62	-8.336	-20.005	-44.0
1.63	-8.339	-22.245	-29.7
1.64	-8.342	-24.244	4.4
1.65	-8.346	-25.981	21.8
1.66	-8.348	-27.775	-39.9
1.67	-8.348	-29.617	-81.0
1.68	-8.348	-31.198	-71.0
1.69	-8.348	-32.367	-58.1
1.7	-8.348	-32.986	-78.0
1.71	-8.349	-32.970	-87.6
1.72	-8.348	-32.431	-54.4
1.73	-8.341	-31.605	40.1
1.74	-8.331	-30.891	255.3
1.75	-8.327	-30.450	526.8
1.76	-8.332	-30.094	516.2
1.77	-8.341	-29.677	188.3
1.78	-8.350	-29.166	-61.2
1.79	-8.354	-28.552	-103.7
1.8	-8.352	-27.972	-96.2
1.81	-8.343	-27.800	-85.0
1.82	-8.333	-28.027	-49.8
1.83	-8.328	-28.150	-62.2
1.84	-8.323	-27.750	-77.7
1.85	-8.316	-26.995	-59.3
1.86	-8.308	-25.109	-55.1
1.87	-8.302	-18.511	-29.1
1.88	-8.298	-2.731	3.4
1.89	-8.298	21.403	17.8
1.9	-8.300	42.036	37.6
1.91	-8.304	50.159	45.3
1.92	-8.307	51.117	35.6
1.93	-8.310	51.138	57.5
1.94	-8.313	51.139	127.4
1.95	-8.315	51.139	172.5
1.96	-8.315	51.136	133.9
1.97	-8.313	51.105	110.4
1.98	-8.309	49.888	97.2
1.99	-8.306	42.698	40.7
2.0	-8.301	27.156	28.8
2.01	-8.298	8.608	6.1
2.02	-8.298	-7.861	-45.8
2.03	-8.303	-21.053	-104.2
2.04	-8.309	-30.781	-162.4
2.05	-8.314	-37.442	-144.1
2.06	-8.317	-41.800	-112.0
2.07	-8.321	-44.720	-133.4
2.08	-8.324	-47.170	-131.3
2.09	-8.324	-49.433	-87.4
2.1	-8.321	-50.783	-81.4
2.11	-8.316	-51.123	-120.2
2.12	-8.311	-51.139	-130.4
2.13	-8.309	-51.122	-104.1
2.14	-8.309	-50.717	-83.8
2.15	-8.311	-48.931	-88.0
2.16	-8.316	-45.311	-83.5
2.17	-8.321	-40.620	-81.3
2.18	-8.325	-35.544	-110.7
2.19	-8.328	-30.227	-104.9
2.2	-8.331	-25.006	-81.2
2.21	-8.335	-20.359	-97.0
2.22	-8.340	-16.472	-90.9
2.23	-8.346	-13.455	-76.0
2.24	-8.353	-11.484	-70.8
2.25	-8.363	-10.594	-56.7
2.26	-8.375	-10.586	-61.8
2.27	-8.391	-11.338	-89.4
2.28	-8.407	-12.673	-95.6
2.29	-8.424	-14.272	-62.8
2.3	-8.439	-16.198	-39.9
2.31	-8.451	-18.553	3.9
2.32	-8.459	-21.042	19.7
2.33	-8.463	-23.322	-37.8
2.34	-8.464	-25.444	-64.9
2.35	-8.463	-27.603	-68.9
2.36	-8.459	-29.461	-90.5
2.37	-8.456	-30.723	-94.0
2.38	-8.451	-31.708	-63.7
2.39	-8.444	-32.436	-34.7
2.4	-8.434	-32.672	-2.9
2.41	-8.422	-32.638	170.4
2.42	-8.414	-32.531	518.4
2.43	-8.412	-32.289	579.5
2.44	-8.413	-31.842	219.0
2.45	-8.411	-31.400	-48.6
2.46	-8.405	-31.050	-95.1
2.47	-8.395	-30.623	-84.3
2.48	-8.384	-30.303	-58.0
2.49	-8.373	-30.311	-45.1
2.5	-8.361	-30.433	-35.3
2.51	-8.347	-30.111	-59.0
2.52	-8.332	-28.792	-57.6
2.53	-8.320	-26.070	-3.4
2.54	-8.310	-20.408	-13.9
2.55	-8.303	-7.873	-24.2
2.56	-8.296	13.948	11.8
2.57	-8.289	36.884	69.6
2.58	-8.283	48.825	104.5
2.59	-8.276	51.064	62.1
2.6	-8.268	51.133	69.6
2.61	-8.259	51.139	143.1
2.62	-8.251	51.139	177.1
2.63	-8.243	51.139	165.5
2.64	-8.236	51.125	143.8
2.65	-8.229	50.848	133.8
2.66	-8.221	47.041	89.9
2.67	-8.211	34.361	32.2
2.68	-8.200	14.878	-0.4
2.69	-8.189	-4.234	-55.3
2.7	-8.181	-19.841	-78.6
2.71	-8.173	-31.450	-86.7
2.72	-8.164	-39.031	-108.9
2.73	-8.156	-43.380	-103.5
2.74	-8.149	-45.955	-116.2
2.75	-8.143	-47.863	-113.9
2.76	-8.136	-49.478	-107.5
2.77	-8.127	-50.616	-90.4
2.78	-8.117	-51.075	-77.2
2.79	-8.107	-51.139	-89.1
2.8	-8.097	-51.136	-73.9
2.81	-8.089	-50.867	-80.5
2.82	-8.082	-49.028	-86.3
2.83	-8.076	-44.703	-88.2
2.84	-8.068	-39.092	-124.8
2.85	-8.061	-33.536	-101.4
2.86	-8.055	-28.155	-27.1
2.87	-8.048	-22.736	-14.7
2.88	-8.040	-17.452	-71.0
2.89	-8.031	-12.789	-95.1
2.9	-8.023	-9.294	-52.3
2.91	-8.015	-7.458	-30.0
2.92	-8.006	-7.002	-23.7
2.93	-7.996	-7.227	-6.1
2.94	-7.986	-7.920	-1.8
2.95	-7.976	-9.205	-25.9
2.96	-7.967	-11.036	-51.6
2.97	-7.959	-13.077	-87.5
2.98	-7.954	-15.289	-101.3
2.99	-7.950	-17.827	-47.7
3.0	-7.948	-20.381	-45.0
3.01	-7.949	-22.783	-65.8
3.02	-7.946	-25.245	35.8
3.03	-7.938	-27.544	239.3
3.04	-7.931	-29.242	440.3
3.05	-7.928	-30.427	407.4
3.06	-7.922	-31.202	137.3
3.07	-7.912	-31.463	-51.4
3.08	-7.901	-31.289	-105.9
3.09	-7.893	-30.769	-63.7
3.1	-7.885	-30.230	-18.0
3.11	-7.877	-30.031	-65.8
3.12	-7.867	-30.031	-62.2
3.13	-7.854	-30.034	-22.0
3.14	-7.840	-29.880	-7.2
3.15	-7.830	-28.791	14.3
3.16	-7.824	-24.663	-14.8
3.17	-7.822	-14.084	-42.9
3.18	-7.821	5.717	11.8
3.19	-7.818	30.069	79.9
3.2	-7.814	46.314	108.9
3.21	-7.809	50.870	80.8
3.22	-7.801	51.125	75.1
3.23	-7.793	51.139	153.4
3.24	-7.788	51.139	184.9
3.25	-7.784	51.139	145.9
3.26	-7.780	51.123	137.8
3.27	-7.776	50.772	132.8
3.28	-7.771	46.522	65.1
3.29	-7.765	33.172	23.9
3.3	-7.759	13.409	-12.6
3.31	-7.753	-5.513	-49.9
3.32	-7.752	-20.581	-52.6
3.33	-7.754	-31.733	-90.4
3.34	-7.754	-39.900	-94.6
3.35	-7.753	-45.778	-76.6
3.36	-7.751	-49.377	-81.3
3.37	-7.746	-50.855	-78.9
3.38	-7.738	-51.131	-85.8
3.39	-7.731	-51.141	-82.8
3.4	-7.724	-51.141	-70.4
3.41	-7.720	-51.141	-79.9
3.42	-7.718	-51.138	-82.2
3.43	-7.717	-51.022	-53.0
3.44	-7.718	-49.781	-18.7
3.45	-7.719	-45.806	-21.9
3.46	-7.719	-39.248	-50.8
3.47	-7.719	-31.803	-71.7
3.48	-7.719	-24.417	-93.8
3.49	-7.720	-17.308	-74.5
3.5	-7.722	-10.981	-11.4
3.51	-7.722	-6.097	35.7
3.52	-7.721	-2.947	18.6
3.53	-7.719	-1.389	-0.3
3.54	-7.716	-1.064	40.9
3.55	-7.713	-1.800	16.7
3.56	-7.709	-3.422	-42.8
3.57	-7.706	-5.716	-65.9
3.58	-7.707	-8.606	-79.4
3.59	-7.710	-12.175	-62.4
3.6	-7.717	-16.309	-33.1
3.61	-7.728	-20.363	3.8
3.62	-7.737	-23.927	19.4
3.63	-7.736	-26.831	75.8
3.64	-7.731	-28.736	253.3
3.65	-7.731	-29.792	424.2
3.66	-7.734	-30.413	361.8
3.67	-7.736	-30.642	108.0
3.68	-7.737	-30.566	-46.7
3.69	-7.739	-30.438	-43.4
3.7	-7.741	-30.414	-5.8
3.71	-7.737	-30.427	-30.9
3.72	-7.731	-30.225	-72.7
3.73	-7.726	-29.452	-48.6
3.74	-7.721	-28.202	-7.3
3.75	-7.719	-26.742	3.7
3.76	-7.719	-23.888	8.4
3.77	-7.723	-16.364	15.4
3.78	-7.724	0.006	19.5
3.79	-7.723	24.075	32.2
3.8	-7.717	43.523	47.2
3.81	-7.708	50.453	79.8
3.82	-7.699	51.116	121.5
3.83	-7.691	51.139	115.3
3.84	-7.684	51.139	113.3
3.85	-7.679	51.139	152.3
3.86	-7.676	51.127	145.8
3.87	-7.674	50.886	116.8
3.88	-7.673	47.103	99.9
3.89	-7.671	34.066	62.4
3.9	-7.668	13.923	17.8
3.91	-7.664	-5.439	-37.9
3.92	-7.661	-20.703	-76.7
3.93	-7.663	-31.742	-51.4
3.94	-7.669	-38.873	-43.7
3.95	-7.675	-43.184	-73.6
3.96	-7.678	-46.397	-59.3
3.97	-7.678	-49.088	-58.3
3.98	-7.679	-50.636	-87.6
3.99	-7.684	-51.094	-83.7
4.0	-7.691	-51.139	-67.0
4.01	-7.701	-51.141	-70.3
4.02	-7.714	-51.141	-84.5
4.03	-7.726	-51.138	-52.7
4.04	-7.739	-50.988	-25.6
4.05	-7.751	-49.481	-40.2
4.06	-7.763	-44.853	-39.2
4.07	-7.777	-37.645	-46.2
4.08	-7.793	-29.819	-70.1
4.09	-7.807	-22.027	-77.6
4.1	-7.819	-14.728	-54.8
4.11	-7.833	-9.034	-25.5
4.12	-7.846	-5.541	-8.6
4.13	-7.858	-3.930	4.8
4.14	-7.870	-3.847	24.5
4.15	-7.881	-5.317	27.6
4.16	-7.891	-7.980	-29.7
4.17	-7.901	-10.859	-94.0
4.18	-7.907	-13.655	-82.9
4.19	-7.915	-16.934	-37.6
4.2	-7.925	-20.717	-48.9
4.21	-7.938	-24.425	-110.9
4.22	-7.951	-27.739	-96.5
4.23	-7.963	-30.583	15.8
4.24	-7.968	-32.741	139.8
4.25	-7.971	-34.127	309.2
4.26	-7.978	-34.789	419.5
4.27	-7.987	-34.913	267.7
4.28	-7.994	-34.906	49.8
4.29	-7.999	-35.013	-33.5
4.3	-8.003	-35.020	-75.3
4.31	-8.007	-34.720	-117.3
4.32	-8.009	-34.306	-120.6
4.33	-8.008	-33.686	-88.7
4.34	-8.006	-32.444	-72.7
4.35	-8.006	-30.639	-43.1
4.36	-8.009	-27.891	-11.0
4.37	-8.014	-21.914	-27.2
4.38	-8.020	-8.684	-31.8
4.39	-8.027	13.911	-4.5
4.4	-8.034	37.219	11.7
4.41	-8.041	48.994	8.1
4.42	-8.048	51.078	3.3
4.43	-8.055	51.133	29.2
4.44	-8.060	51.139	89.7
4.45	-8.064	51.139	140.0
4.46	-8.068	51.131	121.7
4.47	-8.073	50.989	84.6
4.48	-8.075	48.045	66.3
4.49	-8.076	36.427	24.9
4.5	-8.078	17.027	6.0
4.51	-8.079	-1.913	-25.4
4.52	-8.082	-16.188	-69.2
4.53	-8.086	-26.039	-68.2
4.54	-8.092	-32.258	-96.7
4.55	-8.098	-35.967	-137.6
4.56	-8.105	-38.655	-142.4
4.57	-8.113	-41.500	-131.8
4.58	-8.121	-45.173	-91.1
4.59	-8.127	-48.831	-78.3
4.6	-8.131	-50.750	-110.4
4.61	-8.136	-51.127	-104.1
4.62	-8.140	-51.139	-95.0
4.63	-8.144	-51.141	-106.9
4.64	-8.149	-51.136	-95.1
4.65	-8.155	-50.877	-97.0
4.66	-8.161	-49.027	-127.1
4.67	-8.168	-44.306	-118.8
4.68	-8.174	-37.469	-72.0
4.69	-8.181	-30.203	-41.2
4.7	-8.185	-23.622	-53.7
4.71	-8.188	-17.981	-99.3
4.72	-8.189	-13.086	-130.7
4.73	-8.191	-9.198	-94.0
4.74	-8.193	-7.278	-64.2
4.75	-8.195	-7.783	-109.1
4.76	-8.199	-10.022	-110.2
4.77	-8.203	-13.213	-42.2
4.78	-8.207	-16.552	-41.1
4.79	-8.211	-19.656	-94.1
4.8	-8.214	-22.966	-72.7
4.81	-8.218	-26.280	-22.0
4.82	-8.221	-28.983	-1.5
4.83	-8.222	-31.300	-0.8
4.84	-8.223	-33.366	-45.6
4.85	-8.224	-34.939	-101.8
4.86	-8.226	-35.727	-106.1
4.87	-8.229	-35.247	-99.6
4.88	-8.231	-34.120	-100.3
4.89	-8.232	-33.550	-60.8
4.9	-8.230	-33.294	-8.9
4.91	-8.223	-32.772	85.5
4.92	-8.216	-31.998	341.0
4.93	-8.216	-30.922	528.0
4.94	-8.224	-29.722	316.4
4.95	-8.232	-28.769	18.8
4.96	-8.236	-28.436	-52.3
4.97	-8.232	-28.900	-62.5
4.98	-8.226	-29.683	-96.6
4.99	-8.219	-29.973	-122.2
5.0	-8.214	-29.573	-111.6
5.01	-8.208	-28.691	-68.3
5.02	-8.204	-26.908	-62.9
5.03	-8.202	-22.702	-84.5
5.04	-8.202	-12.816	-68.1
5.05	-8.204	6.406	-38.7
5.06	-8.209	30.647	-40.0
5.07	-8.215	46.645	-23.8
5.08	-8.221	50.914	32.0
5.09	-8.224	51.128	79.2
5.1	-8.225	51.139	81.7
5.11	-8.225	51.139	37.7
5.12	-8.223	51.139	41.3
5.13	-8.221	51.125	101.7
5.14	-8.220	50.506	86.8
5.15	-8.219	45.025	67.6
5.16	-8.218	30.247	102.9
5.17	-8.216	10.517	69.9
5.18	-8.216	-6.842	-6.2
5.19	-8.218	-19.569	-91.9
5.2	-8.221	-28.311	-140.9
5.21	-8.225	-34.508	-110.8
5.22	-8.228	-39.217	-105.9
5.23	-8.231	-43.097	-153.3
5.24	-8.234	-46.741	-168.6
5.25	-8.237	-49.666	-88.5
5.26	-8.238	-50.948	-57.3
5.27	-8.238	-51.138	-125.1
5.28	-8.235	-51.141	-117.2
5.29	-8.232	-51.141	-105.1
5.3	-8.234	-51.139	-130.2
5.31	-8.238	-51.114	-115.5
5.32	-8.241	-50.503	-85.3
5.33	-8.242	-47.725	-67.9
5.34	-8.246	-42.253	-102.3
5.35	-8.250	-35.672	-108.0
5.36	-8.253	-29.430	-80.2
5.37	-8.256	-23.856	-102.8
5.38	-8.256	-18.864	-107.9
5.39	-8.256	-14.813	-76.4
5.4	-8.254	-12.284	-88.0
5.41	-8.253	-11.188	-102.2
5.42	-8.254	-11.230	-103.4
5.43	-8.257	-12.686	-104.6
5.44	-8.261	-15.314	-66.8
5.45	-8.264	-18.072	-62.8
5.46	-8.267	-20.461	-78.1
5.47	-8.270	-22.736	-43.9
5.48	-8.273	-25.181	11.0
5.49	-8.277	-27.742	36.9
5.5	-8.280	-30.109	-20.0
5.51	-8.283	-32.039	-102.3
5.52	-8.283	-33.477	-126.3
5.53	-8.284	-34.380	-104.7
5.54	-8.285	-34.722	-88.9
5.55	-8.287	-34.423	-75.5
5.56	-8.288	-33.680	-55.7
5.57	-8.285	-32.741	-27.5
5.58	-8.277	-31.639	148.0
5.59	-8.269	-30.639	431.4
5.6	-8.270	-29.938	537.0
5.61	-8.279	-29.464	320.7
5.62	-8.289	-29.169	18.1
5.63	-8.297	-28.892	-110.2
5.64	-8.299	-28.628	-112.4
5.65	-8.295	-28.848	-70.3
5.66	-8.285	-29.598	-49.3
5.67	-8.274	-29.963	-87.7
5.68	-8.267	-28.956	-95.8
5.69	-8.267	-26.381	-71.7
5.7	-8.268	-21.606	-71.3
5.71	-8.262	-11.991	-57.4
5.72	-8.258	6.241	-28.3
5.73	-8.258	29.952	11.9
5.74	-8.261	46.283	46.8
5.75	-8.263	50.878	49.8
5.76	-8.262	51.127	36.2
5.77	-8.257	51.139	39.8
5.78	-8.249	51.139	76.4
5.79	-8.241	51.138	107.5
5.8	-8.233	51.125	121.7
5.81	-8.226	50.383	127.4
5.82	-8.220	44.628	73.3
5.83	-8.216	30.333	4.7
5.84	-8.214	11.961	11.1
5.85	-8.216	-4.577	0.1
5.86	-8.219	-17.341	-86.1
5.87	-8.226	-26.241	-149.4
5.88	-8.234	-32.428	-148.0
5.89	-8.242	-37.436	-112.7
5.9	-8.249	-42.142	-119.3
5.91	-8.256	-46.480	-155.7
5.92	-8.261	-49.631	-119.0
5.93	-8.264	-50.941	-98.4
5.94	-8.264	-51.136	-120.8
5.95	-8.261	-51.141	-115.7
5.96	-8.258	-51.141	-104.5
5.97	-8.256	-51.138	-97.2
5.98	-8.255	-51.080	-96.7
5.99	-8.256	-50.100	-103.0
6.0	-8.257	-46.328	-125.5
6.01	-8.259	-39.511	-130.1
6.02	-8.260	-31.752	-114.4
6.03	-8.262	-24.880	-68.2
6.04	-8.263	-19.269	-55.8
6.05	-8.264	-14.713	-129.1
6.06	-8.265	-11.472	-122.4
6.07	-8.264	-9.870	-57.8
6.08	-8.263	-9.784	-59.8
6.09	-8.261	-10.892	-85.3
6.1	-8.260	-12.772	-100.9
6.11	-8.260	-15.145	-90.8
6.12	-8.261	-17.938	-65.9
6.13	-8.266	-20.856	-58.0
6.14	-8.272	-23.519	-28.5
6.15	-8.280	-25.925	-5.8
6.16	-8.289	-28.120	-0.1
6.17	-8.297	-30.086	-5.4
6.18	-8.304	-31.830	-56.1
6.19	-8.309	-33.092	-107.5
6.2	-8.315	-33.845	-123.4
6.21	-8.323	-34.303	-103.4
6.22	-8.333	-34.433	-68.3
6.23	-8.342	-34.302	-4.8
6.24	-8.349	-33.948	134.3
6.25	-8.355	-33.244	374.0
6.26	-8.367	-32.214	552.1
6.27	-8.384	-31.205	371.7
6.28	-8.399	-30.427	47.8
6.29	-8.409	-29.602	-69.3
6.3	-8.411	-28.722	-84.6
6.31	-8.409	-28.083	-71.9
6.32	-8.402	-27.798	-45.1
6.33	-8.394	-27.792	-71.1
6.34	-8.385	-27.742	-106.3
6.35	-8.376	-26.995	-89.6
6.36	-8.367	-24.577	-47.4
6.37	-8.361	-18.278	-6.4
6.38	-8.355	-3.909	-0.7
6.39	-8.352	19.408	-1.7
6.4	-8.350	40.809	17.6
6.41	-8.349	49.917	25.1
6.42	-8.345	51.114	57.5
6.43	-8.339	51.136	99.4
6.44	-8.332	51.139	113.9
6.45	-8.322	51.139	134.7
6.46	-8.313	51.127	137.6
6.47	-8.303	50.911	112.7
6.48	-8.293	47.269	131.3
6.49	-8.283	34.500	115.9
6.5	-8.274	14.730	29.3
6.51	-8.265	-3.875	-4.1
6.52	-8.256	-17.739	-37.7
6.53	-8.246	-27.073	-98.2
6.54	-8.238	-32.969	-117.1
6.55	-8.231	-37.027	-108.6
6.56	-8.223	-40.744	-99.4
6.57	-8.216	-44.823	-108.7
6.58	-8.211	-48.608	-92.9
6.59	-8.203	-50.667	-59.9
6.6	-8.193	-51.122	-101.0
6.61	-8.183	-51.139	-135.3
6.62	-8.171	-51.141	-97.1
6.63	-8.161	-51.136	-89.5
6.64	-8.153	-50.988	-106.0
6.65	-8.146	-49.502	-99.3
6.66	-8.139	-45.188	-84.2
6.67	-8.132	-38.778	-57.4
6.68	-8.125	-31.648	-61.9
6.69	-8.119	-24.416	-83.0
6.7	-8.113	-17.980	-53.5
6.71	-8.105	-13.084	-36.9
6.72	-8.097	-9.816	-72.2
6.73	-8.089	-7.767	-85.3
6.74	-8.083	-6.922	-60.8
6.75	-8.078	-7.563	-40.9
6.76	-8.072	-9.569	-32.4
6.77	-8.068	-12.692	-8.3
6.78	-8.062	-16.522	31.8
6.79	-8.057	-20.334	17.2
6.8	-8.051	-23.800	-35.0
6.81	-8.044	-27.070	-42.9
6.82	-8.035	-29.970	-41.3
6.83	-8.028	-31.891	-54.9
6.84	-8.023	-32.730	-60.7
6.85	-8.018	-33.063	-39.0
6.86	-8.014	-33.044	-19.1
6.87	-8.008	-32.688	17.0
6.88	-7.998	-32.300	208.8
6.89	-7.991	-31.975	471.9
6.9	-7.990	-31.263	460.5
6.91	-7.989	-30.250	164.6
6.92	-7.986	-29.970	-8.4
6.93	-7.982	-30.544	-27.5
6.94	-7.981	-31.144	-86.4
6.95	-7.984	-31.208	-90.9
6.96	-7.985	-30.734	-46.7
6.97	-7.981	-29.858	-37.1
6.98	-7.972	-28.513	-37.3
6.99	-7.963	-26.613	-23.6
7.0	-7.956	-23.348	-4.7
7.01	-7.956	-16.030	-2.3
7.02	-7.956	-0.347	-1.8
7.03	-7.954	23.344	0.9
7.04	-7.949	43.077	23.2
7.05	-7.944	50.370	86.6
7.06	-7.938	51.116	114.9
7.07	-7.933	51.139	100.2
7.08	-7.928	51.139	131.1
7.09	-7.922	51.139	175.5
7.1	-7.915	51.123	180.8
7.11	-7.907	50.397	150.3
7.12	-7.899	44.258	102.9
7.13	-7.893	28.266	62.1
7.14	-7.888	7.523	29.6
7.15	-7.883	-10.489	-17.5
7.16	-7.878	-24.081	-67.8
7.17	-7.876	-33.806	-65.9
7.18	-7.877	-40.211	-54.7
7.19	-7.877	-44.105	-74.6
7.2	-7.874	-46.909	-75.7
7.21	-7.870	-49.330	-68.3
7.22	-7.864	-50.763	-109.3
7.23	-7.859	-51.123	-109.1
7.24	-7.852	-51.139	-63.3
7.25	-7.845	-51.141	-61.0
7.26	-7.839	-51.141	-69.5
7.27	-7.834	-51.136	-72.4
7.28	-7.831	-50.986	-65.5
7.29	-7.829	-49.358	-69.6
7.3	-7.827	-44.372	-95.8
7.31	-7.826	-36.828	-69.8
7.32	-7.823	-28.858	-24.1
7.33	-7.819	-21.242	-16.4
7.34	-7.814	-14.339	-18.2
7.35	-7.809	-8.720	-24.4
7.36	-7.806	-4.977	-36.4
7.37	-7.803	-3.483	-35.7
7.38	-7.798	-4.006	-31.6
7.39	-7.796	-5.253	-18.2
7.4	-7.797	-6.650	19.2
7.41	-7.798	-9.003	49.4
7.42	-7.796	-12.573	26.5
7.43	-7.796	-17.175	-49.2
7.44	-7.796	-22.169	-81.0
7.45	-7.796	-26.700	-57.4
7.46	-7.799	-30.008	-36.1
7.47	-7.804	-31.623	-31.1
7.48	-7.810	-31.977	-31.2
7.49	-7.811	-31.942	-1.4
7.5	-7.806	-32.106	138.7
7.51	-7.801	-32.295	383.9
7.52	-7.801	-32.564	471.8
7.53	-7.801	-33.278	265.8
7.54	-7.797	-34.123	34.1
7.55	-7.792	-34.592	-17.7
7.56	-7.788	-34.380	-23.3
7.57	-7.785	-33.256	-57.3
7.58	-7.781	-31.652	-63.7
7.59	-7.774	-30.269	-44.3
7.6	-7.768	-29.258	-31.7
7.61	-7.763	-28.034	-22.1
7.62	-7.759	-25.220	6.5
7.63	-7.758	-18.152	23.3
7.64	-7.758	-2.534	19.5
7.65	-7.761	21.667	4.4
7.66	-7.764	42.350	20.8
7.67	-7.768	50.258	50.5
7.68	-7.769	51.117	65.5
7.69	-7.771	51.139	128.8
7.7	-7.773	51.139	181.2
7.71	-7.776	51.139	163.8
7.72	-7.776	51.122	104.4
7.73	-7.773	50.694	76.2
7.74	-7.766	45.869	88.6
7.75	-7.758	31.331	95.2
7.76	-7.751	10.575	53.8
7.77	-7.745	-8.519	-9.8
7.78	-7.741	-22.973	-41.1
7.79	-7.743	-32.975	-57.3
7.8	-7.753	-39.634	-49.3
7.81	-7.766	-44.034	-47.2
7.82	-7.777	-47.045	-80.7
7.83	-7.782	-49.277	-120.3
7.84	-7.781	-50.656	-110.2
7.85	-7.777	-51.102	-51.6
7.86	-7.773	-51.139	-50.8
7.87	-7.771	-51.141	-116.6
7.88	-7.771	-51.141	-109.1
7.89	-7.773	-51.139	-37.4
7.9	-7.777	-51.134	1.8
7.91	-7.784	-50.744	-40.6
7.92	-7.794	-47.920	-99.2
7.93	-7.806	-41.198	-54.0
7.94	-7.817	-32.563	-42.6
7.95	-7.829	-24.083	-82.4
7.96	-7.839	-16.480	-68.6
7.97	-7.851	-10.663	-54.1
7.98	-7.864	-7.123	-39.6
7.99	-7.879	-5.803	-32.5
8.0	-7.892	-6.466	-35.5
8.01	-7.906	-8.752	-22.3
8.02	-7.919	-12.188	-16.7
8.03	-7.934	-16.242	-17.4
8.04	-7.949	-20.283	16.7
8.05	-7.961	-24.033	17.8
8.06	-7.972	-27.594	-41.7
8.07	-7.981	-30.444	-56.7
8.08	-7.989	-31.898	-77.8
8.09	-7.999	-32.353	-103.2
8.1	-8.008	-32.813	-95.4
8.11	-8.020	-33.508	-77.1
8.12	-8.033	-33.964	-27.9
8.13	-8.039	-34.109	50.3
8.14	-8.039	-34.044	233.7
8.15	-8.043	-33.678	465.9
8.16	-8.051	-33.180	440.8
8.17	-8.059	-32.755	148.6
8.18	-8.065	-32.298	-58.1
8.19	-8.068	-31.750	-98.8
8.2	-8.070	-31.288	-86.6
8.21	-8.071	-31.194	-87.1
8.22	-8.070	-31.428	-103.7
8.23	-8.066	-31.447	-75.7
8.24	-8.061	-30.825	-39.0
8.25	-8.060	-28.911	-41.4
8.26	-8.062	-23.372	-51.9
8.27	-8.067	-9.973	-47.1
8.28	-8.072	13.402	-24.9
8.29	-8.080	37.331	-17.8
8.3	-8.088	49.122	-4.7
8.31	-8.097	51.091	24.0
8.32	-8.104	51.133	41.8
8.33	-8.110	51.139	92.9
8.34	-8.114	51.139	90.2
8.35	-8.118	51.123	84.6
8.36	-8.121	50.663	123.3
8.37	-8.123	45.877	102.6
8.38	-8.124	32.052	50.8
8.39	-8.124	13.047	-3.9
8.4	-8.125	-4.158	-12.0
8.41	-8.126	-17.786	-10.6
8.42	-8.127	-27.822	-76.3
8.43	-8.127	-34.509	-127.0
8.44	-8.128	-38.752	-131.4
8.45	-8.129	-41.352	-140.2
8.46	-8.131	-43.113	-115.3
8.47	-8.135	-45.472	-98.0
8.48	-8.140	-48.528	-141.7
8.49	-8.146	-50.559	-139.3
8.5	-8.152	-51.109	-112.2
8.51	-8.159	-51.139	-103.0
8.52	-8.166	-51.141	-106.1
8.53	-8.175	-51.138	-107.3
8.54	-8.184	-50.966	-85.4
8.55	-8.194	-49.605	-91.0
8.56	-8.202	-45.830	-88.1
8.57	-8.207	-40.097	-71.1
8.58	-8.211	-33.741	-56.2
8.59	-8.212	-27.317	-44.1
8.6	-8.211	-21.173	-55.8
8.61	-8.211	-16.092	-72.8
8.62	-8.212	-12.802	-115.4
8.63	-8.213	-11.430	-129.3
8.64	-8.215	-11.588	-87.5
8.65	-8.217	-12.859	-69.1
8.66	-8.221	-14.875	-77.5
8.67	-8.224	-17.364	-66.9
8.68	-8.226	-20.155	-48.4
8.69	-8.227	-22.677	-55.8
8.7	-8.229	-24.745	-68.8
8.71	-8.232	-26.858	-86.8
8.72	-8.237	-28.981	-96.6
8.73	-8.244	-30.816	-69.7
8.74	-8.250	-32.283	-48.7
8.75	-8.256	-33.581	-55.3
8.76	-8.262	-34.802	-33.5
8.77	-8.269	-35.553	35.8
8.78	-8.273	-36.161	35.3
8.79	-8.275	-36.623	-48.2
8.8	-8.275	-36.039	-101.5
8.81	-8.277	-34.680	-97.4
8.82	-8.281	-32.995	-92.5
8.83	-8.285	-31.405	-90.8
8.84	-8.286	-30.291	-38.4
8.85	-8.283	-29.370	0.2
8.86	-8.274	-28.623	47.1
8.87	-8.266	-27.441	275.9
8.88	-8.263	-25.961	534.4
8.89	-8.268	-24.745	456.3
8.9	-8.274	-23.406	120.8
8.91	-8.276	-22.522	-59.6
8.92	-8.271	-22.916	-78.4
8.93	-8.260	-24.331	-104.1
8.94	-8.250	-26.891	-96.2
8.95	-8.243	-29.691	-85.3
8.96	-8.236	-30.023	-88.7
8.97	-8.231	-27.653	-71.0
8.98	-8.232	-22.459	-77.0
8.99	-8.237	-11.670	-112.2
9.0	-8.244	7.794	-76.8
9.01	-8.253	31.708	27.7
9.02	-8.262	47.061	55.8
9.03	-8.269	50.947	23.9
9.04	-8.273	51.128	-1.2
9.05	-8.273	51.139	15.4
9.06	-8.271	51.139	73.3
9.07	-8.268	51.138	81.2
9.08	-8.264	51.127	85.1
9.09	-8.261	50.334	127.4
9.1	-8.258	44.397	88.6
9.11	-8.256	29.569	48.4
9.12	-8.255	10.414	68.2
9.13	-8.255	-6.309	32.4
9.14	-8.257	-18.653	-50.4
9.15	-8.262	-27.209	-105.6
9.16	-8.268	-33.394	-139.8
9.17	-8.273	-38.602	-158.7
9.18	-8.277	-43.367	-121.1
9.19	-8.282	-47.522	-119.8
9.2	-8.287	-50.188	-115.9
9.21	-8.290	-51.059	-95.8
9.22	-8.291	-51.138	-149.0
9.23	-8.291	-51.141	-173.7
9.24	-8.290	-51.141	-157.0
9.25	-8.290	-51.138	-125.9
9.26	-8.291	-51.056	-98.8
9.27	-8.294	-50.084	-95.9
9.28	-8.300	-46.906	-80.3
9.29	-8.308	-41.722	-100.4
9.3	-8.313	-35.711	-133.0
9.31	-8.316	-29.384	-92.8
9.32	-8.319	-23.267	-67.6
9.33	-8.321	-18.108	-94.6
9.34	-8.324	-14.297	-83.4
9.35	-8.328	-11.758	-71.5
9.36	-8.329	-10.320	-114.4
9.37	-8.330	-10.078	-107.7
9.38	-8.329	-11.178	-50.4
9.39	-8.329	-13.439	-52.9
9.4	-8.329	-16.658	-91.7
9.41	-8.329	-20.367	-90.6
9.42	-8.328	-23.563	-68.8
9.43	-8.328	-25.970	-81.0
9.44	-8.330	-28.194	-93.3
9.45	-8.332	-30.466	-68.5
9.46	-8.336	-32.516	-49.8
9.47	-8.338	-34.117	-49.9
9.48	-8.339	-35.297	-33.7
9.49	-8.339	-36.103	19.0
9.5	-8.338	-36.631	51.7
9.51	-8.336	-36.964	1.9
9.52	-8.334	-36.970	-65.6
9.53	-8.331	-36.488	-89.8
9.54	-8.329	-35.570	-94.2
9.55	-8.329	-34.478	-94.6
9.56	-8.332	-33.431	-60.5
9.57	-8.334	-32.534	-19.5
9.58	-8.331	-31.855	26.5
9.59	-8.325	-31.314	195.1
9.6	-8.321	-30.416	475.7
9.61	-8.325	-28.913	555.4
9.62	-8.335	-27.369	289.3
9.63	-8.346	-26.222	-0.0
9.64	-8.354	-25.353	-81.1
9.65	-8.356	-24.730	-84.8
9.66	-8.351	-24.502	-96.1
9.67	-8.342	-24.795	-93.4
9.68	-8.332	-25.342	-77.0
9.69	-8.326	-25.388	-45.0
9.7	-8.322	-23.981	-55.8
9.71	-8.322	-19.344	-60.8
9.72	-8.330	-8.269	-23.5
9.73	-8.346	11.723	-13.8
9.74	-8.367	34.494	6.7
9.75	-8.389	47.902	29.5
9.76	-8.408	51.003	35.4
9.77	-8.421	51.133	53.4
9.78	-8.431	51.139	84.6
9.79	-8.436	51.139	103.0
9.8	-8.439	51.136	100.5
9.81	-8.439	51.117	139.8
9.82	-8.438	50.028	154.7
9.83	-8.436	42.916	93.6
9.84	-8.433	26.905	72.3
9.85	-8.431	7.819	44.1
9.86	-8.429	-8.372	-38.0
9.87	-8.427	-20.842	-101.8
9.88	-8.424	-30.270	-113.0
9.89	-8.419	-37.163	-74.8
9.9	-8.412	-41.706	-68.7
9.91	-8.405	-44.520	-95.3
9.92	-8.397	-46.878	-125.1
9.93	-8.387	-49.220	-132.6
9.94	-8.378	-50.709	-125.8
9.95	-8.369	-51.117	-130.2
9.96	-8.361	-51.139	-108.3
9.97	-8.355	-51.141	-80.3
9.98	-8.351	-51.138	-88.5
9.99	-8.349	-50.956	-110.0
10.0	-8.348	-49.589	-104.2
10.01	-8.348	-46.092	-69.0
10.02	-8.348	-41.111	-53.1
10.03	-8.345	-35.575	-64.2
10.04	-8.341	-29.655	-85.2
10.05	-8.336	-23.547	-103.5
10.06	-8.329	-17.880	-69.6
10.07	-8.321	-13.353	-39.6
10.08	-8.314	-10.172	-69.6
10.09	-8.309	-8.287	-90.3
10.1	-8.304	-7.708	-77.9
10.11	-8.301	-8.316	-72.9
10.12	-8.297	-10.278	-78.0
10.13	-8.294	-13.956	-30.5
10.14	-8.290	-18.558	2.8
10.15	-8.285	-22.570	-12.9
10.16	-8.279	-25.455	16.0
10.17	-8.272	-27.614	37.3
10.18	-8.264	-29.206	-25.4
10.19	-8.258	-30.089	-98.2
10.2	-8.253	-30.530	-98.7
10.21	-8.250	-31.020	-58.0
10.22	-8.248	-31.569	-52.7
10.23	-8.247	-31.794	-70.8
10.24	-8.243	-31.719	-22.6
10.25	-8.235	-31.817	113.7
10.26	-8.224	-32.263	323.6
10.27	-8.218	-32.481	512.1
10.28	-8.216	-32.134	442.7
10.29	-8.211	-31.850	155.0
10.3	-8.203	-32.022	-33.3
10.31	-8.191	-32.023	-85.7
10.32	-8.180	-31.238	-96.1
10.33	-8.171	-29.730	-49.0
10.34	-8.163	-28.122	-29.6
10.35	-8.154	-27.108	-70.4
10.36	-8.144	-26.495	-72.1
10.37	-8.134	-25.189	-25.3
10.38	-8.127	-21.838	4.2
10.39	-8.125	-14.309	4.2
10.4	-8.124	1.055	24.6
10.41	-8.121	23.920	23.0
10.42	-8.116	43.070	49.6
10.43	-8.111	50.330	133.4
10.44	-8.105	51.120	118.8
10.45	-8.098	51.139	97.9
10.46	-8.091	51.139	147.0
10.47	-8.082	51.139	149.9
10.48	-8.075	51.123	120.8
10.49	-8.068	50.436	120.9
10.5	-8.061	44.486	87.8
10.51	-8.054	28.630	16.6
10.52	-8.049	7.491	-6.0
10.53	-8.046	-11.542	-6.4
10.54	-8.046	-26.069	-22.9
10.55	-8.048	-35.755	-75.6
10.56	-8.049	-41.241	-125.8
10.57	-8.050	-44.300	-111.3
10.58	-8.051	-46.873	-112.6
10.59	-8.053	-49.323	-136.1
10.6	-8.052	-50.759	-109.0
10.61	-8.050	-51.122	-71.2
10.62	-8.046	-51.139	-80.1
10.63	-8.043	-51.141	-94.6
10.64	-8.039	-51.141	-88.5
10.65	-8.037	-51.138	-72.4
10.66	-8.036	-50.891	-63.7
10.67	-8.036	-48.995	-80.6
10.68	-8.035	-44.020	-84.2
10.69	-8.034	-36.900	-49.3
10.7	-8.031	-29.241	-26.1
10.71	-8.027	-21.709	-44.8
10.72	-8.021	-14.819	-71.9
10.73	-8.016	-9.103	-59.0
10.74	-8.012	-5.058	-40.4
10.75	-8.009	-2.853	-40.0
10.76	-8.006	-2.598	-35.9
10.77	-8.002	-4.206	-33.1
10.78	-7.999	-6.784	-33.2
10.79	-7.998	-9.844	-5.8
10.8	-7.998	-13.695	53.0
10.81	-7.999	-18.069	33.7
10.82	-7.999	-22.445	-69.5
10.83	-7.998	-26.486	-82.7
10.84	-7.995	-30.002	-28.3
10.85	-7.993	-32.661	-11.4
10.86	-7.994	-33.706	-40.6
10.87	-7.998	-33.089	-52.6
10.88	-7.998	-31.952	-42.0
10.89	-7.991	-31.470	38.5
10.9	-7.979	-31.969	304.7
10.91	-7.973	-33.008	538.2
10.92	-7.970	-33.347	412.5
10.93	-7.965	-32.313	95.6
10.94	-7.957	-30.759	-49.7
10.95	-7.949	-29.595	-49.7
10.96	-7.945	-28.902	-52.1
10.97	-7.941	-28.275	-77.2
10.98	-7.935	-27.500	-78.7
10.99	-7.926	-27.105	-40.0
11.0	-7.914	-27.413	-3.4
11.01	-7.904	-27.566	3.7
11.02	-7.898	-25.592	3.7
11.03	-7.898	-17.733	5.5
11.04	-7.899	-0.059	-1.3
11.05	-7.901	24.711	0.2
11.06	-7.901	43.867	12.2
11.07	-7.900	50.500	48.0
11.08	-7.896	51.116	113.1
11.09	-7.891	51.139	173.7
11.1	-7.886	51.139	175.8
11.11	-7.880	51.136	139.1
11.12	-7.874	51.122	104.8
11.13	-7.868	50.072	75.0
11.14	-7.862	42.698	83.5
11.15	-7.857	25.500	98.8
11.16	-7.852	4.922	43.9
11.17	-7.849	-11.850	-32.6
11.18	-7.849	-23.834	-63.5
11.19	-7.853	-32.263	-64.8
11.2	-7.859	-38.186	-59.8
11.21	-7.865	-42.169	-59.2
11.22	-7.869	-44.984	-65.8
11.23	-7.869	-47.492	-77.4
11.24	-7.864	-49.673	-79.3
11.25	-7.859	-50.855	-79.0
11.26	-7.854	-51.128	-75.7
11.27	-7.853	-51.141	-60.0
11.28	-7.853	-51.141	-73.3
11.29	-7.856	-51.136	-62.1
11.3	-7.859	-50.941	-13.3
11.31	-7.864	-49.053	-15.8
11.32	-7.866	-43.602	-68.6
11.33	-7.868	-35.538	-60.3
11.34	-7.868	-26.911	-34.3
11.35	-7.869	-18.916	-95.9
11.36	-7.872	-12.617	-54.7
11.37	-7.875	-8.006	28.0
11.38	-7.878	-4.730	-7.8
11.39	-7.878	-3.113	-15.0
11.4	-7.874	-3.377	6.4
11.41	-7.868	-5.333	-16.1
11.42	-7.859	-8.006	-49.6
11.43	-7.851	-10.384	-22.0
11.44	-7.844	-12.755	58.2
11.45	-7.839	-15.655	68.2
11.46	-7.838	-18.844	-10.5
11.47	-7.840	-21.895	-73.5
11.48	-7.844	-24.569	-67.1
11.49	-7.851	-26.845	-19.7
11.5	-7.857	-28.767	3.6
11.51	-7.866	-30.291	-23.3
11.52	-7.875	-31.245	-22.7
11.53	-7.882	-31.197	13.5
11.54	-7.883	-30.402	113.3
11.55	-7.886	-30.050	380.1
11.56	-7.898	-30.580	505.5
11.57	-7.913	-31.481	270.9
11.58	-7.928	-32.258	53.7
11.59	-7.939	-32.448	-4.4
11.6	-7.949	-32.044	-52.9
11.61	-7.961	-31.744	-62.9
11.62	-7.971	-31.889	-54.5
11.63	-7.978	-32.000	-57.3
11.64	-7.984	-31.369	-25.4
11.65	-7.993	-29.745	-10.8
11.66	-8.004	-26.663	-43.8
11.67	-8.015	-19.911	-45.1
11.68	-8.026	-5.927	0.4
11.69	-8.037	16.520	41.2
11.7	-8.049	38.625	56.7
11.71	-8.059	49.319	52.5
11.72	-8.069	51.095	69.0
11.73	-8.078	51.133	104.4
11.74	-8.086	51.139	95.8
11.75	-8.093	51.139	81.8
11.76	-8.099	51.125	105.0
11.77	-8.106	50.834	109.0
11.78	-8.112	46.822	68.7
11.79	-8.117	33.523	66.4
11.8	-8.122	13.203	65.9
11.81	-8.126	-6.364	-2.2
11.82	-8.129	-21.527	-73.8
11.83	-8.135	-32.044	-98.1
11.84	-8.142	-38.702	-75.3
11.85	-8.150	-42.631	-90.8
11.86	-8.158	-44.973	-129.0
11.87	-8.166	-46.903	-101.6
11.88	-8.172	-49.063	-70.9
11.89	-8.176	-50.641	-65.3
11.9	-8.178	-51.113	-87.8
11.91	-8.179	-51.139	-103.0
11.92	-8.181	-51.141	-61.7
11.93	-8.184	-51.139	-52.9
11.94	-8.186	-51.125	-106.9
11.95	-8.189	-50.670	-120.6
11.96	-8.193	-48.169	-82.8
11.97	-8.196	-42.758	-66.0
11.98	-8.201	-35.753	-84.0
11.99	-8.207	-28.722	-94.4
12.0	-8.214	-22.445	-68.7
12.01	-8.222	-16.981	-59.9
12.02	-8.228	-12.538	-81.4
12.03	-8.232	-9.720	-94.2
12.04	-8.234	-8.598	-91.5
12.05	-8.238	-9.030	-87.3
12.06	-8.240	-10.741	-84.0
12.07	-8.243	-13.131	-66.8
12.08	-8.245	-16.009	-82.2
12.09	-8.246	-19.713	-97.5
12.1	-8.245	-23.852	-60.7
12.11	-8.243	-27.605	-35.8
12.12	-8.239	-30.427	-0.5
12.13	-8.232	-32.191	19.9
12.14	-8.226	-33.242	-34.3
12.15	-8.221	-33.589	-92.8
12.16	-8.218	-33.341	-137.3
12.17	-8.220	-32.658	-150.6
12.18	-8.224	-31.370	-107.2
12.19	-8.230	-29.717	-42.8
12.2	-8.235	-28.358	0.4
12.21	-8.238	-27.689	-13.6
12.22	-8.235	-27.442	77.8
12.23	-8.234	-27.367	390.5
12.24	-8.240	-27.727	519.3
12.25	-8.250	-28.577	251.2
12.26	-8.258	-29.581	-19.9
12.27	-8.259	-30.228	-84.7
12.28	-8.256	-30.250	-74.9
12.29	-8.250	-30.059	-92.3
12.3	-8.248	-30.023	-120.1
12.31	-8.246	-29.873	-124.4
12.32	-8.241	-29.247	-104.1
12.33	-8.234	-27.706	-46.5
12.34	-8.230	-23.691	-32.8
12.35	-8.228	-13.788	-65.0
12.36	-8.226	5.591	-45.3
12.37	-8.228	30.133	-10.9
12.38	-8.229	46.480	-2.2
12.39	-8.231	50.903	8.5
12.4	-8.233	51.127	19.5
12.41	-8.235	51.139	27.0
12.42	-8.236	51.139	68.9
12.43	-8.236	51.138	111.8
12.44	-8.234	51.125	92.9
12.45	-8.233	50.294	65.4
12.46	-8.230	43.986	72.7
12.47	-8.225	28.330	65.2
12.48	-8.219	8.403	4.5
12.49	-8.214	-8.747	-54.9
12.5	-8.210	-21.869	-68.5
12.51	-8.206	-31.545	-79.0
12.52	-8.202	-37.638	-119.5
12.53	-8.197	-41.442	-140.2
12.54	-8.194	-44.709	-134.0
12.55	-8.196	-47.675	-142.5
12.56	-8.201	-49.884	-152.1
12.57	-8.205	-50.925	-133.0
12.58	-8.206	-51.133	-114.8
12.59	-8.206	-51.141	-89.4
12.6	-8.206	-51.141	-79.5
12.61	-8.206	-51.138	-114.6
12.62	-8.206	-50.955	-130.4
12.63	-8.207	-49.586	-112.8
12.64	-8.208	-45.952	-92.7
12.65	-8.210	-40.502	-114.7
12.66	-8.212	-34.253	-116.3
12.67	-8.215	-27.800	-66.0
12.68	-8.219	-21.702	-51.6
12.69	-8.223	-16.473	-76.8
12.7	-8.226	-12.608	-109.9
12.71	-8.230	-10.200	-117.4
12.72	-8.234	-8.833	-127.0
12.73	-8.238	-8.717	-128.2
12.74	-8.242	-10.498	-66.0
12.75	-8.246	-13.614	-54.2
12.76	-8.250	-16.658	-101.0
12.77	-8.252	-19.061	-68.2
12.78	-8.254	-21.450	-22.5
12.79	-8.255	-24.106	-44.4
12.8	-8.256	-26.492	-87.3
12.81	-8.259	-28.588	-45.4
12.82	-8.264	-30.730	31.4
12.83	-8.269	-32.613	-13.1
12.84	-8.273	-33.797	-85.1
12.85	-8.277	-34.350	-86.7
12.86	-8.279	-34.550	-67.8
12.87	-8.280	-34.361	-65.8
12.88	-8.279	-33.694	-89.6
12.89	-8.275	-32.991	-59.6
12.9	-8.267	-32.591	15.3
12.91	-8.257	-32.392	162.2
12.92	-8.252	-31.866	432.4
12.93	-8.258	-30.739	525.4
12.94	-8.269	-29.798	282.0
12.95	-8.281	-29.306	-4.5
12.96	-8.289	-28.800	-139.1
12.97	-8.290	-28.491	-110.0
12.98	-8.284	-28.753	-31.7
12.99	-8.276	-29.298	-43.9
13.0	-8.267	-29.252	-80.3
13.01	-8.261	-28.113	-82.1
13.02	-8.256	-25.813	-67.5
13.03	-8.253	-21.072	-53.7
13.04	-8.255	-10.291	-59.6
13.05	-8.259	10.238	-51.5
13.06	-8.264	34.173	5.5
13.07	-8.269	48.005	54.2
13.08	-8.272	51.017	44.5
13.09	-8.274	51.133	61.4
13.1	-8.275	51.139	95.1
13.11	-8.274	51.139	113.7
13.12	-8.273	51.131	112.4
13.13	-8.271	50.994	87.9
13.14	-8.268	48.155	105.6
13.15	-8.264	36.927	96.3
13.16	-8.262	17.781	65.0
13.17	-8.262	-1.633	42.1
13.18	-8.263	-16.964	-24.5
13.19	-8.268	-28.150	-78.9
13.2	-8.275	-35.691	-92.6
13.21	-8.283	-40.161	-124.2
13.22	-8.288	-42.545	-153.0
13.23	-8.293	-44.084	-124.3
13.24	-8.296	-45.816	-93.7
13.25	-8.299	-48.070	-93.2
13.26	-8.299	-50.092	-113.6
13.27	-8.296	-51.005	-114.4
13.28	-8.294	-51.138	-99.9
13.29	-8.292	-51.128	-131.4
13.3	-8.291	-50.792	-124.7
13.31	-8.293	-48.989	-70.8
13.32	-8.297	-44.763	-58.8
13.33	-8.301	-38.589	-73.8
13.34	-8.306	-31.675	-105.3
13.35	-8.309	-25.002	-128.6
13.36	-8.312	-18.859	-122.1
13.37	-8.315	-13.231	-89.0
13.38	-8.318	-8.620	-51.9
13.39	-8.322	-5.714	-56.6
13.4	-8.326	-4.330	-102.4
13.41	-8.330	-4.047	-118.9
13.42	-8.333	-5.136	-72.0
13.43	-8.336	-7.841	-33.6
13.44	-8.339	-11.316	-38.6
13.45	-8.344	-11.163	-70.3
13.46	-8.351	-8.505	-81.4
13.47	-8.361	-8.441	-29.4
13.48	-8.374	-9.138	9.4
13.49	-8.387	-9.438	21.9
13.5	-8.399	-9.367	10.4
13.51	-8.409	-9.105	-41.2
13.52	-8.415	-9.555	-68.4
13.53	-8.421	-13.234	-84.4
13.54	-8.425	-18.973	-96.6
13.55	-8.429	-19.127	-101.9
13.56	-8.431	-17.880	-80.8
13.57	-8.430	-20.325	19.1
13.58	-8.425	-23.081	144.0
13.59	-8.421	-25.716	347.4
13.6	-8.421	-29.245	560.6
13.61	-8.428	-32.747	418.6
13.62	-8.434	-32.680	80.9
13.63	-8.438	-29.845	-46.9
13.64	-8.437	-27.064	-75.9
13.65	-8.432	-23.630	-99.8
13.66	-8.424	-11.308	-73.4
13.67	-8.412	17.080	-36.1
13.68	-8.399	42.794	-44.7
13.69	-8.384	50.720	-62.8
13.7	-8.371	51.116	-45.8
13.71	-8.361	51.139	-45.1
13.72	-8.353	51.139	-28.0
13.73	-8.348	51.139	0.2
13.74	-8.344	51.139	26.8
13.75	-8.341	51.139	62.6
13.76	-8.337	51.139	55.0
13.77	-8.331	51.139	70.1
13.78	-8.323	51.139	122.8
13.79	-8.314	51.139	133.7
13.8	-8.305	51.138	116.1
13.81	-8.296	51.127	110.7
13.82	-8.286	50.419	111.4
13.83	-8.277	45.147	107.0
13.84	-8.269	31.075	57.6
13.85	-8.261	10.873	7.9
13.86	-8.254	-7.084	-7.3
13.87	-8.248	-18.664	-83.4
13.88	-8.244	-25.738	-139.5
13.89	-8.239	-30.300	-106.8
13.9	-8.233	-33.991	-101.8
13.91	-8.228	-36.892	-111.7
13.92	-8.222	-38.359	-89.8
13.93	-8.215	-40.489	-97.4
13.94	-8.208	-44.750	-125.9
13.95	-8.201	-48.952	-91.2
13.96	-8.194	-50.780	-67.1
13.97	-8.188	-50.439	-75.5
13.98	-8.184	-48.889	-67.3
13.99	-8.180	-46.044	-66.1
14.0	-8.174	-40.923	-48.3
14.01	-8.168	-33.494	-46.5
14.02	-8.163	-25.452	-71.4
14.03	-8.159	-18.198	-96.0
14.04	-8.154	-11.567	-107.1
14.05	-8.149	-5.502	-91.8
14.06	-8.143	-1.034	-53.7
14.07	-8.134	1.155	-14.2
14.08	-8.126	1.272	-29.3
14.09	-8.118	-0.519	-67.7
14.1	-8.112	-4.048	-57.2
14.11	-8.107	-8.255	-19.0
14.12	-8.103	-12.011	2.7
14.13	-8.099	-15.313	26.5
14.14	-8.096	-18.769	29.6
14.15	-8.091	-22.444	-4.9
14.16	-8.083	-25.708	-51.2
14.17	-8.075	-27.755	-91.3
14.18	-8.068	-28.255	-90.2
14.19	-8.063	-27.970	-61.9
14.2	-8.061	-28.252	-37.2
14.21	-8.061	-29.205	-6.6
14.22	-8.054	-29.955	63.8
14.23	-8.043	-30.266	262.3
14.24	-8.034	-30.241	496.1
14.25	-8.028	-29.847	416.2
14.26	-8.019	-29.180	105.9
14.27	-8.008	-28.364	-53.1
14.28	-7.998	-27.475	-65.3
14.29	-7.989	-26.856	-44.9
14.3	-7.981	-27.027	-40.0
14.31	-7.971	-27.934	-70.8
14.32	-7.958	-28.720	-64.0
14.33	-7.942	-28.658	-18.8
14.34	-7.926	-27.417	-18.9
14.35	-7.915	-23.809	-21.4
14.36	-7.909	-14.509	12.4
14.37	-7.906	4.591	38.7
14.38	-7.901	29.500	22.0
14.39	-7.896	46.317	14.9
14.4	-7.891	50.892	82.5
14.41	-7.886	51.127	143.4
14.42	-7.878	51.139	159.1
14.43	-7.872	51.139	152.2
14.44	-7.865	51.134	135.2
14.45	-7.857	51.103	142.1
14.46	-7.847	49.706	137.9
14.47	-7.838	41.208	79.6
14.48	-7.832	22.619	15.6
14.49	-7.828	0.650	16.3
14.5	-7.825	-17.936	28.4
14.51	-7.826	-31.564	-11.2
14.52	-7.829	-40.455	-55.3
14.53	-7.831	-45.631	-100.1
14.54	-7.829	-48.366	-122.8
14.55	-7.826	-49.777	-94.6
14.56	-7.821	-50.608	-63.3
14.57	-7.817	-51.033	-56.3
14.58	-7.811	-51.136	-62.2
14.59	-7.805	-51.141	-73.2
14.6	-7.800	-51.141	-84.6
14.61	-7.798	-51.136	-84.5
14.62	-7.796	-50.880	-93.8
14.63	-7.796	-48.897	-75.8
14.64	-7.796	-43.639	-38.1
14.65	-7.792	-35.786	-32.7
14.66	-7.786	-26.877	-46.3
14.67	-7.780	-17.744	-46.7
14.68	-7.774	-8.947	-10.6
14.69	-7.769	-1.505	-32.4
14.7	-7.764	3.292	-94.3
14.71	-7.763	4.925	-65.4
14.72	-7.762	3.984	-12.9
14.73	-7.763	1.608	6.7
14.74	-7.763	-1.539	-0.9
14.75	-7.764	-5.286	-0.7
14.76	-7.764	-9.588	19.3
14.77	-7.764	-14.559	-3.4
14.78	-7.765	-20.083	-36.7
14.79	-7.768	-25.422	-30.3
14.8	-7.772	-29.500	-5.9
14.81	-7.777	-31.761	-15.3
14.82	-7.787	-32.511	-26.1
14.83	-7.800	-32.342	-15.8
14.84	-7.813	-31.719	-25.9
14.85	-7.818	-30.845	-29.8
14.86	-7.813	-29.759	132.4
14.87	-7.806	-28.700	436.6
14.88	-7.803	-27.964	468.3
14.89	-7.806	-27.464	184.5
14.9	-7.811	-26.723	-19.3
14.91	-7.817	-26.303	-35.4
14.92	-7.822	-26.853	-13.0
14.93	-7.825	-27.192	-25.5
14.94	-7.824	-26.820	-42.2
14.95	-7.818	-26.319	-32.4
14.96	-7.810	-25.731	-11.0
14.97	-7.804	-24.933	4.8
14.98	-7.800	-23.009	-9.8
14.99	-7.798	-16.675	-12.1
15.0	-7.796	-0.408	40.5
15.01	-7.795	24.713	77.0
15.02	-7.794	44.333	25.9
15.03	-7.793	50.658	1.3
15.04	-7.789	51.116	85.4
15.05	-7.787	51.139	137.7
15.06	-7.784	51.139	146.5
15.07	-7.782	51.138	159.8
15.08	-7.783	51.123	130.7
15.09	-7.785	50.355	87.3
15.1	-7.784	44.059	81.7
15.11	-7.781	27.742	97.7
15.12	-7.772	6.200	54.6
15.13	-7.759	-13.156	-32.4
15.14	-7.748	-27.698	-52.8
15.15	-7.746	-37.297	-41.5
15.16	-7.749	-43.309	-60.3
15.17	-7.753	-47.398	-90.1
15.18	-7.754	-49.994	-87.4
15.19	-7.750	-50.997	-29.0
15.2	-7.743	-51.138	-13.5
15.21	-7.737	-51.141	-52.7
15.22	-7.734	-51.141	-88.8
15.23	-7.734	-51.141	-113.2
15.24	-7.736	-51.139	-80.5
15.25	-7.741	-51.116	-34.7
15.26	-7.749	-50.403	-41.3
15.27	-7.764	-46.659	-46.8
15.28	-7.786	-38.741	-30.7
15.29	-7.811	-29.067	-42.6
15.3	-7.836	-19.888	-64.5
15.31	-7.859	-11.517	-67.7
15.32	-7.880	-4.250	-39.1
15.33	-7.900	0.980	-24.8
15.34	-7.919	3.527	-44.3
15.35	-7.936	3.547	-45.7
15.36	-7.952	1.509	-45.6
15.37	-7.966	-2.150	-28.8
15.38	-7.978	-6.914	-24.5
15.39	-7.989	-12.208	-6.9
15.4	-8.002	-17.530	18.6
15.41	-8.014	-22.492	-7.7
15.42	-8.026	-26.869	-25.2
15.43	-8.037	-30.523	-51.8
15.44	-8.046	-33.277	-108.0
15.45	-8.056	-35.116	-95.5
15.46	-8.066	-36.403	-46.5
15.47	-8.076	-37.297	-42.9
15.48	-8.084	-37.478	-3.5
15.49	-8.086	-37.002	98.9
15.5	-8.084	-36.527	277.9
15.51	-8.086	-36.406	450.2
15.52	-8.095	-36.286	343.9
15.53	-8.104	-35.814	85.8
15.54	-8.111	-35.094	-32.8
15.55	-8.114	-34.337	-57.5
15.56	-8.114	-33.548	-80.8
15.57	-8.115	-32.620	-100.2
15.58	-8.113	-31.531	-75.9
15.59	-8.109	-30.372	-47.3
15.6	-8.106	-29.019	-93.0
15.61	-8.106	-26.441	-91.9
15.62	-8.110	-19.897	-16.5
15.63	-8.117	-5.225	1.3
15.64	-8.126	18.430	-8.7
15.65	-8.134	40.377	-15.1
15.66	-8.141	49.855	4.5
15.67	-8.146	51.111	57.4
15.68	-8.149	51.136	51.8
15.69	-8.152	51.139	31.5
15.7	-8.156	51.139	74.1
15.71	-8.160	51.122	107.8
15.72	-8.163	50.714	78.7
15.73	-8.165	45.917	36.9
15.74	-8.168	31.106	25.7
15.75	-8.172	9.661	27.6
15.76	-8.176	-10.131	-14.4
15.77	-8.181	-25.200	-89.5
15.78	-8.187	-35.556	-120.0
15.79	-8.194	-42.011	-118.2
15.8	-8.199	-45.831	-111.9
15.81	-8.206	-48.131	-119.1
15.82	-8.211	-49.717	-121.7
15.83	-8.216	-50.738	-112.3
15.84	-8.219	-51.102	-103.8
15.85	-8.223	-51.139	-120.4
15.86	-8.228	-51.141	-115.5
15.87	-8.232	-51.141	-76.9
15.88	-8.235	-51.138	-98.2
15.89	-8.239	-51.086	-112.4
15.9	-8.243	-50.184	-92.3
15.91	-8.248	-46.800	-100.6
15.92	-8.254	-40.880	-86.8
15.93	-8.259	-33.978	-59.3
15.94	-8.262	-26.869	-71.6
15.95	-8.266	-19.878	-76.6
15.96	-8.268	-13.788	-68.0
15.97	-8.270	-9.545	-77.8
15.98	-8.272	-7.672	-138.3
15.99	-8.274	-7.963	-130.0
16.0	-8.275	-9.805	-52.3
16.01	-8.274	-12.589	-38.3
16.02	-8.274	-15.784	-42.8
16.03	-8.274	-18.998	-58.3
16.04	-8.273	-22.117	-89.9
16.05	-8.273	-25.347	-96.3
16.06	-8.271	-28.692	-104.1
16.07	-8.269	-31.642	-96.2
16.08	-8.268	-33.767	-50.8
16.09	-8.266	-35.197	-25.0
16.1	-8.264	-36.330	-20.0
16.11	-8.264	-37.250	-55.9
16.12	-8.265	-37.698	-99.7
16.13	-8.266	-37.525	-48.0
16.14	-8.268	-36.962	-1.2
16.15	-8.270	-36.389	-3.4
16.16	-8.270	-35.863	16.2
16.17	-8.270	-35.222	3.7
16.18	-8.269	-34.555	-42.8
16.19	-8.269	-34.045	-70.4
16.2	-8.270	-33.508	-80.0
16.21	-8.271	-32.578	-80.4
16.22	-8.271	-31.263	-60.9
16.23	-8.269	-29.858	-20.3
16.24	-8.261	-28.575	52.9
16.25	-8.251	-27.466	227.5
16.26	-8.246	-26.533	492.9
16.27	-8.251	-25.830	521.8
16.28	-8.260	-25.339	226.8
16.29	-8.268	-24.783	-7.0
16.3	-8.268	-23.959	-79.7
16.31	-8.261	-23.238	-82.3
16.32	-8.253	-23.214	-75.2
16.33	-8.249	-23.875	-106.3
16.34	-8.248	-24.552	-94.2
16.35	-8.246	-24.333	-52.3
16.36	-8.241	-21.880	-23.3
16.37	-8.239	-14.252	-18.7
16.38	-8.238	3.133	-43.3
16.39	-8.241	27.803	-36.2
16.4	-8.247	45.638	-37.9
16.41	-8.253	50.833	-4.2
16.42	-8.258	51.123	81.4
16.43	-8.262	51.139	95.7
16.44	-8.264	51.139	60.2
16.45	-8.264	51.139	62.6
16.46	-8.262	51.130	88.6
16.47	-8.258	50.948	110.9
16.48	-8.254	47.503	97.8
16.49	-8.252	34.677	69.7
16.5	-8.249	13.917	82.2
16.51	-8.246	-6.395	38.2
16.52	-8.244	-22.161	-27.7
16.53	-8.248	-33.180	-68.3
16.54	-8.253	-40.153	-97.0
16.55	-8.259	-44.275	-101.2
16.56	-8.262	-46.673	-119.5
16.57	-8.267	-48.347	-119.4
16.58	-8.271	-49.855	-108.4
16.59	-8.273	-50.845	-106.0
16.6	-8.271	-51.125	-116.6
16.61	-8.269	-51.139	-85.0
16.62	-8.268	-51.141	-57.1
16.63	-8.268	-51.139	-91.0
16.64	-8.268	-51.116	-96.8
16.65	-8.268	-50.547	-82.3
16.66	-8.271	-47.988	-73.9
16.67	-8.276	-42.861	-97.4
16.68	-8.278	-36.142	-106.3
16.69	-8.278	-28.864	-59.9
16.7	-8.278	-21.967	-67.7
16.71	-8.278	-16.217	-86.9
16.72	-8.278	-11.795	-56.7
16.73	-8.278	-8.686	-66.1
16.74	-8.278	-7.234	-77.2
16.75	-8.279	-7.713	-72.6
16.76	-8.279	-9.578	-112.9
16.77	-8.281	-12.200	-105.3
16.78	-8.281	-15.664	-41.9
16.79	-8.283	-19.988	-56.0
16.8	-8.283	-24.233	-96.1
16.81	-8.283	-27.195	-51.3
16.82	-8.284	-28.847	-37.3
16.83	-8.286	-30.511	-40.1
16.84	-8.290	-33.161	-80.5
16.85	-8.294	-36.031	-161.0
16.86	-8.297	-37.728	-57.6
16.87	-8.301	-38.095	68.8
16.88	-8.303	-38.125	70.3
16.89	-8.304	-38.355	22.3
16.9	-8.304	-38.316	-58.3
16.91	-8.303	-37.627	-82.3
16.92	-8.301	-36.625	-62.5
16.93	-8.299	-35.648	-71.7
16.94	-8.300	-34.575	-80.2
16.95	-8.302	-33.263	-65.4
16.96	-8.301	-31.856	-32.8
16.97	-8.296	-30.584	56.6
16.98	-8.286	-29.398	275.9
16.99	-8.283	-28.238	549.0
17.0	-8.288	-27.484	506.3
17.01	-8.299	-26.681	184.9
17.02	-8.309	-25.505	-12.5
17.03	-8.314	-24.936	-102.3
17.04	-8.311	-25.094	-142.0
17.05	-8.303	-25.327	-72.6
17.06	-8.294	-25.517	-29.1
17.07	-8.286	-25.563	-78.1
17.08	-8.280	-24.784	-93.1
17.09	-8.277	-22.383	-37.0
17.1	-8.279	-16.553	-12.4
17.11	-8.289	-2.988	-31.9
17.12	-8.309	19.897	-23.0
17.13	-8.336	41.136	6.8
17.14	-8.365	50.013	8.8
17.15	-8.390	51.114	28.6
17.16	-8.409	51.138	82.8
17.17	-8.420	51.139	109.1
17.18	-8.424	51.139	121.8
17.19	-8.422	51.134	128.5
17.2	-8.417	51.088	123.7
17.21	-8.410	49.455	109.9
17.22	-8.404	40.323	65.0
17.23	-8.399	21.377	45.3
17.24	-8.398	-0.059	36.2
17.25	-8.398	-17.814	-14.3
17.26	-8.399	-30.992	-66.6
17.27	-8.402	-39.734	-97.7
17.28	-8.402	-44.706	-113.7
17.29	-8.402	-47.386	-133.4
17.3	-8.401	-49.288	-126.7
17.31	-8.400	-50.613	-121.0
17.32	-8.396	-51.089	-104.5
17.33	-8.388	-51.139	-57.3
17.34	-8.379	-51.141	-79.5
17.35	-8.367	-51.141	-115.1
17.36	-8.357	-51.139	-101.8
17.37	-8.348	-51.127	-98.2
17.38	-8.341	-50.703	-101.7
17.39	-8.334	-48.303	-87.2
17.4	-8.329	-43.002	-86.2
17.41	-8.323	-36.133	-92.1
17.42	-8.318	-29.014	-67.8
17.43	-8.311	-22.016	-54.1
17.44	-8.303	-15.536	-77.1
17.45	-8.295	-10.178	-89.6
17.46	-8.287	-6.481	-92.9
17.47	-8.279	-4.628	-81.0
17.48	-8.271	-4.595	-63.7
17.49	-8.263	-6.338	-77.7
17.5	-8.256	-9.491	-85.8
17.51	-8.249	-13.316	-70.0
17.52	-8.241	-17.225	-53.9
17.53	-8.234	-21.061	-32.0
17.54	-8.227	-24.678	-15.3
17.55	-8.219	-27.678	2.4
17.56	-8.212	-29.159	27.3
17.57	-8.203	-29.159	4.5
17.58	-8.195	-30.058	-65.5
17.59	-8.186	-32.462	-88.7
17.6	-8.178	-34.458	-42.6
17.61	-8.171	-35.391	-34.2
17.62	-8.164	-35.667	-90.8
17.63	-8.159	-35.391	-85.6
17.64	-8.154	-34.484	5.1
17.65	-8.144	-33.222	183.2
17.66	-8.133	-31.913	445.0
17.67	-8.129	-30.686	534.0
17.68	-8.126	-29.606	293.7
17.69	-8.119	-28.733	-7.5
17.7	-8.107	-27.970	-92.9
17.71	-8.097	-27.373	-39.6
17.72	-8.088	-27.183	-29.2
17.73	-8.079	-27.444	-50.9
17.74	-8.071	-28.028	-48.4
17.75	-8.059	-28.414	-42.5
17.76	-8.043	-27.805	-57.7
17.77	-8.028	-25.597	-53.0
17.78	-8.019	-20.503	-25.3
17.79	-8.016	-8.758	-5.8
17.8	-8.014	13.150	10.4
17.81	-8.012	36.939	43.8
17.82	-8.006	49.052	77.7
17.83	-8.000	51.091	84.8
17.84	-7.994	51.133	86.3
17.85	-7.989	51.139	83.2
17.86	-7.982	51.139	100.0
17.87	-7.975	51.134	149.0
17.88	-7.967	51.091	162.4
17.89	-7.959	49.444	112.5
17.9	-7.953	39.973	58.9
17.91	-7.946	20.020	24.6
17.92	-7.938	-2.816	-13.3
17.93	-7.929	-21.767	-50.2
17.94	-7.926	-35.431	-89.3
17.95	-7.929	-43.961	-102.9
17.96	-7.929	-48.555	-104.2
17.97	-7.928	-50.553	-104.4
17.98	-7.925	-51.089	-95.4
17.99	-7.919	-51.141	-110.8
18.0	-7.914	-51.141	-101.9
18.01	-7.909	-51.141	-78.4
18.02	-7.902	-51.141	-73.0
18.03	-7.897	-51.141	-95.2
18.04	-7.892	-51.139	-115.8
18.05	-7.889	-51.113	-92.9
18.06	-7.886	-50.439	-78.9
18.07	-7.885	-47.184	-75.3
18.08	-7.884	-40.345	-59.1
18.09	-7.883	-31.539	-46.4
18.1	-7.880	-22.573	-73.0
18.11	-7.878	-14.223	-97.8
18.12	-7.874	-6.722	-74.8
18.13	-7.873	-0.628	-40.4
18.14	-7.871	2.716	-33.5
18.15	-7.871	2.350	-39.7
18.16	-7.870	-1.023	-41.1
18.17	-7.868	-5.341	-48.4
18.18	-7.865	-9.533	-34.0
18.19	-7.863	-14.216	4.3
18.2	-7.862	-19.414	7.1
18.21	-7.861	-23.850	-8.3
18.22	-7.859	-26.894	1.6
18.23	-7.857	-29.458	-18.7
18.24	-7.853	-32.234	-59.4
18.25	-7.848	-34.639	-51.6
18.26	-7.846	-36.002	-19.8
18.27	-7.848	-36.458	-16.4
18.28	-7.851	-36.495	-20.3
18.29	-7.853	-36.359	-13.8
18.3	-7.848	-35.933	60.8
18.31	-7.842	-35.078	311.3
18.32	-7.841	-33.986	516.8
18.33	-7.843	-32.927	378.3
18.34	-7.840	-31.870	91.9
18.35	-7.834	-30.808	-60.1
18.36	-7.828	-30.098	-71.3
18.37	-7.825	-29.889	-50.4
18.38	-7.822	-29.884	-58.8
18.39	-7.816	-29.981	-42.5
18.4	-7.807	-30.075	-19.3
18.41	-7.798	-29.481	-18.5
18.42	-7.791	-27.448	-11.8
18.43	-7.788	-23.023	-3.8
18.44	-7.789	-12.825	-16.2
18.45	-7.793	7.919	-12.5
18.46	-7.796	33.130	40.9
18.47	-7.798	47.869	79.5
18.48	-7.798	51.016	79.5
18.49	-7.796	51.130	87.4
18.5	-7.793	51.139	97.4
18.51	-7.791	51.139	127.9
18.52	-7.789	51.136	154.0
18.53	-7.786	51.122	131.0
18.54	-7.780	50.041	119.4
18.55	-7.772	42.233	80.9
18.56	-7.763	23.692	14.9
18.57	-7.754	0.961	-8.8
18.58	-7.746	-18.156	-20.9
18.59	-7.742	-31.803	-30.7
18.6	-7.743	-40.358	-58.0
18.61	-7.746	-44.959	-80.8
18.62	-7.749	-47.094	-62.4
18.63	-7.751	-48.261	-83.5
18.64	-7.754	-49.533	-99.2
18.65	-7.758	-50.667	-70.8
18.66	-7.762	-51.098	-71.5
18.67	-7.766	-51.139	-59.3
18.68	-7.773	-51.141	-35.0
18.69	-7.781	-51.141	-51.7
18.7	-7.791	-51.136	-84.8
18.71	-7.803	-50.841	-71.1
18.72	-7.816	-48.669	-33.2
18.73	-7.832	-43.105	-70.7
18.74	-7.848	-35.019	-84.8
18.75	-7.864	-26.194	-29.8
18.76	-7.879	-17.816	-32.6
18.77	-7.892	-10.744	-50.0
18.78	-7.904	-5.552	-36.1
18.79	-7.915	-2.506	-44.9
18.8	-7.926	-1.417	-85.5
18.81	-7.937	-2.148	-78.3
18.82	-7.948	-4.963	-33.7
18.83	-7.961	-9.517	-38.8
18.84	-7.976	-14.555	-58.5
18.85	-7.991	-19.303	-25.0
18.86	-8.004	-23.873	-7.8
18.87	-8.018	-28.123	-28.3
18.88	-8.027	-31.438	3.7
18.89	-8.036	-33.591	30.3
18.9	-8.044	-34.888	-23.3
18.91	-8.053	-35.717	-70.9
18.92	-8.062	-36.297	-67.9
18.93	-8.070	-36.553	-52.5
18.94	-8.078	-36.347	-56.3
18.95	-8.087	-35.753	-55.6
18.96	-8.095	-34.977	-33.3
18.97	-8.100	-34.220	11.8
18.98	-8.101	-33.623	195.1
18.99	-8.104	-33.048	472.8
19.0	-8.113	-32.169	516.1
19.01	-8.126	-31.145	245.5
19.02	-8.134	-30.586	-5.5
19.03	-8.139	-30.666	-94.3
19.04	-8.139	-30.947	-89.2
19.05	-8.138	-31.003	-60.8
19.06	-8.136	-30.745	-69.2
19.07	-8.134	-30.225	-77.2
19.08	-8.133	-29.391	-89.2
19.09	-8.134	-27.848	-63.3
19.1	-8.141	-23.711	-26.0
19.11	-8.150	-12.588	-10.9
19.12	-8.161	9.305	11.3
19.13	-8.172	34.352	19.1
19.14	-8.184	48.247	12.4
19.15	-8.194	51.038	10.6
19.16	-8.204	51.131	48.8
19.17	-8.213	51.139	80.1
19.18	-8.220	51.139	103.1
19.19	-8.226	51.138	134.3
19.2	-8.228	51.122	110.2
19.21	-8.228	50.194	62.1
19.22	-8.228	43.270	61.0
19.23	-8.229	26.383	46.8
19.24	-8.231	5.072	18.8
19.25	-8.234	-13.392	-25.3
19.26	-8.237	-26.734	-94.9
19.27	-8.241	-35.227	-88.5
19.28	-8.246	-40.444	-73.0
19.29	-8.249	-43.816	-130.7
19.3	-8.251	-46.278	-146.3
19.31	-8.253	-48.573	-98.6
19.32	-8.254	-50.373	-86.2
19.33	-8.254	-51.066	-99.7
19.34	-8.252	-51.138	-96.1
19.35	-8.250	-51.141	-82.5
19.36	-8.248	-51.141	-87.1
19.37	-8.248	-51.139	-131.3
19.38	-8.250	-51.133	-131.5
19.39	-8.253	-50.825	-57.1
19.4	-8.258	-48.877	-57.2
19.41	-8.263	-44.114	-108.0
19.42	-8.268	-37.247	-71.4
19.43	-8.271	-29.823	-28.4
19.44	-8.273	-22.902	-71.8
19.45	-8.274	-16.830	-116.7
19.46	-8.274	-11.884	-95.4
19.47	-8.272	-8.731	-90.9
19.48	-8.269	-7.734	-107.0
19.49	-8.266	-8.658	-100.8
19.5	-8.266	-11.113	-74.3
19.51	-8.268	-14.633	-40.2
19.52	-8.269	-18.530	-72.7
19.53	-8.271	-22.297	-94.3
19.54	-8.271	-25.875	-61.7
19.55	-8.271	-29.092	-69.2
19.56	-8.271	-31.617	-91.7
19.57	-8.271	-33.611	-71.1
19.58	-8.271	-35.527	-57.9
19.59	-8.273	-37.253	-76.1
19.6	-8.275	-38.219	-73.1
19.61	-8.279	-38.313	-45.3
19.62	-8.283	-37.950	-38.8
19.63	-8.290	-37.394	-50.7
19.64	-8.298	-36.719	-31.7
19.65	-8.308	-36.102	13.3
19.66	-8.318	-35.555	25.0
19.67	-8.328	-34.811	-17.5
19.68	-8.335	-33.842	-59.3
19.69	-8.339	-32.831	-76.9
19.7	-8.340	-31.673	-74.5
19.71	-8.339	-30.267	-61.0
19.72	-8.336	-29.000	-55.7
19.73	-8.330	-28.283	-29.5
19.74	-8.320	-27.903	54.3
19.75	-8.310	-27.463	273.9
19.76	-8.306	-26.953	547.1
19.77	-8.314	-26.336	509.3
19.78	-8.328	-25.320	182.4
19.79	-8.336	-24.073	-35.8
19.8	-8.336	-23.414	-92.1
19.81	-8.329	-23.775	-95.3
19.82	-8.319	-24.438	-65.5
19.83	-8.311	-24.556	-44.0
19.84	-8.306	-24.092	-60.8
19.85	-8.301	-23.038	-75.4
19.86	-8.297	-20.302	-78.4
19.87	-8.296	-13.025	-53.9
19.88	-8.299	2.897	-6.3
19.89	-8.304	26.256	-20.7
19.9	-8.311	44.567	-7.3
19.91	-8.318	50.641	47.9
19.92	-8.324	51.116	23.1
19.93	-8.329	51.139	7.2
19.94	-8.331	51.139	75.8
19.95	-8.331	51.139	116.0
19.96	-8.326	51.136	99.4
19.97	-8.320	51.117	107.6
19.98	-8.313	49.942	133.6
19.99	-8.305	42.122	121.2
20.0	-8.301	24.473	40.3
20.01	-8.299	3.792	-61.3
20.02	-8.299	-12.895	-61.9
20.03	-8.304	-24.819	-16.1
20.04	-8.311	-33.113	-63.1
20.05	-8.318	-38.588	-127.3
20.06	-8.322	-42.070	-128.4
20.07	-8.326	-45.014	-109.3
20.08	-8.329	-48.158	-126.1
20.09	-8.330	-50.389	-144.7
20.1	-8.328	-51.086	-87.1
20.11	-8.323	-51.138	-45.7
20.12	-8.319	-51.141	-86.4
20.13	-8.316	-51.141	-130.5
20.14	-8.315	-51.139	-112.6
20.15	-8.317	-51.091	-78.8
20.16	-8.321	-50.166	-87.3
20.17	-8.324	-46.516	-86.6
20.18	-8.329	-40.081	-68.3
20.19	-8.331	-33.053	-50.2
20.2	-8.332	-26.617	-75.1
20.21	-8.331	-20.797	-106.6
20.22	-8.327	-16.061	-75.3
20.23	-8.322	-12.902	-62.1
20.24	-8.319	-11.033	-87.2
20.25	-8.317	-10.220	-89.1
20.26	-8.315	-10.891	-66.7
20.27	-8.314	-13.045	-78.7
20.28	-8.314	-15.780	-108.9
20.29	-8.316	-18.625	-93.3
20.3	-8.318	-21.959	-50.9
20.31	-8.321	-25.727	-57.3
20.32	-8.323	-29.098	-92.4
20.33	-8.325	-31.656	-32.1
20.34	-8.326	-33.694	16.1
20.35	-8.328	-35.341	-4.3
20.36	-8.330	-36.423	4.7
20.37	-8.334	-36.892	-20.3
20.38	-8.339	-37.011	-66.6
20.39	-8.346	-37.123	-83.1
20.4	-8.354	-37.166	-95.4
20.41	-8.366	-36.778	-81.2
20.42	-8.381	-35.934	-53.1
20.43	-8.395	-35.044	-41.2
20.44	-8.406	-34.367	-2.5
20.45	-8.412	-33.720	205.1
20.46	-8.418	-32.803	525.5
20.47	-8.426	-31.575	577.7
20.48	-8.436	-30.408	284.1
20.49	-8.443	-29.831	14.3
20.5	-8.446	-29.833	-79.8
20.51	-8.445	-29.822	-100.1
20.52	-8.441	-29.491	-84.2
20.53	-8.436	-29.114	-66.4
20.54	-8.428	-28.952	-60.9
20.55	-8.419	-28.717	-51.8
20.56	-8.410	-27.508	-33.1
20.57	-8.401	-23.717	-25.0
20.58	-8.394	-14.514	-24.8
20.59	-8.391	3.627	1.6
20.6	-8.390	27.927	-4.1
20.61	-8.389	45.483	-14.9
20.62	-8.385	50.788	41.5
20.63	-8.378	51.120	111.2
20.64	-8.368	51.139	132.2
20.65	-8.356	51.139	120.0
20.66	-8.342	51.139	126.3
20.67	-8.327	51.134	128.3
20.68	-8.311	51.047	104.3
20.69	-8.295	48.791	86.7
20.7	-8.280	38.441	77.3
20.71	-8.267	19.100	34.9
20.72	-8.255	-1.639	-39.0
20.73	-8.244	-18.458	-83.7
20.74	-8.233	-30.573	-98.2
20.75	-8.224	-38.308	-108.5
20.76	-8.217	-42.902	-99.1
20.77	-8.211	-46.089	-79.4
20.78	-8.204	-48.816	-102.5
20.79	-8.196	-50.570	-142.2
20.8	-8.184	-51.100	-114.2
20.81	-8.174	-51.139	-75.8
20.82	-8.162	-51.141	-99.2
20.83	-8.151	-51.141	-128.0
20.84	-8.141	-51.141	-86.0
20.85	-8.131	-51.136	-49.6
20.86	-8.123	-50.897	-72.3
20.87	-8.116	-48.923	-88.3
20.88	-8.109	-43.492	-89.7
20.89	-8.103	-35.450	-75.3
20.9	-8.097	-26.959	-73.6
20.91	-8.091	-19.320	-86.9
20.92	-8.086	-13.117	-73.1
20.93	-8.079	-8.553	-57.6
20.94	-8.072	-5.738	-61.8
20.95	-8.065	-4.711	-64.9
20.96	-8.057	-5.323	-57.1
20.97	-8.050	-7.280	-43.7
20.98	-8.044	-10.284	-45.0
20.99	-8.041	-14.014	-61.9
21.0	-8.039	-17.928	-49.9
21.01	-8.036	-21.600	11.5
21.02	-8.030	-25.194	41.1
21.03	-8.022	-28.883	-3.4
21.04	-8.012	-32.345	-27.6
21.05	-8.004	-35.109	-38.6
21.06	-7.997	-36.853	-71.6
21.07	-7.994	-37.480	-73.4
21.08	-7.994	-37.261	-67.3
21.09	-7.994	-36.744	-57.8
21.1	-7.989	-36.295	5.0
21.11	-7.979	-35.844	181.2
21.12	-7.973	-35.209	444.8
21.13	-7.973	-34.388	474.1
21.14	-7.971	-33.516	207.2
21.15	-7.961	-32.727	8.6
21.16	-7.948	-32.034	-37.5
21.17	-7.940	-31.381	-32.4
21.18	-7.936	-30.716	-52.8
21.19	-7.930	-30.195	-81.9
21.2	-7.921	-30.038	-48.3
21.21	-7.907	-29.934	-36.3
21.22	-7.893	-29.061	-37.6
21.23	-7.883	-26.586	15.9
21.24	-7.879	-21.095	36.9
21.25	-7.879	-9.134	12.0
21.26	-7.877	12.489	15.2
21.27	-7.873	36.200	38.4
21.28	-7.867	48.756	78.5
21.29	-7.861	51.067	102.9
21.3	-7.856	51.131	116.9
21.31	-7.851	51.139	119.1
21.32	-7.846	51.139	125.6
21.33	-7.840	51.136	171.0
21.34	-7.834	51.114	169.5
21.35	-7.829	49.816	114.8
21.36	-7.824	41.330	73.6
21.37	-7.817	22.363	37.8
21.38	-7.813	-0.008	-11.4
21.39	-7.810	-18.808	-39.8
21.4	-7.809	-32.591	-54.5
21.41	-7.811	-41.375	-76.5
21.42	-7.812	-46.470	-88.1
21.43	-7.813	-49.445	-103.2
21.44	-7.811	-50.823	-112.4
21.45	-7.808	-51.127	-96.0
21.46	-7.803	-51.141	-66.6
21.47	-7.796	-51.141	-63.7
21.48	-7.789	-51.141	-89.6
21.49	-7.785	-51.141	-84.7
21.5	-7.782	-51.141	-46.3
21.51	-7.781	-51.136	-35.7
21.52	-7.780	-50.953	-58.7
21.53	-7.782	-49.002	-64.8
21.54	-7.784	-42.934	-76.9
21.55	-7.787	-33.558	-67.2
21.56	-7.789	-23.659	-25.3
21.57	-7.789	-14.555	-37.0
21.58	-7.789	-6.938	-61.9
21.59	-7.790	-1.686	-55.3
21.6	-7.791	0.703	-37.7
21.61	-7.791	0.519	-18.8
21.62	-7.793	-1.750	3.9
21.63	-7.797	-6.011	23.6
21.64	-7.803	-11.545	3.1
21.65	-7.807	-16.800	-3.7
21.66	-7.808	-21.155	32.0
21.67	-7.808	-25.081	13.9
21.68	-7.806	-28.741	-47.9
21.69	-7.805	-31.823	-60.0
21.7	-7.805	-34.128	-29.1
21.71	-7.807	-35.548	-28.3
21.72	-7.811	-36.181	-52.1
21.73	-7.817	-36.406	-27.9
21.74	-7.819	-36.323	35.3
21.75	-7.814	-35.753	137.1
21.76	-7.811	-34.939	344.3
21.77	-7.815	-34.253	468.4
21.78	-7.819	-33.523	266.9
21.79	-7.819	-32.542	25.5
21.8	-7.816	-31.772	-25.8
21.81	-7.817	-31.620	-40.3
21.82	-7.819	-31.563	-58.3
21.83	-7.818	-30.939	-45.2
21.84	-7.814	-29.953	-29.1
21.85	-7.809	-28.914	-36.4
21.86	-7.804	-27.498	-46.9
21.87	-7.801	-25.309	-13.0
21.88	-7.803	-21.081	20.7
21.89	-7.808	-10.409	14.2
21.9	-7.813	11.170	35.3
21.91	-7.817	35.686	69.2
21.92	-7.821	48.706	61.3
21.93	-7.822	51.069	53.0
21.94	-7.822	51.131	89.0
21.95	-7.822	51.139	129.7
21.96	-7.819	51.139	133.8
21.97	-7.813	51.136	125.3
21.98	-7.804	51.120	108.5
21.99	-7.798	49.952	105.9
22.0	-7.793	41.617	95.5
22.01	-7.789	22.088	36.4
22.02	-7.784	-1.339	1.2
22.03	-7.779	-20.559	-5.8
22.04	-7.780	-34.141	-58.3
22.05	-7.788	-42.678	-110.5
22.06	-7.797	-47.420	-96.0
22.07	-7.802	-49.836	-81.6
22.08	-7.802	-50.866	-86.7
22.09	-7.799	-51.122	-70.3
22.1	-7.796	-51.139	-53.6
22.11	-7.794	-51.141	-67.9
22.12	-7.796	-51.141	-89.0
22.13	-7.800	-51.141	-86.0
22.14	-7.806	-51.141	-43.3
22.15	-7.813	-51.136	-32.2
22.16	-7.822	-51.014	-67.7
22.17	-7.831	-49.397	-53.7
22.18	-7.841	-43.855	-40.0
22.19	-7.851	-34.677	-66.2
22.2	-7.862	-24.588	-65.5
22.21	-7.874	-15.494	-58.9
22.22	-7.887	-8.378	-66.3
22.23	-7.898	-3.708	-47.9
22.24	-7.909	-1.597	-27.5
22.25	-7.919	-2.013	-37.4
22.26	-7.928	-4.534	-56.7
22.27	-7.936	-8.142	-57.8
22.28	-7.944	-11.928	-46.6
22.29	-7.954	-15.959	-26.7
22.3	-7.966	-20.530	-25.8
22.31	-7.978	-24.981	-29.3
22.32	-7.990	-28.453	8.1
22.33	-8.001	-31.119	31.8
22.34	-8.011	-33.467	-1.9
22.35	-8.022	-35.277	-76.4
22.36	-8.032	-36.192	-97.3
22.37	-8.042	-36.577	-65.4
22.38	-8.051	-37.023	-81.0
22.39	-8.061	-37.388	-52.1
22.4	-8.066	-37.016	51.2
22.41	-8.066	-35.839	229.7
22.42	-8.070	-34.452	478.9
22.43	-8.082	-33.242	470.4
22.44	-8.095	-32.223	164.9
22.45	-8.102	-31.586	-46.2
22.46	-8.104	-31.495	-95.2
22.47	-8.106	-31.775	-87.8
22.48	-8.107	-32.189	-58.7
22.49	-8.107	-32.527	-55.7
22.5	-8.103	-32.561	-53.9
22.51	-8.098	-32.220	-41.4
22.52	-8.094	-30.955	-42.7
22.53	-8.095	-26.606	-59.4
22.54	-8.100	-15.436	-49.9
22.55	-8.109	5.725	-27.7
22.56	-8.117	31.161	-32.7
22.57	-8.127	47.027	-6.3
22.58	-8.135	50.952	57.7
22.59	-8.142	51.130	96.1
22.6	-8.148	51.139	86.3
22.61	-8.152	51.139	67.4
22.62	-8.156	51.138	86.1
22.63	-8.158	51.120	99.8
22.64	-8.160	50.216	74.3
22.65	-8.162	43.078	39.1
22.66	-8.166	25.266	17.1
22.67	-8.170	2.986	3.2
22.68	-8.176	-15.723	-2.3
22.69	-8.183	-29.314	-61.2
22.7	-8.191	-38.441	-127.2
22.71	-8.198	-43.972	-123.1
22.72	-8.204	-47.152	-115.9
22.73	-8.209	-49.244	-110.0
22.74	-8.216	-50.589	-104.3
22.75	-8.221	-51.084	-103.5
22.76	-8.225	-51.139	-97.8
22.77	-8.228	-51.141	-101.9
22.78	-8.229	-51.141	-104.4
22.79	-8.232	-51.141	-85.3
22.8	-8.236	-51.139	-75.9
22.81	-8.239	-51.119	-77.2
22.82	-8.242	-50.531	-81.7
22.83	-8.245	-47.519	-105.0
22.84	-8.249	-40.977	-122.8
22.85	-8.254	-32.394	-96.9
22.86	-8.259	-23.998	-45.2
22.87	-8.264	-17.289	-70.4
22.88	-8.267	-12.477	-118.3
22.89	-8.269	-8.984	-94.0
22.9	-8.273	-6.992	-77.5
22.91	-8.275	-7.364	-84.5
22.92	-8.277	-10.089	-80.3
22.93	-8.281	-13.809	-94.9
22.94	-8.284	-17.320	-78.9
22.95	-8.288	-20.709	-34.1
22.96	-8.293	-24.416	-66.4
22.97	-8.296	-28.039	-117.1
22.98	-8.297	-30.881	-93.1
22.99	-8.299	-32.906	-62.6
23.0	-8.302	-34.505	-70.8
23.01	-8.307	-35.913	-78.5
23.02	-8.312	-37.177	-66.7
23.03	-8.315	-38.202	-37.7
23.04	-8.318	-38.727	-23.4
23.05	-8.321	-38.622	6.4
23.06	-8.323	-38.128	43.4
23.07	-8.326	-37.606	-10.0
23.08	-8.328	-37.064	-90.8
23.09	-8.330	-36.139	-94.3
23.1	-8.332	-34.738	-69.9
23.11	-8.334	-33.211	-77.1
23.12	-8.335	-31.819	-76.5
23.13	-8.333	-30.534	-39.8
23.14	-8.326	-29.177	96.1
23.15	-8.320	-27.772	395.4
23.16	-8.322	-26.800	590.4
23.17	-8.332	-26.545	387.3
23.18	-8.341	-26.453	53.3
23.19	-8.346	-25.973	-72.2
23.2	-8.344	-25.419	-68.4
23.21	-8.336	-25.427	-80.9
23.22	-8.330	-26.011	-109.8
23.23	-8.328	-26.455	-91.6
23.24	-8.324	-26.048	-62.5
23.25	-8.319	-24.483	-58.0
23.26	-8.316	-20.731	-50.7
23.27	-8.318	-11.309	-50.1
23.28	-8.322	8.106	-40.5
23.29	-8.330	32.352	-18.1
23.3	-8.339	47.395	11.5
23.31	-8.348	50.980	31.3
23.32	-8.355	51.131	39.2
23.33	-8.361	51.139	58.0
23.34	-8.366	51.139	76.1
23.35	-8.369	51.139	88.0
23.36	-8.371	51.125	102.4
23.37	-8.372	50.858	106.8
23.38	-8.373	46.792	92.1
23.39	-8.375	32.969	64.4
23.4	-8.379	11.988	31.6
23.41	-8.381	-7.577	1.5
23.42	-8.385	-22.378	-46.7
23.43	-8.393	-32.817	-93.0
23.44	-8.401	-39.720	-119.4
23.45	-8.409	-43.903	-129.8
23.46	-8.414	-46.445	-94.5
23.47	-8.420	-48.567	-94.2
23.48	-8.426	-50.300	-136.1
23.49	-8.428	-51.042	-119.0
23.5	-8.428	-51.139	-76.3
23.51	-8.428	-51.141	-104.7
23.52	-8.427	-51.141	-131.7
23.53	-8.427	-51.139	-76.2
23.54	-8.429	-51.125	-61.7
23.55	-8.433	-50.659	-98.5
23.56	-8.436	-48.045	-94.6
23.57	-8.439	-42.420	-60.0
23.58	-8.443	-35.475	-84.2
23.59	-8.446	-28.788	-118.4
23.6	-8.447	-22.619	-77.4
23.61	-8.448	-17.081	-55.9
23.62	-8.447	-12.616	-72.4
23.63	-8.447	-9.747	-86.5
23.64	-8.446	-8.889	-82.4
23.65	-8.447	-10.109	-82.2
23.66	-8.449	-12.691	-91.5
23.67	-8.451	-15.619	-74.4
23.68	-8.453	-18.664	-46.4
23.69	-8.455	-22.189	-50.1
23.7	-8.456	-26.122	-97.5
23.71	-8.456	-29.900	-110.0
23.72	-8.456	-33.219	-52.1
23.73	-8.456	-35.789	-31.9
23.74	-8.455	-37.100	-73.7
23.75	-8.455	-37.231	-57.7
23.76	-8.456	-37.092	9.6
23.77	-8.459	-37.367	22.5
23.78	-8.463	-37.598	-3.4
23.79	-8.466	-37.058	-31.9
23.8	-8.470	-35.855	-51.1
23.81	-8.473	-34.734	-50.2
23.82	-8.473	-34.105	-67.8
23.83	-8.472	-33.644	-79.0
23.84	-8.471	-32.881	-52.3
23.85	-8.469	-31.756	-33.7
23.86	-8.464	-30.627	2.5
23.87	-8.454	-29.770	134.6
23.88	-8.443	-28.878	388.5
23.89	-8.442	-27.584	544.5
23.9	-8.449	-26.281	383.1
23.91	-8.458	-25.598	103.8
23.92	-8.465	-25.469	-70.8
23.93	-8.467	-25.359	-120.3
23.94	-8.463	-25.158	-81.4
23.95	-8.454	-25.228	-54.3
23.96	-8.445	-25.506	-73.4
23.97	-8.438	-25.375	-76.8
23.98	-8.433	-24.336	-35.5
23.99	-8.426	-21.417	-15.5
24.0	-8.421	-13.573	-17.8
24.01	-8.420	3.703	-27.8
24.02	-8.423	27.948	-18.8
24.03	-8.429	45.572	28.9
24.04	-8.434	50.814	45.1
24.05	-8.439	51.122	44.3
24.06	-8.442	51.139	66.6
24.07	-8.443	51.139	110.3
24.08	-8.441	51.139	150.7
24.09	-8.436	51.131	148.0
24.1	-8.430	50.980	126.8
24.11	-8.424	47.892	112.0
24.12	-8.419	35.803	67.5
24.13	-8.414	15.631	-9.9
24.14	-8.411	-4.161	-30.3
24.15	-8.411	-19.305	-8.0
24.16	-8.414	-30.030	-40.4
24.17	-8.420	-37.017	-85.8
24.18	-8.427	-41.227	-124.9
24.19	-8.433	-44.117	-139.8
24.2	-8.439	-46.889	-157.6
24.21	-8.446	-49.416	-152.3
24.22	-8.453	-50.805	-66.1
24.23	-8.459	-51.127	-53.3
24.24	-8.467	-51.141	-112.0
24.25	-8.478	-51.141	-109.9
24.26	-8.491	-51.141	-69.6
24.27	-8.506	-51.138	-82.0
24.28	-8.519	-50.897	-115.3
24.29	-8.532	-49.061	-104.9
24.3	-8.541	-44.231	-82.5
24.31	-8.548	-37.292	-61.9
24.32	-8.553	-30.152	-52.4
24.33	-8.554	-23.889	-65.3
24.34	-8.554	-18.681	-94.2
24.35	-8.554	-14.352	-79.4
24.36	-8.554	-11.297	-46.5
24.37	-8.551	-10.292	-73.1
24.38	-8.548	-11.458	-106.7
24.39	-8.545	-14.017	-87.6
24.4	-8.541	-17.108	-46.9
24.41	-8.539	-20.358	-64.7
24.42	-8.536	-23.723	-80.1
24.43	-8.534	-27.155	-44.8
24.44	-8.531	-30.397	-37.9
24.45	-8.529	-33.098	-55.8
24.46	-8.527	-35.128	-59.2
24.47	-8.524	-36.655	-14.8
24.48	-8.521	-37.806	34.1
24.49	-8.518	-38.342	16.3
24.5	-8.514	-38.069	-17.9
24.51	-8.509	-37.356	-25.2
24.52	-8.504	-36.741	-44.9
24.53	-8.498	-36.247	-89.7
24.54	-8.493	-35.548	-69.4
24.55	-8.489	-34.573	-38.5
24.56	-8.486	-33.462	-34.3
24.57	-8.480	-32.219	12.4
24.58	-8.471	-30.795	188.2
24.59	-8.464	-29.280	498.3
24.6	-8.464	-27.864	564.8
24.61	-8.464	-26.781	273.3
24.62	-8.461	-26.136	10.7
24.63	-8.453	-25.803	-62.5
24.64	-8.446	-25.780	-62.3
24.65	-8.439	-26.409	-81.7
24.66	-8.433	-27.828	-100.7
24.67	-8.424	-29.267	-51.9
24.68	-8.414	-29.730	-0.7
24.69	-8.401	-29.147	4.0
24.7	-8.391	-27.252	-6.5
24.71	-8.383	-21.184	-28.0
24.72	-8.378	-5.758	-4.5
24.73	-8.377	19.409	33.1
24.74	-8.377	41.497	13.0
24.75	-8.378	50.145	13.6
24.76	-8.379	51.116	88.9
24.77	-8.378	51.139	159.5
24.78	-8.375	51.139	177.1
24.79	-8.369	51.139	179.4
24.8	-8.364	51.131	164.4
24.81	-8.362	50.978	112.9
24.82	-8.363	47.798	95.8
24.83	-8.364	35.192	91.8
24.84	-8.362	14.141	48.1
24.85	-8.359	-6.427	14.1
24.86	-8.359	-22.206	-11.6
24.87	-8.359	-33.663	-63.4
24.88	-8.360	-41.527	-118.4
24.89	-8.361	-46.397	-110.4
24.9	-8.361	-49.145	-69.3
24.91	-8.357	-50.566	-53.2
24.92	-8.352	-51.070	-53.7
24.93	-8.344	-51.139	-77.4
24.94	-8.333	-51.141	-89.1
24.95	-8.322	-51.141	-101.3
24.96	-8.312	-51.141	-115.5
24.97	-8.304	-51.139	-71.9
24.98	-8.298	-51.116	-60.7
24.99	-8.294	-50.438	-80.9
25.0	-8.293	-47.089	-59.0
25.01	-8.290	-40.297	-39.5
25.02	-8.286	-32.064	-42.6
25.03	-8.281	-23.944	-76.7
25.04	-8.274	-16.402	-90.3
25.05	-8.268	-10.266	-44.2
25.06	-8.261	-6.373	-17.7
25.07	-8.254	-4.766	-57.5
25.08	-8.246	-4.942	-58.6
25.09	-8.239	-6.644	-17.1
25.1	-8.231	-9.758	-27.0
25.11	-8.224	-13.723	-58.1
25.12	-8.219	-17.820	-47.1
25.13	-8.214	-21.825	22.0
25.14	-8.209	-25.867	67.1
25.15	-8.203	-29.670	0.6
25.16	-8.194	-32.600	-48.6
25.17	-8.186	-34.567	-18.3
25.18	-8.177	-36.064	-24.2
25.19	-8.171	-37.189	-71.6
25.2	-8.170	-37.477	-73.5
25.21	-8.172	-36.783	-29.3
25.22	-8.172	-35.781	8.0
25.23	-8.166	-35.247	98.4
25.24	-8.157	-34.950	306.4
25.25	-8.157	-34.214	496.4
25.26	-8.160	-33.242	393.4
25.27	-8.159	-32.764	96.9
25.28	-8.152	-32.742	-63.1
25.29	-8.147	-32.383	-58.7
25.3	-8.143	-31.514	-26.9
25.31	-8.140	-30.952	-33.9
25.32	-8.134	-31.013	-46.3
25.33	-8.127	-30.767	-50.7
25.34	-8.119	-29.338	-42.8
25.35	-8.114	-26.789	-18.6
25.36	-8.116	-22.933	-5.4
25.37	-8.124	-15.191	6.2
25.38	-8.134	1.205	13.7
25.39	-8.143	25.316	20.9
25.4	-8.148	44.255	80.5
25.41	-8.152	50.597	130.4
25.42	-8.158	51.114	111.6
25.43	-8.166	51.139	75.8
25.44	-8.176	51.139	105.2
25.45	-8.190	51.138	149.3
25.46	-8.206	51.122	152.4
25.47	-8.223	50.191	141.5
25.48	-8.241	43.188	113.1
25.49	-8.258	26.042	74.8
25.5	-8.275	4.431	16.0
25.51	-8.290	-14.436	-58.3
25.52	-8.306	-28.684	-71.9
25.53	-8.324	-38.200	-46.8
25.54	-8.342	-43.608	-58.7
25.55	-8.358	-46.305	-61.2
25.56	-8.370	-47.991	-61.3
25.57	-8.378	-49.608	-85.0
25.58	-8.384	-50.755	-103.7
25.59	-8.386	-51.114	-87.7
25.6	-8.387	-51.139	-52.1
25.61	-8.387	-51.141	-54.5
25.62	-8.391	-51.141	-77.9
25.63	-8.397	-51.138	-61.4
25.64	-8.402	-50.948	-36.8
25.65	-8.407	-49.227	-62.6
25.66	-8.411	-44.155	-62.3
25.67	-8.414	-36.202	-32.0
25.68	-8.416	-27.128	-28.0
25.69	-8.416	-17.825	-49.2
25.7	-8.414	-9.323	-70.7
25.71	-8.410	-3.333	-33.2
25.72	-8.405	-0.742	-2.8
25.73	-8.399	-0.894	-30.9
25.74	-8.393	-2.742	-33.3
25.75	-8.386	-5.706	2.9
25.76	-8.380	-9.559	28.0
25.77	-8.377	-13.956	-3.3
25.78	-8.376	-18.488	-39.3
25.79	-8.376	-22.903	6.5
25.8	-8.376	-26.839	34.5
25.81	-8.377	-29.788	-8.4
25.82	-8.379	-31.647	-21.7
25.83	-8.380	-33.016	-22.0
25.84	-8.381	-34.470	-57.5
25.85	-8.383	-35.792	-75.7
25.86	-8.386	-36.406	-43.2
25.87	-8.387	-36.367	12.4
25.88	-8.380	-36.323	96.7
25.89	-8.366	-36.269	283.6
25.9	-8.356	-35.344	473.6
25.91	-8.354	-33.438	391.4
25.92	-8.351	-31.738	124.5
25.93	-8.345	-31.019	-46.8
25.94	-8.337	-30.634	-102.1
25.95	-8.329	-29.995	-73.7
25.96	-8.320	-29.714	-31.5
25.97	-8.309	-30.342	-59.8
25.98	-8.296	-30.948	-62.3
25.99	-8.281	-30.067	-27.4
26.0	-8.269	-27.397	-33.9
26.01	-8.261	-22.719	-54.9
26.02	-8.258	-13.025	-60.7
26.03	-8.257	6.292	-26.4
26.04	-8.257	30.917	23.0
26.05	-8.257	46.856	63.2
26.06	-8.256	50.934	64.2
26.07	-8.252	51.128	36.7
26.08	-8.248	51.139	63.2
26.09	-8.243	51.139	104.9
26.1	-8.239	51.131	100.0
26.11	-8.233	50.970	73.3
26.12	-8.225	47.777	86.7
26.13	-8.217	35.613	94.7
26.14	-8.211	15.698	43.8
26.15	-8.207	-3.764	-7.0
26.16	-8.206	-18.697	-66.6
26.17	-8.204	-28.983	-117.8
26.18	-8.203	-35.477	-124.8
26.19	-8.203	-39.441	-134.9
26.2	-8.203	-41.831	-114.4
26.21	-8.204	-43.594	-74.8
26.22	-8.205	-45.880	-67.3
26.23	-8.206	-48.705	-95.7
26.24	-8.205	-50.600	-123.3
26.25	-8.203	-51.113	-113.3
26.26	-8.201	-51.139	-104.8
26.27	-8.200	-51.139	-97.8
26.28	-8.200	-51.128	-108.0
26.29	-8.201	-50.681	-120.3
26.3	-8.204	-48.103	-89.5
26.31	-8.208	-42.503	-70.1
26.32	-8.214	-35.375	-76.5
26.33	-8.221	-27.933	-85.8
26.34	-8.226	-20.658	-93.8
26.35	-8.230	-14.523	-101.3
26.36	-8.234	-10.341	-108.7
26.37	-8.240	-8.045	-98.3
26.38	-8.246	-7.233	-73.0
26.39	-8.250	-8.011	-39.4
26.4	-8.252	-10.542	-42.7
26.41	-8.254	-14.178	-107.0
26.42	-8.257	-17.866	-110.9
26.43	-8.260	-21.158	-73.5
26.44	-8.264	-24.286	-80.3
26.45	-8.269	-27.377	-83.3
26.46	-8.273	-30.169	-73.3
26.47	-8.276	-32.339	-46.8
26.48	-8.280	-33.706	-15.6
26.49	-8.284	-34.455	17.3
26.5	-8.286	-35.050	25.3
26.51	-8.287	-35.539	-42.3
26.52	-8.288	-35.506	-90.0
26.53	-8.289	-34.902	-81.3
26.54	-8.291	-34.323	-71.0
26.55	-8.294	-34.006	-94.8
26.56	-8.296	-33.272	-98.1
26.57	-8.297	-31.898	-31.1
26.58	-8.296	-30.736	34.3
26.59	-8.291	-30.322	154.4
26.6	-8.287	-30.011	391.8
26.61	-8.290	-29.019	518.2
26.62	-8.296	-27.609	317.2
26.63	-8.301	-26.488	17.1
26.64	-8.301	-25.664	-117.7
26.65	-8.297	-24.992	-130.0
26.66	-8.292	-24.820	-89.8
26.67	-8.289	-25.136	-57.4
26.68	-8.284	-25.217	-62.7
26.69	-8.276	-24.530	-65.3
26.7	-8.268	-22.756	-56.8
26.71	-8.263	-18.400	-64.4
26.72	-8.262	-7.741	-60.1
26.73	-8.263	12.441	-22.8
26.74	-8.267	35.402	-11.0
26.75	-8.271	48.323	5.3
26.76	-8.274	51.034	27.0
26.77	-8.276	51.133	41.8
26.78	-8.277	51.139	92.8
26.79	-8.277	51.139	86.3
26.8	-8.275	51.131	66.1
26.81	-8.273	50.989	110.7
26.82	-8.271	48.127	126.2
26.83	-8.268	37.145	81.1
26.84	-8.264	19.144	23.6
26.85	-8.262	1.623	3.5
26.86	-8.261	-12.197	-16.8
26.87	-8.262	-22.877	-89.5
26.88	-8.266	-30.520	-134.2
26.89	-8.270	-35.113	-115.5
26.9	-8.272	-37.641	-96.4
26.91	-8.273	-39.823	-102.5
26.92	-8.273	-42.872	-145.7
26.93	-8.273	-46.578	-158.1
26.94	-8.272	-49.578	-119.8
26.95	-8.271	-50.909	-91.3
26.96	-8.269	-51.134	-79.6
26.97	-8.271	-51.138	-122.5
26.98	-8.270	-50.988	-141.0
26.99	-8.267	-49.742	-86.8
27.0	-8.264	-46.409	-68.4
27.01	-8.264	-41.591	-113.5
27.02	-8.263	-35.983	-144.9
27.03	-8.262	-29.466	-97.0
27.04	-8.262	-22.705	-66.1
27.05	-8.262	-16.927	-83.0
27.06	-8.263	-12.900	-82.3
27.07	-8.264	-10.597	-106.3
27.08	-8.264	-9.517	-116.3
27.09	-8.262	-9.553	-93.6
27.1	-8.261	-11.022	-73.9
27.11	-8.259	-13.695	-75.3
27.12	-8.258	-16.672	-102.0
27.13	-8.258	-19.425	-106.5
27.14	-8.256	-22.227	-66.0
27.15	-8.256	-25.364	-54.6
27.16	-8.255	-28.336	-105.6
27.17	-8.255	-30.216	-94.3
27.18	-8.255	-31.053	-50.6
27.19	-8.255	-31.944	-54.1
27.2	-8.256	-33.302	-65.9
27.21	-8.256	-34.366	-66.2
27.22	-8.257	-34.628	-12.4
27.23	-8.258	-34.495	42.1
27.24	-8.259	-34.417	25.6
27.25	-8.259	-34.261	-32.6
27.26	-8.258	-33.594	-67.8
27.27	-8.258	-32.341	-86.9
27.28	-8.258	-31.022	-97.3
27.29	-8.261	-30.148	-71.5
27.3	-8.262	-29.459	-71.6
27.31	-8.261	-28.355	-37.4
27.32	-8.253	-26.881	115.8
27.33	-8.243	-25.550	370.3
27.34	-8.240	-24.508	573.5
27.35	-8.247	-23.484	437.5
27.36	-8.259	-22.458	120.6
27.37	-8.267	-21.898	-47.3
27.38	-8.269	-22.027	-100.1
27.39	-8.263	-22.391	-102.7
27.4	-8.254	-22.484	-73.4
27.41	-8.245	-22.347	-37.9
27.42	-8.239	-22.041	-16.1
27.43	-8.234	-20.952	-53.5
27.44	-8.229	-18.003	-72.5
27.45	-8.224	-11.194	-36.4
27.46	-8.221	3.122	-15.7
27.47	-8.223	24.952	-16.0
27.48	-8.228	43.431	-2.4
27.49	-8.234	50.388	59.1
27.5	-8.239	51.117	86.4
27.51	-8.244	51.139	68.0
27.52	-8.246	51.139	86.0
27.53	-8.244	51.138	106.4
27.54	-8.241	51.125	127.5
27.55	-8.234	50.338	149.1
27.56	-8.228	44.517	154.9
27.57	-8.220	30.456	88.3
27.58	-8.215	12.903	-2.1
27.59	-8.211	-2.409	11.1
27.6	-8.210	-14.352	2.9
27.61	-8.213	-23.131	-86.4
27.62	-8.218	-29.017	-141.6
27.63	-8.226	-32.642	-118.8
27.64	-8.233	-35.155	-72.9
27.65	-8.239	-37.808	-83.9
27.66	-8.244	-41.464	-132.8
27.67	-8.247	-45.881	-147.4
27.68	-8.245	-49.428	-101.8
27.69	-8.239	-50.922	-79.0
27.7	-8.232	-51.134	-95.5
27.71	-8.226	-51.092	-85.1
27.72	-8.223	-50.341	-78.8
27.73	-8.226	-47.556	-98.4
27.74	-8.235	-42.673	-108.4
27.75	-8.249	-36.866	-102.4
27.76	-8.266	-30.817	-85.1
27.77	-8.285	-24.884	-78.1
27.78	-8.304	-19.441	-79.4
27.79	-8.320	-14.798	-59.3
27.8	-8.331	-11.225	-54.7
27.81	-8.338	-8.888	-79.7
27.82	-8.341	-8.003	-99.3
27.83	-8.341	-8.723	-106.7
27.84	-8.338	-10.745	-110.2
27.85	-8.335	-13.505	-95.1
27.86	-8.332	-16.591	-60.0
27.87	-8.330	-19.775	-43.3
27.88	-8.329	-22.734	-62.0
27.89	-8.331	-25.245	-85.1
27.9	-8.335	-27.580	-83.8
27.91	-8.340	-30.059	-63.6
27.92	-8.343	-32.380	-35.8
27.93	-8.344	-33.958	-12.3
27.94	-8.343	-34.702	36.9
27.95	-8.340	-34.900	66.3
27.96	-8.336	-34.813	2.4
27.97	-8.329	-34.658	-72.2
27.98	-8.321	-34.386	-106.5
27.99	-8.313	-33.589	-91.6
28.0	-8.307	-32.188	-49.5
28.01	-8.303	-30.802	-47.2
28.02	-8.299	-29.834	-36.1
28.03	-8.293	-28.858	23.8
28.04	-8.283	-27.530	210.9
28.05	-8.276	-26.294	514.5
28.06	-8.277	-25.681	591.3
28.07	-8.279	-25.445	300.3
28.08	-8.277	-25.006	8.5
28.09	-8.271	-24.441	-69.6
28.1	-8.261	-24.272	-69.3
28.11	-8.251	-24.513	-70.1
28.12	-8.242	-24.677	-71.9
28.13	-8.234	-24.536	-58.3
28.14	-8.225	-24.033	-31.4
28.15	-8.216	-22.769	-40.8
28.16	-8.209	-19.719	-52.0
28.17	-8.204	-12.436	-12.8
28.18	-8.203	2.941	8.3
28.19	-8.203	25.630	7.4
28.2	-8.201	43.989	40.2
28.21	-8.199	50.503	79.5
28.22	-8.194	51.116	108.0
28.23	-8.188	51.139	120.2
28.24	-8.179	51.139	120.5
28.25	-8.171	51.138	116.4
28.26	-8.162	51.125	145.0
28.27	-8.154	50.452	176.0
28.28	-8.147	44.873	148.5
28.29	-8.141	30.400	112.5
28.3	-8.137	11.552	57.7
28.31	-8.133	-4.986	-27.0
28.32	-8.129	-17.497	-78.0
28.33	-8.126	-26.297	-89.2
28.34	-8.123	-31.958	-89.2
28.35	-8.120	-35.241	-96.6
28.36	-8.116	-37.364	-101.8
28.37	-8.113	-39.678	-86.8
28.38	-8.111	-42.805	-83.5
28.39	-8.107	-46.400	-109.5
28.4	-8.102	-49.406	-98.4
28.41	-8.096	-50.855	-97.5
28.42	-8.089	-51.128	-122.0
28.43	-8.085	-50.945	-91.3
28.44	-8.083	-49.508	-46.3
28.45	-8.083	-45.794	-68.1
28.46	-8.084	-40.272	-103.4
28.47	-8.087	-33.712	-84.1
28.48	-8.089	-26.463	-62.9
28.49	-8.092	-19.148	-48.4
28.5	-8.093	-12.597	-50.9
28.51	-8.093	-7.422	-66.3
28.52	-8.092	-3.864	-73.5
28.53	-8.092	-1.973	-78.5
28.54	-8.093	-1.650	-52.5
28.55	-8.095	-2.703	-47.3
28.56	-8.098	-4.970	-66.2
28.57	-8.099	-8.027	-51.9
28.58	-8.102	-11.239	-37.0
28.59	-8.104	-14.180	-18.6
28.6	-8.109	-17.044	0.7
28.61	-8.117	-20.005	-8.4
28.62	-8.129	-22.428	19.1
28.63	-8.146	-23.755	40.8
28.64	-8.164	-24.359	4.9
28.65	-8.184	-25.042	-26.4
28.66	-8.203	-25.998	-81.7
28.67	-8.221	-26.988	-96.9
28.68	-8.238	-27.892	-33.6
28.69	-8.255	-28.548	-8.0
28.7	-8.272	-28.788	12.2
28.71	-8.285	-28.552	76.2
28.72	-8.291	-27.595	235.1
28.73	-8.297	-25.991	515.4
28.74	-8.309	-24.538	572.5
28.75	-8.322	-23.336	254.6
28.76	-8.335	-21.536	-34.8
28.77	-8.346	-19.930	-70.9
28.78	-8.354	-20.122	-46.0
28.79	-8.359	-21.848	-46.8
28.8	-8.360	-23.570	-43.5
28.81	-8.357	-23.956	-32.1
28.82	-8.353	-22.853	-21.1
28.83	-8.348	-20.864	-50.2
28.84	-8.344	-17.828	-56.0
28.85	-8.341	-11.316	-10.5
28.86	-8.339	2.611	10.9
28.87	-8.339	23.853	7.3
28.88	-8.343	42.480	51.0
28.89	-8.353	50.147	70.9
28.9	-8.366	51.119	62.7
28.91	-8.381	51.138	107.1
28.92	-8.397	51.139	136.4
28.93	-8.414	51.138	125.0
28.94	-8.433	51.130	143.9
28.95	-8.451	50.542	130.7
28.96	-8.467	45.817	58.8
28.97	-8.478	32.855	47.0
28.98	-8.482	14.058	53.4
28.99	-8.482	-4.150	-5.4
29.0	-8.481	-18.409	-97.0
29.01	-8.478	-28.350	-141.2
29.02	-8.475	-35.027	-126.6
29.03	-8.471	-40.011	-115.0
29.04	-8.466	-44.323	-133.9
29.05	-8.463	-48.084	-145.6
29.06	-8.462	-50.403	-109.2
29.07	-8.455	-51.095	-89.7
29.08	-8.441	-51.138	-114.0
29.09	-8.423	-51.141	-132.3
29.1	-8.405	-51.141	-127.1
29.11	-8.386	-51.141	-106.1
29.12	-8.364	-51.139	-100.6
29.13	-8.341	-51.091	-122.1
29.14	-8.317	-50.106	-128.0
29.15	-8.293	-46.225	-101.7
29.16	-8.269	-39.467	-76.5
29.17	-8.243	-32.464	-77.7
29.18	-8.215	-26.917	-104.8
29.19	-8.183	-23.177	-116.1
29.2	-8.148	-21.556	-100.4
29.21	-8.110	-21.723	-101.3
29.22	-8.070	-23.258	-99.1
29.23	-8.033	-25.817	-89.8
29.24	-7.997	-29.192	-98.4
29.25	-7.965	-33.181	-106.0
29.26	-7.936	-36.342	-97.0
29.27	-7.909	-36.131	-86.2
29.28	-7.883	-29.238	-94.8
29.29	-7.859	-17.359	-92.7
29.3	-7.835	-4.967	-77.2
29.31	-7.812	7.891	-70.9
29.32	-7.789	23.111	-39.8
29.33	-7.765	38.847	-25.2
29.34	-7.741	48.527	-79.0
29.35	-7.714	50.992	-136.4
29.36	-7.689	50.222	-156.1
29.37	-7.666	44.309	-155.8
29.38	-7.641	31.067	-134.1
29.39	-7.615	16.981	-106.2
29.4	-7.588	8.717	-61.1
29.41	-7.559	3.655	30.8
29.42	-7.529	-4.905	293.7
29.43	-7.505	-17.425	601.6
29.44	-7.487	-30.469	541.7
29.45	-7.471	-42.198	190.0
29.46	-7.457	-49.152	-63.3
29.47	-7.444	-48.488	-123.7
29.48	-7.436	-36.742	-106.9
29.49	-7.434	-15.033	-102.3
29.5	-7.439	7.741	-112.8
29.51	-7.446	28.131	-134.4
29.52	-7.454	43.656	-136.2
29.53	-7.462	50.209	-123.9
29.54	-7.471	51.125	-128.8
29.55	-7.482	51.138	-112.7
29.56	-7.499	51.139	-117.2
29.57	-7.523	51.139	-138.5
29.58	-7.553	51.139	-99.1
29.59	-7.590	51.139	-55.5
29.6	-7.631	51.139	-43.6
29.61	-7.674	51.136	-27.6
29.62	-7.717	51.116	-5.3
29.63	-7.756	49.780	8.6
29.64	-7.789	40.875	22.0
29.65	-7.816	21.509	31.1
29.66	-7.835	-1.358	0.4
29.67	-7.849	-23.917	-69.7
29.68	-7.862	-42.172	-140.0
29.69	-7.878	-50.033	-160.9
29.7	-7.896	-51.120	-170.3
29.71	-7.911	-51.113	-180.2
29.72	-7.927	-49.830	-168.9
29.73	-7.941	-42.683	-195.6
29.74	-7.953	-33.956	-215.2
29.75	-7.966	-36.531	-210.1
29.76	-7.980	-45.852	-215.5
29.77	-7.991	-48.555	-229.4
29.78	-7.999	-44.739	-209.8
29.79	-8.006	-43.233	-151.7
29.8	-8.013	-47.006	-163.2
29.81	-8.021	-50.367	-196.5
29.82	-8.030	-51.113	-184.0
29.83	-8.037	-51.141	-167.5
29.84	-8.039	-51.141	-175.4
29.85	-8.039	-51.141	-176.0
29.86	-8.034	-51.141	-145.8
29.87	-8.026	-51.141	-134.7
29.88	-8.018	-51.141	-134.3
29.89	-8.011	-51.141	-161.3
29.9	-8.004	-51.141	-158.7
29.91	-7.999	-51.141	-129.6
29.92	-7.993	-51.141	-98.7
29.93	-7.987	-51.141	-74.8
29.94	-7.981	-51.141	-130.9
29.95	-7.972	-51.141	-109.8
29.96	-7.959	-51.141	-65.2
29.97	-7.947	-51.141	-77.2
29.98	-7.936	-51.141	-44.5
29.99	-7.926	-51.141	-73.8
30.0	-7.915	-51.141	-131.0
30.01	-7.905	-51.141	-97.7
30.02	-7.895	-51.141	-54.7
30.03	-7.884	-51.141	-32.8
30.04	-7.869	-51.141	13.8
30.05	-7.850	-51.141	14.4
30.06	-7.827	-51.141	-50.8
30.07	-7.801	-51.141	-86.3
30.08	-7.774	-51.141	-119.2
30.09	-7.748	-51.141	-163.2
30.1	-7.720	-51.141	-114.7
30.11	-7.690	-51.141	-12.5
30.12	-7.659	-51.141	43.2
30.13	-7.628	-51.141	142.1
30.14	-7.601	-51.141	414.9
30.15	-7.577	-51.141	660.9
30.16	-7.553	-51.141	489.9
30.17	-7.528	-51.141	72.6
30.18	-7.504	-51.141	-92.9
30.19	-7.480	-51.141	-78.0
30.2	-7.455	-51.141	-100.8
30.21	-7.433	-51.141	-94.4
30.22	-7.416	-51.141	-97.1
30.23	-7.402	-51.141	-69.0
30.24	-7.385	-51.138	2.8
30.25	-7.363	-51.073	21.5
30.26	-7.338	-49.309	17.7
30.27	-7.313	-39.458	-24.3
30.28	-7.288	-14.648	-31.8
30.29	-7.259	19.089	67.9
30.3	-7.229	43.059	119.2
30.31	-7.214	50.523	115.1
30.32	-7.216	51.113	171.7
30.33	-7.224	51.134	188.5
30.34	-7.234	51.052	188.3
30.35	-7.242	49.117	153.7
30.36	-7.246	40.333	107.0
30.37	-7.247	23.138	160.8
30.38	-7.245	3.678	144.9
30.39	-7.242	-11.225	85.8
30.4	-7.241	-18.887	76.7
30.41	-7.241	-20.873	-14.2
30.42	-7.242	-21.702	-95.1
30.43	-7.247	-24.200	-61.7
30.44	-7.253	-27.281	-77.6
30.45	-7.260	-29.978	-77.5
30.46	-7.266	-33.369	-19.2
30.47	-7.274	-38.589	-69.6
30.48	-7.285	-44.988	-134.2
30.49	-7.295	-49.581	-117.9
30.5	-7.307	-51.025	-129.7
30.51	-7.320	-51.136	-128.8
30.52	-7.331	-51.141	-47.8
30.53	-7.338	-51.141	-58.6
30.54	-7.343	-51.141	-89.2
30.55	-7.347	-51.139	-49.8
30.56	-7.352	-51.119	-79.3
30.57	-7.354	-50.652	-96.7
30.58	-7.351	-48.502	-54.2
30.59	-7.344	-44.269	-61.3
30.6	-7.336	-39.273	-46.4
30.61	-7.327	-34.141	-32.3
30.62	-7.321	-29.848	-62.9
30.63	-7.317	-27.520	-33.7
30.64	-7.314	-26.314	13.0
30.65	-7.306	-26.133	13.2
30.66	-7.296	-26.570	-19.6
30.67	-7.285	-26.455	-66.9
30.68	-7.275	-26.539	-117.9
30.69	-7.266	-27.847	-68.3
30.7	-7.256	-30.652	-9.2
30.71	-7.249	-34.809	9.4
30.72	-7.243	-39.569	80.8
30.73	-7.237	-43.938	54.6
30.74	-7.231	-46.744	18.8
30.75	-7.224	-46.845	40.6
30.76	-7.216	-45.006	22.5
30.77	-7.209	-43.073	5.0
30.78	-7.202	-41.167	-18.1
30.79	-7.194	-38.781	1.7
30.8	-7.186	-35.500	-12.9
30.81	-7.178	-31.444	-60.4
30.82	-7.168	-27.461	24.7
30.83	-7.158	-23.384	96.5
30.84	-7.147	-19.728	185.6
30.85	-7.134	-18.842	439.8
30.86	-7.121	-21.305	583.2
30.87	-7.110	-25.080	419.7
30.88	-7.100	-28.533	171.2
30.89	-7.092	-31.678	23.0
30.9	-7.084	-35.478	-35.3
30.91	-7.078	-40.302	-32.9
30.92	-7.070	-43.663	8.2
30.93	-7.062	-43.069	17.0
30.94	-7.053	-39.622	14.5
30.95	-7.044	-35.944	19.0
30.96	-7.036	-33.423	26.8
30.97	-7.031	-30.263	70.6
30.98	-7.027	-23.714	61.3
30.99	-7.025	-12.273	46.9
31.0	-7.024	5.894	70.8
31.01	-7.027	28.617	108.8
31.02	-7.031	45.286	147.8
31.03	-7.034	50.695	168.2
31.04	-7.036	51.117	226.1
31.05	-7.038	51.139	220.6
31.06	-7.038	51.139	187.6
31.07	-7.038	51.136	169.8
31.08	-7.038	51.108	102.0
31.09	-7.036	50.223	129.8
31.1	-7.031	45.530	167.2
31.11	-7.024	35.930	90.8
31.12	-7.017	24.305	43.4
31.13	-7.008	12.372	64.7
31.14	-6.997	0.620	55.1
31.15	-6.984	-9.833	-59.4
31.16	-6.970	-18.914	-106.2
31.17	-6.954	-27.803	-24.3
31.18	-6.938	-36.788	-18.0
31.19	-6.920	-44.559	-19.3
31.2	-6.902	-49.366	20.7
31.21	-6.885	-50.969	-10.6
31.22	-6.867	-51.138	-21.8
31.23	-6.848	-51.141	5.0
31.24	-6.828	-51.141	-20.5
31.25	-6.808	-51.119	-13.7
31.26	-6.789	-50.792	19.4
31.27	-6.769	-46.258	-12.0
31.28	-6.750	-38.700	14.8
31.29	-6.731	-40.641	63.6
31.3	-6.715	-48.442	23.4
31.31	-6.702	-50.102	20.7
31.32	-6.691	-45.167	25.4
31.33	-6.683	-35.253	-8.8
31.34	-6.676	-26.764	9.5
31.35	-6.671	-24.052	35.4
31.36	-6.665	-23.297	29.0
31.37	-6.660	-20.628	17.5
31.38	-6.655	-17.517	63.0
31.39	-6.651	-17.139	88.5
31.4	-6.646	-20.103	19.9
31.41	-6.641	-24.163	39.5
31.42	-6.633	-26.284	84.5
31.43	-6.621	-25.881	69.4
31.44	-6.607	-24.230	94.1
31.45	-6.589	-22.514	80.2
31.46	-6.569	-21.189	60.2
31.47	-6.548	-19.758	68.3
31.48	-6.529	-17.547	32.1
31.49	-6.513	-14.092	36.2
31.5	-6.499	-7.808	56.3
31.51	-6.486	-0.469	38.3
31.52	-6.473	2.602	109.1
31.53	-6.459	2.661	323.4
31.54	-6.442	3.533	570.2
31.55	-6.424	4.798	606.9
31.56	-6.407	5.606	330.1
31.57	-6.393	4.531	116.3
31.58	-6.378	-0.672	82.5
31.59	-6.360	-8.750	24.7
31.6	-6.341	-17.720	30.8
31.61	-6.322	-27.642	48.3
31.62	-6.305	-37.064	48.1
31.63	-6.289	-43.602	77.9
31.64	-6.276	-47.270	49.1
31.65	-6.266	-49.547	39.8
31.66	-6.260	-50.795	106.7
31.67	-6.256	-50.933	102.9
31.68	-6.255	-49.255	88.9
31.69	-6.257	-43.706	155.9
31.7	-6.264	-33.183	183.2
31.71	-6.276	-18.683	173.4
31.72	-6.288	-1.144	209.4
31.73	-6.300	18.369	249.0
31.74	-6.310	36.194	273.4
31.75	-6.320	47.234	265.3
31.76	-6.328	50.709	229.0
31.77	-6.334	49.705	213.9
31.78	-6.339	45.014	223.0
31.79	-6.347	37.505	204.9
31.8	-6.355	29.147	145.3
31.81	-6.366	20.680	106.3
31.82	-6.380	12.517	47.7
31.83	-6.396	4.331	3.3
31.84	-6.411	-3.875	40.5
31.85	-6.423	-11.291	44.8
31.86	-6.431	-17.459	19.8
31.87	-6.441	-22.484	37.2
31.88	-6.450	-27.002	65.7
31.89	-6.458	-31.747	62.9
31.9	-6.464	-35.828	22.0
31.91	-6.471	-38.253	22.7
31.92	-6.479	-40.256	67.9
31.93	-6.489	-42.300	77.9
31.94	-6.499	-43.809	89.0
31.95	-6.509	-44.508	71.9
31.96	-6.519	-43.819	46.8
31.97	-6.529	-42.161	84.8
31.98	-6.538	-41.353	101.0
31.99	-6.548	-41.478	77.4
32.0	-6.561	-40.934	109.3
32.01	-6.577	-40.181	122.1
32.02	-6.596	-39.967	45.6
32.03	-6.614	-39.741	28.5
32.04	-6.628	-40.330	80.8
32.05	-6.641	-42.033	66.8
32.06	-6.654	-43.116	59.7
32.07	-6.668	-43.408	83.9
32.08	-6.681	-44.072	106.0
32.09	-6.693	-44.978	167.9
32.1	-6.704	-45.292	147.8
32.11	-6.713	-44.225	128.4
32.12	-6.721	-42.394	192.8
32.13	-6.729	-40.672	127.2
32.14	-6.737	-38.223	64.7
32.15	-6.742	-36.020	86.6
32.16	-6.746	-36.078	53.1
32.17	-6.748	-37.305	96.9
32.18	-6.749	-37.300	82.5
32.19	-6.753	-35.955	38.3
32.2	-6.759	-34.634	135.3
32.21	-6.767	-33.953	274.0
32.22	-6.774	-34.059	526.0
32.23	-6.781	-34.247	602.4
32.24	-6.794	-33.777	307.7
32.25	-6.811	-33.388	96.3
32.26	-6.829	-32.870	91.2
32.27	-6.842	-31.219	78.5
32.28	-6.849	-30.016	56.1
32.29	-6.849	-31.020	100.8
32.3	-6.846	-32.589	155.2
32.31	-6.843	-33.044	51.7
32.32	-6.844	-32.453	43.8
32.33	-6.857	-30.730	128.7
32.34	-6.876	-28.394	116.4
32.35	-6.891	-26.350	134.6
32.36	-6.902	-24.598	100.6
32.37	-6.915	-22.184	149.6
32.38	-6.929	-18.792	224.7
32.39	-6.941	-17.469	154.4
32.4	-6.949	-21.114	252.0
32.41	-6.957	-25.450	313.5
32.42	-6.964	-26.045	165.4
32.43	-6.971	-25.303	225.1
32.44	-6.980	-24.388	357.8
32.45	-6.991	-22.547	213.4
32.46	-7.001	-20.895	143.8
32.47	-7.009	-19.975	190.5
32.48	-7.018	-18.848	72.4
32.49	-7.026	-17.169	53.5
32.5	-7.038	-15.920	69.3
32.51	-7.051	-15.305	-10.8
32.52	-7.066	-14.284	5.1
32.53	-7.080	-11.770	51.7
32.54	-7.094	-8.767	17.7
32.55	-7.106	-8.823	-5.5
32.56	-7.116	-11.763	10.9
32.57	-7.126	-12.325	23.0
32.58	-7.134	-9.097	-8.8
32.59	-7.144	-6.511	-6.6
32.6	-7.155	-6.019	112.8
32.61	-7.168	-4.042	85.1
32.62	-7.183	-1.078	-4.2
32.63	-7.197	0.236	33.0
32.64	-7.209	-0.058	53.2
32.65	-7.214	-3.363	45.9
32.66	-7.215	-10.506	97.9
32.67	-7.212	-19.278	97.6
32.68	-7.206	-25.973	1.7
32.69	-7.202	-25.658	-1.5
32.7	-7.199	-16.892	45.5
32.71	-7.197	-5.167	42.1
32.72	-7.197	4.828	9.6
32.73	-7.198	14.011	73.0
32.74	-7.203	23.898	135.6
32.75	-7.209	32.653	23.4
32.76	-7.216	39.270	48.8
32.77	-7.222	44.966	224.5
32.78	-7.228	48.784	185.2
32.79	-7.232	49.733	43.7
32.8	-7.236	48.970	16.9
32.81	-7.240	47.611	28.5
32.82	-7.244	45.380	37.6
32.83	-7.249	41.647	30.9
32.84	-7.254	37.116	46.8
32.85	-7.259	32.644	151.8
32.86	-7.264	27.197	251.2
32.87	-7.266	20.195	412.8
32.88	-7.264	13.452	566.5
32.89	-7.263	7.577	459.5
32.9	-7.268	1.839	244.8
32.91	-7.277	-3.291	60.1
32.92	-7.284	-5.941	4.9
32.93	-7.286	-6.086	61.3
32.94	-7.282	-7.408	66.5
32.95	-7.275	-11.822	66.9
32.96	-7.268	-16.142	69.0
32.97	-7.266	-18.134	113.8
32.98	-7.276	-19.220	152.1
32.99	-7.294	-18.391	70.0
33.0	-7.304	-14.930	98.8
33.01	-7.309	-11.497	161.5
33.02	-7.317	-7.180	110.3
33.03	-7.326	3.897	133.5
33.04	-7.336	23.934	195.0
33.05	-7.343	42.600	220.2
33.06	-7.349	50.227	207.4
33.07	-7.353	51.117	218.9
33.08	-7.356	51.139	242.7
33.09	-7.358	51.138	200.8
33.1	-7.358	51.130	221.3
33.11	-7.354	50.553	240.1
33.12	-7.348	46.014	139.8
33.13	-7.340	33.534	150.1
33.14	-7.335	15.442	142.5
33.15	-7.334	-2.264	-16.0
33.16	-7.336	-16.203	-50.3
33.17	-7.339	-25.742	-19.3
33.18	-7.341	-33.034	-28.0
33.19	-7.343	-40.509	-18.8
33.2	-7.346	-47.072	8.4
33.21	-7.350	-50.406	58.6
33.22	-7.356	-51.113	63.8
33.23	-7.361	-51.139	15.3
33.24	-7.367	-51.141	34.2
33.25	-7.374	-51.141	39.4
33.26	-7.381	-51.141	7.4
33.27	-7.388	-51.141	15.2
33.28	-7.393	-51.136	22.4
33.29	-7.398	-50.825	44.9
33.3	-7.401	-48.536	30.7
33.31	-7.403	-42.984	22.1
33.32	-7.404	-36.348	92.2
33.33	-7.404	-31.317	91.5
33.34	-7.404	-28.239	9.9
33.35	-7.403	-26.413	-19.8
33.36	-7.402	-24.995	-8.0
33.37	-7.401	-24.466	15.2
33.38	-7.400	-25.838	69.1
33.39	-7.399	-27.950	146.4
33.4	-7.401	-28.730	129.0
33.41	-7.405	-28.294	90.8
33.42	-7.409	-28.048	64.9
33.43	-7.411	-28.539	-6.8
33.44	-7.414	-28.838	40.8
33.45	-7.416	-28.480	64.1
33.46	-7.420	-28.405	-9.8
33.47	-7.424	-29.208	15.6
33.48	-7.429	-31.202	143.4
33.49	-7.434	-34.166	232.3
33.5	-7.434	-36.625	395.2
33.51	-7.431	-36.788	518.9
33.52	-7.431	-34.969	339.8
33.53	-7.436	-32.839	123.0
33.54	-7.446	-30.759	29.5
33.55	-7.454	-29.094	25.2
33.56	-7.458	-29.897	29.9
33.57	-7.454	-33.472	19.4
33.58	-7.446	-36.763	6.5
33.59	-7.434	-37.886	-14.6
33.6	-7.421	-38.006	40.4
33.61	-7.407	-38.106	41.3
33.62	-7.397	-37.167	-6.0
33.63	-7.393	-33.148	77.2
33.64	-7.394	-23.542	138.4