Interval=	0.01 s
ExcelDateTime=	3.9777475640388926e+004	25/11/2008 11:24:55.329603
TimeFormat=	StartOfBlock
ChannelTitle=	Channel 1	Channel 2	Channel 3
Range=	20.000 mV	50.000 mV	1000.0 µV
0.0	-9.686	-9.675	-65.3
0.01	-9.651	-22.888	-79.8
0.02	-9.611	-30.933	-148.0
0.03	-9.574	-34.989	-92.1
0.04	-9.540	-36.377	-109.8
0.05	-9.507	-36.886	-143.8
0.06	-9.473	-38.461	-106.4
0.07	-9.441	-42.425	-141.7
0.08	-9.409	-47.483	-117.0
0.09	-9.379	-50.480	-56.3
0.1	-9.350	-51.116	-130.8
0.11	-9.322	-51.139	-118.9
0.12	-9.297	-51.141	-102.3
0.13	-9.274	-51.141	-81.0
0.14	-9.251	-51.136	-91.3
0.15	-9.226	-51.052	-102.0
0.16	-9.199	-49.167	-55.2
0.17	-9.171	-41.297	-116.3
0.18	-9.143	-27.722	-81.3
0.19	-9.114	-14.233	-42.8
0.2	-9.088	-4.019	-87.5
0.21	-9.061	2.302	-75.9
0.22	-9.037	4.031	-74.8
0.23	-9.014	1.295	-95.5
0.24	-8.993	-4.727	-96.3
0.25	-8.973	-12.778	-59.8
0.26	-8.951	-21.803	-110.2
0.27	-8.929	-30.792	-67.0
0.28	-8.906	-39.198	-35.6
0.29	-8.885	-46.195	-80.7
0.3	-8.864	-50.100	-84.4
0.31	-8.844	-51.086	-61.2
0.32	-8.825	-51.138	-13.4
0.33	-8.807	-51.141	0.2
0.34	-8.790	-51.141	-55.0
0.35	-8.773	-51.141	-11.1
0.36	-8.754	-51.141	-11.3
0.37	-8.733	-51.141	-22.3
0.38	-8.711	-51.141	-39.1
0.39	-8.689	-51.141	-91.7
0.4	-8.668	-51.138	-107.7
0.41	-8.648	-51.000	-59.3
0.42	-8.631	-50.130	-23.1
0.43	-8.616	-48.055	-61.8
0.44	-8.602	-45.175	9.7
0.45	-8.584	-42.141	299.9
0.46	-8.561	-39.347	605.0
0.47	-8.536	-36.900	583.0
0.48	-8.512	-34.684	124.3
0.49	-8.488	-32.764	-115.3
0.5	-8.464	-31.553	-77.9
0.51	-8.443	-31.380	-48.0
0.52	-8.421	-32.083	-102.2
0.53	-8.394	-33.319	-93.1
0.54	-8.367	-34.803	-45.8
0.55	-8.341	-36.025	-46.5
0.56	-8.315	-36.238	-100.1
0.57	-8.288	-34.733	-38.6
0.58	-8.259	-30.578	-16.4
0.59	-8.229	-20.036	-28.9
0.6	-8.196	3.264	-7.6
0.61	-8.159	32.056	-1.6
0.62	-8.121	48.106	90.9
0.63	-8.082	51.056	91.0
0.64	-8.046	51.128	42.5
0.65	-8.008	51.139	139.2
0.66	-7.969	51.139	122.9
0.67	-7.933	51.139	156.3
0.68	-7.897	51.139	175.6
0.69	-7.863	51.131	149.6
0.7	-7.831	50.988	93.3
0.71	-7.799	47.947	14.9
0.72	-7.766	35.764	56.0
0.73	-7.732	15.367	-42.6
0.74	-7.700	-4.269	-60.3
0.75	-7.670	-18.427	-65.3
0.76	-7.641	-27.213	-142.3
0.77	-7.613	-31.702	-128.5
0.78	-7.586	-33.511	-148.3
0.79	-7.559	-34.456	-68.1
0.8	-7.534	-36.019	-75.6
0.81	-7.509	-39.561	-133.5
0.82	-7.486	-45.106	-171.0
0.83	-7.464	-49.556	-148.2
0.84	-7.443	-51.027	-63.6
0.85	-7.423	-51.134	-122.0
0.86	-7.403	-51.141	-133.4
0.87	-7.384	-51.141	4.2
0.88	-7.367	-51.141	-68.5
0.89	-7.351	-51.138	-116.3
0.9	-7.336	-51.091	-90.4
0.91	-7.322	-49.786	-121.3
0.92	-7.309	-43.448	-37.3
0.93	-7.298	-31.144	-60.5
0.94	-7.284	-17.755	-107.6
0.95	-7.271	-7.488	-88.6
0.96	-7.258	-1.672	-107.3
0.97	-7.246	-0.520	-23.6
0.98	-7.235	-3.550	-56.7
0.99	-7.225	-9.969	-97.5
1.0	-7.217	-18.586	-98.4
1.01	-7.209	-28.048	-47.9
1.02	-7.201	-37.191	-90.7
1.03	-7.194	-44.863	-115.9
1.04	-7.188	-49.522	-17.0
1.05	-7.181	-51.000	-56.5
1.06	-7.174	-51.138	-79.7
1.07	-7.168	-51.141	-38.2
1.08	-7.163	-51.141	-92.5
1.09	-7.159	-51.141	-31.9
1.1	-7.156	-51.141	-3.8
1.11	-7.154	-51.141	-62.9
1.12	-7.153	-51.141	21.0
1.13	-7.154	-51.141	13.3
1.14	-7.153	-51.141	-3.6
1.15	-7.152	-51.141	8.6
1.16	-7.149	-51.141	-84.7
1.17	-7.146	-51.134	-109.5
1.18	-7.143	-50.959	-40.4
1.19	-7.139	-50.016	-68.5
1.2	-7.138	-47.998	-30.1
1.21	-7.136	-45.461	45.3
1.22	-7.134	-42.950	62.4
1.23	-7.130	-40.638	465.2
1.24	-7.126	-38.520	807.9
1.25	-7.125	-36.466	510.2
1.26	-7.127	-34.488	-58.1
1.27	-7.129	-32.873	-95.8
1.28	-7.133	-32.009	-32.8
1.29	-7.137	-32.245	-40.6
1.3	-7.136	-33.788	-51.4
1.31	-7.129	-36.322	-94.0
1.32	-7.121	-38.878	-58.2
1.33	-7.115	-40.369	-46.3
1.34	-7.111	-39.745	-96.1
1.35	-7.108	-35.734	-40.5
1.36	-7.105	-25.030	-4.3
1.37	-7.099	-1.456	-2.1
1.38	-7.091	28.936	64.4
1.39	-7.087	47.166	-6.1
1.4	-7.083	50.995	44.0
1.41	-7.079	51.127	113.7
1.42	-7.077	51.139	115.2
1.43	-7.076	51.139	177.6
1.44	-7.078	51.139	97.5
1.45	-7.080	51.139	121.3
1.46	-7.083	51.134	240.9
1.47	-7.085	51.064	165.0
1.48	-7.088	49.059	64.9
1.49	-7.092	39.128	65.8
1.5	-7.097	20.050	11.2
1.51	-7.102	-0.130	-74.8
1.52	-7.106	-15.592	-92.7
1.53	-7.108	-25.952	-37.3
1.54	-7.111	-32.100	-111.1
1.55	-7.116	-35.244	-141.7
1.56	-7.122	-36.698	-73.3
1.57	-7.127	-37.761	-166.8
1.58	-7.132	-40.006	-156.2
1.59	-7.136	-44.438	-79.0
1.6	-7.141	-48.919	-98.6
1.61	-7.146	-50.878	-65.3
1.62	-7.152	-51.134	-51.3
1.63	-7.160	-51.141	-135.3
1.64	-7.173	-51.141	-159.9
1.65	-7.189	-51.141	-75.5
1.66	-7.212	-51.141	-112.5
1.67	-7.239	-51.131	-65.2
1.68	-7.270	-50.759	-69.3
1.69	-7.304	-47.259	-84.3
1.7	-7.343	-37.575	-79.8
1.71	-7.386	-24.655	-104.8
1.72	-7.435	-13.803	-114.8
1.73	-7.489	-6.900	-38.3
1.74	-7.546	-4.008	-53.0
1.75	-7.604	-4.891	-127.7
1.76	-7.664	-9.116	-58.0
1.77	-7.724	-15.777	-81.4
1.78	-7.784	-23.673	-74.9
1.79	-7.844	-31.723	-111.2
1.8	-7.904	-39.297	-114.0
1.81	-7.962	-45.803	-6.0
1.82	-8.020	-49.803	-79.3
1.83	-8.077	-51.031	-70.6
1.84	-8.133	-51.138	-92.0
1.85	-8.187	-51.141	-48.7
1.86	-8.240	-51.141	-69.4
1.87	-8.293	-51.141	-93.3
1.88	-8.345	-51.141	-40.1
1.89	-8.396	-51.141	-62.8
1.9	-8.446	-51.141	-44.7
1.91	-8.496	-51.141	-49.3
1.92	-8.547	-51.141	-20.2
1.93	-8.597	-51.141	-42.3
1.94	-8.645	-51.139	41.2
1.95	-8.693	-51.058	79.8
1.96	-8.739	-50.508	-51.4
1.97	-8.780	-49.161	-65.0
1.98	-8.821	-47.267	-71.6
1.99	-8.863	-45.244	-25.8
2.0	-8.904	-43.117	-131.6
2.01	-8.946	-40.642	-110.8
2.02	-8.989	-37.808	-8.4
2.03	-9.033	-34.925	106.9
2.04	-9.077	-32.175	372.7
2.05	-9.119	-29.781	728.1
2.06	-9.158	-27.992	579.2
2.07	-9.196	-26.791	-59.1
2.08	-9.232	-26.164	-74.5
2.09	-9.271	-26.227	-11.1
2.1	-9.311	-27.161	-91.8
2.11	-9.349	-28.986	-19.8
2.12	-9.386	-31.578	-92.3
2.13	-9.418	-34.677	-113.2
2.14	-9.453	-37.617	-85.8
2.15	-9.490	-39.497	-28.4
2.16	-9.527	-39.389	-15.2
2.17	-9.564	-35.730	-3.2
2.18	-9.601	-23.583	-34.1
2.19	-9.633	3.073	-51.7
2.2	-9.661	33.495	53.1
2.21	-9.688	48.756	26.2
2.22	-9.714	51.097	87.4
2.23	-9.738	51.133	170.4
2.24	-9.761	51.139	73.6
2.25	-9.784	51.139	122.8
2.26	-9.807	51.139	187.0
2.27	-9.829	51.139	115.8
2.28	-9.853	51.119	108.0
2.29	-9.876	50.672	181.0
2.3	-9.899	45.325	29.4
2.31	-9.920	28.855	60.9
2.32	-9.941	5.423	49.1
2.33	-9.961	-15.289	-144.9
2.34	-9.979	-29.858	-136.3
2.35	-10.000	-38.622	-87.4
2.36	-10.020	-42.531	-141.4
2.37	-10.037	-42.900	-78.5
2.38	-10.050	-41.550	-146.9
2.39	-10.063	-40.675	-163.5
2.4	-10.074	-42.350	-68.8
2.41	-10.081	-46.536	-112.7
2.42	-10.084	-50.019	-95.3
2.43	-10.083	-51.078	-139.4
2.44	-10.079	-51.138	-91.1
2.45	-10.071	-51.141	-78.0
2.46	-10.056	-51.141	-188.8
2.47	-10.035	-51.134	-53.8
2.48	-10.008	-51.028	-28.0
2.49	-9.978	-48.853	-132.3
2.5	-9.946	-40.269	-102.0
2.51	-9.911	-25.464	-59.2
2.52	-9.873	-10.039	-102.5
2.53	-9.834	2.295	-68.1
2.54	-9.793	10.427	-114.8
2.55	-9.751	13.736	-83.8
2.56	-9.711	12.159	-60.3
2.57	-9.671	6.350	-87.3
2.58	-9.632	-2.447	-110.8
2.59	-9.592	-12.739	-126.8
2.6	-9.554	-23.273	-56.3
2.61	-9.517	-33.003	-131.9
2.62	-9.480	-41.247	-29.2
2.63	-9.444	-47.309	-26.3
2.64	-9.409	-50.367	-111.3
2.65	-9.376	-51.102	29.3
2.66	-9.345	-51.139	-115.6
2.67	-9.315	-51.141	-58.0
2.68	-9.287	-51.141	81.0
2.69	-9.259	-51.141	-19.9
2.7	-9.229	-51.141	-65.7
2.71	-9.199	-51.141	-35.4
2.72	-9.169	-51.141	-94.2
2.73	-9.141	-51.136	-113.7
2.74	-9.116	-51.000	-88.3
2.75	-9.096	-50.220	-51.5
2.76	-9.079	-48.486	-9.4
2.77	-9.063	-46.283	129.3
2.78	-9.042	-44.048	559.2
2.79	-9.019	-41.716	700.4
2.8	-8.996	-39.259	235.3
2.81	-8.973	-36.833	-122.3
2.82	-8.951	-34.745	-94.1
2.83	-8.933	-33.509	-30.0
2.84	-8.916	-33.334	-128.0
2.85	-8.896	-34.000	-64.4
2.86	-8.871	-35.238	-46.5
2.87	-8.844	-36.606	-77.2
2.88	-8.819	-37.245	-52.2
2.89	-8.795	-36.227	-114.0
2.9	-8.767	-33.028	-36.1
2.91	-8.734	-25.886	16.5
2.92	-8.700	-8.742	0.6
2.93	-8.664	19.633	31.6
2.94	-8.627	42.966	23.7
2.95	-8.587	50.598	25.0
2.96	-8.544	51.109	52.7
2.97	-8.501	51.139	120.7
2.98	-8.459	51.139	132.4
2.99	-8.418	51.139	133.8
3.0	-8.379	51.139	84.4
3.01	-8.341	51.136	118.9
3.02	-8.303	51.114	166.3
3.03	-8.262	49.792	106.0
3.04	-8.221	41.069	46.1
3.05	-8.180	21.700	-1.0
3.06	-8.139	-0.636	-88.3
3.07	-8.095	-18.505	-204.4
3.08	-8.050	-30.620	-88.6
3.09	-8.007	-37.352	-63.5
3.1	-7.967	-39.952	-114.4
3.11	-7.927	-40.300	-121.2
3.12	-7.887	-40.313	-139.9
3.13	-7.848	-41.708	-106.8
3.14	-7.810	-45.277	-141.4
3.15	-7.774	-49.136	-135.6
3.16	-7.740	-50.900	-118.5
3.17	-7.705	-51.134	-68.4
3.18	-7.669	-51.141	-93.0
3.19	-7.639	-51.141	-92.9
3.2	-7.611	-51.141	-71.2
3.21	-7.584	-51.138	-92.8
3.22	-7.558	-51.084	-167.1
3.23	-7.532	-49.664	-118.8
3.24	-7.506	-43.023	-35.9
3.25	-7.482	-30.398	5.8
3.26	-7.459	-16.788	-69.3
3.27	-7.439	-6.253	-103.1
3.28	-7.418	0.055	-77.6
3.29	-7.398	1.902	-63.3
3.3	-7.377	-0.306	-149.3
3.31	-7.358	-5.794	-118.3
3.32	-7.341	-13.617	-20.8
3.33	-7.326	-22.731	-78.5
3.34	-7.312	-32.063	-51.0
3.35	-7.300	-40.589	-42.9
3.36	-7.288	-47.080	-101.8
3.37	-7.275	-50.347	-90.2
3.38	-7.264	-51.105	-56.6
3.39	-7.254	-51.139	10.7
3.4	-7.246	-51.141	-21.2
3.41	-7.238	-51.141	-36.3
3.42	-7.231	-51.141	45.4
3.43	-7.225	-51.141	35.4
3.44	-7.218	-51.141	-70.0
3.45	-7.210	-51.141	-60.6
3.46	-7.202	-51.141	-102.2
3.47	-7.196	-51.141	-89.8
3.48	-7.191	-51.139	-84.7
3.49	-7.187	-51.069	-32.9
3.5	-7.183	-50.464	30.9
3.51	-7.178	-48.728	122.0
3.52	-7.171	-46.141	623.5
3.53	-7.164	-43.488	781.9
3.54	-7.160	-41.222	253.5
3.55	-7.160	-39.463	-52.7
3.56	-7.161	-38.075	-34.1
3.57	-7.163	-37.084	-65.3
3.58	-7.163	-36.697	-122.5
3.59	-7.158	-36.989	-93.0
3.6	-7.149	-37.833	-30.3
3.61	-7.144	-38.634	-9.5
3.62	-7.146	-38.538	-126.7
3.63	-7.143	-36.702	-104.1
3.64	-7.134	-31.670	35.1
3.65	-7.127	-18.897	21.2
3.66	-7.123	6.967	8.3
3.67	-7.117	35.355	34.4
3.68	-7.109	49.088	11.3
3.69	-7.103	51.098	52.9
3.7	-7.095	51.134	76.9
3.71	-7.089	51.139	128.0
3.72	-7.083	51.139	143.8
3.73	-7.080	51.139	157.0
3.74	-7.078	51.139	202.0
3.75	-7.077	51.125	140.2
3.76	-7.076	50.842	118.6
3.77	-7.077	46.652	69.3
3.78	-7.078	32.572	26.5
3.79	-7.080	11.489	14.6
3.8	-7.083	-7.638	-44.6
3.81	-7.084	-21.348	-48.3
3.82	-7.086	-30.092	-135.7
3.83	-7.088	-35.009	-137.0
3.84	-7.094	-37.367	-97.2
3.85	-7.101	-38.275	-144.2
3.86	-7.105	-39.184	-116.7
3.87	-7.109	-41.808	-66.4
3.88	-7.114	-46.261	-62.5
3.89	-7.121	-49.877	-106.2
3.9	-7.131	-51.055	-177.4
3.91	-7.146	-51.136	-94.1
3.92	-7.172	-51.141	-99.2
3.93	-7.211	-51.141	-48.8
3.94	-7.266	-51.141	-82.5
3.95	-7.336	-51.139	-61.8
3.96	-7.422	-51.125	-60.3
3.97	-7.519	-50.345	-170.0
3.98	-7.624	-45.280	-39.5
3.99	-7.731	-33.864	-66.3
4.0	-7.834	-20.413	-143.2
4.01	-7.929	-9.827	-66.4
4.02	-8.016	-3.655	-33.9
4.03	-8.096	-2.050	-63.2
4.04	-8.169	-4.494	-121.9
4.05	-8.239	-10.011	-73.2
4.06	-8.306	-17.461	-61.6
4.07	-8.370	-25.867	-131.3
4.08	-8.431	-34.462	-69.1
4.09	-8.492	-42.492	-16.8
4.1	-8.552	-48.317	-104.3
4.11	-8.609	-50.748	-137.7
4.12	-8.666	-51.131	-46.2
4.13	-8.721	-51.139	-16.3
4.14	-8.772	-51.141	-94.3
4.15	-8.820	-51.141	-43.7
4.16	-8.867	-51.141	-107.2
4.17	-8.914	-51.141	-68.9
4.18	-8.957	-51.141	-18.4
4.19	-8.998	-51.141	-20.3
4.2	-9.038	-51.139	38.6
4.21	-9.077	-51.125	-23.4
4.22	-9.116	-50.773	-29.7
4.23	-9.154	-49.281	-5.6
4.24	-9.190	-46.661	-95.5
4.25	-9.227	-43.850	-78.5
4.26	-9.263	-41.114	-68.4
4.27	-9.296	-38.250	-46.2
4.28	-9.328	-35.367	-95.9
4.29	-9.362	-32.686	-26.5
4.3	-9.396	-30.356	138.5
4.31	-9.426	-28.311	425.8
4.32	-9.457	-26.523	755.6
4.33	-9.488	-25.242	444.0
4.34	-9.516	-24.578	-111.6
4.35	-9.539	-24.567	-88.8
4.36	-9.564	-25.353	-0.2
4.37	-9.592	-26.969	-120.0
4.38	-9.617	-29.206	-136.6
4.39	-9.639	-31.800	-95.3
4.4	-9.661	-34.531	-34.3
4.41	-9.684	-36.842	-4.2
4.42	-9.708	-37.844	-15.2
4.43	-9.730	-36.595	-53.1
4.44	-9.751	-30.728	-76.4
4.45	-9.769	-13.794	-58.1
4.46	-9.786	16.047	-4.0
4.47	-9.799	41.669	104.4
4.48	-9.811	50.450	34.0
4.49	-9.823	51.103	67.4
4.5	-9.833	51.139	96.7
4.51	-9.842	51.139	78.7
4.52	-9.851	51.139	144.5
4.53	-9.862	51.139	190.3
4.54	-9.873	51.136	185.2
4.55	-9.882	51.120	134.6
4.56	-9.888	50.031	59.9
4.57	-9.891	42.200	60.8
4.58	-9.891	23.731	-17.9
4.59	-9.886	1.383	-88.1
4.6	-9.874	-17.016	-36.0
4.61	-9.859	-29.659	-89.3
4.62	-9.844	-36.811	-73.2
4.63	-9.831	-39.516	-128.8
4.64	-9.817	-39.277	-207.1
4.65	-9.800	-37.853	-64.4
4.66	-9.781	-37.531	-106.5
4.67	-9.763	-40.547	-77.6
4.68	-9.744	-46.084	-104.9
4.69	-9.720	-50.042	-154.3
4.7	-9.694	-51.088	-85.3
4.71	-9.669	-51.138	-117.7
4.72	-9.646	-51.141	-54.9
4.73	-9.626	-51.139	-101.9
4.74	-9.605	-51.130	-132.3
4.75	-9.580	-50.413	-32.0
4.76	-9.551	-45.189	-63.5
4.77	-9.521	-32.486	-91.0
4.78	-9.491	-16.377	-47.1
4.79	-9.462	-2.358	-79.8
4.8	-9.435	7.552	-110.0
4.81	-9.411	12.600	-58.1
4.82	-9.388	12.514	-81.5
4.83	-9.365	7.703	-86.6
4.84	-9.341	-0.577	-20.0
4.85	-9.318	-10.778	-76.6
4.86	-9.294	-21.656	-100.0
4.87	-9.269	-32.087	-89.8
4.88	-9.243	-41.075	-43.2
4.89	-9.217	-47.492	10.8
4.9	-9.190	-50.486	-94.5
4.91	-9.163	-51.114	47.7
4.92	-9.137	-51.139	61.5
4.93	-9.110	-51.141	-2.8
4.94	-9.082	-51.141	-77.9
4.95	-9.054	-51.141	-111.5
4.96	-9.025	-51.141	-82.3
4.97	-8.996	-51.141	-88.5
4.98	-8.969	-51.139	-76.8
4.99	-8.944	-51.108	-63.5
5.0	-8.920	-50.648	33.9
5.01	-8.894	-49.127	168.2
5.02	-8.864	-46.831	552.2
5.03	-8.830	-44.458	676.7
5.04	-8.796	-42.114	261.1
5.05	-8.763	-39.923	-103.7
5.06	-8.731	-38.198	-106.8
5.07	-8.703	-37.138	-20.5
5.08	-8.677	-36.595	-137.8
5.09	-8.647	-36.464	-82.9
5.1	-8.612	-36.819	-38.7
5.11	-8.576	-37.327	-56.7
5.12	-8.540	-37.295	-36.1
5.13	-8.503	-36.420	-81.3
5.14	-8.462	-34.216	1.8
5.15	-8.416	-27.080	-4.2
5.16	-8.365	-7.006	-7.5
5.17	-8.313	23.658	40.9
5.18	-8.263	45.222	-20.6
5.19	-8.217	50.863	82.3
5.2	-8.174	51.123	87.4
5.21	-8.131	51.139	129.3
5.22	-8.092	51.139	115.0
5.23	-8.057	51.139	123.6
5.24	-8.024	51.139	197.2
5.25	-7.993	51.136	188.7
5.26	-7.960	51.122	100.7
5.27	-7.926	50.092	10.4
5.28	-7.893	42.680	55.3
5.29	-7.859	25.225	42.2
5.3	-7.824	4.416	-90.3
5.31	-7.789	-12.041	-115.8
5.32	-7.753	-22.947	-85.3
5.33	-7.716	-29.556	-133.4
5.34	-7.680	-33.473	-149.8
5.35	-7.647	-36.133	-125.4
5.36	-7.616	-38.506	-96.4
5.37	-7.588	-41.697	-104.0
5.38	-7.559	-46.188	-122.1
5.39	-7.531	-49.833	-77.4
5.4	-7.505	-51.050	-79.8
5.41	-7.481	-51.136	-123.4
5.42	-7.457	-51.141	-174.2
5.43	-7.435	-51.141	-107.9
5.44	-7.415	-51.141	-12.9
5.45	-7.397	-51.138	-56.4
5.46	-7.379	-51.103	-113.9
5.47	-7.361	-50.006	-95.7
5.48	-7.343	-44.122	-68.2
5.49	-7.325	-32.389	-44.3
5.5	-7.309	-19.795	-106.5
5.51	-7.293	-10.334	-115.0
5.52	-7.278	-4.877	-33.5
5.53	-7.264	-3.466	-76.8
5.54	-7.249	-5.816	-105.5
5.55	-7.235	-11.567	-28.0
5.56	-7.222	-19.555	-128.5
5.57	-7.210	-28.391	-82.3
5.58	-7.199	-37.063	-48.8
5.59	-7.189	-44.406	-75.8
5.6	-7.181	-49.117	-35.6
5.61	-7.173	-50.892	-109.4
5.62	-7.166	-51.136	-16.8
5.63	-7.159	-51.141	53.3
5.64	-7.153	-51.141	-65.1
5.65	-7.148	-51.141	-45.8
5.66	-7.142	-51.141	27.6
5.67	-7.138	-51.141	30.8
5.68	-7.133	-51.141	-4.1
5.69	-7.129	-51.141	-86.4
5.7	-7.124	-51.141	-137.9
5.71	-7.119	-51.141	-42.9
5.72	-7.116	-51.130	-10.3
5.73	-7.114	-50.889	-54.1
5.74	-7.114	-49.858	-44.3
5.75	-7.116	-47.891	74.7
5.76	-7.114	-45.527	294.9
5.77	-7.112	-43.130	779.1
5.78	-7.111	-40.795	713.6
5.79	-7.112	-38.566	33.1
5.8	-7.115	-36.370	-145.6
5.81	-7.117	-34.573	-31.7
5.82	-7.119	-33.844	-81.3
5.83	-7.119	-34.288	-26.0
5.84	-7.111	-35.667	-58.6
5.85	-7.102	-37.542	-94.7
5.86	-7.096	-38.839	-50.0
5.87	-7.098	-38.381	-101.2
5.88	-7.101	-35.005	-74.3
5.89	-7.096	-25.641	17.3
5.9	-7.088	-4.045	-22.2
5.91	-7.079	25.989	33.5
5.92	-7.072	45.963	49.7
5.93	-7.066	50.914	22.5
5.94	-7.060	51.128	57.6
5.95	-7.055	51.139	89.3
5.96	-7.051	51.139	97.0
5.97	-7.048	51.139	182.2
5.98	-7.046	51.139	162.7
5.99	-7.044	51.136	96.5
6.0	-7.043	51.122	202.7
6.01	-7.043	50.058	182.8
6.02	-7.045	42.609	13.4
6.03	-7.048	25.439	-19.3
6.04	-7.050	5.213	-16.9
6.05	-7.053	-10.947	-84.2
6.06	-7.053	-21.969	-63.6
6.07	-7.053	-28.681	-100.5
6.08	-7.056	-32.044	-135.1
6.09	-7.060	-33.359	-142.3
6.1	-7.064	-34.416	-129.2
6.11	-7.066	-37.013	-39.5
6.12	-7.068	-42.205	-98.5
6.13	-7.070	-47.873	-131.1
6.14	-7.072	-50.689	-85.6
6.15	-7.074	-51.133	-100.0
6.16	-7.078	-51.139	-138.5
6.17	-7.083	-51.141	-58.1
6.18	-7.089	-51.141	-89.9
6.19	-7.096	-51.141	-84.5
6.2	-7.104	-51.133	-19.5
6.21	-7.112	-50.983	-60.8
6.22	-7.123	-48.616	-132.8
6.23	-7.142	-40.320	-82.7
6.24	-7.176	-27.456	-25.6
6.25	-7.232	-15.613	-152.1
6.26	-7.313	-7.530	-120.8
6.27	-7.413	-3.581	-13.4
6.28	-7.524	-3.831	-55.5
6.29	-7.633	-7.853	-56.2
6.3	-7.734	-14.633	-49.4
6.31	-7.827	-22.809	-117.8
6.32	-7.914	-31.194	-127.6
6.33	-7.997	-39.016	-56.1
6.34	-8.076	-45.536	-53.9
6.35	-8.149	-49.603	-45.8
6.36	-8.214	-50.989	-110.3
6.37	-8.270	-51.138	-24.3
6.38	-8.321	-51.141	-31.2
6.39	-8.368	-51.141	-108.4
6.4	-8.415	-51.141	-78.7
6.41	-8.462	-51.141	-38.1
6.42	-8.508	-51.141	-16.5
6.43	-8.553	-51.141	-70.0
6.44	-8.597	-51.141	55.6
6.45	-8.641	-51.141	100.8
6.46	-8.681	-51.139	-63.9
6.47	-8.717	-51.131	-52.7
6.48	-8.751	-50.848	-9.7
6.49	-8.785	-49.258	-111.5
6.5	-8.817	-45.798	-87.3
6.51	-8.846	-41.272	-38.1
6.52	-8.875	-36.583	-74.4
6.53	-8.908	-32.358	28.6
6.54	-8.940	-28.894	51.8
6.55	-8.972	-26.242	393.9
6.56	-9.002	-24.478	864.5
6.57	-9.032	-23.369	521.0
6.58	-9.059	-22.416	3.6
6.59	-9.083	-21.747	-87.2
6.6	-9.109	-22.306	-142.8
6.61	-9.137	-24.405	5.4
6.62	-9.162	-27.247	-54.8
6.63	-9.185	-30.372	-119.1
6.64	-9.210	-33.844	-29.5
6.65	-9.237	-36.961	-32.3
6.66	-9.266	-38.475	-36.0
6.67	-9.297	-37.228	-120.5
6.68	-9.326	-30.875	-39.9
6.69	-9.353	-13.322	42.7
6.7	-9.377	16.711	24.5
6.71	-9.404	41.997	85.7
6.72	-9.428	50.495	67.8
6.73	-9.449	51.105	20.5
6.74	-9.470	51.139	111.8
6.75	-9.493	51.139	189.1
6.76	-9.516	51.139	96.9
6.77	-9.538	51.139	173.6
6.78	-9.559	51.139	217.7
6.79	-9.581	51.122	111.8
6.8	-9.603	50.398	82.5
6.81	-9.626	44.164	111.7
6.82	-9.649	27.850	23.8
6.83	-9.671	6.998	-99.2
6.84	-9.692	-10.294	-83.2
6.85	-9.712	-21.970	-45.7
6.86	-9.731	-28.559	-103.8
6.87	-9.752	-31.422	-96.4
6.88	-9.771	-32.441	-144.8
6.89	-9.787	-33.805	-110.1
6.9	-9.800	-37.309	-51.8
6.91	-9.813	-43.197	-133.2
6.92	-9.823	-48.616	-143.1
6.93	-9.832	-50.863	-78.1
6.94	-9.838	-51.134	-80.6
6.95	-9.845	-51.141	-116.0
6.96	-9.852	-51.141	-70.2
6.97	-9.856	-51.139	-77.3
6.98	-9.856	-51.128	-128.6
6.99	-9.849	-50.445	-28.1
7.0	-9.836	-45.178	-83.8
7.01	-9.814	-32.023	-114.3
7.02	-9.786	-15.383	-21.4
7.03	-9.750	-1.591	-120.1
7.04	-9.709	7.108	-87.5
7.05	-9.667	10.378	-36.2
7.06	-9.623	8.722	-68.6
7.07	-9.579	3.186	-106.7
7.08	-9.535	-4.942	-119.8
7.09	-9.492	-14.320	-12.8
7.1	-9.451	-23.870	-94.7
7.11	-9.410	-32.917	-66.0
7.12	-9.369	-40.959	-34.6
7.13	-9.329	-47.116	-36.4
7.14	-9.291	-50.316	-76.9
7.15	-9.255	-51.100	-49.9
7.16	-9.221	-51.139	66.5
7.17	-9.189	-51.141	40.3
7.18	-9.158	-51.141	-89.1
7.19	-9.126	-51.141	-26.1
7.2	-9.094	-51.141	-16.3
7.21	-9.064	-51.139	-161.4
7.22	-9.034	-51.116	-71.1
7.23	-9.007	-50.692	-89.8
7.24	-8.982	-49.153	-31.6
7.25	-8.961	-46.628	8.2
7.26	-8.938	-43.977	77.7
7.27	-8.912	-41.580	581.8
7.28	-8.884	-39.459	793.0
7.29	-8.856	-37.697	257.1
7.3	-8.830	-36.422	-128.2
7.31	-8.805	-35.648	-50.7
7.32	-8.783	-35.242	-88.4
7.33	-8.764	-35.097	-145.4
7.34	-8.743	-35.264	-67.3
7.35	-8.719	-35.678	-7.5
7.36	-8.695	-35.814	-107.1
7.37	-8.674	-35.309	-25.3
7.38	-8.654	-34.203	-7.2
7.39	-8.633	-31.383	-30.0
7.4	-8.611	-23.217	-11.5
7.41	-8.588	-3.636	-30.1
7.42	-8.564	24.903	40.8
7.43	-8.539	45.244	51.7
7.44	-8.511	50.841	50.6
7.45	-8.482	51.122	113.9
7.46	-8.454	51.139	75.6
7.47	-8.425	51.139	119.3
7.48	-8.397	51.139	235.6
7.49	-8.370	51.139	137.9
7.5	-8.344	51.134	120.8
7.51	-8.319	51.108	172.6
7.52	-8.296	49.783	57.4
7.53	-8.274	41.677	30.2
7.54	-8.251	24.475	-53.3
7.55	-8.226	5.561	-20.3
7.56	-8.199	-8.795	13.1
7.57	-8.168	-18.341	-142.4
7.58	-8.136	-24.186	-170.1
7.59	-8.106	-27.609	-124.7
7.6	-8.076	-29.917	-141.6
7.61	-8.046	-32.458	-111.0
7.62	-8.014	-36.703	-77.2
7.63	-7.981	-43.056	-87.9
7.64	-7.949	-48.645	-98.7
7.65	-7.916	-50.877	-53.9
7.66	-7.884	-51.134	-124.8
7.67	-7.854	-51.141	-145.5
7.68	-7.824	-51.141	-100.3
7.69	-7.794	-51.141	-150.2
7.7	-7.764	-51.130	-15.8
7.71	-7.735	-50.748	-1.3
7.72	-7.708	-47.003	-171.5
7.73	-7.683	-36.375	-19.2
7.74	-7.660	-21.975	-69.7
7.75	-7.634	-9.764	-96.3
7.76	-7.607	-1.906	-68.8
7.77	-7.583	1.322	-120.9
7.78	-7.559	-0.039	-54.0
7.79	-7.535	-5.461	-48.7
7.8	-7.514	-13.698	-90.4
7.81	-7.494	-23.172	-95.9
7.82	-7.475	-32.544	-99.3
7.83	-7.457	-40.981	-95.8
7.84	-7.438	-47.378	11.7
7.85	-7.421	-50.473	33.2
7.86	-7.404	-51.116	-123.4
7.87	-7.390	-51.139	-84.1
7.88	-7.377	-51.141	-40.9
7.89	-7.366	-51.141	-3.0
7.9	-7.357	-51.141	28.2
7.91	-7.349	-51.141	58.5
7.92	-7.340	-51.141	-61.6
7.93	-7.329	-51.141	-8.1
7.94	-7.318	-51.141	-24.9
7.95	-7.308	-51.141	-154.3
7.96	-7.298	-51.136	-35.0
7.97	-7.290	-50.989	-48.9
7.98	-7.282	-50.173	-45.0
7.99	-7.274	-48.438	-18.9
8.0	-7.265	-46.388	158.8
8.01	-7.254	-44.492	593.3
8.02	-7.245	-42.494	819.4
8.03	-7.238	-40.281	358.3
8.04	-7.231	-38.191	-169.9
8.05	-7.224	-36.514	-14.5
8.06	-7.218	-35.391	5.8
8.07	-7.214	-35.316	-69.0
8.08	-7.207	-36.458	-124.7
8.09	-7.196	-37.934	-79.4
8.1	-7.188	-38.769	-25.8
8.11	-7.184	-38.147	-115.0
8.12	-7.182	-35.345	-31.4
8.13	-7.178	-29.220	28.7
8.14	-7.168	-15.517	-1.1
8.15	-7.158	10.166	-66.2
8.16	-7.151	36.959	-17.3
8.17	-7.146	49.375	64.5
8.18	-7.139	51.100	101.3
8.19	-7.133	51.136	83.3
8.2	-7.126	51.139	97.7
8.21	-7.119	51.139	183.0
8.22	-7.114	51.139	119.8
8.23	-7.109	51.139	131.4
8.24	-7.106	51.128	186.6
8.25	-7.103	50.934	199.8
8.26	-7.101	47.608	91.4
8.27	-7.100	36.017	16.3
8.28	-7.101	18.431	-3.5
8.29	-7.101	2.539	-43.6
8.3	-7.103	-8.691	-71.6
8.31	-7.102	-15.936	-123.1
8.32	-7.102	-20.658	-173.4
8.33	-7.104	-24.367	-86.6
8.34	-7.107	-27.834	-66.0
8.35	-7.109	-31.750	-125.5
8.36	-7.109	-37.269	-98.0
8.37	-7.107	-44.170	-135.5
8.38	-7.105	-49.314	-110.6
8.39	-7.103	-51.000	-106.6
8.4	-7.101	-51.134	-107.2
8.41	-7.100	-51.141	-22.5
8.42	-7.101	-51.141	-137.4
8.43	-7.105	-51.141	-86.8
8.44	-7.110	-51.136	-135.3
8.45	-7.116	-51.042	-41.1
8.46	-7.120	-49.138	17.8
8.47	-7.123	-41.695	-127.2
8.48	-7.124	-29.400	-80.2
8.49	-7.125	-17.664	-101.4
8.5	-7.126	-9.528	-88.6
8.51	-7.129	-5.448	-79.7
8.52	-7.133	-5.213	-83.8
8.53	-7.138	-8.086	-5.9
8.54	-7.142	-13.248	-88.9
8.55	-7.147	-19.997	-126.1
8.56	-7.152	-27.448	-41.6
8.57	-7.159	-34.661	-68.9
8.58	-7.168	-41.070	-151.7
8.59	-7.176	-46.277	-74.6
8.6	-7.188	-49.633	1.4
8.61	-7.202	-50.939	-72.8
8.62	-7.221	-51.136	-141.1
8.63	-7.245	-51.141	-26.6
8.64	-7.277	-51.141	-11.6
8.65	-7.317	-51.141	-98.3
8.66	-7.366	-51.141	-83.1
8.67	-7.423	-51.141	-30.8
8.68	-7.486	-51.141	4.7
8.69	-7.553	-51.134	102.7
8.7	-7.625	-50.939	35.2
8.71	-7.698	-50.008	-32.8
8.72	-7.771	-48.323	-26.4
8.73	-7.839	-46.394	-22.2
8.74	-7.904	-44.114	-64.3
8.75	-7.964	-41.427	-105.9
8.76	-8.022	-38.761	-64.2
8.77	-8.079	-36.466	11.3
8.78	-8.138	-34.675	103.4
8.79	-8.194	-33.278	198.1
8.8	-8.246	-32.155	576.8
8.81	-8.295	-31.350	880.7
8.82	-8.343	-30.770	287.3
8.83	-8.391	-30.200	-120.4
8.84	-8.435	-29.770	17.8
8.85	-8.478	-30.059	-64.9
8.86	-8.519	-31.436	-58.2
8.87	-8.558	-33.764	-65.0
8.88	-8.594	-36.567	-58.0
8.89	-8.629	-38.848	-43.1
8.9	-8.667	-39.461	-106.4
8.91	-8.707	-37.686	33.6
8.92	-8.746	-32.212	-8.4
8.93	-8.780	-18.111	-53.3
8.94	-8.813	9.198	12.6
8.95	-8.847	37.138	60.1
8.96	-8.881	49.514	45.3
8.97	-8.913	51.100	61.0
8.98	-8.944	51.138	107.0
8.99	-8.976	51.139	162.2
9.0	-9.008	51.139	144.2
9.01	-9.043	51.139	121.5
9.02	-9.079	51.136	125.7
9.03	-9.114	51.123	183.2
9.04	-9.149	50.141	158.8
9.05	-9.184	43.145	64.2
9.06	-9.221	26.981	99.9
9.07	-9.255	8.172	-22.5
9.08	-9.287	-6.434	-101.2
9.09	-9.316	-16.002	-35.1
9.1	-9.344	-21.464	-127.8
9.11	-9.372	-24.163	-151.3
9.12	-9.399	-25.547	-98.1
9.13	-9.422	-26.909	-130.1
9.14	-9.445	-29.583	-94.2
9.15	-9.470	-34.703	-78.3
9.16	-9.494	-42.023	-119.7
9.17	-9.516	-48.292	-137.9
9.18	-9.537	-50.827	-155.1
9.19	-9.561	-51.133	-107.1
9.2	-9.584	-51.141	-72.3
9.21	-9.606	-51.141	-88.0
9.22	-9.626	-51.134	-107.2
9.23	-9.645	-51.013	-56.5
9.24	-9.664	-48.747	-97.4
9.25	-9.683	-40.200	-107.4
9.26	-9.699	-26.066	-95.1
9.27	-9.714	-12.119	-114.1
9.28	-9.727	-1.973	-75.8
9.29	-9.739	3.363	-21.9
9.3	-9.750	4.038	-80.6
9.31	-9.761	0.895	-163.2
9.32	-9.770	-5.009	-114.7
9.33	-9.778	-12.442	-26.7
9.34	-9.783	-20.438	-24.1
9.35	-9.783	-28.544	-114.8
9.36	-9.779	-36.031	-119.1
9.37	-9.772	-41.928	-9.6
9.38	-9.763	-46.370	-104.3
9.39	-9.752	-49.477	-45.7
9.4	-9.740	-50.867	-16.5
9.41	-9.726	-51.131	-45.8
9.42	-9.706	-51.138	25.0
9.43	-9.680	-51.050	4.9
9.44	-9.648	-50.583	-98.5
9.45	-9.612	-49.506	-55.1
9.46	-9.573	-47.883	-64.9
9.47	-9.533	-45.692	-57.2
9.48	-9.493	-42.947	-122.0
9.49	-9.454	-40.033	-143.2
9.5	-9.420	-37.166	30.4
9.51	-9.389	-34.345	11.5
9.52	-9.356	-31.691	216.4
9.53	-9.321	-29.358	667.5
9.54	-9.286	-27.727	612.5
9.55	-9.251	-27.072	58.7
9.56	-9.219	-27.250	-142.4
9.57	-9.191	-28.169	-29.3
9.58	-9.169	-29.639	-53.9
9.59	-9.150	-31.228	-131.3
9.6	-9.129	-32.756	-123.8
9.61	-9.106	-34.084	-65.3
9.62	-9.086	-34.531	-70.2
9.63	-9.069	-33.586	6.4
9.64	-9.055	-31.525	-75.4
9.65	-9.039	-27.788	-32.6
9.66	-9.024	-18.264	44.1
9.67	-9.011	3.423	-48.3
9.68	-8.999	31.173	-11.2
9.69	-8.988	47.594	47.3
9.7	-8.974	51.011	97.3
9.71	-8.957	51.128	96.4
9.72	-8.939	51.139	91.8
9.73	-8.922	51.139	171.4
9.74	-8.906	51.139	151.9
9.75	-8.891	51.136	99.1
9.76	-8.877	51.120	160.6
9.77	-8.864	50.045	161.2
9.78	-8.851	42.617	62.3
9.79	-8.838	25.748	-14.5
9.8	-8.822	6.197	-25.4
9.81	-8.804	-9.175	-50.4
9.82	-8.782	-19.414	-145.6
9.83	-8.758	-25.481	-144.7
9.84	-8.735	-28.556	-104.0
9.85	-8.716	-29.670	-66.1
9.86	-8.697	-30.358	-116.1
9.87	-8.676	-32.545	-177.0
9.88	-8.652	-37.633	-94.2
9.89	-8.631	-44.630	-117.9
9.9	-8.610	-49.609	-177.9
9.91	-8.588	-51.055	-97.3
9.92	-8.566	-51.136	-100.5
9.93	-8.546	-51.141	-118.5
9.94	-8.526	-51.141	-96.7
9.95	-8.506	-51.131	-75.7
9.96	-8.482	-50.702	-77.0
9.97	-8.456	-46.697	-65.0
9.98	-8.426	-35.483	-115.0
9.99	-8.393	-20.077	-111.3
10.0	-8.358	-6.489	-87.8
10.01	-8.321	2.702	-53.5
10.02	-8.284	6.916	-87.9
10.03	-8.244	6.367	-71.4
10.04	-8.203	1.834	-54.9
10.05	-8.160	-5.625	-84.4
10.06	-8.118	-14.600	-109.3
10.07	-8.077	-23.619	-160.6
10.08	-8.035	-31.759	-22.9
10.09	-7.994	-38.502	3.1
10.1	-7.952	-43.663	-162.4
10.11	-7.913	-47.534	-26.3
10.12	-7.876	-50.042	-41.6
10.13	-7.843	-51.005	-48.1
10.14	-7.812	-51.138	-9.3
10.15	-7.781	-51.123	-55.6
10.16	-7.749	-50.888	29.2
10.17	-7.718	-49.945	10.0
10.18	-7.690	-48.091	-70.4
10.19	-7.663	-45.761	-98.8
10.2	-7.634	-43.595	-99.9
10.21	-7.609	-41.769	-25.2
10.22	-7.586	-40.047	-68.1
10.23	-7.564	-38.389	-89.5
10.24	-7.542	-36.769	-72.0
10.25	-7.521	-35.084	211.8
10.26	-7.499	-33.428	666.3
10.27	-7.480	-32.061	734.7
10.28	-7.464	-31.155	250.8
10.29	-7.449	-30.684	-94.8
10.3	-7.435	-30.658	-110.8
10.31	-7.423	-31.216	-81.5
10.32	-7.411	-32.366	-27.1
10.33	-7.396	-33.788	-141.7
10.34	-7.381	-35.095	-63.8
10.35	-7.369	-35.678	-22.0
10.36	-7.357	-34.820	-75.5
10.37	-7.343	-32.212	-83.4
10.38	-7.328	-26.767	-33.2
10.39	-7.314	-13.856	44.1
10.4	-7.301	11.136	-26.2
10.41	-7.286	37.358	-12.2
10.42	-7.272	49.445	27.2
10.43	-7.260	51.102	121.3
10.44	-7.249	51.136	67.7
10.45	-7.239	51.139	96.1
10.46	-7.231	51.139	135.0
10.47	-7.224	51.139	179.0
10.48	-7.217	51.134	221.3
10.49	-7.211	51.064	105.8
10.5	-7.206	49.145	103.7
10.51	-7.199	40.028	144.2
10.52	-7.194	23.067	32.0
10.53	-7.189	5.638	-74.5
10.54	-7.187	-7.642	-35.0
10.55	-7.184	-17.027	-45.6
10.56	-7.181	-23.289	-90.6
10.57	-7.178	-27.138	-97.4
10.58	-7.176	-29.481	-201.7
10.59	-7.176	-31.347	-137.3
10.6	-7.174	-33.789	-53.5
10.61	-7.169	-37.877	-91.9
10.62	-7.164	-43.747	-69.0
10.63	-7.157	-48.850	-149.2
10.64	-7.152	-50.898	-115.3
10.65	-7.148	-51.134	-15.7
10.66	-7.146	-51.141	-187.8
10.67	-7.144	-51.141	-91.4
10.68	-7.144	-51.139	-28.6
10.69	-7.145	-51.089	-88.2
10.7	-7.145	-49.834	-49.2
10.71	-7.144	-43.984	-75.2
10.72	-7.143	-32.830	-44.8
10.73	-7.140	-20.728	-88.1
10.74	-7.138	-11.309	-127.3
10.75	-7.135	-5.552	-91.3
10.76	-7.133	-3.483	-18.2
10.77	-7.133	-4.788	-51.5
10.78	-7.133	-8.966	-99.4
10.79	-7.133	-15.192	-9.4
10.8	-7.134	-22.325	-95.9
10.81	-7.136	-29.361	-73.7
10.82	-7.138	-35.808	-97.2
10.83	-7.142	-41.514	-29.0
10.84	-7.146	-46.273	7.9
10.85	-7.150	-49.508	-81.8
10.86	-7.154	-50.886	-34.4
10.87	-7.157	-51.133	-134.9
10.88	-7.161	-51.141	-71.7
10.89	-7.164	-51.141	8.4
10.9	-7.167	-51.141	-98.5
10.91	-7.171	-51.141	-23.6
10.92	-7.176	-51.100	-35.1
10.93	-7.181	-50.763	-13.6
10.94	-7.187	-49.813	-6.0
10.95	-7.194	-48.242	-85.4
10.96	-7.201	-46.259	21.4
10.97	-7.210	-44.197	79.0
10.98	-7.221	-42.341	13.5
10.99	-7.232	-40.731	3.8
11.0	-7.244	-39.145	-43.9
11.01	-7.256	-37.394	-78.6
11.02	-7.269	-35.447	-50.1
11.03	-7.285	-33.355	-111.9
11.04	-7.306	-31.356	-30.1
11.05	-7.333	-29.722	69.4
11.06	-7.364	-28.614	101.4
11.07	-7.401	-28.092	567.9
11.08	-7.443	-27.991	820.1
11.09	-7.494	-28.048	535.8
11.1	-7.556	-28.105	4.0
11.11	-7.627	-28.278	-142.3
11.12	-7.704	-28.964	27.3
11.13	-7.788	-30.509	-71.8
11.14	-7.873	-33.008	-81.4
11.15	-7.958	-36.056	-66.6
11.16	-8.041	-38.716	-54.9
11.17	-8.122	-39.775	-85.7
11.18	-8.197	-38.252	-60.7
11.19	-8.264	-32.911	99.2
11.2	-8.326	-19.278	-32.1
11.21	-8.383	7.494	-35.8
11.22	-8.437	35.930	66.5
11.23	-8.489	49.236	48.3
11.24	-8.541	51.097	-4.1
11.25	-8.592	51.134	80.3
11.26	-8.642	51.139	170.2
11.27	-8.691	51.139	148.1
11.28	-8.739	51.139	154.4
11.29	-8.783	51.134	133.3
11.3	-8.826	51.070	154.9
11.31	-8.870	49.266	164.6
11.32	-8.914	40.366	89.0
11.33	-8.956	23.541	65.5
11.34	-8.996	6.213	2.1
11.35	-9.039	-6.655	-15.6
11.36	-9.082	-15.031	-69.4
11.37	-9.123	-19.973	-139.0
11.38	-9.158	-22.803	-111.3
11.39	-9.191	-24.708	-73.1
11.4	-9.223	-26.638	-114.1
11.41	-9.253	-29.514	-120.8
11.42	-9.282	-34.275	-108.1
11.43	-9.311	-41.047	-114.8
11.44	-9.338	-47.463	-129.9
11.45	-9.361	-50.592	-117.4
11.46	-9.386	-51.127	-89.6
11.47	-9.411	-51.139	-87.6
11.48	-9.435	-51.141	-115.7
11.49	-9.459	-51.138	-62.1
11.5	-9.488	-51.081	-85.6
11.51	-9.519	-49.623	-65.1
11.52	-9.545	-42.783	-90.0
11.53	-9.571	-29.497	-50.3
11.54	-9.596	-14.716	-73.9
11.55	-9.620	-3.070	-141.7
11.56	-9.640	3.967	-66.1
11.57	-9.657	6.280	-10.4
11.58	-9.671	4.341	-88.2
11.59	-9.686	-0.739	-58.7
11.6	-9.702	-7.841	-54.9
11.61	-9.719	-16.100	-120.1
11.62	-9.734	-24.663	4.7
11.63	-9.748	-32.764	-50.8
11.64	-9.761	-39.717	-99.7
11.65	-9.772	-45.111	-16.9
11.66	-9.780	-48.766	-131.2
11.67	-9.786	-50.602	-83.3
11.68	-9.791	-51.102	-8.8
11.69	-9.795	-51.139	-7.8
11.7	-9.796	-51.141	-33.6
11.71	-9.793	-51.128	-42.1
11.72	-9.787	-50.875	-45.2
11.73	-9.777	-49.798	0.8
11.74	-9.764	-47.719	85.1
11.75	-9.746	-45.130	-56.6
11.76	-9.723	-42.548	-92.5
11.77	-9.699	-40.177	-12.1
11.78	-9.672	-37.786	-61.7
11.79	-9.646	-35.144	-105.6
11.8	-9.619	-32.411	-88.1
11.81	-9.594	-29.880	-8.6
11.82	-9.568	-27.669	-17.0
11.83	-9.539	-25.806	290.6
11.84	-9.503	-24.297	608.2
11.85	-9.464	-23.069	637.8
11.86	-9.425	-22.098	209.8
11.87	-9.388	-21.648	-126.9
11.88	-9.354	-22.109	-43.8
11.89	-9.326	-23.528	-90.5
11.9	-9.303	-25.703	-87.7
11.91	-9.279	-28.372	-37.8
11.92	-9.251	-31.220	-35.6
11.93	-9.223	-33.625	-84.8
11.94	-9.199	-34.697	-103.2
11.95	-9.178	-34.006	25.8
11.96	-9.155	-30.903	-52.6
11.97	-9.133	-21.794	-22.2
11.98	-9.115	0.061	78.3
11.99	-9.100	29.245	6.7
12.0	-9.084	47.123	4.9
12.01	-9.066	50.988	95.7
12.02	-9.045	51.127	104.3
12.03	-9.025	51.139	109.7
12.04	-9.006	51.139	141.3
12.05	-8.990	51.139	141.5
12.06	-8.975	51.136	152.4
12.07	-8.961	51.119	137.3
12.08	-8.947	50.006	148.4
12.09	-8.932	42.622	103.4
12.1	-8.916	26.120	43.4
12.11	-8.898	7.013	-84.9
12.12	-8.877	-8.334	-122.8
12.13	-8.853	-18.986	-7.8
12.14	-8.826	-25.411	-94.3
12.15	-8.800	-28.534	-114.8
12.16	-8.779	-29.667	-134.0
12.17	-8.761	-30.253	-106.2
12.18	-8.741	-31.733	-107.9
12.19	-8.719	-35.447	-123.8
12.2	-8.698	-41.777	-123.2
12.21	-8.675	-47.939	-139.2
12.22	-8.649	-50.738	-81.3
12.23	-8.621	-51.133	-47.6
12.24	-8.590	-51.139	-84.7
12.25	-8.559	-51.141	-82.2
12.26	-8.527	-51.136	-100.2
12.27	-8.493	-51.050	-80.3
12.28	-8.454	-49.128	-108.9
12.29	-8.412	-41.036	-124.5
12.3	-8.367	-26.614	-9.1
12.31	-8.321	-11.567	-92.4
12.32	-8.274	0.023	-92.0
12.33	-8.228	7.019	-0.5
12.34	-8.181	9.184	-122.8
12.35	-8.135	6.913	-95.2
12.36	-8.092	1.156	-69.5
12.37	-8.052	-6.839	-68.1
12.38	-8.014	-15.866	-70.6
12.39	-7.976	-24.981	-114.6
12.4	-7.939	-33.419	-54.7
12.41	-7.904	-40.444	-63.9
12.42	-7.873	-45.722	-51.7
12.43	-7.843	-49.180	-78.1
12.44	-7.811	-50.773	-97.7
12.45	-7.779	-51.125	45.6
12.46	-7.749	-51.139	54.3
12.47	-7.721	-51.141	-28.9
12.48	-7.692	-51.106	-60.3
12.49	-7.665	-50.850	-25.8
12.5	-7.639	-50.234	-77.0
12.51	-7.616	-49.350	-122.6
12.52	-7.593	-48.108	-62.0
12.53	-7.569	-46.438	-38.6
12.54	-7.546	-44.634	-97.3
12.55	-7.524	-42.834	-23.4
12.56	-7.505	-40.894	73.8
12.57	-7.486	-38.880	351.5
12.58	-7.469	-36.962	770.9
12.59	-7.455	-35.183	567.9
12.6	-7.440	-33.528	5.0
12.61	-7.424	-32.041	-143.8
12.62	-7.409	-30.973	-46.8
12.63	-7.398	-30.764	-39.7
12.64	-7.386	-31.638	-85.8
12.65	-7.373	-33.328	-29.9
12.66	-7.361	-35.197	-82.0
12.67	-7.351	-36.294	-104.3
12.68	-7.339	-35.680	-91.2
12.69	-7.323	-32.478	-37.8
12.7	-7.307	-24.339	19.0
12.71	-7.291	-5.352	-56.8
12.72	-7.276	23.350	7.8
12.73	-7.263	44.666	72.2
12.74	-7.251	50.797	7.7
12.75	-7.239	51.120	78.2
12.76	-7.230	51.139	89.0
12.77	-7.221	51.139	104.0
12.78	-7.211	51.139	167.9
12.79	-7.202	51.139	151.5
12.8	-7.194	51.131	135.7
12.81	-7.187	50.977	164.0
12.82	-7.182	47.952	80.3
12.83	-7.179	36.700	52.0
12.84	-7.179	18.798	-7.4
12.85	-7.177	1.978	-55.0
12.86	-7.174	-10.420	-39.3
12.87	-7.170	-18.739	-108.1
12.88	-7.166	-23.691	-85.8
12.89	-7.163	-26.405	-185.5
12.9	-7.161	-28.092	-183.2
12.91	-7.160	-29.730	-106.2
12.92	-7.156	-32.403	-122.0
12.93	-7.152	-37.384	-104.1
12.94	-7.148	-44.245	-104.5
12.95	-7.143	-49.392	-112.6
12.96	-7.138	-51.022	-125.0
12.97	-7.135	-51.134	-72.6
12.98	-7.133	-51.141	-111.7
12.99	-7.134	-51.141	-157.0
13.0	-7.136	-51.138	-72.9
13.01	-7.139	-51.086	-84.2
13.02	-7.141	-49.736	-104.3
13.03	-7.141	-43.389	-83.9
13.04	-7.140	-31.245	-29.9
13.05	-7.139	-18.078	-92.4
13.06	-7.138	-7.814	-190.2
13.07	-7.138	-1.539	-28.0
13.08	-7.138	0.550	-80.3
13.09	-7.138	-1.239	-133.8
13.1	-7.139	-6.277	-13.6
13.11	-7.141	-13.548	-83.8
13.12	-7.144	-21.872	-108.0
13.13	-7.148	-30.247	-61.0
13.14	-7.151	-37.961	-93.7
13.15	-7.155	-44.541	-99.8
13.16	-7.158	-49.039	-100.2
13.17	-7.162	-50.856	-40.9
13.18	-7.166	-51.134	-55.7
13.19	-7.169	-51.141	-51.3
13.2	-7.174	-51.141	-77.0
13.21	-7.178	-51.141	-24.8
13.22	-7.183	-51.141	-62.9
13.23	-7.188	-51.141	-68.3
13.24	-7.195	-51.141	-16.4
13.25	-7.205	-51.141	42.3
13.26	-7.219	-51.128	69.4
13.27	-7.236	-50.869	-9.6
13.28	-7.258	-49.813	-112.0
13.29	-7.285	-47.875	-64.0
13.3	-7.317	-45.625	-35.9
13.31	-7.359	-43.388	-110.0
13.32	-7.412	-41.155	-87.4
13.33	-7.476	-38.927	0.8
13.34	-7.548	-36.739	90.1
13.35	-7.623	-34.680	300.4
13.36	-7.695	-32.816	677.7
13.37	-7.766	-31.105	790.8
13.38	-7.838	-29.578	145.2
13.39	-7.913	-28.628	-124.2
13.4	-7.987	-28.750	12.0
13.41	-8.061	-30.116	-97.6
13.42	-8.131	-32.523	-68.8
13.43	-8.193	-35.513	-94.4
13.44	-8.251	-38.575	-49.2
13.45	-8.309	-40.958	-59.6
13.46	-8.368	-41.495	-86.0
13.47	-8.426	-39.066	18.2
13.48	-8.481	-31.163	-33.8
13.49	-8.532	-11.286	-18.8
13.5	-8.579	19.864	16.6
13.51	-8.624	43.667	62.0
13.52	-8.667	50.733	43.3
13.53	-8.708	51.117	74.0
13.54	-8.749	51.139	124.8
13.55	-8.787	51.139	99.6
13.56	-8.826	51.139	111.4
13.57	-8.866	51.139	178.5
13.58	-8.906	51.134	187.9
13.59	-8.944	51.052	137.7
13.6	-8.983	48.908	120.4
13.61	-9.024	38.978	74.1
13.62	-9.066	20.725	21.8
13.63	-9.107	2.108	-40.7
13.64	-9.146	-11.583	-78.6
13.65	-9.179	-20.191	-97.2
13.66	-9.212	-24.839	-88.5
13.67	-9.243	-26.775	-30.2
13.68	-9.272	-27.311	-132.5
13.69	-9.299	-27.989	-221.0
13.7	-9.326	-30.186	-119.2
13.71	-9.353	-35.125	-61.8
13.72	-9.381	-42.542	-99.3
13.73	-9.408	-48.677	-82.2
13.74	-9.433	-50.914	-109.2
13.75	-9.456	-51.133	-78.8
13.76	-9.482	-51.141	-130.0
13.77	-9.511	-51.141	-123.9
13.78	-9.536	-51.136	-54.6
13.79	-9.561	-51.056	-59.1
13.8	-9.589	-49.227	-84.7
13.81	-9.616	-41.325	-84.0
13.82	-9.640	-27.113	-140.4
13.83	-9.659	-12.442	-96.0
13.84	-9.675	-1.489	-46.2
13.85	-9.690	4.770	-55.2
13.86	-9.706	6.319	-90.9
13.87	-9.724	3.677	-65.6
13.88	-9.742	-2.408	-70.1
13.89	-9.759	-10.934	-122.0
13.9	-9.775	-20.536	-105.0
13.91	-9.791	-29.961	-22.7
13.92	-9.809	-38.356	-54.3
13.93	-9.828	-45.000	-117.3
13.94	-9.844	-49.198	-66.7
13.95	-9.857	-50.863	-66.5
13.96	-9.871	-51.133	-64.9
13.97	-9.886	-51.141	-13.2
13.98	-9.900	-51.141	-16.0
13.99	-9.912	-51.141	-58.9
14.0	-9.924	-51.141	10.0
14.01	-9.933	-51.141	60.8
14.02	-9.938	-51.131	-107.4
14.03	-9.939	-50.923	-105.7
14.04	-9.938	-49.927	-31.1
14.05	-9.934	-47.822	1.1
14.06	-9.924	-45.131	-60.4
14.07	-9.910	-42.363	-158.8
14.08	-9.894	-39.528	-86.3
14.09	-9.876	-36.775	58.0
14.1	-9.851	-34.313	192.2
14.11	-9.815	-32.059	571.2
14.12	-9.774	-29.827	694.4
14.13	-9.731	-27.788	176.0
14.14	-9.690	-26.361	-93.2
14.15	-9.656	-25.642	-41.5
14.16	-9.629	-25.602	-85.0
14.17	-9.605	-26.317	-88.1
14.18	-9.576	-27.769	-76.9
14.19	-9.538	-29.720	-29.8
14.2	-9.498	-31.563	-49.5
14.21	-9.459	-32.288	-104.9
14.22	-9.422	-31.120	24.3
14.23	-9.386	-27.303	14.7
14.24	-9.351	-17.523	-67.5
14.25	-9.321	4.280	-13.2
14.26	-9.293	31.930	3.0
14.27	-9.266	47.914	59.0
14.28	-9.236	51.038	99.8
14.29	-9.204	51.128	114.8
14.3	-9.174	51.139	125.4
14.31	-9.146	51.139	108.6
14.32	-9.121	51.139	174.4
14.33	-9.099	51.139	128.6
14.34	-9.079	51.123	117.9
14.35	-9.062	50.819	167.1
14.36	-9.047	46.503	73.2
14.37	-9.035	32.347	40.9
14.38	-9.024	11.416	-12.4
14.39	-9.014	-7.639	-108.1
14.4	-9.001	-21.377	-155.8
14.41	-8.989	-29.838	-35.5
14.42	-8.983	-33.961	-64.8
14.43	-8.984	-35.392	-129.5
14.44	-8.991	-36.111	-123.0
14.45	-9.002	-37.822	-138.5
14.46	-9.021	-41.686	-111.6
14.47	-9.047	-46.859	-117.2
14.48	-9.076	-50.258	-91.9
14.49	-9.106	-51.102	-89.7
14.5	-9.139	-51.139	-160.3
14.51	-9.174	-51.141	-63.4
14.52	-9.209	-51.141	-90.5
14.53	-9.237	-51.139	-62.0
14.54	-9.254	-51.128	-81.6
14.55	-9.261	-50.333	-86.3
14.56	-9.261	-44.705	-59.3
14.57	-9.252	-31.327	-80.4
14.58	-9.236	-14.852	-76.6
14.59	-9.209	-1.270	-93.8
14.6	-9.171	7.305	-66.5
14.61	-9.121	10.525	-122.8
14.62	-9.061	8.841	-50.3
14.63	-8.998	2.959	-72.7
14.64	-8.936	-6.084	-89.4
14.65	-8.877	-16.741	15.4
14.66	-8.821	-27.434	-55.2
14.67	-8.766	-37.042	-90.0
14.68	-8.709	-44.697	-120.0
14.69	-8.652	-49.338	-17.5
14.7	-8.593	-50.945	47.5
14.71	-8.535	-51.138	21.5
14.72	-8.479	-51.141	53.1
14.73	-8.426	-51.141	-56.2
14.74	-8.375	-51.141	-121.0
14.75	-8.326	-51.141	-47.6
14.76	-8.276	-51.141	-112.8
14.77	-8.226	-51.128	-58.5
14.78	-8.178	-50.823	-95.8
14.79	-8.133	-49.484	-27.7
14.8	-8.090	-47.080	73.2
14.81	-8.049	-44.380	185.6
14.82	-8.006	-41.748	644.4
14.83	-7.965	-39.342	623.7
14.84	-7.924	-37.370	85.2
14.85	-7.886	-36.002	-48.4
14.86	-7.850	-35.386	-63.5
14.87	-7.819	-35.495	-106.4
14.88	-7.789	-36.227	-44.3
14.89	-7.756	-37.447	-138.9
14.9	-7.723	-38.808	-75.9
14.91	-7.691	-39.659	1.4
14.92	-7.663	-39.011	-82.1
14.93	-7.636	-35.938	-52.6
14.94	-7.606	-28.873	-27.8
14.95	-7.575	-12.714	-13.7
14.96	-7.544	15.252	-22.8
14.97	-7.514	40.586	9.3
14.98	-7.486	50.178	94.5
14.99	-7.460	51.100	110.7
15.0	-7.436	51.139	36.1
15.01	-7.414	51.139	121.1
15.02	-7.392	51.139	211.4
15.03	-7.371	51.139	184.1
15.04	-7.351	51.136	139.3
15.05	-7.333	51.122	132.3
15.06	-7.318	50.073	91.7
15.07	-7.306	42.630	94.7
15.08	-7.295	25.280	26.1
15.09	-7.282	4.530	-91.6
15.1	-7.269	-12.519	-94.6
15.11	-7.254	-24.508	-102.3
15.12	-7.241	-31.692	-85.2
15.13	-7.232	-35.269	-101.8
15.14	-7.223	-37.058	-181.3
15.15	-7.214	-38.416	-110.3
15.16	-7.203	-40.352	-75.3
15.17	-7.194	-43.920	-214.2
15.18	-7.186	-48.228	-146.7
15.19	-7.177	-50.663	-26.8
15.2	-7.169	-51.127	-87.2
15.21	-7.160	-51.139	-127.3
15.22	-7.153	-51.141	-117.4
15.23	-7.148	-51.141	-97.3
15.24	-7.144	-51.141	-101.5
15.25	-7.141	-51.136	-98.1
15.26	-7.136	-51.031	-69.0
15.27	-7.131	-48.970	-38.9
15.28	-7.125	-41.003	-104.5
15.29	-7.120	-27.634	-86.1
15.3	-7.116	-14.534	-125.4
15.31	-7.114	-5.270	-111.1
15.32	-7.110	-0.447	-63.3
15.33	-7.104	-0.031	-101.9
15.34	-7.098	-3.722	-75.5
15.35	-7.094	-10.800	-80.1
15.36	-7.093	-20.058	-66.9
15.37	-7.092	-29.867	-59.5
15.38	-7.091	-38.850	-148.3
15.39	-7.089	-45.969	-64.3
15.4	-7.088	-49.955	-85.9
15.41	-7.087	-51.059	-99.8
15.42	-7.085	-51.138	-18.1
15.43	-7.083	-51.141	-96.3
15.44	-7.081	-51.141	-96.8
15.45	-7.081	-51.141	-0.7
15.46	-7.080	-51.141	-61.7
15.47	-7.080	-51.141	-69.7
15.48	-7.081	-51.141	-14.4
15.49	-7.083	-51.141	26.8
15.5	-7.085	-51.141	39.8
15.51	-7.088	-51.141	-9.2
15.52	-7.091	-51.139	-66.4
15.53	-7.093	-51.045	-92.8
15.54	-7.094	-50.378	7.4
15.55	-7.093	-48.698	-59.7
15.56	-7.094	-46.431	-115.3
15.57	-7.097	-44.105	-9.8
15.58	-7.103	-41.792	-3.1
15.59	-7.109	-39.569	104.3
15.6	-7.114	-37.516	510.3
15.61	-7.119	-35.675	849.8
15.62	-7.128	-34.081	497.7
15.63	-7.147	-32.834	-48.0
15.64	-7.178	-32.184	-113.9
15.65	-7.218	-32.352	-75.3
15.66	-7.267	-33.309	-91.4
15.67	-7.319	-34.895	-13.1
15.68	-7.378	-36.892	-108.4
15.69	-7.453	-38.913	-85.8
15.7	-7.541	-40.128	-37.2
15.71	-7.635	-39.189	-40.3
15.72	-7.727	-33.944	-31.3
15.73	-7.814	-18.948	16.7
15.74	-7.898	9.777	7.4
15.75	-7.981	37.981	-10.7
15.76	-8.059	49.748	51.8
15.77	-8.131	51.102	45.8
15.78	-8.196	51.139	115.0
15.79	-8.258	51.139	58.2
15.8	-8.317	51.139	192.0
15.81	-8.374	51.139	253.3
15.82	-8.427	51.136	70.1
15.83	-8.479	51.120	189.3
15.84	-8.529	49.997	160.6
15.85	-8.580	42.011	61.1
15.86	-8.634	23.419	45.8
15.87	-8.688	1.395	88.0
15.88	-8.740	-16.116	-82.2
15.89	-8.789	-27.794	-129.4
15.9	-8.837	-34.602	-15.5
15.91	-8.884	-37.695	-93.3
15.92	-8.931	-38.355	-122.1
15.93	-8.974	-38.134	-71.8
15.94	-9.014	-38.673	-119.2
15.95	-9.051	-41.534	-162.5
15.96	-9.086	-46.366	-60.5
15.97	-9.119	-50.014	-105.6
15.98	-9.149	-51.080	-148.4
15.99	-9.182	-51.138	-15.0
16.0	-9.217	-51.141	-110.4
16.01	-9.251	-51.141	-100.3
16.02	-9.283	-51.141	-91.5
16.03	-9.316	-51.128	-50.9
16.04	-9.349	-50.866	-57.2
16.05	-9.377	-47.591	-166.8
16.06	-9.404	-37.081	-71.1
16.07	-9.432	-21.347	-45.0
16.08	-9.461	-6.778	-69.1
16.09	-9.489	3.267	-103.5
16.1	-9.514	7.984	-117.4
16.11	-9.536	7.481	-59.7
16.12	-9.559	2.564	-34.7
16.13	-9.582	-5.541	-62.7
16.14	-9.605	-15.603	-82.6
16.15	-9.626	-26.289	-70.5
16.16	-9.646	-36.297	-68.7
16.17	-9.666	-44.461	-128.1
16.18	-9.686	-49.356	-54.6
16.19	-9.703	-50.963	-34.3
16.2	-9.717	-51.138	-85.3
16.21	-9.731	-51.141	-22.1
16.22	-9.744	-51.141	-62.2
16.23	-9.756	-51.141	-46.0
16.24	-9.767	-51.141	-3.1
16.25	-9.776	-51.141	-19.1
16.26	-9.783	-51.141	0.2
16.27	-9.784	-51.141	30.9
16.28	-9.781	-51.138	-32.7
16.29	-9.772	-50.980	-46.3
16.3	-9.761	-49.931	-78.9
16.31	-9.749	-47.470	-99.8
16.32	-9.736	-44.347	-68.4
16.33	-9.723	-41.336	-55.4
16.34	-9.707	-38.402	28.0
16.35	-9.689	-35.488	-15.8
16.36	-9.669	-32.731	170.9
16.37	-9.643	-30.156	475.8
16.38	-9.614	-27.792	639.3
16.39	-9.582	-25.813	358.5
16.4	-9.549	-24.373	-62.2
16.41	-9.521	-23.670	-88.3
16.42	-9.498	-23.792	-64.0
16.43	-9.479	-24.681	-32.0
16.44	-9.456	-26.425	-96.9
16.45	-9.426	-29.042	-61.1
16.46	-9.400	-32.036	-23.7
16.47	-9.383	-34.419	-52.6
16.48	-9.372	-35.130	-79.5
16.49	-9.359	-32.973	-7.8
16.5	-9.344	-24.527	20.3
16.51	-9.329	-2.909	30.6
16.52	-9.314	27.238	8.2
16.53	-9.294	46.528	13.4
16.54	-9.271	50.955	43.1
16.55	-9.244	51.127	81.8
16.56	-9.219	51.139	148.2
16.57	-9.198	51.139	120.8
16.58	-9.181	51.139	111.8
16.59	-9.167	51.139	127.1
16.6	-9.154	51.130	170.5
16.61	-9.139	50.964	207.5
16.62	-9.123	47.609	30.2
16.63	-9.104	34.614	23.9
16.64	-9.081	13.181	49.3
16.65	-9.053	-7.572	-46.7
16.66	-9.021	-22.928	-93.1
16.67	-8.984	-32.830	-72.8
16.68	-8.949	-38.223	-77.4
16.69	-8.915	-40.577	-91.3
16.7	-8.881	-41.517	-90.5
16.71	-8.846	-42.409	-154.2
16.72	-8.810	-44.706	-115.9
16.73	-8.776	-48.288	-64.1
16.74	-8.740	-50.628	-88.0
16.75	-8.703	-51.123	-131.2
16.76	-8.664	-51.139	-177.8
16.77	-8.624	-51.141	-23.5
16.78	-8.584	-51.141	-38.5
16.79	-8.544	-51.141	-95.5
16.8	-8.502	-51.130	-69.4
16.81	-8.459	-50.597	-75.6
16.82	-8.415	-45.989	-128.5
16.83	-8.369	-33.817	-105.1
16.84	-8.322	-17.842	-14.6
16.85	-8.276	-3.911	-69.6
16.86	-8.229	5.761	-55.9
16.87	-8.183	10.338	-102.2
16.88	-8.138	9.723	-108.8
16.89	-8.095	4.606	-20.8
16.9	-8.053	-3.781	-47.0
16.91	-8.012	-14.059	-55.9
16.92	-7.972	-24.859	-120.3
16.93	-7.931	-34.983	-43.7
16.94	-7.892	-43.436	-58.3
16.95	-7.855	-48.869	-79.9
16.96	-7.821	-50.875	39.2
16.97	-7.788	-51.138	-10.0
16.98	-7.756	-51.141	11.7
16.99	-7.725	-51.141	22.0
17.0	-7.697	-51.141	26.7
17.01	-7.675	-51.141	-103.6
17.02	-7.653	-51.141	-205.0
17.03	-7.629	-51.141	-53.7
17.04	-7.603	-51.139	-78.7
17.05	-7.579	-51.125	3.8
17.06	-7.558	-50.839	-1.6
17.07	-7.536	-49.833	134.6
17.08	-7.513	-48.297	521.2
17.09	-7.492	-46.739	759.5
17.1	-7.474	-45.173	359.9
17.11	-7.457	-43.477	-87.2
17.12	-7.440	-41.791	-55.3
17.13	-7.425	-40.527	-99.5
17.14	-7.410	-39.803	-75.4
17.15	-7.391	-39.406	-78.8
17.16	-7.371	-39.473	-97.1
17.17	-7.353	-40.108	-59.3
17.18	-7.336	-40.172	-13.3
17.19	-7.318	-38.092	6.3
17.2	-7.299	-32.706	-63.8
17.21	-7.278	-20.256	-39.6
17.22	-7.258	4.964	7.9
17.23	-7.237	33.870	16.8
17.24	-7.220	48.714	37.3
17.25	-7.204	51.094	96.7
17.26	-7.189	51.131	91.3
17.27	-7.174	51.139	122.2
17.28	-7.160	51.139	124.5
17.29	-7.148	51.139	129.2
17.3	-7.139	51.139	198.0
17.31	-7.131	51.123	145.5
17.32	-7.124	50.820	142.6
17.33	-7.119	46.428	115.5
17.34	-7.117	31.856	30.0
17.35	-7.114	10.280	-7.4
17.36	-7.111	-9.228	-122.0
17.37	-7.107	-23.381	-74.9
17.38	-7.104	-32.539	-20.8
17.39	-7.102	-37.623	-114.6
17.4	-7.100	-40.014	-149.5
17.41	-7.096	-41.175	-163.3
17.42	-7.091	-42.731	-145.4
17.43	-7.086	-45.825	-64.7
17.44	-7.082	-49.223	-79.8
17.45	-7.077	-50.883	-71.5
17.46	-7.072	-51.136	-147.4
17.47	-7.069	-51.141	-93.6
17.48	-7.069	-51.141	-58.3
17.49	-7.072	-51.141	-147.3
17.5	-7.074	-51.141	-55.4
17.51	-7.074	-51.138	-90.8
17.52	-7.072	-51.120	-107.5
17.53	-7.069	-50.250	-25.2
17.54	-7.065	-44.847	-110.2
17.55	-7.061	-33.023	-37.5
17.56	-7.058	-19.356	-66.0
17.57	-7.056	-8.634	-96.0
17.58	-7.054	-2.327	-47.5
17.59	-7.052	-0.589	-179.4
17.6	-7.050	-2.894	-52.2
17.61	-7.049	-8.445	20.4
17.62	-7.049	-16.320	-108.8
17.63	-7.049	-25.452	-84.9
17.64	-7.051	-34.617	-89.4
17.65	-7.053	-42.664	-30.1
17.66	-7.056	-48.286	-54.5
17.67	-7.059	-50.702	-111.7
17.68	-7.063	-51.127	-5.0
17.69	-7.066	-51.139	-14.2
17.7	-7.069	-51.141	-67.4
17.71	-7.073	-51.141	-43.9
17.72	-7.077	-51.141	-30.9
17.73	-7.081	-51.141	90.2
17.74	-7.086	-51.141	78.9
17.75	-7.091	-51.141	-103.3
17.76	-7.096	-51.141	-105.7
17.77	-7.098	-51.141	-31.9
17.78	-7.099	-51.141	-31.4
17.79	-7.101	-51.139	-82.5
17.8	-7.104	-51.092	-53.4
17.81	-7.111	-50.633	-33.6
17.82	-7.117	-49.336	134.4
17.83	-7.121	-47.377	468.1
17.84	-7.122	-45.106	767.3
17.85	-7.123	-42.683	568.3
17.86	-7.128	-40.211	-98.3
17.87	-7.139	-37.891	-65.0
17.88	-7.154	-36.239	-1.6
17.89	-7.172	-35.708	-119.8
17.9	-7.184	-36.450	-44.8
17.91	-7.187	-38.227	-144.6
17.92	-7.189	-40.208	-102.0
17.93	-7.196	-41.164	-9.3
17.94	-7.208	-39.919	-46.4
17.95	-7.224	-34.870	-13.9
17.96	-7.249	-21.400	-41.4
17.97	-7.286	5.631	14.8
17.98	-7.334	34.984	-33.8
17.99	-7.394	49.061	0.3
18.0	-7.461	51.095	136.6
18.01	-7.536	51.134	37.4
18.02	-7.615	51.139	115.9
18.03	-7.696	51.139	164.7
18.04	-7.775	51.139	89.1
18.05	-7.852	51.139	160.3
18.06	-7.927	51.120	169.8
18.07	-7.998	50.463	132.5
18.08	-8.068	44.098	74.1
18.09	-8.136	26.331	117.7
18.1	-8.203	2.441	-8.1
18.11	-8.268	-18.250	-94.0
18.12	-8.326	-32.947	-81.3
18.13	-8.381	-42.202	-117.1
18.14	-8.433	-47.334	-109.8
18.15	-8.484	-49.595	-125.4
18.16	-8.533	-50.202	-153.3
18.17	-8.581	-50.516	-74.1
18.18	-8.632	-50.942	-108.6
18.19	-8.683	-51.127	-166.8
18.2	-8.734	-51.139	-139.4
18.21	-8.783	-51.141	-131.6
18.22	-8.831	-51.141	-154.4
18.23	-8.876	-51.141	-51.8
18.24	-8.919	-51.141	-70.0
18.25	-8.964	-51.141	-123.4
18.26	-9.011	-51.136	-84.2
18.27	-9.054	-51.050	-98.4
18.28	-9.096	-49.142	-63.3
18.29	-9.134	-41.153	-116.4
18.3	-9.173	-27.139	-89.7
18.31	-9.211	-13.069	-118.3
18.32	-9.249	-2.981	-150.7
18.33	-9.285	2.275	-41.8
18.34	-9.321	2.719	-77.1
18.35	-9.357	-1.066	-117.2
18.36	-9.389	-8.052	-46.3
18.37	-9.416	-17.005	-69.0
18.38	-9.444	-26.806	-120.7
18.39	-9.473	-36.378	-53.3
18.4	-9.499	-44.413	-63.9
18.41	-9.523	-49.323	-105.3
18.42	-9.548	-50.961	-15.1
18.43	-9.575	-51.138	8.1
18.44	-9.602	-51.141	18.4
18.45	-9.624	-51.141	14.5
18.46	-9.641	-51.141	-55.8
18.47	-9.657	-51.141	-20.5
18.48	-9.671	-51.141	-95.5
18.49	-9.686	-51.141	-175.2
18.5	-9.702	-51.139	2.8
18.51	-9.718	-51.092	-56.9
18.52	-9.734	-50.591	-75.6
18.53	-9.748	-48.995	101.3
18.54	-9.758	-46.472	242.7
18.55	-9.764	-43.853	643.1
18.56	-9.768	-41.516	584.0
18.57	-9.769	-39.334	34.9
18.58	-9.769	-37.258	-116.8
18.59	-9.768	-35.438	-32.7
18.6	-9.769	-34.286	-40.1
18.61	-9.766	-34.063	-136.6
18.62	-9.754	-34.602	-117.1
18.63	-9.732	-35.652	33.2
18.64	-9.707	-36.511	-60.3
18.65	-9.680	-36.055	-61.8
18.66	-9.646	-33.503	-71.7
18.67	-9.606	-27.711	-81.8
18.68	-9.565	-14.108	63.8
18.69	-9.528	11.722	45.4
18.7	-9.495	38.028	-29.5
18.71	-9.462	49.631	70.1
18.72	-9.427	51.103	100.5
18.73	-9.389	51.138	89.6
18.74	-9.351	51.139	102.9
18.75	-9.317	51.139	157.2
18.76	-9.286	51.139	180.8
18.77	-9.257	51.139	109.4
18.78	-9.229	51.120	74.1
18.79	-9.202	50.720	167.7
18.8	-9.176	45.673	106.7
18.81	-9.152	29.856	-17.9
18.82	-9.127	7.173	-75.8
18.83	-9.100	-13.230	-49.5
18.84	-9.072	-28.452	-37.9
18.85	-9.045	-38.650	-103.5
18.86	-9.023	-44.255	-133.3
18.87	-9.001	-46.536	-169.6
18.88	-8.976	-47.323	-100.6
18.89	-8.953	-48.375	-97.7
18.9	-8.932	-49.966	-209.0
18.91	-8.915	-50.945	-47.3
18.92	-8.899	-51.134	-83.0
18.93	-8.884	-51.141	-112.7
18.94	-8.869	-51.141	-40.6
18.95	-8.857	-51.141	-152.8
18.96	-8.847	-51.141	-113.0
18.97	-8.836	-51.136	-34.2
18.98	-8.823	-51.042	-66.1
18.99	-8.809	-49.016	-134.3
19.0	-8.793	-40.558	-77.8
19.01	-8.777	-25.600	-61.8
19.02	-8.761	-10.227	-124.8
19.03	-8.744	1.273	-61.5
19.04	-8.728	7.759	-88.5
19.05	-8.712	8.889	-18.8
19.06	-8.697	5.033	-31.3
19.07	-8.682	-2.820	-109.6
19.08	-8.666	-13.214	-110.3
19.09	-8.650	-24.391	-46.5
19.1	-8.634	-34.917	52.9
19.11	-8.616	-43.602	-51.7
19.12	-8.598	-48.992	-17.9
19.13	-8.576	-50.900	-4.7
19.14	-8.551	-51.138	-84.1
19.15	-8.525	-51.141	-54.7
19.16	-8.498	-51.141	-104.3
19.17	-8.471	-51.141	-110.5
19.18	-8.444	-51.141	-78.8
19.19	-8.418	-51.141	-48.3
19.2	-8.391	-51.141	7.7
19.21	-8.360	-51.141	270.3
19.22	-8.326	-51.138	686.1
19.23	-8.291	-50.988	624.6
19.24	-8.256	-50.061	14.9
19.25	-8.220	-48.045	-140.5
19.26	-8.183	-45.827	-23.1
19.27	-8.147	-44.322	-78.9
19.28	-8.111	-43.780	-60.3
19.29	-8.073	-44.166	-78.2
19.3	-8.035	-44.928	-101.6
19.31	-7.996	-44.923	-95.0
19.32	-7.957	-42.917	-95.8
19.33	-7.918	-38.183	-9.0
19.34	-7.879	-29.517	-12.8
19.35	-7.842	-11.909	21.5
19.36	-7.804	16.762	36.1
19.37	-7.764	41.514	-35.3
19.38	-7.728	50.353	21.3
19.39	-7.691	51.102	84.6
19.4	-7.655	51.139	95.8
19.41	-7.620	51.139	70.4
19.42	-7.589	51.139	98.4
19.43	-7.561	51.139	156.1
19.44	-7.534	51.139	191.4
19.45	-7.506	51.122	171.4
19.46	-7.480	50.461	115.9
19.47	-7.458	44.236	52.8
19.48	-7.438	27.169	-47.4
19.49	-7.419	4.809	-87.8
19.5	-7.398	-13.839	-57.0
19.51	-7.377	-26.748	-140.3
19.52	-7.359	-34.920	-145.0
19.53	-7.344	-39.528	-76.9
19.54	-7.331	-41.813	-93.3
19.55	-7.316	-43.444	-84.8
19.56	-7.302	-46.102	-130.9
19.57	-7.289	-49.228	-148.3
19.58	-7.278	-50.870	-107.0
19.59	-7.268	-51.136	-121.9
19.6	-7.257	-51.139	-122.0
19.61	-7.247	-51.141	-101.1
19.62	-7.239	-51.141	-79.2
19.63	-7.232	-51.141	-43.3
19.64	-7.226	-51.141	-112.4
19.65	-7.221	-51.131	-99.0
19.66	-7.214	-50.966	-61.2
19.67	-7.207	-48.358	-115.7
19.68	-7.201	-39.314	-94.4
19.69	-7.196	-25.344	-44.3
19.7	-7.191	-12.503	-96.9
19.71	-7.185	-4.002	-63.7
19.72	-7.178	-0.491	-86.4
19.73	-7.172	-1.917	-142.8
19.74	-7.168	-7.425	-76.3
19.75	-7.166	-15.491	-28.9
19.76	-7.164	-24.598	-65.1
19.77	-7.163	-33.661	-100.3
19.78	-7.161	-41.931	-61.1
19.79	-7.161	-48.017	-27.1
19.8	-7.160	-50.683	-113.6
19.81	-7.159	-51.128	-24.1
19.82	-7.159	-51.139	29.5
19.83	-7.159	-51.141	-17.7
19.84	-7.160	-51.141	19.3
19.85	-7.159	-51.141	-51.7
19.86	-7.159	-51.141	-22.6
19.87	-7.157	-51.141	-73.8
19.88	-7.154	-51.141	-186.1
19.89	-7.150	-51.141	-17.3
19.9	-7.148	-51.141	-32.1
19.91	-7.149	-51.139	-50.1
19.92	-7.152	-51.070	67.3
19.93	-7.153	-50.578	320.2
19.94	-7.151	-49.348	709.0
19.95	-7.149	-47.530	690.6
19.96	-7.149	-45.400	119.3
19.97	-7.152	-43.163	-112.4
19.98	-7.158	-41.083	-7.2
19.99	-7.165	-39.523	-92.6
20.0	-7.167	-38.844	-95.4
20.01	-7.161	-39.230	-51.4
20.02	-7.152	-40.323	-63.8
20.03	-7.144	-41.033	-75.1
20.04	-7.138	-39.995	-84.0
20.05	-7.133	-35.600	-19.3
20.06	-7.131	-23.988	-45.8
20.07	-7.136	0.855	9.8
20.08	-7.137	31.148	25.5
20.09	-7.134	47.978	1.7
20.1	-7.131	51.055	58.0
20.11	-7.127	51.128	75.1
20.12	-7.124	51.139	106.3
20.13	-7.122	51.139	135.9
20.14	-7.123	51.139	129.8
20.15	-7.124	51.139	141.1
20.16	-7.127	51.134	176.5
20.17	-7.130	51.103	146.6
20.18	-7.133	49.694	123.3
20.19	-7.138	41.184	63.5
20.2	-7.141	23.209	27.4
20.21	-7.146	3.431	-23.9
20.22	-7.148	-11.706	-161.6
20.23	-7.150	-22.066	-53.2
20.24	-7.153	-28.775	-33.6
20.25	-7.159	-32.994	-114.1
20.26	-7.166	-36.070	-149.4
20.27	-7.172	-39.500	-139.7
20.28	-7.176	-44.245	-60.6
20.29	-7.179	-48.767	-122.8
20.3	-7.182	-50.839	-175.9
20.31	-7.183	-51.134	-69.9
20.32	-7.184	-51.141	-92.8
20.33	-7.186	-51.141	-90.9
20.34	-7.191	-51.141	-50.7
20.35	-7.198	-51.141	-106.9
20.36	-7.208	-51.141	-128.2
20.37	-7.218	-51.130	-76.1
20.38	-7.228	-50.803	-34.9
20.39	-7.234	-47.400	-114.0
20.4	-7.240	-37.513	-97.4
20.41	-7.244	-24.028	-73.6
20.42	-7.251	-12.823	-102.5
20.43	-7.262	-6.144	-5.0
20.44	-7.281	-3.892	-108.6
20.45	-7.311	-5.450	-127.0
20.46	-7.353	-10.267	-52.7
20.47	-7.407	-17.614	-83.5
20.48	-7.474	-26.297	-63.6
20.49	-7.552	-35.042	-54.8
20.5	-7.638	-42.891	-75.3
20.51	-7.727	-48.458	-92.9
20.52	-7.814	-50.775	-42.4
20.53	-7.894	-51.133	-84.7
20.54	-7.968	-51.139	-138.0
20.55	-8.036	-51.141	-24.3
20.56	-8.103	-51.141	13.5
20.57	-8.169	-51.141	-49.0
20.58	-8.236	-51.141	-24.2
20.59	-8.304	-51.141	42.2
20.6	-8.371	-51.141	38.0
20.61	-8.434	-51.141	-38.9
20.62	-8.492	-51.141	-42.6
20.63	-8.543	-51.141	-66.1
20.64	-8.589	-51.139	-125.0
20.65	-8.635	-51.105	-60.0
20.66	-8.679	-50.636	-16.2
20.67	-8.724	-49.036	-59.0
20.68	-8.768	-46.398	22.8
20.69	-8.813	-43.392	228.0
20.7	-8.856	-40.316	628.8
20.71	-8.901	-37.258	729.7
20.72	-8.944	-34.295	179.7
20.73	-8.983	-31.567	-40.0
20.74	-9.021	-29.511	-109.2
20.75	-9.059	-28.639	-104.9
20.76	-9.093	-29.241	-3.9
20.77	-9.124	-31.139	-88.3
20.78	-9.156	-33.691	-61.5
20.79	-9.188	-36.097	-103.8
20.8	-9.221	-37.322	-78.9
20.81	-9.256	-36.097	-53.4
20.82	-9.287	-29.947	-52.4
20.83	-9.315	-12.659	61.4
20.84	-9.342	17.055	28.0
20.85	-9.369	42.083	4.6
20.86	-9.394	50.502	36.9
20.87	-9.419	51.106	49.6
20.88	-9.443	51.139	75.1
20.89	-9.467	51.139	130.6
20.9	-9.491	51.139	105.5
20.91	-9.514	51.139	98.9
20.92	-9.536	51.139	171.7
20.93	-9.556	51.122	181.7
20.94	-9.578	50.750	116.1
20.95	-9.601	46.095	75.2
20.96	-9.626	31.552	12.0
20.97	-9.649	10.897	-86.3
20.98	-9.669	-7.088	-27.3
20.99	-9.688	-19.553	-66.6
21.0	-9.708	-27.161	-114.2
21.01	-9.729	-31.158	-66.5
21.02	-9.748	-33.209	-196.0
21.03	-9.761	-35.216	-196.8
21.04	-9.773	-38.911	-113.6
21.05	-9.783	-44.569	-85.4
21.06	-9.792	-49.303	-113.7
21.07	-9.801	-50.986	-107.0
21.08	-9.808	-51.133	-62.4
21.09	-9.815	-51.141	-127.2
21.1	-9.820	-51.141	-173.4
21.11	-9.822	-51.141	-63.3
21.12	-9.819	-51.138	-66.7
21.13	-9.810	-51.066	-94.4
21.14	-9.793	-49.230	-95.5
21.15	-9.768	-40.828	-128.3
21.16	-9.737	-25.261	-61.6
21.17	-9.704	-9.067	-57.4
21.18	-9.673	2.798	-110.3
21.19	-9.643	9.155	-86.7
21.2	-9.614	9.927	-57.5
21.21	-9.581	5.828	-79.4
21.22	-9.547	-1.877	-89.0
21.23	-9.513	-11.738	-91.4
21.24	-9.482	-22.334	-98.2
21.25	-9.455	-32.577	-37.6
21.26	-9.428	-41.670	-8.6
21.27	-9.399	-48.064	73.9
21.28	-9.370	-50.713	10.0
21.29	-9.339	-51.130	-91.4
21.3	-9.306	-51.139	-44.8
21.31	-9.273	-51.141	-75.5
21.32	-9.241	-51.141	-79.0
21.33	-9.209	-51.141	-89.8
21.34	-9.181	-51.141	-97.4
21.35	-9.156	-51.141	-20.9
21.36	-9.135	-51.141	-36.0
21.37	-9.115	-51.139	100.4
21.38	-9.092	-50.994	403.9
21.39	-9.067	-49.956	711.2
21.4	-9.041	-47.511	386.6
21.41	-9.015	-44.522	-97.1
21.42	-8.989	-42.106	-68.9
21.43	-8.964	-40.767	-39.7
21.44	-8.942	-40.577	-58.5
21.45	-8.919	-41.319	-147.8
21.46	-8.893	-42.747	-80.7
21.47	-8.867	-44.069	-27.6
21.48	-8.847	-43.905	-74.5
21.49	-8.829	-41.444	-13.1
21.5	-8.811	-36.439	-91.3
21.51	-8.789	-26.794	-53.7
21.52	-8.769	-6.342	76.7
21.53	-8.749	23.378	1.6
21.54	-8.732	44.828	-2.4
21.55	-8.714	50.814	87.2
21.56	-8.694	51.120	99.7
21.57	-8.674	51.139	126.9
21.58	-8.654	51.139	94.0
21.59	-8.636	51.139	139.7
21.6	-8.617	51.139	171.9
21.61	-8.598	51.131	44.8
21.62	-8.579	50.989	123.5
21.63	-8.561	47.948	190.6
21.64	-8.543	35.675	23.6
21.65	-8.523	14.984	-79.9
21.66	-8.502	-5.211	-64.4
21.67	-8.478	-20.217	-64.1
21.68	-8.450	-30.177	-92.7
21.69	-8.422	-36.163	-102.6
21.7	-8.397	-39.577	-133.2
21.71	-8.373	-41.830	-118.7
21.72	-8.346	-44.264	-123.2
21.73	-8.321	-47.494	-162.5
21.74	-8.297	-50.141	-181.0
21.75	-8.272	-51.063	-101.9
21.76	-8.246	-51.136	-28.8
21.77	-8.219	-51.141	-115.9
21.78	-8.192	-51.141	-110.1
21.79	-8.164	-51.141	-121.6
21.8	-8.135	-51.141	-110.0
21.81	-8.105	-51.128	-54.3
21.82	-8.076	-50.803	-83.5
21.83	-8.047	-47.183	-44.5
21.84	-8.016	-36.275	-112.0
21.85	-7.983	-20.902	-69.6
21.86	-7.949	-7.667	-93.0
21.87	-7.918	0.530	-141.6
21.88	-7.888	3.606	-64.6
21.89	-7.857	2.217	-32.4
21.9	-7.827	-3.098	-71.8
21.91	-7.799	-11.344	-114.5
21.92	-7.773	-20.945	-84.3
21.93	-7.746	-30.464	-75.8
21.94	-7.720	-38.856	-23.1
21.95	-7.694	-45.492	-57.8
21.96	-7.671	-49.561	-49.5
21.97	-7.649	-50.972	51.2
21.98	-7.631	-51.138	3.7
21.99	-7.616	-51.141	-7.9
22.0	-7.602	-51.141	-67.5
22.01	-7.586	-51.141	-130.5
22.02	-7.569	-51.141	-37.0
22.03	-7.553	-51.141	-79.3
22.04	-7.539	-51.139	-82.0
22.05	-7.527	-51.119	-68.2
22.06	-7.518	-50.825	-13.7
22.07	-7.508	-49.848	191.1
22.08	-7.495	-48.278	453.8
22.09	-7.482	-46.500	731.8
22.1	-7.473	-44.688	411.5
22.11	-7.464	-42.928	-81.6
22.12	-7.454	-41.533	-74.8
22.13	-7.445	-40.913	-88.7
22.14	-7.436	-41.086	-93.6
22.15	-7.423	-41.778	-15.3
22.16	-7.406	-42.516	-101.4
22.17	-7.395	-42.508	-83.3
22.18	-7.388	-40.827	-10.2
22.19	-7.378	-36.673	-82.4
22.2	-7.365	-28.636	-32.6
22.21	-7.352	-12.044	-50.9
22.22	-7.338	15.658	14.5
22.23	-7.324	40.636	51.6
22.24	-7.312	50.163	-24.3
22.25	-7.302	51.100	113.7
22.26	-7.293	51.139	44.2
22.27	-7.283	51.139	98.6
22.28	-7.274	51.139	153.2
22.29	-7.266	51.139	121.0
22.3	-7.259	51.134	202.0
22.31	-7.253	51.094	167.9
22.32	-7.248	49.563	150.5
22.33	-7.244	40.834	95.2
22.34	-7.242	22.936	-52.6
22.35	-7.241	3.569	8.6
22.36	-7.240	-11.297	-24.6
22.37	-7.237	-21.603	-78.8
22.38	-7.234	-28.253	-82.0
22.39	-7.232	-32.292	-102.3
22.4	-7.233	-34.923	-124.3
22.41	-7.234	-37.355	-216.2
22.42	-7.233	-40.745	-58.7
22.43	-7.231	-45.433	-100.2
22.44	-7.227	-49.423	-140.7
22.45	-7.223	-50.969	-55.5
22.46	-7.218	-51.136	-112.5
22.47	-7.214	-51.141	-110.0
22.48	-7.214	-51.141	-138.7
22.49	-7.215	-51.141	-37.4
22.5	-7.219	-51.141	-60.1
22.51	-7.224	-51.130	-138.3
22.52	-7.229	-50.905	-81.9
22.53	-7.232	-48.059	-22.7
22.54	-7.234	-39.042	-48.1
22.55	-7.234	-25.959	-169.6
22.56	-7.234	-14.459	-52.3
22.57	-7.235	-6.969	-48.5
22.58	-7.236	-3.714	-117.6
22.59	-7.237	-4.447	-70.6
22.6	-7.239	-8.430	-102.4
22.61	-7.241	-14.723	-25.7
22.62	-7.243	-22.480	-83.8
22.63	-7.247	-30.708	-68.3
22.64	-7.251	-38.458	-60.8
22.65	-7.256	-45.023	-145.3
22.66	-7.262	-49.320	-74.4
22.67	-7.268	-50.923	-60.1
22.68	-7.276	-51.138	-73.8
22.69	-7.287	-51.141	-32.0
22.7	-7.301	-51.141	-50.7
22.71	-7.320	-51.141	-53.3
22.72	-7.348	-51.141	-24.3
22.73	-7.384	-51.141	-65.0
22.74	-7.432	-51.141	14.0
22.75	-7.491	-51.139	86.0
22.76	-7.558	-51.119	-12.9
22.77	-7.631	-50.781	-45.8
22.78	-7.704	-49.594	-55.6
22.79	-7.773	-47.595	-77.5
22.8	-7.838	-45.356	-16.3
22.81	-7.896	-43.269	-115.3
22.82	-7.954	-41.397	-107.2
22.83	-8.013	-39.509	43.4
22.84	-8.074	-37.556	76.9
22.85	-8.136	-35.945	466.4
22.86	-8.196	-34.886	825.1
22.87	-8.254	-34.083	576.4
22.88	-8.313	-33.294	35.7
22.89	-8.371	-32.825	-98.4
22.9	-8.428	-33.158	-27.8
22.91	-8.484	-34.247	-31.7
22.92	-8.535	-35.905	-95.8
22.93	-8.582	-38.052	-92.4
22.94	-8.627	-40.163	-53.3
22.95	-8.672	-41.219	-82.3
22.96	-8.716	-40.153	-53.8
22.97	-8.757	-35.334	5.8
22.98	-8.797	-21.834	-40.6
22.99	-8.837	5.584	15.8
23.0	-8.874	35.142	56.5
23.01	-8.909	49.117	27.3
23.02	-8.946	51.095	24.9
23.03	-8.984	51.134	54.3
23.04	-9.019	51.139	79.9
23.05	-9.053	51.139	181.0
23.06	-9.086	51.139	211.1
23.07	-9.118	51.134	96.6
23.08	-9.150	51.097	225.3
23.09	-9.184	49.611	153.7
23.1	-9.217	41.070	58.8
23.11	-9.249	23.536	-11.0
23.12	-9.281	4.650	7.9
23.13	-9.313	-9.539	41.2
23.14	-9.344	-18.905	-123.2
23.15	-9.371	-24.503	-61.8
23.16	-9.399	-27.539	-110.7
23.17	-9.425	-29.305	-161.3
23.18	-9.452	-30.931	-126.3
23.19	-9.478	-33.448	-105.9
23.2	-9.501	-38.002	-73.5
23.21	-9.521	-44.367	-91.3
23.22	-9.541	-49.330	-99.7
23.23	-9.560	-50.997	-120.3
23.24	-9.579	-51.134	-177.2
23.25	-9.598	-51.141	-110.0
23.26	-9.616	-51.141	-46.6
23.27	-9.631	-51.138	-86.7
23.28	-9.645	-51.102	-81.9
23.29	-9.660	-49.922	-69.3
23.3	-9.674	-43.427	-53.1
23.31	-9.683	-29.830	-105.8
23.32	-9.686	-14.336	-105.1
23.33	-9.685	-2.192	-75.8
23.34	-9.682	4.984	-67.4
23.35	-9.676	7.148	-103.3
23.36	-9.666	5.086	-109.0
23.37	-9.651	-0.167	4.2
23.38	-9.630	-7.627	-84.2
23.39	-9.604	-16.228	-132.8
23.4	-9.576	-24.938	-56.1
23.41	-9.545	-32.922	-62.0
23.42	-9.516	-39.489	-92.1
23.43	-9.489	-44.259	-120.3
23.44	-9.463	-47.497	-26.0
23.45	-9.436	-49.655	-0.0
23.46	-9.409	-50.792	-48.8
23.47	-9.383	-51.113	-6.4
23.48	-9.357	-51.131	32.1
23.49	-9.333	-50.988	-44.7
23.5	-9.308	-50.355	-88.9
23.51	-9.280	-48.928	-38.8
23.52	-9.249	-46.781	-85.2
23.53	-9.216	-44.316	-63.7
23.54	-9.184	-41.877	-79.8
23.55	-9.154	-39.695	-60.5
23.56	-9.129	-37.967	-15.8
23.57	-9.107	-36.567	-17.4
23.58	-9.082	-35.308	327.6
23.59	-9.055	-34.097	665.5
23.6	-9.026	-32.895	530.4
23.61	-8.998	-31.817	90.5
23.62	-8.973	-31.038	-81.3
23.63	-8.951	-30.906	-30.3
23.64	-8.934	-31.673	-85.5
23.65	-8.918	-33.105	-63.5
23.66	-8.900	-34.731	-94.0
23.67	-8.880	-36.131	-111.1
23.68	-8.864	-36.706	-15.8
23.69	-8.850	-35.727	-24.3
23.7	-8.836	-32.727	-58.2
23.71	-8.820	-25.913	42.9
23.72	-8.805	-9.298	13.4
23.73	-8.793	18.739	-72.1
23.74	-8.781	42.427	22.5
23.75	-8.768	50.500	91.4
23.76	-8.752	51.106	70.6
23.77	-8.735	51.139	112.4
23.78	-8.719	51.139	109.9
23.79	-8.704	51.139	171.8
23.8	-8.693	51.139	204.3
23.81	-8.680	51.128	109.3
23.82	-8.668	50.934	110.2
23.83	-8.657	47.431	178.7
23.84	-8.646	34.859	64.6
23.85	-8.633	15.311	-78.7
23.86	-8.619	-2.820	-27.9
23.87	-8.603	-15.988	-9.3
23.88	-8.584	-24.473	-109.0
23.89	-8.564	-29.272	-141.5
23.9	-8.547	-31.827	-101.2
23.91	-8.532	-33.450	-99.3
23.92	-8.514	-35.280	-110.1
23.93	-8.494	-38.622	-136.0
23.94	-8.472	-43.930	-151.6
23.95	-8.449	-48.822	-88.8
23.96	-8.424	-50.880	-120.1
23.97	-8.398	-51.134	-30.3
23.98	-8.370	-51.141	-84.5
23.99	-8.341	-51.141	-131.0
24.0	-8.311	-51.141	-83.9
24.01	-8.277	-51.130	-116.3
24.02	-8.243	-50.623	-64.4
24.03	-8.207	-46.286	-95.0
24.04	-8.171	-34.666	-87.4
24.05	-8.135	-19.050	-65.0
24.06	-8.097	-5.347	-28.3
24.07	-8.057	3.934	-76.3
24.08	-8.018	8.202	-81.1
24.09	-7.979	7.673	-92.0
24.1	-7.941	3.270	-191.4
24.11	-7.906	-3.814	-52.1
24.12	-7.873	-12.433	-40.3
24.13	-7.842	-21.344	-68.6
24.14	-7.813	-29.572	-15.1
24.15	-7.784	-36.628	-91.4
24.16	-7.756	-42.316	-88.2
24.17	-7.730	-46.722	-8.8
24.18	-7.704	-49.667	-22.7
24.19	-7.682	-50.914	27.7
24.2	-7.661	-51.133	83.4
24.21	-7.642	-51.141	-51.5
24.22	-7.627	-51.141	-137.6
24.23	-7.612	-51.130	-30.3
24.24	-7.593	-50.895	-35.2
24.25	-7.573	-49.961	-50.2
24.26	-7.556	-48.397	-128.2
24.27	-7.542	-46.839	-61.7
24.28	-7.529	-45.491	15.8
24.29	-7.516	-44.223	155.2
24.3	-7.501	-42.895	509.6
24.31	-7.487	-41.448	725.5
24.32	-7.475	-40.041	439.1
24.33	-7.464	-38.681	-42.1
24.34	-7.453	-37.386	-70.8
24.35	-7.442	-36.491	-117.8
24.36	-7.433	-36.169	-127.8
24.37	-7.419	-36.414	-71.0
24.38	-7.405	-37.200	-80.4
24.39	-7.396	-37.992	-35.8
24.4	-7.393	-37.572	-23.4
24.41	-7.384	-34.791	-70.4
24.42	-7.370	-28.234	-36.2
24.43	-7.356	-13.275	-28.3
24.44	-7.342	13.500	2.8
24.45	-7.329	39.227	62.3
24.46	-7.318	49.880	53.1
24.47	-7.308	51.106	35.6
24.48	-7.297	51.139	41.3
24.49	-7.287	51.139	106.6
24.5	-7.278	51.139	108.6
24.51	-7.270	51.139	199.2
24.52	-7.262	51.134	233.9
24.53	-7.255	51.098	117.0
24.54	-7.249	49.680	124.6
24.55	-7.244	41.513	48.0
24.56	-7.241	24.545	63.8
24.57	-7.238	5.788	12.2
24.58	-7.236	-8.945	-73.2
24.59	-7.232	-19.256	-88.2
24.6	-7.228	-25.969	-144.7
24.61	-7.225	-29.945	-14.6
24.62	-7.224	-32.039	-172.4
24.63	-7.225	-33.433	-171.1
24.64	-7.223	-35.712	-84.2
24.65	-7.218	-40.270	-108.9
24.66	-7.213	-46.175	-82.8
24.67	-7.206	-50.072	-126.3
24.68	-7.201	-51.089	-126.5
24.69	-7.195	-51.138	-82.7
24.7	-7.191	-51.141	-86.4
24.71	-7.189	-51.141	-115.5
24.72	-7.189	-51.141	-97.5
24.73	-7.188	-51.131	-58.4
24.74	-7.184	-50.894	-115.9
24.75	-7.178	-48.100	-105.6
24.76	-7.169	-39.320	-64.8
24.77	-7.158	-26.350	-127.4
24.78	-7.145	-14.422	-102.9
24.79	-7.130	-6.138	-131.4
24.8	-7.115	-2.000	-120.5
24.81	-7.099	-1.800	-97.8
24.82	-7.084	-5.045	-90.8
24.83	-7.069	-11.053	-136.8
24.84	-7.056	-18.745	-142.2
24.85	-7.044	-26.869	-116.2
24.86	-7.032	-34.461	-232.0
24.87	-7.021	-41.094	-128.7
24.88	-7.011	-46.509	-111.7
24.89	-7.003	-49.881	-176.3
24.9	-6.997	-51.017	-99.9
24.91	-6.992	-51.138	-117.9
24.92	-6.987	-51.141	-150.0
24.93	-6.983	-51.141	-141.2
24.94	-6.979	-51.141	-104.7
24.95	-6.975	-51.141	-122.7
24.96	-6.972	-51.141	-111.8
24.97	-6.970	-51.141	-43.0
24.98	-6.970	-51.139	-18.8
24.99	-6.973	-51.088	-67.3
25.0	-6.978	-50.597	-74.1
25.01	-6.985	-49.152	-22.4
25.02	-6.994	-46.936	-192.4
25.03	-7.006	-44.536	-219.9
25.04	-7.025	-42.259	-92.8
25.05	-7.053	-40.094	-103.1
25.06	-7.092	-37.938	-101.5
25.07	-7.139	-35.961	11.6
25.08	-7.191	-34.309	322.1
25.09	-7.241	-32.825	746.2
25.1	-7.290	-31.352	650.5
25.11	-7.336	-29.966	56.7
25.12	-7.380	-28.958	-123.8
25.13	-7.419	-28.622	-78.4
25.14	-7.456	-29.320	-117.8
25.15	-7.486	-31.452	-90.7
25.16	-7.511	-34.905	-71.6
25.17	-7.533	-38.763	-110.7
25.18	-7.556	-41.739	-60.7
25.19	-7.581	-42.753	-82.1
25.2	-7.610	-40.478	-116.7
25.21	-7.642	-31.077	14.4
25.22	-7.677	-7.523	18.8
25.23	-7.712	25.009	14.3
25.24	-7.745	45.984	43.9
25.25	-7.776	50.927	57.4
25.26	-7.804	51.127	70.1
25.27	-7.829	51.139	138.2
25.28	-7.854	51.139	223.0
25.29	-7.883	51.139	243.1
25.3	-7.911	51.139	133.5
25.31	-7.937	51.123	208.2
25.32	-7.965	50.788	213.4
25.33	-7.993	46.467	167.3
25.34	-8.022	32.752	95.5
25.35	-8.050	12.983	6.1
25.36	-8.077	-4.489	22.4
25.37	-8.100	-16.848	-25.6
25.38	-8.124	-24.680	-33.3
25.39	-8.146	-28.995	-38.7
25.4	-8.167	-31.161	-53.9
25.41	-8.185	-32.547	-79.6
25.42	-8.203	-34.264	-112.8
25.43	-8.219	-37.538	-63.0
25.44	-8.236	-42.981	-6.4
25.45	-8.255	-48.333	-63.5
25.46	-8.273	-50.786	-110.5
25.47	-8.288	-51.134	-59.3
25.48	-8.303	-51.139	-17.9
25.49	-8.320	-51.141	-17.2
25.5	-8.340	-51.141	-63.3
25.51	-8.359	-51.131	-20.6
25.52	-8.376	-50.928	-58.3
25.53	-8.391	-48.042	-99.5
25.54	-8.406	-38.256	-28.3
25.55	-8.420	-23.067	-51.1
25.56	-8.434	-8.570	9.4
25.57	-8.446	1.817	-42.5
25.58	-8.456	7.169	-91.7
25.59	-8.463	7.591	-49.7
25.6	-8.466	3.931	-106.7
25.61	-8.471	-2.928	43.3
25.62	-8.478	-11.953	-24.5
25.63	-8.484	-21.592	-94.0
25.64	-8.488	-30.481	11.6
25.65	-8.489	-37.995	-61.5
25.66	-8.488	-43.922	-66.7
25.67	-8.484	-48.183	-16.4
25.68	-8.481	-50.480	-17.6
25.69	-8.479	-51.102	10.1
25.7	-8.476	-51.139	11.3
25.71	-8.470	-51.141	24.7
25.72	-8.460	-51.141	47.8
25.73	-8.446	-51.139	-19.3
25.74	-8.426	-51.100	-63.7
25.75	-8.402	-50.625	-23.8
25.76	-8.376	-49.102	17.3
25.77	-8.348	-46.648	-94.6
25.78	-8.319	-43.836	-77.3
25.79	-8.293	-40.889	39.7
25.8	-8.272	-38.033	-2.8
25.81	-8.252	-35.563	143.2
25.82	-8.232	-33.602	545.2
25.83	-8.210	-32.144	758.6
25.84	-8.186	-31.047	310.6
25.85	-8.164	-30.230	-89.8
25.86	-8.144	-29.889	-83.1
25.87	-8.129	-30.198	-64.3
25.88	-8.115	-31.127	14.9
25.89	-8.096	-32.445	-50.1
25.9	-8.072	-33.991	-97.7
25.91	-8.048	-35.616	8.0
25.92	-8.028	-36.591	-18.4
25.93	-8.013	-36.009	-67.8
25.94	-7.999	-32.941	-43.3
25.95	-7.987	-23.963	18.6
25.96	-7.978	-2.248	10.0
25.97	-7.968	27.548	39.5
25.98	-7.956	46.558	28.6
25.99	-7.941	50.953	70.8
26.0	-7.924	51.128	126.8
26.01	-7.907	51.139	120.0
26.02	-7.893	51.139	125.8
26.03	-7.881	51.139	107.6
26.04	-7.871	51.139	176.8
26.05	-7.862	51.122	149.8
26.06	-7.854	50.759	89.7
26.07	-7.846	46.138	151.3
26.08	-7.839	31.550	101.4
26.09	-7.831	10.531	-64.1
26.1	-7.821	-8.298	-84.2
26.11	-7.806	-22.022	-93.5
26.12	-7.790	-31.041	-80.2
26.13	-7.776	-36.158	-104.1
26.14	-7.765	-38.517	-130.8
26.15	-7.753	-39.614	-65.0
26.16	-7.738	-41.119	-103.8
26.17	-7.723	-44.373	-134.2
26.18	-7.706	-48.413	-150.8
26.19	-7.687	-50.694	-125.6
26.2	-7.665	-51.127	-79.9
26.21	-7.641	-51.139	-65.0
26.22	-7.617	-51.141	-66.2
26.23	-7.594	-51.141	-109.8
26.24	-7.569	-51.141	-101.3
26.25	-7.543	-51.130	-57.0
26.26	-7.515	-50.597	-61.8
26.27	-7.484	-46.130	-68.8
26.28	-7.451	-34.300	-116.8
26.29	-7.416	-18.506	-123.3
26.3	-7.381	-4.664	-88.3
26.31	-7.347	4.734	-31.2
26.32	-7.312	8.908	-65.0
26.33	-7.276	7.756	-109.8
26.34	-7.241	2.034	-76.0
26.35	-7.209	-6.831	-60.8
26.36	-7.180	-17.056	-90.1
26.37	-7.154	-27.075	-54.0
26.38	-7.128	-36.006	-64.2
26.39	-7.103	-43.397	-108.5
26.4	-7.078	-48.477	-52.0
26.41	-7.054	-50.702	13.2
26.42	-7.032	-51.125	-10.7
26.43	-7.014	-51.139	7.0
26.44	-6.995	-51.141	-2.0
26.45	-6.979	-51.141	-57.2
26.46	-6.964	-51.141	-24.8
26.47	-6.952	-51.141	-113.1
26.48	-6.939	-51.139	-56.1
26.49	-6.928	-51.052	-29.3
26.5	-6.917	-50.416	-103.0
26.51	-6.907	-48.919	-1.7
26.52	-6.899	-47.084	-19.7
26.53	-6.894	-45.380	182.2
26.54	-6.891	-43.725	585.4
26.55	-6.884	-42.067	696.8
26.56	-6.878	-40.480	287.8
26.57	-6.873	-38.977	-78.8
26.58	-6.871	-37.744	-23.0
26.59	-6.872	-37.236	-68.5
26.6	-6.873	-37.745	-115.8
26.61	-6.871	-39.214	-19.3
26.62	-6.871	-41.111	-79.4
26.63	-6.874	-42.419	-122.3
26.64	-6.873	-42.000	-43.3
26.65	-6.867	-38.933	-22.0
26.66	-6.864	-31.528	26.1
26.67	-6.865	-14.525	-56.2
26.68	-6.866	14.438	-62.4
26.69	-6.865	40.377	79.8
26.7	-6.864	50.155	88.7
26.71	-6.864	51.098	25.1
26.72	-6.864	51.139	54.1
26.73	-6.866	51.139	150.7
26.74	-6.868	51.139	137.9
26.75	-6.873	51.139	125.8
26.76	-6.879	51.138	128.2
26.77	-6.884	51.122	107.5
26.78	-6.891	50.266	149.8
26.79	-6.899	43.655	159.5
26.8	-6.907	27.359	28.4
26.81	-6.916	7.156	-52.8
26.82	-6.924	-9.728	-75.5
26.83	-6.931	-21.941	-119.8
26.84	-6.938	-29.991	-99.4
26.85	-6.946	-34.502	-93.6
26.86	-6.954	-36.589	-152.3
26.87	-6.961	-37.911	-146.1
26.88	-6.964	-40.228	-121.5
26.89	-6.968	-44.522	-78.5
26.9	-6.971	-48.892	-104.7
26.91	-6.974	-50.866	-163.5
26.92	-6.977	-51.134	-168.2
26.93	-6.981	-51.141	-89.8
26.94	-6.988	-51.141	-85.7
26.95	-6.996	-51.141	-82.7
26.96	-7.005	-51.141	-97.7
26.97	-7.013	-51.136	-98.3
26.98	-7.020	-51.059	-60.8
26.99	-7.026	-49.323	-120.4
27.0	-7.029	-41.923	-108.5
27.01	-7.033	-28.688	-114.8
27.02	-7.037	-15.098	-98.0
27.03	-7.042	-5.089	-39.8
27.04	-7.048	0.348	-76.6
27.05	-7.054	1.055	-88.8
27.06	-7.061	-2.572	-100.7
27.07	-7.069	-9.575	-86.7
27.08	-7.079	-18.455	-99.0
27.09	-7.089	-27.725	-87.8
27.1	-7.097	-36.420	-89.9
27.11	-7.105	-43.833	-98.4
27.12	-7.112	-48.833	-19.3
27.13	-7.120	-50.833	-108.2
27.14	-7.128	-51.134	-95.6
27.15	-7.135	-51.139	-40.8
27.16	-7.143	-51.141	-72.1
27.17	-7.149	-51.141	-37.9
27.18	-7.156	-51.141	-46.1
27.19	-7.162	-51.141	-85.6
27.2	-7.168	-51.141	-89.1
27.21	-7.174	-51.141	20.2
27.22	-7.182	-51.141	31.5
27.23	-7.189	-51.130	-8.6
27.24	-7.199	-50.869	21.9
27.25	-7.208	-49.742	38.0
27.26	-7.218	-47.688	-81.4
27.27	-7.225	-45.314	-64.0
27.28	-7.231	-42.869	-79.6
27.29	-7.237	-40.359	-107.7
27.3	-7.246	-38.033	-42.4
27.31	-7.258	-35.820	-39.6
27.32	-7.273	-33.369	118.4
27.33	-7.288	-30.822	401.5
27.34	-7.302	-28.389	781.0
27.35	-7.318	-26.067	628.8
27.36	-7.338	-23.927	38.2
27.37	-7.361	-22.172	-90.2
27.38	-7.388	-20.855	-100.3
27.39	-7.414	-20.497	-79.2
27.4	-7.438	-21.264	-79.0
27.41	-7.458	-21.838	-70.8
27.42	-7.478	-21.906	25.2
27.43	-7.501	-21.680	-167.3
27.44	-7.521	-20.414	-50.3
27.45	-7.537	-15.956	46.7
27.46	-7.553	-3.342	-101.0
27.47	-7.568	19.872	18.4
27.48	-7.583	41.667	-18.7
27.49	-7.596	50.244	17.4
27.5	-7.609	51.102	37.5
27.51	-7.618	51.139	53.5
27.52	-7.625	51.139	108.8
27.53	-7.630	51.139	122.1
27.54	-7.635	51.139	171.1
27.55	-7.638	51.139	203.0
27.56	-7.639	51.130	166.4
27.57	-7.638	50.956	124.2
27.58	-7.637	47.639	76.8
27.59	-7.635	35.231	7.5
27.6	-7.634	15.092	77.0
27.61	-7.633	-4.109	-8.3
27.62	-7.629	-18.016	-111.2
27.63	-7.619	-27.384	-80.8
27.64	-7.607	-33.392	-30.6
27.65	-7.598	-36.239	-102.7
27.66	-7.586	-37.742	-174.8
27.67	-7.574	-39.859	-91.3
27.68	-7.564	-43.041	-94.6
27.69	-7.551	-47.238	-111.1
27.7	-7.536	-50.273	-108.7
27.71	-7.520	-51.098	-62.3
27.72	-7.505	-51.139	-52.3
27.73	-7.491	-51.141	-102.4
27.74	-7.482	-51.141	-74.6
27.75	-7.477	-51.139	-24.2
27.76	-7.473	-51.127	-121.8
27.77	-7.470	-50.589	-142.4
27.78	-7.473	-47.022	-29.2
27.79	-7.479	-38.683	-34.0
27.8	-7.489	-27.123	-32.5
27.81	-7.503	-15.339	-93.3
27.82	-7.519	-6.552	-69.7
27.83	-7.536	-2.070	-23.1
27.84	-7.557	-4.989	-89.9
27.85	-7.578	-15.167	-71.9
27.86	-7.598	-24.436	-63.5
27.87	-7.617	-31.173	-103.1
27.88	-7.633	-36.141	-148.1
27.89	-7.647	-39.470	-64.3
27.9	-7.660	-44.044	-42.6
27.91	-7.671	-48.472	-53.9
27.92	-7.683	-50.667	-36.8
27.93	-7.692	-51.122	-75.7
27.94	-7.702	-51.139	-74.3
27.95	-7.711	-51.141	-54.1
27.96	-7.722	-51.141	-113.2
27.97	-7.733	-51.141	-85.0
27.98	-7.744	-51.141	-66.4
27.99	-7.753	-51.141	-103.5
28.0	-7.763	-51.141	-5.5
28.01	-7.773	-51.141	-1.7
28.02	-7.785	-51.141	34.9
28.03	-7.796	-51.141	39.7
28.04	-7.805	-51.141	-68.2
28.05	-7.813	-51.141	-55.9
28.06	-7.817	-51.141	-81.1
28.07	-7.821	-51.141	-100.4
28.08	-7.824	-51.141	-74.2
28.09	-7.830	-51.128	-75.6
28.1	-7.838	-50.925	-10.6
28.11	-7.843	-50.481	70.5
28.12	-7.845	-49.869	323.0
28.13	-7.847	-47.725	773.3
28.14	-7.849	-42.336	680.4
28.15	-7.853	-34.897	141.6
28.16	-7.855	-28.281	-14.3
28.17	-7.858	-22.981	-20.2
28.18	-7.862	-18.878	-40.2
28.19	-7.865	-17.841	-27.2
28.2	-7.866	-24.120	-42.3
28.21	-7.864	-35.839	-28.2
28.22	-7.861	-37.400	-9.9
28.23	-7.855	-26.228	-7.7
28.24	-7.847	-17.188	14.2
28.25	-7.838	-12.192	74.2
28.26	-7.830	1.786	88.8
28.27	-7.826	26.802	119.7
28.28	-7.825	45.566	118.9
28.29	-7.828	50.845	192.0
28.3	-7.834	51.123	230.9
28.31	-7.840	51.139	222.3
28.32	-7.849	51.139	277.8
28.33	-7.860	51.139	285.4
28.34	-7.874	51.134	273.8
28.35	-7.888	51.102	287.1
28.36	-7.900	49.286	288.3
28.37	-7.913	37.436	280.6
28.38	-7.926	10.288	197.9
28.39	-7.939	-21.688	171.0
28.4	-7.951	-43.056	122.4
28.41	-7.959	-50.336	50.2
28.42	-7.966	-51.125	56.2
28.43	-7.971	-51.134	36.0
28.44	-7.976	-50.913	-14.7
28.45	-7.981	-48.623	-9.7
28.46	-7.986	-42.808	18.8
28.47	-7.989	-38.120	-6.0
28.48	-7.992	-39.994	-10.8
28.49	-7.992	-45.930	-6.4
28.5	-7.989	-50.042	-28.5
28.51	-7.982	-51.081	-15.3
28.52	-7.973	-51.138	2.0
28.53	-7.964	-51.141	-32.5
28.54	-7.954	-51.141	-46.6
28.55	-7.942	-51.141	-50.9
28.56	-7.928	-51.141	-86.8
28.57	-7.909	-51.131	-61.7
28.58	-7.883	-50.959	-86.6
28.59	-7.847	-47.930	-96.2
28.6	-7.804	-37.214	-86.9
28.61	-7.756	-21.252	-114.0
28.62	-7.709	-10.003	-107.3
28.63	-7.666	-10.009	-108.8
28.64	-7.627	-17.491	-125.6
28.65	-7.589	-25.480	-137.8
28.66	-7.554	-33.108	-152.3
28.67	-7.523	-40.859	-142.7
28.68	-7.497	-45.631	-151.8
28.69	-7.478	-45.727	-161.3
28.7	-7.466	-45.255	-163.3
28.71	-7.460	-46.722	-174.5
28.72	-7.459	-48.648	-160.2
28.73	-7.462	-50.153	-171.9
28.74	-7.468	-50.934	-178.6
28.75	-7.480	-51.116	-151.9
28.76	-7.496	-50.578	-165.3
28.77	-7.517	-46.959	-142.9
28.78	-7.541	-39.331	-121.8
28.79	-7.566	-31.306	-112.3
28.8	-7.593	-27.213	-57.3
28.81	-7.623	-30.152	-52.0
28.82	-7.653	-39.538	-132.3
28.83	-7.678	-48.061	-148.1
28.84	-7.697	-50.942	-154.3
28.85	-7.719	-51.128	-161.3
28.86	-7.742	-51.141	-153.6
28.87	-7.763	-51.141	-143.5
28.88	-7.784	-51.141	-74.6
28.89	-7.805	-51.141	4.0
28.9	-7.827	-51.141	283.4
28.91	-7.850	-51.141	738.7
28.92	-7.873	-51.141	632.7
28.93	-7.893	-51.141	53.9
28.94	-7.913	-51.141	-125.0
28.95	-7.931	-51.141	-66.5
28.96	-7.947	-51.141	-82.9
28.97	-7.962	-51.141	-87.3
28.98	-7.975	-51.141	-79.3
28.99	-7.986	-51.141	-46.4
29.0	-7.997	-51.141	-58.2
29.01	-8.007	-51.141	-25.7
29.02	-8.013	-51.134	23.2
29.03	-8.015	-51.000	-1.0
29.04	-8.014	-47.842	40.2
29.05	-8.013	-32.383	127.7
29.06	-8.013	0.586	134.1
29.07	-8.012	34.055	163.9
29.08	-8.009	49.038	172.9
29.09	-8.004	51.097	182.5
29.1	-7.996	51.134	285.9
29.11	-7.985	51.139	343.6
29.12	-7.974	51.139	328.1
29.13	-7.965	51.139	365.5
29.14	-7.955	51.139	315.5
29.15	-7.942	51.128	294.2
29.16	-7.926	50.917	303.9
29.17	-7.909	48.027	257.6
29.18	-7.893	38.783	204.5
29.19	-7.875	26.220	126.2
29.2	-7.856	16.156	121.1
29.21	-7.836	8.430	163.9
29.22	-7.817	2.589	105.8
29.23	-7.801	0.647	101.9
29.24	-7.785	4.120	142.1
29.25	-7.771	14.603	121.4
29.26	-7.756	30.791	122.4
29.27	-7.743	44.663	143.0
29.28	-7.731	49.286	124.1
29.29	-7.719	43.622	129.7
29.3	-7.709	34.802	134.2
29.31	-7.700	36.031	150.6
29.32	-7.692	45.098	129.4
29.33	-7.685	49.448	109.8
29.34	-7.677	41.866	144.0
29.35	-7.666	20.761	151.3
29.36	-7.652	2.677	125.1
29.37	-7.636	6.673	119.8
29.38	-7.617	26.933	153.3
29.39	-7.596	44.259	150.3
29.4	-7.572	50.495	123.3
29.41	-7.543	51.130	134.6
29.42	-7.509	51.138	158.1
29.43	-7.473	51.139	156.2
29.44	-7.434	51.139	139.5
29.45	-7.394	51.139	159.1
29.46	-7.354	51.139	183.5
29.47	-7.316	51.139	204.9
29.48	-7.277	51.139	199.9
29.49	-7.240	51.139	258.3
29.5	-7.204	51.139	281.0
29.51	-7.172	51.139	165.1
29.52	-7.143	51.139	138.3
29.53	-7.117	51.139	179.7
29.54	-7.092	51.139	157.4
29.55	-7.069	51.139	162.8
29.56	-7.049	51.139	124.2
29.57	-7.037	51.139	131.1
29.58	-7.034	51.139	253.3
29.59	-7.041	51.138	329.7
29.6	-7.058	51.113	638.9
29.61	-7.081	49.714	961.8
29.62	-7.106	37.123	570.5
29.63	-7.129	3.469	113.8
29.64	-7.152	-32.952	163.7
29.65	-7.176	-49.002	145.0
29.66	-7.197	-51.095	108.5
29.67	-7.206	-51.136	133.7
29.68	-7.202	-51.141	115.2
29.69	-7.193	-51.141	130.1
29.7	-7.189	-51.141	143.4
29.71	-7.189	-51.141	160.7
29.72	-7.188	-51.141	154.5
29.73	-7.184	-51.141	167.1
29.74	-7.181	-51.141	188.8
29.75	-7.178	-51.105	206.4
29.76	-7.173	-50.523	242.4
29.77	-7.168	-39.109	272.6
29.78	-7.164	-2.581	292.3
29.79	-7.163	36.261	330.5
29.8	-7.164	50.256	348.6
29.81	-7.171	51.095	354.8
29.82	-7.186	51.139	368.1
29.83	-7.209	51.136	362.2
29.84	-7.237	51.113	336.3
29.85	-7.267	49.997	303.3
29.86	-7.294	42.147	232.8
29.87	-7.320	24.625	186.9
29.88	-7.344	4.605	157.4
29.89	-7.364	-11.466	123.0
29.9	-7.378	-24.988	109.9
29.91	-7.379	-38.355	102.8
29.92	-7.373	-47.802	91.1
29.93	-7.364	-50.725	98.9
29.94	-7.357	-50.952	106.5
29.95	-7.350	-51.077	111.8
29.96	-7.346	-51.136	106.7
29.97	-7.344	-51.139	100.0
29.98	-7.347	-51.123	120.5
29.99	-7.352	-50.217	136.0
30.0	-7.362	-42.491	121.3
30.01	-7.374	-21.755	124.2
30.02	-7.390	6.128	138.5
30.03	-7.409	29.303	129.2
30.04	-7.431	38.584	141.3
30.05	-7.454	35.841	161.3
30.06	-7.479	31.014	134.1
30.07	-7.504	24.233	151.3
30.08	-7.528	15.928	142.8
30.09	-7.550	12.873	125.3
30.1	-7.567	16.014	142.4
30.11	-7.583	21.120	137.4
30.12	-7.595	24.111	100.2
30.13	-7.607	29.425	166.3
30.14	-7.621	40.461	153.4
30.15	-7.634	48.830	87.3
30.16	-7.647	51.009	150.1
30.17	-7.659	51.133	96.7
30.18	-7.673	51.139	115.3
30.19	-7.686	51.139	139.2
30.2	-7.702	51.139	66.2
30.21	-7.721	51.139	162.0
30.22	-7.745	51.139	165.0
30.23	-7.773	51.139	141.6
30.24	-7.806	51.139	247.8
30.25	-7.840	51.139	110.0
30.26	-7.877	51.114	21.1
30.27	-7.913	50.755	240.3
30.28	-7.949	47.441	139.1
30.29	-7.982	43.881	42.2
30.3	-8.016	46.416	129.0
30.31	-8.053	50.295	318.3
30.32	-8.096	51.078	352.7
30.33	-8.143	51.139	623.7
30.34	-8.193	51.139	NaN
30.35	-8.241	51.139	915.7
30.36	-8.282	51.139	453.7
30.37	-8.316	51.139	188.4
30.38	-8.344	51.139	253.5
30.39	-8.369	51.139	208.4
30.4	-8.390	51.106	152.9
30.41	-8.407	50.573	-1.2
30.42	-8.419	39.961	-71.9
30.43	-8.428	4.950	-100.1
30.44	-8.428	-34.194	-210.1
30.45	-8.420	-49.750	-231.4
30.46	-8.403	-51.089	-262.5
30.47	-8.379	-51.141	-267.2
30.48	-8.351	-51.141	-332.6
30.49	-8.318	-51.141	-193.3
30.5	-8.280	-51.141	-316.9
30.51	-8.238	-51.141	-313.1
30.52	-8.193	-51.141	-135.5
30.53	-8.145	-51.141	-158.4
30.54	-8.098	-51.141	-73.1
30.55	-8.054	-51.141	-75.0
30.56	-8.014	-51.141	-98.6
30.57	-7.981	-51.141	-66.2
30.58	-7.961	-51.141	-81.1
30.59	-7.956	-51.136	-114.7
30.6	-7.959	-51.059	-148.5
30.61	-7.964	-50.391	-221.0
30.62	-7.964	-49.688	-279.7
30.63	-7.959	-50.205	-247.5
30.64	-7.951	-50.975	-193.1
30.65	-7.942	-51.127	-244.1
30.66	-7.937	-51.141	-501.2
30.67	-7.937	-51.141	-489.0
30.68	-7.942	-51.120	-403.2
30.69	-7.953	-50.630	-290.5
30.7	-7.968	-46.461	-274.9
30.71	-7.982	-39.703	-398.7
30.72	-7.989	-40.594	-378.5
30.73	-7.986	-47.616	-330.5
30.74	-7.973	-50.897	-432.6
30.75	-7.955	-51.127	-432.1
30.76	-7.931	-51.141	-259.3
30.77	-7.901	-51.141	-415.5
30.78	-7.864	-51.141	-471.6
30.79	-7.821	-51.141	-379.4
30.8	-7.772	-51.141	-360.8
30.81	-7.719	-51.141	-273.1
30.82	-7.666	-51.141	-327.4
30.83	-7.613	-51.141	-332.6
30.84	-7.566	-51.141	-314.0
30.85	-7.524	-51.141	-363.0
30.86	-7.492	-51.141	-281.7
30.87	-7.467	-51.141	-373.7
30.88	-7.449	-51.141	-355.1
30.89	-7.439	-51.141	-310.2
30.9	-7.436	-51.141	-394.5
30.91	-7.437	-51.141	-318.2
30.92	-7.439	-51.141	-373.1
30.93	-7.440	-51.141	-394.5
30.94	-7.441	-51.141	-354.8
30.95	-7.440	-51.141	-286.3
30.96	-7.439	-51.141	-198.8
30.97	-7.437	-51.141	-219.1
30.98	-7.436	-51.141	-354.0
30.99	-7.433	-51.141	-398.3
31.0	-7.426	-51.141	-288.2
31.01	-7.413	-51.139	-256.1
31.02	-7.394	-51.123	-237.1
31.03	-7.370	-50.936	-225.2
31.04	-7.344	-50.691	-154.7
31.05	-7.321	-50.806	4.0
31.06	-7.301	-51.034	101.7
31.07	-7.284	-50.541	287.6
31.08	-7.271	-48.706	784.4
31.09	-7.256	-46.497	214.2
31.1	-7.241	-46.416	-220.4
31.11	-7.231	-48.664	46.4
31.12	-7.221	-49.175	-267.4
31.13	-7.209	-45.709	-195.1
31.14	-7.188	-38.550	-244.0
31.15	-7.157	-28.513	-287.0
31.16	-7.117	-24.419	-177.1
31.17	-7.074	-31.783	-116.1
31.18	-7.027	-42.413	-189.1
31.19	-6.977	-48.848	-321.6
31.2	-6.927	-50.733	-135.8
31.21	-6.879	-48.477	-168.3
31.22	-6.834	-38.720	-124.9
31.23	-6.794	-18.506	-189.4
31.24	-6.758	9.908	-256.1
31.25	-6.726	36.022	0.9
31.26	-6.697	48.748	-89.0
31.27	-6.671	51.063	-125.1
31.28	-6.645	51.133	-11.0
31.29	-6.621	51.139	-34.8
31.3	-6.595	51.139	-126.7
31.31	-6.565	51.139	-58.2
31.32	-6.530	51.138	-178.5
31.33	-6.489	51.113	-186.8
31.34	-6.441	49.892	-67.2
31.35	-6.388	39.950	-222.1
31.36	-6.330	14.880	-177.4
31.37	-6.269	-16.580	-275.2
31.38	-6.204	-39.872	-404.3
31.39	-6.136	-49.564	-171.3
31.4	-6.071	-51.100	-373.3
31.41	-6.010	-51.136	-340.6
31.42	-5.953	-51.141	-211.6
31.43	-5.901	-51.141	-350.9
31.44	-5.853	-51.141	-341.8
31.45	-5.814	-51.141	-305.5
31.46	-5.787	-51.141	-212.4
31.47	-5.769	-51.141	-326.0
31.48	-5.761	-51.141	-361.6
31.49	-5.759	-51.141	-332.1
31.5	-5.764	-51.141	-444.2
31.51	-5.771	-51.141	-365.3
31.52	-5.777	-51.139	-358.8
31.53	-5.781	-51.094	-439.4
31.54	-5.778	-50.155	-329.7
31.55	-5.772	-46.381	-506.0
31.56	-5.764	-39.555	-388.4
31.57	-5.756	-31.561	-378.4
31.58	-5.747	-24.091	-523.6
31.59	-5.737	-18.706	-249.9
31.6	-5.724	-17.195	-568.7
31.61	-5.706	-20.592	-563.9
31.62	-5.683	-26.523	-533.1
31.63	-5.658	-31.256	-561.8
31.64	-5.632	-34.036	-490.4
31.65	-5.605	-35.466	-506.7
31.66	-5.579	-36.602	-537.0
31.67	-5.555	-38.097	-515.2
31.68	-5.536	-36.863	-413.0
31.69	-5.521	-31.900	-651.3
31.7	-5.508	-28.747	-573.3
31.71	-5.494	-31.231	-616.8
31.72	-5.483	-37.380	-703.0
31.73	-5.475	-42.614	-546.5
31.74	-5.469	-44.292	-610.8
31.75	-5.465	-42.798	-617.4
31.76	-5.464	-39.227	-297.2
31.77	-5.462	-36.186	150.1
31.78	-5.458	-35.561	158.8
31.79	-5.451	-35.509	-318.5
31.8	-5.442	-34.255	-609.9
31.81	-5.436	-32.645	-582.1
31.82	-5.432	-31.505	-578.6
31.83	-5.430	-30.072	-372.1
31.84	-5.426	-27.870	-468.5
31.85	-5.416	-25.997	-588.0
31.86	-5.403	-25.661	-402.7
31.87	-5.391	-26.911	-506.8
31.88	-5.378	-28.284	-477.5
31.89	-5.365	-28.041	-413.1
31.9	-5.351	-25.855	-471.5
31.91	-5.339	-21.016	-285.4
31.92	-5.330	-11.313	-326.5
31.93	-5.327	4.697	-335.1
31.94	-5.329	25.236	-207.3
31.95	-5.333	42.547	-301.4
31.96	-5.336	50.028	-227.5
31.97	-5.339	51.120	-196.7
31.98	-5.342	51.136	-195.8
31.99	-5.347	51.139	-212.1
32.0	-5.355	51.139	-194.3
32.01	-5.364	51.139	-74.8
32.02	-5.374	51.131	-236.3
32.03	-5.384	50.977	-277.8
32.04	-5.393	47.259	-235.4
32.05	-5.400	30.903	-409.0
32.06	-5.407	1.781	-400.2
32.07	-5.411	-26.272	-244.7
32.08	-5.416	-43.441	-375.8
32.09	-5.421	-49.988	-391.7
32.1	-5.429	-51.105	-192.3
32.11	-5.437	-51.139	-369.4
32.12	-5.444	-51.141	-422.6
32.13	-5.449	-51.141	-142.2
32.14	-5.454	-51.141	-268.9
32.15	-5.461	-51.141	-224.1
32.16	-5.467	-51.141	-147.4
32.17	-5.474	-51.139	-312.4
32.18	-5.480	-51.120	-293.8
32.19	-5.487	-50.661	-294.8
32.2	-5.495	-48.589	-200.9
32.21	-5.503	-44.461	-194.8
32.22	-5.513	-39.545	-225.8
32.23	-5.524	-35.609	-199.4
32.24	-5.536	-33.800	-146.2
32.25	-5.549	-35.023	-127.8
32.26	-5.563	-39.066	-202.6
32.27	-5.575	-41.125	-197.8
32.28	-5.586	-37.109	-193.8
32.29	-5.596	-30.525	-156.8
32.3	-5.603	-25.795	-218.2
32.31	-5.610	-22.691	-83.3
32.32	-5.616	-19.628	-62.0
32.33	-5.623	-16.292	-170.8
32.34	-5.631	-14.061	83.9
32.35	-5.638	-14.334	-60.9
32.36	-5.648	-16.600	-177.9
32.37	-5.659	-19.333	-47.3
32.38	-5.672	-21.169	-170.9
32.39	-5.689	-22.492	-212.4
32.4	-5.708	-27.178	-54.0
32.41	-5.729	-34.756	-93.9
32.42	-5.750	-38.931	-6.9
32.43	-5.773	-37.783	169.6
32.44	-5.798	-34.425	549.8
