Interval=	0.01 s
ExcelDateTime=	3.9777472762645877e+004	25/11/2008 11:20:46.692604
TimeFormat=	StartOfBlock
ChannelTitle=	Channel 1	Channel 2	Channel 3
Range=	20.000 mV	50.000 mV	1000.0 µV
0.0	-7.734	-51.141	-133.8
0.01	-7.696	-51.141	-113.8
0.02	-7.659	-51.141	-125.9
0.03	-7.623	-51.136	-94.3
0.04	-7.588	-50.908	-93.3
0.05	-7.551	-48.842	-95.6
0.06	-7.514	-43.197	-27.4
0.07	-7.479	-35.655	-140.5
0.08	-7.446	-29.325	-155.2
0.09	-7.415	-25.492	-75.5
0.1	-7.384	-23.873	-61.6
0.11	-7.354	-23.719	-83.5
0.12	-7.326	-24.988	-164.5
0.13	-7.298	-27.806	-57.8
0.14	-7.270	-31.602	27.7
0.15	-7.242	-35.383	-108.3
0.16	-7.215	-38.559	-156.5
0.17	-7.188	-41.467	-92.4
0.18	-7.161	-44.400	-60.3
0.19	-7.137	-46.744	-8.4
0.2	-7.114	-47.900	-76.2
0.21	-7.093	-47.972	-93.9
0.22	-7.073	-47.358	54.3
0.23	-7.054	-46.377	49.2
0.24	-7.036	-44.964	-82.5
0.25	-7.018	-42.836	-64.4
0.26	-7.001	-40.211	-63.8
0.27	-6.984	-37.489	-125.2
0.28	-6.969	-34.855	-116.7
0.29	-6.955	-32.833	-99.7
0.3	-6.942	-31.656	10.1
0.31	-6.929	-30.713	41.2
0.32	-6.917	-29.813	116.8
0.33	-6.905	-29.281	575.7
0.34	-6.894	-28.839	733.5
0.35	-6.886	-28.048	98.2
0.36	-6.879	-27.192	-135.8
0.37	-6.871	-26.666	-37.9
0.38	-6.864	-26.253	-120.0
0.39	-6.857	-25.752	-73.6
0.4	-6.849	-25.619	-152.9
0.41	-6.840	-26.019	-54.9
0.42	-6.831	-26.013	-27.3
0.43	-6.821	-24.634	-124.5
0.44	-6.811	-22.044	-39.8
0.45	-6.802	-18.613	-84.6
0.46	-6.792	-12.558	-17.7
0.47	-6.782	0.973	22.6
0.48	-6.772	23.267	-29.1
0.49	-6.763	42.864	21.9
0.5	-6.755	50.339	42.3
0.51	-6.749	51.113	155.6
0.52	-6.744	51.139	155.8
0.53	-6.741	51.139	45.5
0.54	-6.736	51.139	106.9
0.55	-6.731	51.139	201.7
0.56	-6.727	51.139	159.4
0.57	-6.724	51.133	92.1
0.58	-6.722	51.089	119.1
0.59	-6.721	49.369	47.5
0.6	-6.721	39.573	-48.2
0.61	-6.721	19.563	-121.8
0.62	-6.721	-1.634	-110.4
0.63	-6.721	-16.730	-56.5
0.64	-6.721	-25.767	-165.5
0.65	-6.723	-30.908	-96.4
0.66	-6.726	-34.341	-116.4
0.67	-6.728	-37.639	-151.4
0.68	-6.727	-41.913	-88.9
0.69	-6.726	-46.866	-176.6
0.7	-6.724	-50.183	-142.2
0.71	-6.723	-51.092	-39.2
0.72	-6.723	-51.138	-147.7
0.73	-6.724	-51.141	-146.8
0.74	-6.726	-51.141	8.4
0.75	-6.731	-51.141	-120.2
0.76	-6.736	-51.141	-131.2
0.77	-6.741	-51.139	-51.5
0.78	-6.745	-51.105	-111.8
0.79	-6.747	-50.333	-96.4
0.8	-6.748	-47.128	-84.8
0.81	-6.748	-41.866	-126.9
0.82	-6.748	-37.183	-66.8
0.83	-6.749	-34.211	-76.9
0.84	-6.751	-32.405	-60.0
0.85	-6.753	-31.420	-107.6
0.86	-6.757	-31.580	-102.8
0.87	-6.761	-32.997	-73.3
0.88	-6.764	-35.405	-134.6
0.89	-6.768	-38.542	-63.7
0.9	-6.773	-41.827	-31.8
0.91	-6.777	-44.398	-109.2
0.92	-6.781	-45.825	-84.3
0.93	-6.786	-46.278	-32.9
0.94	-6.789	-46.141	-102.9
0.95	-6.792	-45.919	-65.2
0.96	-6.795	-45.789	-83.2
0.97	-6.799	-45.320	-77.5
0.98	-6.804	-44.136	-49.5
0.99	-6.810	-42.377	-14.9
1.0	-6.817	-40.466	15.2
1.01	-6.827	-38.883	-19.3
1.02	-6.838	-37.972	7.9
1.03	-6.850	-37.402	-5.3
1.04	-6.866	-36.445	-28.1
1.05	-6.883	-34.994	-95.0
1.06	-6.901	-33.345	-39.6
1.07	-6.919	-31.611	4.9
1.08	-6.939	-30.020	-143.5
1.09	-6.963	-28.822	-70.2
1.1	-6.991	-27.858	10.0
1.11	-7.024	-26.856	44.3
1.12	-7.059	-25.734	320.3
1.13	-7.098	-24.677	790.8
1.14	-7.139	-23.913	674.5
1.15	-7.188	-23.517	18.0
1.16	-7.246	-23.481	-95.7
1.17	-7.309	-23.598	-51.6
1.18	-7.376	-23.788	-83.1
1.19	-7.439	-24.192	-91.2
1.2	-7.497	-24.809	-71.8
1.21	-7.553	-25.375	-47.0
1.22	-7.608	-25.514	-66.7
1.23	-7.664	-25.064	-95.6
1.24	-7.716	-23.920	-35.6
1.25	-7.768	-20.873	29.4
1.26	-7.818	-12.327	-5.9
1.27	-7.868	6.234	-24.5
1.28	-7.917	30.631	49.1
1.29	-7.967	46.747	54.7
1.3	-8.014	50.928	67.7
1.31	-8.060	51.127	129.7
1.32	-8.106	51.139	123.5
1.33	-8.153	51.139	181.3
1.34	-8.201	51.139	165.2
1.35	-8.248	51.139	127.7
1.36	-8.295	51.139	142.0
1.37	-8.343	51.130	136.3
1.38	-8.391	50.966	86.0
1.39	-8.441	47.655	35.2
1.4	-8.491	34.931	-10.5
1.41	-8.543	14.625	-102.7
1.42	-8.593	-3.473	-128.7
1.43	-8.641	-15.155	-78.4
1.44	-8.688	-21.664	-115.8
1.45	-8.732	-24.934	-145.8
1.46	-8.775	-27.138	-54.5
1.47	-8.816	-30.417	-137.8
1.48	-8.857	-36.261	-120.5
1.49	-8.899	-43.823	-80.0
1.5	-8.939	-49.297	-195.5
1.51	-8.980	-51.013	-79.3
1.52	-9.021	-51.134	-56.2
1.53	-9.062	-51.141	-90.6
1.54	-9.103	-51.141	-126.3
1.55	-9.146	-51.141	-65.9
1.56	-9.190	-51.138	-72.8
1.57	-9.236	-51.069	-132.7
1.58	-9.279	-49.858	-49.5
1.59	-9.321	-45.573	-101.3
1.6	-9.359	-38.938	-55.8
1.61	-9.396	-32.825	-50.8
1.62	-9.431	-28.833	-127.3
1.63	-9.464	-27.323	-58.1
1.64	-9.499	-27.517	-41.9
1.65	-9.533	-28.452	-168.5
1.66	-9.566	-30.430	-84.3
1.67	-9.598	-33.636	-23.5
1.68	-9.629	-37.087	-60.2
1.69	-9.658	-39.919	-54.2
1.7	-9.687	-42.169	-117.2
1.71	-9.716	-43.934	-35.6
1.72	-9.744	-44.981	-70.1
1.73	-9.775	-45.311	-168.3
1.74	-9.807	-44.905	6.3
1.75	-9.838	-43.786	-14.6
1.76	-9.864	-42.355	-52.8
1.77	-9.887	-40.850	-16.6
1.78	-9.909	-39.439	-62.5
1.79	-9.931	-38.255	80.8
1.8	-9.954	-36.977	29.2
1.81	-9.975	-35.584	-90.5
1.82	-9.995	-34.438	-10.4
1.83	-10.015	-33.491	-99.8
1.84	-10.033	-32.494	-68.9
1.85	-10.047	-31.281	-31.3
1.86	-10.058	-29.592	-71.7
1.87	-10.067	-27.419	24.4
1.88	-10.073	-25.383	22.7
1.89	-10.074	-23.906	274.9
1.9	-10.066	-22.855	624.9
1.91	-10.051	-21.922	489.3
1.92	-10.027	-21.000	26.3
1.93	-9.996	-20.111	-49.2
1.94	-9.961	-19.042	7.7
1.95	-9.926	-17.936	-69.7
1.96	-9.887	-17.553	-96.9
1.97	-9.838	-18.136	-49.7
1.98	-9.782	-19.002	-12.5
1.99	-9.728	-19.397	-92.8
2.0	-9.683	-18.955	-60.0
2.01	-9.641	-17.655	-80.7
2.02	-9.598	-15.447	-17.2
2.03	-9.553	-10.689	47.7
2.04	-9.508	0.950	2.4
2.05	-9.464	21.653	63.4
2.06	-9.423	41.547	0.1
2.07	-9.382	50.044	45.4
2.08	-9.340	51.114	103.3
2.09	-9.299	51.138	82.7
2.1	-9.261	51.139	186.1
2.11	-9.226	51.139	183.2
2.12	-9.196	51.139	159.3
2.13	-9.167	51.139	103.3
2.14	-9.137	51.136	101.0
2.15	-9.107	51.119	56.5
2.16	-9.077	50.109	-2.8
2.17	-9.047	42.558	2.2
2.18	-9.018	24.722	-76.7
2.19	-8.988	4.072	-79.5
2.2	-8.959	-11.275	-129.8
2.21	-8.935	-20.722	-134.9
2.22	-8.913	-26.189	-101.8
2.23	-8.891	-29.789	-148.8
2.24	-8.867	-33.477	-119.9
2.25	-8.844	-38.875	-113.6
2.26	-8.820	-45.442	-132.0
2.27	-8.796	-49.859	-68.2
2.28	-8.769	-51.075	-111.2
2.29	-8.741	-51.138	-85.3
2.3	-8.713	-51.141	-68.9
2.31	-8.685	-51.141	-202.7
2.32	-8.656	-51.141	-84.6
2.33	-8.627	-51.139	-74.8
2.34	-8.595	-51.123	-79.1
2.35	-8.561	-50.555	-18.0
2.36	-8.526	-47.350	-79.3
2.37	-8.490	-40.808	-90.0
2.38	-8.454	-33.800	-161.4
2.39	-8.418	-28.789	-92.8
2.4	-8.383	-26.113	-41.3
2.41	-8.349	-25.866	-88.5
2.42	-8.317	-27.992	-92.0
2.43	-8.284	-31.692	-69.8
2.44	-8.250	-35.883	-71.0
2.45	-8.217	-39.673	-82.4
2.46	-8.183	-42.791	-88.5
2.47	-8.148	-45.450	-75.9
2.48	-8.113	-47.594	-58.6
2.49	-8.080	-49.050	-35.6
2.5	-8.047	-49.677	43.9
2.51	-8.015	-49.386	-18.4
2.52	-7.982	-48.636	-61.2
2.53	-7.948	-47.773	-25.7
2.54	-7.914	-46.309	-60.0
2.55	-7.879	-43.870	-146.3
2.56	-7.842	-41.088	-105.2
2.57	-7.804	-38.877	-35.1
2.58	-7.768	-37.284	-45.9
2.59	-7.731	-35.808	-29.2
2.6	-7.696	-34.305	36.6
2.61	-7.660	-32.934	425.3
2.62	-7.624	-31.784	715.9
2.63	-7.589	-30.806	420.2
2.64	-7.556	-29.902	-51.1
2.65	-7.524	-28.969	-109.5
2.66	-7.494	-28.123	-111.5
2.67	-7.466	-27.544	-73.2
2.68	-7.437	-27.014	-32.9
2.69	-7.405	-26.427	-139.8
2.7	-7.373	-25.891	-47.9
2.71	-7.343	-25.063	-44.5
2.72	-7.313	-23.702	-91.3
2.73	-7.283	-21.920	-14.5
2.74	-7.252	-18.492	-38.6
2.75	-7.221	-9.789	-74.7
2.76	-7.191	8.303	34.0
2.77	-7.162	31.686	68.0
2.78	-7.134	47.013	36.0
2.79	-7.108	50.944	72.9
2.8	-7.084	51.128	109.6
2.81	-7.060	51.139	122.9
2.82	-7.038	51.139	135.6
2.83	-7.016	51.139	149.0
2.84	-6.994	51.139	182.4
2.85	-6.974	51.139	110.0
2.86	-6.954	51.136	120.9
2.87	-6.936	51.114	41.3
2.88	-6.919	49.903	-7.2
2.89	-6.904	42.308	-61.8
2.9	-6.889	26.102	-118.6
2.91	-6.873	8.341	-76.1
2.92	-6.859	-5.103	-132.6
2.93	-6.846	-14.441	-150.6
2.94	-6.837	-21.114	-142.3
2.95	-6.828	-26.442	-133.4
2.96	-6.818	-32.092	-109.4
2.97	-6.808	-39.573	-110.2
2.98	-6.799	-46.941	-96.2
2.99	-6.791	-50.553	-74.8
3.0	-6.784	-51.130	-168.4
3.01	-6.778	-51.139	-184.6
3.02	-6.772	-51.141	-90.3
3.03	-6.767	-51.141	-4.2
3.04	-6.763	-51.141	-134.2
3.05	-6.759	-51.141	-102.7
3.06	-6.756	-51.139	-54.3
3.07	-6.753	-51.136	-118.3
3.08	-6.749	-50.811	-42.1
3.09	-6.745	-48.517	-148.7
3.1	-6.739	-43.284	-104.1
3.11	-6.734	-37.516	-26.7
3.12	-6.729	-33.973	-153.3
3.13	-6.726	-33.264	-47.9
3.14	-6.723	-34.556	-24.2
3.15	-6.721	-36.659	-107.8
3.16	-6.719	-39.114	-88.8
3.17	-6.718	-41.720	-68.0
3.18	-6.717	-44.116	-80.8
3.19	-6.718	-46.264	-145.7
3.2	-6.719	-48.127	-68.5
3.21	-6.720	-49.366	-8.2
3.22	-6.719	-49.939	-119.7
3.23	-6.718	-50.083	-95.2
3.24	-6.718	-49.908	-29.7
3.25	-6.716	-49.311	-110.0
3.26	-6.716	-48.095	-87.5
3.27	-6.714	-46.361	-32.7
3.28	-6.714	-44.628	-109.6
3.29	-6.714	-43.255	-25.1
3.3	-6.714	-42.141	-65.6
3.31	-6.716	-41.222	-75.7
3.32	-6.716	-40.548	-9.4
3.33	-6.718	-39.731	-27.0
3.34	-6.720	-37.977	46.7
3.35	-6.722	-35.464	-25.5
3.36	-6.724	-33.447	-31.4
3.37	-6.724	-32.442	-14.8
3.38	-6.724	-31.959	-61.6
3.39	-6.723	-31.470	-76.1
3.4	-6.723	-30.808	-147.9
3.41	-6.725	-30.156	-37.3
3.42	-6.729	-29.472	39.7
3.43	-6.733	-28.522	-57.2
3.44	-6.736	-27.544	403.9
3.45	-6.736	-26.739	811.2
3.46	-6.736	-26.111	632.5
3.47	-6.739	-25.847	56.8
3.48	-6.745	-25.747	-164.0
3.49	-6.754	-25.398	-45.2
3.5	-6.764	-25.009	-119.8
3.51	-6.770	-24.988	-72.3
3.52	-6.767	-25.413	-51.7
3.53	-6.761	-25.995	-95.5
3.54	-6.755	-26.208	-72.2
3.55	-6.750	-25.773	-118.7
3.56	-6.746	-24.292	-80.0
3.57	-6.744	-19.975	44.7
3.58	-6.746	-8.784	-17.3
3.59	-6.746	12.688	-18.8
3.6	-6.747	36.427	11.9
3.61	-6.749	48.856	62.5
3.62	-6.751	51.077	80.8
3.63	-6.754	51.131	48.3
3.64	-6.758	51.139	135.1
3.65	-6.763	51.139	134.5
3.66	-6.768	51.139	156.8
3.67	-6.774	51.139	171.2
3.68	-6.781	51.139	117.6
3.69	-6.790	51.134	166.9
3.7	-6.799	51.086	56.9
3.71	-6.810	49.538	-62.2
3.72	-6.820	41.281	-66.3
3.73	-6.831	25.094	-57.7
3.74	-6.841	8.364	-149.0
3.75	-6.853	-3.917	-149.3
3.76	-6.869	-12.469	-114.7
3.77	-6.891	-19.072	-206.1
3.78	-6.921	-25.063	-159.5
3.79	-6.955	-30.886	-136.0
3.8	-6.993	-37.416	-147.4
3.81	-7.037	-44.677	-168.0
3.82	-7.086	-49.641	-166.5
3.83	-7.141	-51.059	-117.5
3.84	-7.201	-51.136	-114.9
3.85	-7.264	-51.141	-184.2
3.86	-7.331	-51.141	-151.8
3.87	-7.403	-51.141	-84.2
3.88	-7.478	-51.141	-115.2
3.89	-7.552	-51.141	-95.3
3.9	-7.623	-51.136	-112.9
3.91	-7.688	-50.859	-125.7
3.92	-7.746	-48.938	-81.9
3.93	-7.800	-44.713	-154.5
3.94	-7.853	-40.208	-67.2
3.95	-7.904	-37.306	-28.5
3.96	-7.958	-36.266	-123.7
3.97	-8.009	-36.925	-112.9
3.98	-8.059	-38.659	-50.7
3.99	-8.109	-40.188	-112.0
4.0	-8.161	-39.944	-100.8
4.01	-8.213	-37.905	-48.5
4.02	-8.264	-36.442	-55.9
4.03	-8.313	-37.178	-24.5
4.04	-8.361	-39.392	-134.0
4.05	-8.406	-41.981	-81.7
4.06	-8.451	-44.198	-54.1
4.07	-8.494	-45.558	-33.5
4.08	-8.537	-46.281	-48.1
4.09	-8.580	-46.838	-67.7
4.1	-8.622	-46.967	-47.8
4.11	-8.664	-46.438	-57.2
4.12	-8.708	-45.575	-2.9
4.13	-8.753	-44.509	65.2
4.14	-8.799	-43.255	71.2
4.15	-8.844	-41.963	-24.6
4.16	-8.886	-40.828	-62.6
4.17	-8.922	-40.069	-99.4
4.18	-8.956	-39.503	-50.5
4.19	-8.988	-38.384	-37.4
4.2	-9.019	-36.450	-59.4
4.21	-9.051	-34.355	-37.2
4.22	-9.085	-32.672	14.4
4.23	-9.119	-31.511	97.5
4.24	-9.152	-30.513	395.2
4.25	-9.185	-29.234	732.3
4.26	-9.219	-27.725	417.9
4.27	-9.252	-26.420	-59.7
4.28	-9.287	-25.823	-65.7
4.29	-9.326	-26.077	-68.7
4.3	-9.370	-26.589	-60.2
4.31	-9.412	-26.517	-41.8
4.32	-9.451	-26.056	-87.6
4.33	-9.487	-25.992	-35.4
4.34	-9.526	-26.236	-25.3
4.35	-9.567	-26.061	-75.8
4.36	-9.608	-24.966	-69.0
4.37	-9.646	-22.203	9.3
4.38	-9.679	-15.347	71.5
4.39	-9.709	-0.180	52.5
4.4	-9.739	23.309	-1.9
4.41	-9.770	43.123	78.9
4.42	-9.800	50.403	113.4
4.43	-9.827	51.113	76.3
4.44	-9.854	51.139	153.2
4.45	-9.881	51.139	199.2
4.46	-9.906	51.139	193.1
4.47	-9.931	51.139	173.5
4.48	-9.954	51.139	92.2
4.49	-9.976	51.138	113.3
4.5	-9.997	51.120	100.1
4.51	-10.018	50.256	27.7
4.52	-10.038	43.553	2.6
4.53	-10.059	27.298	-116.1
4.54	-10.079	8.106	-107.3
4.55	-10.098	-6.383	-92.8
4.56	-10.115	-15.570	-150.2
4.57	-10.129	-21.242	-96.6
4.58	-10.138	-25.103	-60.7
4.59	-10.139	-29.327	-127.2
4.6	-10.138	-36.033	-131.6
4.61	-10.134	-44.117	-118.6
4.62	-10.126	-49.505	-82.8
4.63	-10.109	-51.047	-94.5
4.64	-10.087	-51.136	-68.8
4.65	-10.061	-51.141	-94.2
4.66	-10.031	-51.141	-127.0
4.67	-9.996	-51.139	-68.9
4.68	-9.961	-51.133	-105.4
4.69	-9.926	-50.709	-66.6
4.7	-9.892	-47.766	-52.3
4.71	-9.856	-41.105	-86.7
4.72	-9.816	-33.145	-79.5
4.73	-9.773	-26.292	-64.2
4.74	-9.727	-21.525	-66.2
4.75	-9.679	-19.367	-72.7
4.76	-9.629	-19.677	-103.2
4.77	-9.580	-22.341	-90.0
4.78	-9.531	-27.034	-107.8
4.79	-9.482	-32.825	-11.0
4.8	-9.433	-38.522	-24.5
4.81	-9.388	-43.422	-155.5
4.82	-9.345	-47.372	15.2
4.83	-9.305	-49.927	-1.1
4.84	-9.266	-50.941	-96.0
4.85	-9.227	-51.133	55.6
4.86	-9.186	-51.139	6.4
4.87	-9.143	-51.130	-72.2
4.88	-9.097	-51.011	-88.3
4.89	-9.049	-50.648	-125.7
4.9	-9.000	-49.948	-16.6
4.91	-8.952	-48.902	-38.7
4.92	-8.906	-47.828	-132.9
4.93	-8.863	-47.183	-66.2
4.94	-8.819	-47.031	79.8
4.95	-8.773	-47.269	283.9
4.96	-8.724	-48.030	610.4
4.97	-8.675	-49.336	508.8
4.98	-8.629	-50.552	-16.8
4.99	-8.588	-51.073	-105.2
5.0	-8.551	-51.139	-54.4
5.01	-8.519	-51.141	-56.9
5.02	-8.488	-51.141	-77.2
5.03	-8.455	-51.141	-136.3
5.04	-8.419	-51.141	-93.4
5.05	-8.386	-51.141	-98.1
5.06	-8.353	-51.141	-16.1
5.07	-8.317	-51.138	-12.3
5.08	-8.277	-51.041	-97.6
5.09	-8.236	-48.675	-29.0
5.1	-8.195	-37.064	64.9
5.11	-8.156	-10.531	-9.4
5.12	-8.117	22.916	41.2
5.13	-8.079	44.842	38.4
5.14	-8.043	50.811	56.1
5.15	-8.010	51.122	202.6
5.16	-7.979	51.139	102.3
5.17	-7.952	51.139	126.5
5.18	-7.924	51.139	173.9
5.19	-7.894	51.139	165.2
5.2	-7.863	51.139	83.8
5.21	-7.833	51.139	30.7
5.22	-7.804	51.127	41.0
5.23	-7.776	50.811	-89.6
5.24	-7.748	47.286	-129.8
5.25	-7.721	36.775	-67.3
5.26	-7.694	22.219	-99.8
5.27	-7.668	9.369	-142.8
5.28	-7.644	-0.567	-124.8
5.29	-7.621	-8.578	-96.4
5.3	-7.598	-16.055	-138.4
5.31	-7.573	-24.616	-180.4
5.32	-7.549	-34.884	-129.9
5.33	-7.526	-44.550	-89.4
5.34	-7.504	-49.863	-104.4
5.35	-7.481	-51.086	-80.4
5.36	-7.459	-51.138	-73.0
5.37	-7.439	-51.141	-157.0
5.38	-7.421	-51.141	-143.8
5.39	-7.402	-51.141	-67.1
5.4	-7.383	-51.141	-65.5
5.41	-7.364	-51.139	-79.1
5.42	-7.343	-51.123	-125.8
5.43	-7.323	-50.581	-43.4
5.44	-7.303	-47.697	-25.2
5.45	-7.282	-42.188	-132.6
5.46	-7.261	-36.841	-88.4
5.47	-7.240	-33.388	-88.7
5.48	-7.219	-31.931	-92.5
5.49	-7.199	-32.773	-33.1
5.5	-7.178	-35.766	-91.3
5.51	-7.158	-39.892	-100.0
5.52	-7.139	-44.109	-69.0
5.53	-7.120	-47.917	-26.0
5.54	-7.100	-50.364	-73.1
5.55	-7.082	-51.094	-97.0
5.56	-7.064	-51.138	-43.8
5.57	-7.048	-51.141	-72.1
5.58	-7.031	-51.141	-46.0
5.59	-7.014	-51.141	23.6
5.6	-6.998	-51.141	-23.6
5.61	-6.983	-51.139	2.3
5.62	-6.968	-51.117	25.1
5.63	-6.953	-50.641	-49.9
5.64	-6.937	-48.789	3.7
5.65	-6.921	-45.717	-79.3
5.66	-6.904	-42.522	-111.6
5.67	-6.889	-39.620	-71.1
5.68	-6.873	-37.041	-67.8
5.69	-6.860	-34.986	-17.4
5.7	-6.848	-33.297	9.5
5.71	-6.836	-31.397	284.4
5.72	-6.824	-29.427	697.3
5.73	-6.812	-27.809	702.9
5.74	-6.801	-26.569	95.2
5.75	-6.793	-25.981	-83.4
5.76	-6.787	-26.022	-32.3
5.77	-6.782	-26.331	-135.8
5.78	-6.776	-27.234	-89.8
5.79	-6.767	-28.831	-42.2
5.8	-6.757	-30.236	-44.3
5.81	-6.749	-30.761	-88.8
5.82	-6.743	-30.159	-27.3
5.83	-6.734	-27.709	-94.8
5.84	-6.723	-22.083	-50.2
5.85	-6.713	-10.794	75.7
5.86	-6.704	9.594	-48.6
5.87	-6.698	33.681	4.2
5.88	-6.694	47.897	47.1
5.89	-6.687	51.014	34.2
5.9	-6.679	51.131	144.3
5.91	-6.673	51.139	131.3
5.92	-6.668	51.139	146.0
5.93	-6.664	51.139	137.8
5.94	-6.661	51.139	182.6
5.95	-6.658	51.139	155.7
5.96	-6.656	51.139	112.0
5.97	-6.655	51.125	94.5
5.98	-6.656	50.648	8.1
5.99	-6.657	46.064	32.6
6.0	-6.659	33.481	-56.3
6.01	-6.661	17.036	-170.1
6.02	-6.662	3.292	-71.2
6.03	-6.664	-6.517	-102.2
6.04	-6.666	-13.450	-128.2
6.05	-6.669	-18.991	-138.8
6.06	-6.670	-25.080	-145.8
6.07	-6.669	-33.342	-88.4
6.08	-6.668	-42.806	-142.2
6.09	-6.668	-49.191	-94.0
6.1	-6.667	-51.030	-69.1
6.11	-6.667	-51.134	-124.2
6.12	-6.668	-51.141	-148.5
6.13	-6.671	-51.141	-67.3
6.14	-6.676	-51.141	-51.0
6.15	-6.683	-51.141	-170.2
6.16	-6.688	-51.141	-91.9
6.17	-6.692	-51.141	-30.6
6.18	-6.694	-51.138	-123.8
6.19	-6.695	-51.073	-102.8
6.2	-6.695	-49.994	-88.7
6.21	-6.696	-46.283	-91.4
6.22	-6.697	-40.820	-83.0
6.23	-6.699	-36.341	-73.8
6.24	-6.703	-34.283	-50.3
6.25	-6.707	-34.930	-93.6
6.26	-6.712	-37.783	-120.8
6.27	-6.717	-41.858	-74.2
6.28	-6.722	-46.152	-77.6
6.29	-6.728	-49.411	-132.4
6.3	-6.733	-50.858	-59.7
6.31	-6.738	-51.130	-44.6
6.32	-6.742	-51.141	-87.3
6.33	-6.747	-51.141	-84.0
6.34	-6.753	-51.141	-3.6
6.35	-6.759	-51.141	-81.3
6.36	-6.766	-51.095	-138.6
6.37	-6.773	-50.631	-80.0
6.38	-6.782	-49.198	-44.8
6.39	-6.792	-47.061	-14.8
6.4	-6.804	-45.047	7.3
6.41	-6.818	-43.430	12.3
6.42	-6.836	-42.175	-25.3
6.43	-6.857	-41.281	62.7
6.44	-6.882	-39.978	1.6
6.45	-6.911	-37.355	-93.1
6.46	-6.943	-33.947	-87.1
6.47	-6.981	-31.164	-104.9
6.48	-7.027	-29.798	-76.3
6.49	-7.083	-29.478	-29.3
6.5	-7.145	-29.675	4.8
6.51	-7.211	-30.223	156.5
6.52	-7.278	-30.869	665.1
6.53	-7.344	-31.481	884.7
6.54	-7.411	-31.997	263.4
6.55	-7.478	-32.159	-158.4
6.56	-7.547	-31.889	-64.3
6.57	-7.615	-31.481	-5.2
6.58	-7.678	-31.241	-119.5
6.59	-7.734	-31.419	-115.3
6.6	-7.784	-32.094	-14.2
6.61	-7.831	-32.928	-94.4
6.62	-7.877	-33.491	-85.1
6.63	-7.921	-33.177	22.7
6.64	-7.966	-30.822	-28.8
6.65	-8.008	-23.761	-44.7
6.66	-8.048	-7.166	17.1
6.67	-8.088	19.270	-7.1
6.68	-8.129	41.873	8.0
6.69	-8.171	50.272	115.6
6.7	-8.213	51.109	64.2
6.71	-8.255	51.139	86.6
6.72	-8.297	51.139	205.8
6.73	-8.339	51.139	113.3
6.74	-8.383	51.139	139.3
6.75	-8.426	51.139	139.6
6.76	-8.472	51.139	112.3
6.77	-8.519	51.122	130.1
6.78	-8.567	50.781	47.7
6.79	-8.613	46.450	-36.2
6.8	-8.659	33.061	-85.8
6.81	-8.703	14.561	-72.6
6.82	-8.743	-0.741	-125.8
6.83	-8.783	-10.647	-144.8
6.84	-8.822	-16.575	-129.3
6.85	-8.863	-20.586	-125.3
6.86	-8.903	-24.509	-81.3
6.87	-8.945	-30.078	-109.8
6.88	-8.986	-38.488	-189.0
6.89	-9.027	-46.720	-164.3
6.9	-9.066	-50.559	-75.3
6.91	-9.104	-51.131	-93.0
6.92	-9.144	-51.139	-89.1
6.93	-9.185	-51.141	-72.4
6.94	-9.225	-51.141	-136.7
6.95	-9.264	-51.141	-115.5
6.96	-9.302	-51.138	-58.1
6.97	-9.341	-51.084	-131.3
6.98	-9.378	-49.891	-120.3
6.99	-9.415	-44.892	-80.6
7.0	-9.449	-36.353	-75.4
7.01	-9.481	-28.378	-106.0
7.02	-9.513	-23.422	-115.7
7.03	-9.544	-21.255	-58.4
7.04	-9.574	-21.194	-80.8
7.05	-9.604	-23.200	-136.1
7.06	-9.632	-27.111	-58.9
7.07	-9.658	-31.911	-102.9
7.08	-9.682	-36.063	-71.3
7.09	-9.706	-38.381	-90.2
7.1	-9.732	-39.005	-130.0
7.11	-9.759	-38.320	-8.5
7.12	-9.787	-36.841	-104.8
7.13	-9.817	-36.016	-99.4
7.14	-9.847	-36.220	-16.3
7.15	-9.877	-36.850	-0.8
7.16	-9.906	-37.923	18.2
7.17	-9.935	-39.147	-42.6
7.18	-9.962	-39.328	-85.6
7.19	-9.985	-37.970	-33.9
7.2	-10.007	-35.956	-68.4
7.21	-10.029	-33.797	-134.0
7.22	-10.051	-31.673	-23.5
7.23	-10.073	-30.163	-33.0
7.24	-10.093	-29.414	-76.7
7.25	-10.111	-28.803	-19.3
7.26	-10.124	-27.944	74.6
7.27	-10.131	-27.038	491.3
7.28	-10.134	-26.345	712.8
7.29	-10.136	-26.502	173.7
7.3	-10.136	-27.284	-149.3
7.31	-10.138	-27.481	-17.2
7.32	-10.141	-26.697	-104.2
7.33	-10.146	-25.417	-18.3
7.34	-10.148	-24.413	-66.9
7.35	-10.143	-24.102	-152.9
7.36	-10.135	-24.289	18.5
7.37	-10.129	-24.395	-119.7
7.38	-10.125	-23.861	-54.2
7.39	-10.115	-22.505	88.8
7.4	-10.095	-19.506	-51.1
7.41	-10.066	-11.509	-44.2
7.42	-10.033	6.420	26.2
7.43	-9.999	30.595	20.4
7.44	-9.965	46.733	71.0
7.45	-9.929	50.927	146.9
7.46	-9.893	51.127	60.4
7.47	-9.859	51.139	122.7
7.48	-9.827	51.139	164.5
7.49	-9.792	51.139	133.4
7.5	-9.751	51.139	162.1
7.51	-9.707	51.139	127.6
7.52	-9.662	51.133	145.4
7.53	-9.621	51.042	39.3
7.54	-9.581	48.600	-50.0
7.55	-9.539	37.123	-109.5
7.56	-9.494	16.463	-82.2
7.57	-9.444	-3.467	-58.3
7.58	-9.395	-17.173	-170.2
7.59	-9.351	-25.558	-89.6
7.6	-9.311	-30.623	-68.6
7.61	-9.271	-35.063	-181.4
7.62	-9.231	-40.998	-108.9
7.63	-9.191	-47.195	-102.9
7.64	-9.148	-50.492	-153.2
7.65	-9.104	-51.120	-88.9
7.66	-9.058	-51.139	-113.3
7.67	-9.010	-51.141	-111.9
7.68	-8.963	-51.141	-67.8
7.69	-8.918	-51.141	-52.9
7.7	-8.873	-51.141	-121.1
7.71	-8.828	-51.139	-144.1
7.72	-8.784	-51.133	-39.3
7.73	-8.739	-50.692	-90.9
7.74	-8.694	-47.663	-95.1
7.75	-8.649	-40.748	-115.1
7.76	-8.600	-32.630	-58.2
7.77	-8.548	-26.377	-36.3
7.78	-8.493	-23.142	-132.2
7.79	-8.436	-23.314	-49.6
7.8	-8.377	-26.452	-47.5
7.81	-8.318	-31.255	-108.7
7.82	-8.259	-36.313	-100.5
7.83	-8.201	-40.973	-36.8
7.84	-8.147	-45.331	-29.5
7.85	-8.097	-48.902	-77.7
7.86	-8.051	-50.720	19.7
7.87	-8.009	-51.122	33.9
7.88	-7.968	-51.139	-62.3
7.89	-7.925	-51.136	-112.2
7.9	-7.881	-50.983	-94.4
7.91	-7.838	-50.097	-80.8
7.92	-7.798	-48.294	-69.8
7.93	-7.759	-46.372	-47.2
7.94	-7.722	-44.678	-80.4
7.95	-7.688	-42.861	-14.7
7.96	-7.653	-40.730	247.3
7.97	-7.620	-38.320	651.2
7.98	-7.588	-36.103	541.2
7.99	-7.554	-34.806	27.7
8.0	-7.520	-34.772	-63.6
8.01	-7.486	-35.545	-42.9
8.02	-7.454	-36.256	-80.7
8.03	-7.423	-36.444	-138.3
8.04	-7.390	-36.214	-51.2
8.05	-7.357	-35.627	-67.4
8.06	-7.327	-34.509	-171.9
8.07	-7.298	-33.142	16.4
8.08	-7.269	-31.708	-46.5
8.09	-7.238	-29.195	-103.6
8.1	-7.207	-22.567	-22.7
8.11	-7.178	-6.706	-9.5
8.12	-7.149	19.020	69.9
8.13	-7.124	41.527	62.6
8.14	-7.098	50.189	11.4
8.15	-7.072	51.113	103.7
8.16	-7.047	51.139	112.3
8.17	-7.021	51.139	54.8
8.18	-6.996	51.139	198.2
8.19	-6.971	51.139	213.9
8.2	-6.947	51.139	135.4
8.21	-6.928	51.133	122.3
8.22	-6.909	51.077	60.1
8.23	-6.893	49.222	-39.9
8.24	-6.876	39.369	-8.7
8.25	-6.859	20.183	-104.6
8.26	-6.843	0.228	-224.7
8.27	-6.828	-14.588	-23.4
8.28	-6.813	-23.875	-99.7
8.29	-6.800	-29.098	-142.9
8.3	-6.788	-33.317	-105.4
8.31	-6.776	-38.670	-152.2
8.32	-6.763	-44.950	-93.8
8.33	-6.751	-49.531	-193.4
8.34	-6.741	-51.020	-157.7
8.35	-6.731	-51.134	-53.2
8.36	-6.723	-51.141	-122.8
8.37	-6.715	-51.141	-77.6
8.38	-6.709	-51.141	-51.3
8.39	-6.703	-51.141	-144.0
8.4	-6.697	-51.141	-93.5
8.41	-6.692	-51.141	-84.2
8.42	-6.689	-51.139	-137.1
8.43	-6.684	-51.109	-43.0
8.44	-6.678	-50.394	-26.1
8.45	-6.671	-47.306	-131.8
8.46	-6.664	-42.036	-90.4
8.47	-6.659	-37.489	-47.0
8.48	-6.656	-35.444	-87.7
8.49	-6.653	-35.531	-97.9
8.5	-6.650	-37.061	-115.7
8.51	-6.646	-39.870	-73.9
8.52	-6.643	-43.739	-70.2
8.53	-6.640	-47.697	-34.1
8.54	-6.639	-50.261	-64.5
8.55	-6.638	-51.069	-78.6
8.56	-6.636	-51.138	-51.4
8.57	-6.635	-51.141	-103.8
8.58	-6.633	-51.141	-113.3
8.59	-6.632	-51.141	-29.0
8.6	-6.631	-51.141	-40.6
8.61	-6.632	-51.141	-96.3
8.62	-6.633	-51.141	-74.6
8.63	-6.633	-51.134	-34.0
8.64	-6.633	-50.958	-31.6
8.65	-6.632	-49.967	-22.0
8.66	-6.631	-47.805	-12.4
8.67	-6.631	-45.375	-66.6
8.68	-6.632	-43.359	85.4
8.69	-6.633	-41.417	92.4
8.7	-6.635	-39.713	-150.3
8.71	-6.636	-38.678	-47.9
8.72	-6.635	-37.794	27.8
8.73	-6.634	-36.314	-75.8
8.74	-6.634	-34.392	-125.6
8.75	-6.634	-32.827	-97.0
8.76	-6.638	-31.955	39.4
8.77	-6.641	-31.286	128.2
8.78	-6.643	-30.419	289.2
8.79	-6.643	-29.545	721.3
8.8	-6.642	-28.925	669.7
8.81	-6.644	-28.502	97.8
8.82	-6.651	-28.327	-74.4
8.83	-6.660	-28.673	-80.3
8.84	-6.669	-29.270	-46.6
8.85	-6.673	-29.458	-113.6
8.86	-6.669	-29.198	-97.6
8.87	-6.663	-29.275	-42.5
8.88	-6.658	-29.850	-45.2
8.89	-6.657	-29.872	-31.9
8.9	-6.656	-28.148	-63.5
8.91	-6.653	-22.948	-73.6
8.92	-6.650	-10.141	-60.5
8.93	-6.648	13.484	105.7
8.94	-6.648	37.917	83.6
8.95	-6.648	49.427	28.2
8.96	-6.650	51.109	48.1
8.97	-6.653	51.134	122.0
8.98	-6.659	51.139	93.0
8.99	-6.667	51.139	36.8
9.0	-6.677	51.139	194.7
9.01	-6.692	51.139	245.4
9.02	-6.714	51.139	160.0
9.03	-6.748	51.119	74.9
9.04	-6.796	50.694	104.0
9.05	-6.856	45.639	77.9
9.06	-6.926	30.275	-82.7
9.07	-7.004	8.927	-136.1
9.08	-7.086	-9.208	-73.3
9.09	-7.169	-21.478	-40.4
9.1	-7.253	-29.156	-125.6
9.11	-7.336	-34.225	-123.6
9.12	-7.416	-38.603	-136.4
9.13	-7.492	-43.605	-139.0
9.14	-7.563	-48.373	-82.4
9.15	-7.633	-50.748	-110.5
9.16	-7.701	-51.133	-112.4
9.17	-7.768	-51.139	-111.1
9.18	-7.834	-51.141	-111.9
9.19	-7.897	-51.141	-81.3
9.2	-7.960	-51.141	-61.7
9.21	-8.024	-51.141	-133.7
9.22	-8.088	-51.141	-86.8
9.23	-8.151	-51.141	-29.7
9.24	-8.211	-51.141	-115.4
9.25	-8.267	-51.141	-125.0
9.26	-8.321	-51.138	-88.4
9.27	-8.374	-50.988	-80.4
9.28	-8.427	-50.039	-83.2
9.29	-8.479	-47.969	-85.8
9.3	-8.532	-45.589	-74.8
9.31	-8.583	-44.130	-133.1
9.32	-8.634	-44.197	-109.6
9.33	-8.684	-45.602	-54.2
9.34	-8.731	-47.958	-61.4
9.35	-8.773	-50.113	-122.6
9.36	-8.812	-51.019	-98.9
9.37	-8.850	-51.139	-102.7
9.38	-8.888	-51.141	-120.0
9.39	-8.924	-51.141	-14.0
9.4	-8.959	-51.141	-116.9
9.41	-8.994	-51.141	-108.5
9.42	-9.028	-51.138	-17.8
9.43	-9.064	-51.066	-72.8
9.44	-9.099	-50.245	-70.6
9.45	-9.131	-47.959	-98.6
9.46	-9.162	-45.159	4.0
9.47	-9.194	-43.047	19.4
9.48	-9.226	-41.533	-11.6
9.49	-9.258	-40.106	-13.8
9.5	-9.286	-38.305	-122.4
9.51	-9.314	-36.303	-44.0
9.52	-9.342	-34.692	-40.0
9.53	-9.369	-33.386	-109.8
9.54	-9.399	-31.695	-74.0
9.55	-9.431	-29.494	-31.7
9.56	-9.464	-27.580	5.4
9.57	-9.496	-26.588	66.2
9.58	-9.523	-26.258	453.1
9.59	-9.547	-26.066	675.6
9.6	-9.572	-25.638	322.8
9.61	-9.596	-24.586	-50.7
9.62	-9.621	-23.181	-123.2
9.63	-9.647	-22.363	-73.1
9.64	-9.675	-22.481	-88.4
9.65	-9.703	-23.419	-90.6
9.66	-9.726	-25.122	-57.7
9.67	-9.751	-27.055	-3.3
9.68	-9.777	-28.517	-96.3
9.69	-9.806	-29.344	-48.4
9.7	-9.832	-29.369	-2.8
9.71	-9.855	-27.294	-55.0
9.72	-9.872	-19.583	26.4
9.73	-9.887	-1.178	36.6
9.74	-9.901	25.414	18.0
9.75	-9.913	44.975	14.4
9.76	-9.925	50.788	89.6
9.77	-9.938	51.120	83.5
9.78	-9.952	51.139	84.6
9.79	-9.965	51.139	172.9
9.8	-9.976	51.139	215.5
9.81	-9.984	51.139	130.1
9.82	-9.988	51.139	147.8
9.83	-9.988	51.128	120.1
9.84	-9.985	50.934	1.6
9.85	-9.981	47.170	-18.6
9.86	-9.973	33.313	-13.1
9.87	-9.957	11.684	-46.5
9.88	-9.933	-8.061	-75.1
9.89	-9.905	-22.319	-139.5
9.9	-9.879	-31.909	-120.8
9.91	-9.855	-37.695	-89.9
9.92	-9.828	-40.950	-151.9
9.93	-9.796	-43.697	-73.6
9.94	-9.763	-47.280	-71.3
9.95	-9.727	-50.178	-142.3
9.96	-9.688	-51.086	-120.8
9.97	-9.646	-51.138	-124.8
9.98	-9.606	-51.141	-33.9
9.99	-9.572	-51.141	-87.6
10.0	-9.541	-51.141	-96.5
10.01	-9.508	-51.141	-99.9
10.02	-9.467	-51.136	-97.0
10.03	-9.422	-51.033	-5.2
10.04	-9.374	-49.505	-132.8
10.05	-9.326	-44.234	-57.2
10.06	-9.279	-35.706	-60.8
10.07	-9.232	-26.888	-112.4
10.08	-9.186	-19.955	-55.6
10.09	-9.141	-16.180	-131.0
10.1	-9.096	-16.173	-44.3
10.11	-9.047	-19.736	-13.0
10.12	-8.996	-25.911	-81.6
10.13	-8.942	-33.395	-99.6
10.14	-8.887	-40.870	-67.4
10.15	-8.833	-46.892	2.0
10.16	-8.781	-50.183	-44.5
10.17	-8.730	-51.078	10.7
10.18	-8.679	-51.138	70.9
10.19	-8.626	-51.141	-53.3
10.2	-8.570	-51.141	-104.3
10.21	-8.514	-51.141	-103.2
10.22	-8.458	-51.139	-108.9
10.23	-8.404	-51.117	-63.0
10.24	-8.352	-50.814	-83.3
10.25	-8.304	-49.763	-5.2
10.26	-8.258	-47.906	29.5
10.27	-8.214	-45.575	46.7
10.28	-8.170	-43.039	489.6
10.29	-8.131	-40.892	652.8
10.3	-8.094	-39.602	229.2
10.31	-8.059	-38.484	-98.4
10.32	-8.023	-36.903	-97.2
10.33	-7.987	-35.488	-72.6
10.34	-7.951	-34.719	-41.4
10.35	-7.914	-34.097	-61.9
10.36	-7.879	-33.427	-154.1
10.37	-7.845	-32.897	-75.1
10.38	-7.812	-32.192	-58.7
10.39	-7.779	-31.155	-84.0
10.4	-7.745	-29.683	-25.7
10.41	-7.711	-25.741	35.7
10.42	-7.678	-14.469	1.3
10.43	-7.646	8.239	-47.8
10.44	-7.614	34.202	21.1
10.45	-7.581	48.342	77.8
10.46	-7.548	51.048	69.0
10.47	-7.513	51.130	63.3
10.48	-7.479	51.139	182.8
10.49	-7.445	51.139	137.7
10.5	-7.413	51.139	119.6
10.51	-7.382	51.139	170.1
10.52	-7.354	51.136	140.5
10.53	-7.329	51.117	124.0
10.54	-7.306	49.933	-48.8
10.55	-7.283	41.348	-76.8
10.56	-7.260	21.391	-36.0
10.57	-7.237	-1.753	-113.3
10.58	-7.214	-19.506	-121.2
10.59	-7.190	-31.156	-103.1
10.6	-7.168	-37.966	-84.8
10.61	-7.148	-41.495	-138.9
10.62	-7.126	-44.120	-161.6
10.63	-7.104	-47.345	-98.4
10.64	-7.083	-50.053	-105.4
10.65	-7.061	-51.047	-160.2
10.66	-7.039	-51.136	-137.5
10.67	-7.017	-51.141	-47.3
10.68	-6.996	-51.141	-117.2
10.69	-6.976	-51.141	-135.8
10.7	-6.958	-51.141	-82.9
10.71	-6.941	-51.141	-39.3
10.72	-6.924	-51.141	-86.5
10.73	-6.906	-51.139	-186.3
10.74	-6.888	-51.108	-51.0
10.75	-6.869	-50.313	-71.8
10.76	-6.851	-46.708	-96.0
10.77	-6.833	-40.336	-42.8
10.78	-6.816	-34.203	-95.6
10.79	-6.800	-30.222	-73.4
10.8	-6.784	-28.934	-67.1
10.81	-6.769	-30.427	-112.6
10.82	-6.757	-34.127	-92.5
10.83	-6.746	-39.191	-93.6
10.84	-6.736	-44.609	-22.6
10.85	-6.726	-48.852	-55.7
10.86	-6.716	-50.773	-110.4
10.87	-6.706	-51.128	-62.0
10.88	-6.699	-51.141	-76.8
10.89	-6.691	-51.141	-22.3
10.9	-6.683	-51.141	-82.8
10.91	-6.675	-51.141	-99.9
10.92	-6.668	-51.141	-18.0
10.93	-6.662	-51.138	-20.0
10.94	-6.658	-51.002	-19.4
10.95	-6.656	-50.220	2.8
10.96	-6.651	-48.748	42.3
10.97	-6.648	-47.291	60.7
10.98	-6.646	-45.748	-39.2
10.99	-6.644	-43.788	-111.5
11.0	-6.640	-41.875	-110.7
11.01	-6.636	-40.300	-47.0
11.02	-6.633	-38.963	-30.8
11.03	-6.632	-37.734	-79.5
11.04	-6.632	-36.717	12.3
11.05	-6.632	-36.016	115.6
11.06	-6.631	-35.239	434.9
11.07	-6.629	-34.031	727.8
11.08	-6.629	-32.639	491.2
11.09	-6.631	-31.611	42.5
11.1	-6.632	-30.977	-64.5
11.11	-6.635	-30.298	-82.0
11.12	-6.638	-29.645	-123.0
11.13	-6.638	-29.436	-16.4
11.14	-6.632	-29.442	-77.6
11.15	-6.626	-29.350	-98.0
11.16	-6.622	-29.148	-24.0
11.17	-6.618	-28.402	-38.4
11.18	-6.613	-26.436	-83.8
11.19	-6.609	-21.342	-12.3
11.2	-6.605	-8.122	46.5
11.21	-6.603	16.048	-58.8
11.22	-6.601	39.616	32.1
11.23	-6.599	49.802	102.7
11.24	-6.596	51.108	115.3
11.25	-6.594	51.138	96.9
11.26	-6.593	51.139	108.7
11.27	-6.592	51.139	146.0
11.28	-6.592	51.139	152.5
11.29	-6.593	51.139	197.5
11.3	-6.594	51.134	98.8
11.31	-6.596	51.113	150.4
11.32	-6.599	49.694	154.5
11.33	-6.604	40.389	-57.1
11.34	-6.609	20.039	-33.6
11.35	-6.613	-2.772	-81.3
11.36	-6.616	-20.398	-131.3
11.37	-6.619	-32.325	-87.2
11.38	-6.624	-39.652	-85.6
11.39	-6.631	-43.873	-141.0
11.4	-6.638	-46.627	-116.9
11.41	-6.644	-48.972	-112.2
11.42	-6.648	-50.594	-127.3
11.43	-6.652	-51.106	-89.0
11.44	-6.655	-51.139	-114.4
11.45	-6.658	-51.141	-119.5
11.46	-6.663	-51.141	-77.8
11.47	-6.670	-51.141	-60.3
11.48	-6.680	-51.141	-135.1
11.49	-6.693	-51.141	-67.9
11.5	-6.708	-51.141	-99.7
11.51	-6.723	-51.139	-124.9
11.52	-6.737	-51.122	-66.1
11.53	-6.754	-50.617	-47.1
11.54	-6.771	-48.113	-110.6
11.55	-6.791	-43.400	-50.2
11.56	-6.813	-38.534	-8.1
11.57	-6.838	-35.197	-189.5
11.58	-6.865	-34.108	-50.8
11.59	-6.896	-35.256	-20.8
11.6	-6.929	-38.103	-134.1
11.61	-6.965	-41.878	-57.3
11.62	-7.004	-45.525	-71.8
11.63	-7.048	-48.473	-93.4
11.64	-7.096	-50.378	-52.2
11.65	-7.147	-51.066	-88.8
11.66	-7.201	-51.139	-33.1
11.67	-7.255	-51.141	-70.0
11.68	-7.310	-51.141	-116.5
11.69	-7.366	-51.141	-72.4
11.7	-7.423	-51.139	-70.8
11.71	-7.481	-51.103	-8.4
11.72	-7.539	-50.747	-48.7
11.73	-7.599	-49.822	-71.2
11.74	-7.657	-48.639	5.3
11.75	-7.713	-47.294	26.8
11.76	-7.768	-45.456	12.7
11.77	-7.821	-43.431	-4.5
11.78	-7.873	-41.834	-42.3
11.79	-7.924	-40.622	-45.5
11.8	-7.969	-39.606	-98.0
11.81	-8.010	-38.923	-104.8
11.82	-8.051	-38.369	-46.1
11.83	-8.093	-37.577	-43.2
11.84	-8.136	-36.777	-2.6
11.85	-8.177	-36.073	118.6
11.86	-8.217	-34.913	579.5
11.87	-8.259	-33.397	714.6
11.88	-8.300	-32.122	313.5
11.89	-8.342	-31.141	-39.1
11.9	-8.381	-30.191	-84.2
11.91	-8.419	-29.188	-63.3
11.92	-8.456	-28.433	-134.3
11.93	-8.491	-28.183	-74.5
11.94	-8.525	-28.309	-61.2
11.95	-8.563	-28.572	-103.0
11.96	-8.604	-28.838	-73.8
11.97	-8.648	-28.861	-89.8
11.98	-8.689	-27.942	-62.9
11.99	-8.731	-23.994	16.3
12.0	-8.777	-12.170	-41.8
12.01	-8.824	11.398	-40.5
12.02	-8.869	36.780	86.2
12.03	-8.911	49.191	53.9
12.04	-8.951	51.105	73.4
12.05	-8.988	51.133	125.9
12.06	-9.024	51.139	151.3
12.07	-9.061	51.139	95.5
12.08	-9.099	51.139	94.9
12.09	-9.138	51.139	137.5
12.1	-9.177	51.133	136.5
12.11	-9.219	51.041	93.8
12.12	-9.263	48.514	33.4
12.13	-9.305	36.319	2.6
12.14	-9.346	13.789	-92.8
12.15	-9.383	-8.625	-121.0
12.16	-9.419	-24.395	-109.8
12.17	-9.454	-33.777	-124.1
12.18	-9.491	-38.366	-160.3
12.19	-9.530	-40.555	-95.9
12.2	-9.569	-42.528	-150.9
12.21	-9.606	-45.506	-179.3
12.22	-9.641	-48.895	-84.3
12.23	-9.676	-50.786	-150.9
12.24	-9.711	-51.131	-124.2
12.25	-9.746	-51.139	-81.3
12.26	-9.782	-51.141	-127.5
12.27	-9.818	-51.141	-121.9
12.28	-9.851	-51.141	-82.1
12.29	-9.884	-51.141	-86.1
12.3	-9.916	-51.134	-89.4
12.31	-9.947	-50.844	-84.0
12.32	-9.974	-48.573	-111.6
12.33	-9.999	-43.100	-94.6
12.34	-10.024	-36.405	-125.8
12.35	-10.051	-30.831	-59.9
12.36	-10.077	-27.452	-44.8
12.37	-10.099	-26.859	-83.6
12.38	-10.118	-28.875	-71.4
12.39	-10.136	-33.097	-114.9
12.4	-10.153	-38.825	-14.7
12.41	-10.169	-44.644	-97.2
12.42	-10.184	-48.913	-162.8
12.43	-10.199	-50.795	-66.2
12.44	-10.210	-51.130	-40.5
12.45	-10.218	-51.139	-2.1
12.46	-10.223	-51.141	17.3
12.47	-10.220	-51.141	52.3
12.48	-10.210	-51.098	-31.3
12.49	-10.191	-50.702	-122.7
12.5	-10.160	-49.438	-40.8
12.51	-10.116	-47.392	-104.8
12.52	-10.060	-45.225	-111.8
12.53	-9.998	-43.322	-57.3
12.54	-9.940	-41.442	-7.4
12.55	-9.891	-39.031	-31.0
12.56	-9.846	-36.209	2.4
12.57	-9.801	-33.700	296.0
12.58	-9.754	-31.919	679.2
12.59	-9.707	-30.684	441.0
12.6	-9.658	-29.438	-122.6
12.61	-9.607	-28.019	-42.4
12.62	-9.555	-26.905	-74.3
12.63	-9.504	-26.473	-138.2
12.64	-9.455	-26.566	-35.5
12.65	-9.404	-26.834	-101.7
12.66	-9.353	-27.097	-45.5
12.67	-9.306	-27.198	-30.2
12.68	-9.266	-26.875	-53.7
12.69	-9.230	-26.136	-50.7
12.7	-9.194	-24.741	-64.0
12.71	-9.159	-20.300	40.2
12.72	-9.124	-7.188	8.7
12.73	-9.085	17.130	22.2
12.74	-9.041	40.305	55.4
12.75	-8.994	49.947	37.3
12.76	-8.946	51.113	171.2
12.77	-8.898	51.138	110.8
12.78	-8.851	51.139	132.2
12.79	-8.807	51.139	146.9
12.8	-8.766	51.139	139.4
12.81	-8.726	51.139	177.0
12.82	-8.688	51.131	113.3
12.83	-8.651	50.984	41.2
12.84	-8.613	47.684	-64.9
12.85	-8.572	33.959	-41.3
12.86	-8.529	10.683	-86.3
12.87	-8.482	-11.447	-93.9
12.88	-8.436	-26.733	-56.7
12.89	-8.391	-35.666	-149.7
12.9	-8.348	-40.178	-164.9
12.91	-8.308	-42.813	-111.6
12.92	-8.268	-45.769	-97.4
12.93	-8.229	-49.009	-112.7
12.94	-8.192	-50.797	-84.4
12.95	-8.155	-51.131	-125.3
12.96	-8.117	-51.139	-190.9
12.97	-8.079	-51.141	-36.8
12.98	-8.042	-51.141	-70.5
12.99	-8.008	-51.141	-159.9
13.0	-7.974	-51.141	-29.7
13.01	-7.940	-51.141	-62.0
13.02	-7.904	-51.134	-125.9
13.03	-7.866	-50.917	-109.2
13.04	-7.827	-48.766	-91.3
13.05	-7.789	-42.717	-103.7
13.06	-7.751	-34.652	-22.2
13.07	-7.712	-28.061	-51.2
13.08	-7.673	-24.445	-97.9
13.09	-7.636	-24.094	-99.5
13.1	-7.600	-26.413	-108.6
13.11	-7.564	-30.434	-84.6
13.12	-7.529	-35.709	-138.4
13.13	-7.495	-41.828	-69.3
13.14	-7.460	-47.322	-4.0
13.15	-7.425	-50.352	-54.5
13.16	-7.392	-51.100	14.2
13.17	-7.361	-51.139	72.8
13.18	-7.330	-51.141	-57.6
13.19	-7.300	-51.141	-36.6
13.2	-7.269	-51.141	-3.9
13.21	-7.237	-51.133	-141.8
13.22	-7.207	-50.961	-84.9
13.23	-7.178	-50.216	-118.1
13.24	-7.151	-48.838	-78.6
13.25	-7.126	-47.366	12.4
13.26	-7.101	-45.958	90.9
13.27	-7.074	-44.098	388.8
13.28	-7.048	-41.939	669.3
13.29	-7.024	-40.409	411.2
13.3	-7.000	-39.695	-30.8
13.31	-6.978	-38.972	-60.5
13.32	-6.958	-37.834	-86.5
13.33	-6.940	-36.775	-120.0
13.34	-6.922	-35.889	-74.2
13.35	-6.903	-34.752	-110.2
13.36	-6.884	-33.367	-117.9
13.37	-6.867	-31.833	-47.0
13.38	-6.851	-30.008	-3.3
13.39	-6.833	-27.386	-67.3
13.4	-6.815	-22.017	-9.2
13.41	-6.798	-9.491	22.0
13.42	-6.781	13.641	-39.2
13.43	-6.766	37.841	32.7
13.44	-6.753	49.400	19.1
13.45	-6.742	51.111	26.0
13.46	-6.732	51.134	67.1
13.47	-6.723	51.139	114.9
13.48	-6.714	51.139	172.8
13.49	-6.705	51.139	181.3
13.5	-6.697	51.139	177.9
13.51	-6.691	51.139	69.7
13.52	-6.684	51.122	80.4
13.53	-6.677	50.363	31.0
13.54	-6.670	43.594	-21.8
13.55	-6.664	25.752	-49.2
13.56	-6.659	3.289	-107.7
13.57	-6.655	-14.698	-115.9
13.58	-6.649	-26.933	-117.9
13.59	-6.646	-34.998	-116.2
13.6	-6.644	-40.334	-119.0
13.61	-6.641	-44.464	-122.6
13.62	-6.637	-48.177	-193.9
13.63	-6.633	-50.498	-113.6
13.64	-6.630	-51.109	-78.2
13.65	-6.628	-51.139	-135.7
13.66	-6.626	-51.141	-77.2
13.67	-6.626	-51.141	-130.1
13.68	-6.627	-51.141	-111.9
13.69	-6.629	-51.141	-94.0
13.7	-6.631	-51.141	-124.7
13.71	-6.631	-51.141	-85.7
13.72	-6.631	-51.141	-60.7
13.73	-6.629	-51.136	-90.1
13.74	-6.628	-51.058	-111.3
13.75	-6.626	-50.041	-107.8
13.76	-6.624	-46.861	-91.4
13.77	-6.624	-42.483	-47.3
13.78	-6.623	-39.127	-95.8
13.79	-6.623	-37.914	-113.2
13.8	-6.622	-38.988	-22.0
13.81	-6.623	-41.755	-101.7
13.82	-6.624	-45.428	-102.8
13.83	-6.627	-48.822	-47.6
13.84	-6.630	-50.669	-106.1
13.85	-6.633	-51.117	-75.7
13.86	-6.635	-51.139	-23.0
13.87	-6.638	-51.141	-111.5
13.88	-6.640	-51.141	-59.4
13.89	-6.642	-51.141	-45.7
13.9	-6.644	-51.141	-58.8
13.91	-6.646	-51.141	-40.6
13.92	-6.649	-51.139	-16.8
13.93	-6.651	-51.123	-49.3
13.94	-6.655	-50.786	3.8
13.95	-6.659	-49.486	78.0
13.96	-6.664	-47.431	-29.0
13.97	-6.669	-45.791	-1.9
13.98	-6.671	-45.028	-83.8
13.99	-6.673	-44.594	-57.6
14.0	-6.673	-43.908	-67.7
14.01	-6.674	-42.997	-146.0
14.02	-6.677	-42.184	48.0
14.03	-6.682	-41.547	3.4
14.04	-6.687	-41.158	155.9
14.05	-6.689	-41.241	545.2
14.06	-6.690	-41.944	778.3
14.07	-6.692	-43.292	433.0
14.08	-6.698	-45.313	-91.9
14.09	-6.708	-47.877	-78.2
14.1	-6.721	-50.067	-5.8
14.11	-6.732	-51.009	-97.0
14.12	-6.734	-51.138	-88.7
14.13	-6.729	-51.141	-44.5
14.14	-6.721	-51.139	-51.6
14.15	-6.716	-51.134	-66.7
14.16	-6.711	-50.714	-56.4
14.17	-6.706	-47.438	18.4
14.18	-6.706	-37.236	-37.2
14.19	-6.711	-15.963	-14.1
14.2	-6.714	15.308	88.7
14.21	-6.716	41.038	61.9
14.22	-6.718	50.253	37.5
14.23	-6.719	51.103	34.4
14.24	-6.721	51.139	132.0
14.25	-6.723	51.139	183.0
14.26	-6.728	51.139	167.8
14.27	-6.733	51.139	197.9
14.28	-6.739	51.139	161.3
14.29	-6.744	51.138	144.6
14.3	-6.751	51.122	143.8
14.31	-6.759	50.336	51.4
14.32	-6.769	44.092	4.1
14.33	-6.779	28.688	-21.1
14.34	-6.789	9.877	-73.0
14.35	-6.799	-5.708	-93.2
14.36	-6.811	-17.253	-51.3
14.37	-6.829	-25.136	-157.6
14.38	-6.852	-30.206	-95.8
14.39	-6.880	-34.563	-91.2
14.4	-6.913	-40.297	-108.4
14.41	-6.951	-46.561	-101.9
14.42	-6.994	-50.250	-128.0
14.43	-7.041	-51.103	-65.2
14.44	-7.093	-51.139	-70.6
14.45	-7.151	-51.141	-21.8
14.46	-7.214	-51.141	-163.6
14.47	-7.282	-51.141	-94.6
14.48	-7.352	-51.141	2.3
14.49	-7.422	-51.141	-105.8
14.5	-7.491	-51.139	-61.0
14.51	-7.556	-51.105	-64.8
14.52	-7.617	-50.356	-99.0
14.53	-7.676	-47.323	-66.3
14.54	-7.731	-42.498	-54.7
14.55	-7.785	-38.903	-79.6
14.56	-7.837	-38.087	-78.7
14.57	-7.888	-39.189	-26.5
14.58	-7.939	-40.914	-36.5
14.59	-7.993	-42.969	-86.5
14.6	-8.049	-45.623	-80.5
14.61	-8.104	-48.492	-43.3
14.62	-8.154	-50.445	-92.5
14.63	-8.203	-51.083	-88.8
14.64	-8.248	-51.139	-40.9
14.65	-8.290	-51.141	-93.2
14.66	-8.330	-51.141	-53.3
14.67	-8.371	-51.141	3.5
14.68	-8.413	-51.141	-15.3
14.69	-8.458	-51.141	-11.7
14.7	-8.504	-51.128	10.3
14.71	-8.549	-50.806	-21.0
14.72	-8.594	-49.211	43.8
14.73	-8.638	-46.044	-38.6
14.74	-8.679	-42.636	-77.6
14.75	-8.718	-40.067	13.3
14.76	-8.758	-37.958	-60.4
14.77	-8.798	-35.625	-109.3
14.78	-8.842	-33.306	-84.0
14.79	-8.888	-31.616	-19.6
14.8	-8.931	-30.555	56.2
14.81	-8.969	-29.663	240.3
14.82	-9.006	-28.558	636.8
14.83	-9.040	-27.203	630.6
14.84	-9.074	-26.041	105.8
14.85	-9.107	-25.659	-129.0
14.86	-9.138	-26.020	-23.8
14.87	-9.171	-26.345	-42.6
14.88	-9.203	-26.070	-145.1
14.89	-9.232	-25.505	-97.5
14.9	-9.263	-25.377	2.0
14.91	-9.298	-25.769	-70.9
14.92	-9.336	-26.069	-94.7
14.93	-9.374	-25.839	-47.1
14.94	-9.409	-24.475	11.9
14.95	-9.443	-19.766	-50.3
14.96	-9.476	-6.644	6.5
14.97	-9.508	17.284	33.4
14.98	-9.536	40.219	23.1
14.99	-9.563	49.911	123.8
15.0	-9.587	51.111	74.0
15.01	-9.610	51.138	107.8
15.02	-9.634	51.139	149.8
15.03	-9.661	51.139	159.7
15.04	-9.689	51.139	169.4
15.05	-9.717	51.139	75.2
15.06	-9.747	51.133	117.0
15.07	-9.777	51.045	120.3
15.08	-9.805	48.567	62.2
15.09	-9.830	36.497	-21.8
15.1	-9.853	14.291	-127.8
15.11	-9.874	-7.348	-38.5
15.12	-9.896	-22.077	-101.7
15.13	-9.920	-30.800	-159.6
15.14	-9.945	-35.500	-95.3
15.15	-9.967	-38.458	-122.2
15.16	-9.984	-41.727	-108.8
15.17	-9.997	-45.966	-131.6
15.18	-10.008	-49.544	-88.1
15.19	-10.014	-50.970	-72.1
15.2	-10.014	-51.136	-157.2
15.21	-10.011	-51.141	-109.4
15.22	-10.005	-51.141	-61.6
15.23	-9.994	-51.141	-100.4
15.24	-9.976	-51.141	-97.9
15.25	-9.947	-51.139	-55.2
15.26	-9.914	-51.100	-42.3
15.27	-9.877	-50.139	-111.2
15.28	-9.836	-45.836	-85.2
15.29	-9.788	-38.092	-114.8
15.3	-9.731	-30.294	-80.8
15.31	-9.671	-24.414	-7.3
15.32	-9.611	-20.753	-86.2
15.33	-9.554	-20.013	-100.9
15.34	-9.502	-22.347	-49.7
15.35	-9.457	-26.825	-76.6
15.36	-9.418	-32.408	-36.6
15.37	-9.381	-38.372	-120.1
15.38	-9.344	-44.008	-78.3
15.39	-9.309	-48.297	44.0
15.4	-9.273	-50.484	-45.0
15.41	-9.238	-51.083	-2.7
15.42	-9.200	-51.139	4.4
15.43	-9.161	-51.141	-102.9
15.44	-9.123	-51.141	-16.9
15.45	-9.087	-51.141	-69.4
15.46	-9.054	-51.134	-101.2
15.47	-9.027	-50.923	-59.0
15.48	-9.004	-49.750	-102.9
15.49	-8.985	-47.531	-3.1
15.5	-8.967	-45.452	-5.8
15.51	-8.945	-43.727	238.9
15.52	-8.920	-41.680	642.3
15.53	-8.896	-39.605	497.8
15.54	-8.872	-38.086	90.4
15.55	-8.850	-37.000	-123.7
15.56	-8.832	-36.136	-38.4
15.57	-8.822	-35.344	-70.4
15.58	-8.812	-34.133	-88.5
15.59	-8.797	-32.438	-19.1
15.6	-8.777	-31.014	-153.6
15.61	-8.759	-30.127	-43.3
15.62	-8.744	-29.147	20.2
15.63	-8.731	-27.783	-79.6
15.64	-8.716	-25.556	-27.9
15.65	-8.701	-19.538	-14.9
15.66	-8.685	-4.409	48.7
15.67	-8.668	20.436	24.0
15.68	-8.649	42.072	18.1
15.69	-8.627	50.267	57.8
15.7	-8.606	51.111	40.8
15.71	-8.584	51.139	112.4
15.72	-8.561	51.139	193.6
15.73	-8.538	51.139	159.7
15.74	-8.514	51.139	153.2
15.75	-8.488	51.139	115.9
15.76	-8.460	51.131	135.4
15.77	-8.431	50.977	10.2
15.78	-8.401	47.658	-44.5
15.79	-8.371	34.320	48.8
15.8	-8.339	12.530	-97.9
15.81	-8.306	-7.519	-131.4
15.82	-8.271	-21.684	-100.3
15.83	-8.238	-31.042	-157.6
15.84	-8.207	-37.039	-106.7
15.85	-8.177	-41.558	-66.8
15.86	-8.146	-45.888	-143.0
15.87	-8.113	-49.395	-118.3
15.88	-8.081	-50.920	-98.3
15.89	-8.049	-51.138	-139.2
15.9	-8.017	-51.141	-78.0
15.91	-7.984	-51.141	-147.1
15.92	-7.952	-51.141	-71.4
15.93	-7.922	-51.141	-55.3
15.94	-7.894	-51.141	-133.5
15.95	-7.866	-51.141	-74.0
15.96	-7.839	-51.141	-97.7
15.97	-7.812	-51.134	-115.8
15.98	-7.782	-50.806	-44.1
15.99	-7.751	-48.313	-54.8
16.0	-7.719	-42.325	-102.0
16.01	-7.686	-35.427	-78.9
16.02	-7.652	-30.652	-54.4
16.03	-7.619	-28.458	-26.2
16.04	-7.588	-28.731	-112.3
16.05	-7.561	-31.442	-134.8
16.06	-7.536	-36.023	-34.7
16.07	-7.513	-41.447	-74.5
16.08	-7.491	-46.533	-94.5
16.09	-7.468	-49.859	-18.4
16.1	-7.444	-51.008	12.3
16.11	-7.421	-51.138	-87.3
16.12	-7.398	-51.141	-19.5
16.13	-7.374	-51.141	49.1
16.14	-7.349	-51.141	-63.1
16.15	-7.324	-51.141	-16.3
16.16	-7.299	-51.139	-71.3
16.17	-7.275	-51.117	-82.0
16.18	-7.251	-50.719	-95.2
16.19	-7.226	-49.327	-120.8
16.2	-7.203	-47.063	-57.7
16.21	-7.183	-44.747	-17.1
16.22	-7.162	-43.027	239.3
16.23	-7.140	-41.947	603.6
16.24	-7.119	-41.208	683.7
16.25	-7.101	-40.697	141.6
16.26	-7.084	-40.014	-75.7
16.27	-7.068	-38.508	-47.9
16.28	-7.054	-36.339	-114.1
16.29	-7.040	-34.320	-99.4
16.3	-7.024	-33.144	-92.7
16.31	-7.007	-32.906	0.5
16.32	-6.991	-32.925	-106.0
16.33	-6.974	-32.488	-116.1
16.34	-6.958	-31.234	4.0
16.35	-6.940	-28.081	-47.3
16.36	-6.921	-19.688	-67.2
16.37	-6.903	-0.833	-23.3
16.38	-6.886	25.947	95.5
16.39	-6.871	45.258	40.2
16.4	-6.857	50.823	85.9
16.41	-6.843	51.123	73.8
16.42	-6.829	51.139	67.6
16.43	-6.818	51.139	118.0
16.44	-6.809	51.139	128.0
16.45	-6.802	51.139	236.3
16.46	-6.793	51.139	153.3
16.47	-6.784	51.133	109.1
16.48	-6.776	51.023	114.8
16.49	-6.770	48.417	11.4
16.5	-6.766	37.144	-62.1
16.51	-6.762	17.286	-129.3
16.52	-6.757	-2.653	-67.7
16.53	-6.751	-17.872	-115.2
16.54	-6.746	-28.242	-126.4
16.55	-6.744	-34.583	-92.9
16.56	-6.742	-39.023	-194.7
16.57	-6.738	-43.750	-63.3
16.58	-6.733	-48.328	-112.5
16.59	-6.729	-50.702	-157.1
16.6	-6.725	-51.128	-79.9
16.61	-6.722	-51.139	-131.3
16.62	-6.719	-51.141	-117.2
16.63	-6.718	-51.141	-94.2
16.64	-6.716	-51.141	-104.8
16.65	-6.716	-51.141	-83.8
16.66	-6.717	-51.141	-64.4
16.67	-6.718	-51.141	-130.0
16.68	-6.717	-51.139	-109.8
16.69	-6.715	-51.113	-59.9
16.7	-6.713	-50.441	-47.2
16.71	-6.712	-47.448	-67.8
16.72	-6.711	-42.553	-161.0
16.73	-6.710	-38.795	-119.4
16.74	-6.709	-37.381	-10.5
16.75	-6.709	-37.767	-125.4
16.76	-6.710	-39.797	-92.6
16.77	-6.711	-43.055	-75.4
16.78	-6.714	-46.497	-59.3
16.79	-6.716	-49.202	-57.2
16.8	-6.719	-50.677	-89.2
16.81	-6.722	-51.103	-84.5
16.82	-6.724	-51.139	-79.9
16.83	-6.727	-51.141	-100.6
16.84	-6.729	-51.141	-107.2
16.85	-6.731	-51.141	-25.6
16.86	-6.732	-51.141	20.9
16.87	-6.735	-51.141	-37.7
16.88	-6.738	-51.141	-55.8
16.89	-6.742	-51.131	52.3
16.9	-6.748	-50.927	93.5
16.91	-6.753	-50.006	-75.9
16.92	-6.757	-48.048	-103.8
16.93	-6.759	-45.534	-126.1
16.94	-6.761	-43.314	-69.8
16.95	-6.761	-41.581	51.8
16.96	-6.763	-40.064	-127.2
16.97	-6.766	-38.706	-19.0
16.98	-6.771	-37.450	104.8
16.99	-6.774	-36.155	336.3
17.0	-6.774	-34.686	781.5
17.01	-6.775	-33.144	576.6
17.02	-6.780	-31.897	10.6
17.03	-6.789	-31.142	-111.7
17.04	-6.802	-30.773	32.5
17.05	-6.816	-30.548	-103.9
17.06	-6.824	-30.316	-49.5
17.07	-6.822	-30.114	-87.0
17.08	-6.814	-30.036	-102.9
17.09	-6.808	-29.792	-54.2
17.1	-6.800	-28.758	-117.5
17.11	-6.793	-26.444	5.5
17.12	-6.791	-20.988	16.3
17.13	-6.797	-7.292	-7.8
17.14	-6.801	17.030	3.8
17.15	-6.802	40.145	20.0
17.16	-6.803	49.903	48.1
17.17	-6.804	51.109	75.1
17.18	-6.806	51.138	104.1
17.19	-6.808	51.139	119.0
17.2	-6.811	51.139	193.8
17.21	-6.816	51.139	168.3
17.22	-6.822	51.139	163.6
17.23	-6.829	51.139	139.2
17.24	-6.836	51.122	91.4
17.25	-6.844	50.413	60.2
17.26	-6.854	44.214	45.8
17.27	-6.864	28.039	-5.5
17.28	-6.873	7.741	-55.3
17.29	-6.884	-8.619	-109.6
17.3	-6.898	-19.838	-145.6
17.31	-6.920	-27.234	-93.8
17.32	-6.950	-32.536	-137.3
17.33	-6.986	-37.922	-126.6
17.34	-7.027	-44.283	-65.3
17.35	-7.074	-49.225	-116.3
17.36	-7.127	-50.969	-133.1
17.37	-7.187	-51.134	-97.1
17.38	-7.254	-51.141	-59.8
17.39	-7.325	-51.141	-136.1
17.4	-7.399	-51.141	-72.5
17.41	-7.476	-51.141	-85.6
17.42	-7.553	-51.141	-74.8
17.43	-7.630	-51.141	-74.8
17.44	-7.706	-51.141	-119.2
17.45	-7.779	-51.138	-45.9
17.46	-7.848	-50.988	-105.4
17.47	-7.909	-49.623	-73.2
17.48	-7.966	-45.991	-47.5
17.49	-8.018	-41.556	-103.9
17.5	-8.068	-38.709	-99.0
17.51	-8.117	-38.295	-70.3
17.52	-8.164	-40.109	-73.5
17.53	-8.209	-43.533	-96.9
17.54	-8.256	-47.464	-47.9
17.55	-8.306	-50.172	-90.2
17.56	-8.355	-51.055	-97.3
17.57	-8.403	-51.139	-55.3
17.58	-8.451	-51.141	-52.8
17.59	-8.498	-51.141	-87.1
17.6	-8.543	-51.141	-80.8
17.61	-8.586	-51.141	-50.0
17.62	-8.627	-51.141	-62.2
17.63	-8.671	-51.131	-8.5
17.64	-8.713	-50.955	67.4
17.65	-8.754	-50.323	3.8
17.66	-8.792	-49.253	-73.1
17.67	-8.828	-47.795	-41.4
17.68	-8.862	-45.886	-74.5
17.69	-8.898	-43.828	-163.6
17.7	-8.935	-41.952	-97.2
17.71	-8.973	-40.322	-56.7
17.72	-9.010	-38.861	3.8
17.73	-9.046	-37.288	47.1
17.74	-9.079	-35.534	238.0
17.75	-9.109	-33.947	674.2
17.76	-9.141	-32.745	567.4
17.77	-9.174	-31.958	26.9
17.78	-9.203	-31.506	-121.8
17.79	-9.231	-31.163	-65.5
17.8	-9.263	-30.628	-68.2
17.81	-9.295	-29.892	-80.9
17.82	-9.324	-29.536	-115.3
17.83	-9.356	-29.995	-83.5
17.84	-9.390	-30.713	-55.6
17.85	-9.426	-30.719	-111.8
17.86	-9.461	-29.553	-24.9
17.87	-9.492	-26.477	-3.4
17.88	-9.521	-18.894	-55.9
17.89	-9.548	-1.742	-67.9
17.9	-9.574	24.216	74.4
17.91	-9.596	44.369	72.4
17.92	-9.616	50.711	29.2
17.93	-9.635	51.116	102.8
17.94	-9.652	51.139	90.0
17.95	-9.669	51.139	127.1
17.96	-9.686	51.139	181.5
17.97	-9.704	51.139	159.2
17.98	-9.723	51.139	132.8
17.99	-9.740	51.127	148.0
18.0	-9.758	50.881	46.4
18.01	-9.777	46.391	-52.7
18.02	-9.795	30.347	-16.4
18.03	-9.810	6.109	-54.1
18.04	-9.822	-14.742	-119.0
18.05	-9.830	-28.091	-89.8
18.06	-9.836	-35.556	-100.3
18.07	-9.839	-39.367	-173.7
18.08	-9.840	-42.166	-134.6
18.09	-9.834	-45.845	-104.3
18.1	-9.819	-49.383	-81.5
18.11	-9.794	-50.938	-121.0
18.12	-9.759	-51.136	-158.5
18.13	-9.717	-51.141	-139.6
18.14	-9.671	-51.141	-84.2
18.15	-9.625	-51.141	-64.8
18.16	-9.583	-51.141	-122.7
18.17	-9.544	-51.141	-86.5
18.18	-9.507	-51.136	-48.8
18.19	-9.469	-51.036	-156.5
18.2	-9.431	-49.189	-143.8
18.21	-9.394	-42.331	-42.2
18.22	-9.359	-31.094	-71.3
18.23	-9.327	-19.884	-108.3
18.24	-9.295	-11.411	-80.8
18.25	-9.265	-6.716	-73.6
18.26	-9.236	-6.313	-91.9
18.27	-9.206	-9.947	-131.3
18.28	-9.175	-16.778	-31.0
18.29	-9.143	-25.461	-35.8
18.3	-9.111	-34.377	-95.3
18.31	-9.079	-42.348	-40.5
18.32	-9.047	-48.109	8.7
18.33	-9.018	-50.667	27.0
18.34	-8.988	-51.125	-43.0
18.35	-8.959	-51.139	-92.5
18.36	-8.929	-51.141	-95.0
18.37	-8.899	-51.141	-137.0
18.38	-8.870	-51.141	-83.3
18.39	-8.844	-51.141	-75.9
18.4	-8.824	-51.141	-37.3
18.41	-8.808	-51.130	-22.7
18.42	-8.789	-50.892	164.4
18.43	-8.768	-49.841	550.1
18.44	-8.746	-47.909	627.1
18.45	-8.724	-45.931	124.1
18.46	-8.706	-44.516	-127.8
18.47	-8.688	-43.719	-27.9
18.48	-8.674	-43.394	-119.9
18.49	-8.661	-43.111	-84.6
18.5	-8.644	-42.547	-87.6
18.51	-8.623	-41.702	-107.3
18.52	-8.601	-40.483	-20.7
18.53	-8.586	-38.848	-64.7
18.54	-8.571	-36.811	-41.8
18.55	-8.556	-33.755	-36.3
18.56	-8.538	-27.484	-49.8
18.57	-8.521	-13.089	30.2
18.58	-8.505	12.498	-38.4
18.59	-8.489	37.972	27.3
18.6	-8.472	49.506	105.6
18.61	-8.454	51.106	108.3
18.62	-8.436	51.136	90.5
18.63	-8.421	51.139	110.2
18.64	-8.407	51.139	135.0
18.65	-8.393	51.139	110.6
18.66	-8.377	51.139	196.4
18.67	-8.361	51.116	146.9
18.68	-8.346	50.556	69.6
18.69	-8.331	44.273	-14.6
18.7	-8.316	25.834	-59.4
18.71	-8.301	1.098	-52.5
18.72	-8.286	-19.334	-108.8
18.73	-8.269	-33.055	-132.0
18.74	-8.253	-41.214	-102.9
18.75	-8.238	-45.245	-115.9
18.76	-8.222	-47.295	-70.7
18.77	-8.204	-49.145	-146.1
18.78	-8.186	-50.608	-146.6
18.79	-8.169	-51.105	-115.7
18.8	-8.153	-51.139	-129.3
18.81	-8.137	-51.141	-74.4
18.82	-8.123	-51.141	-104.7
18.83	-8.109	-51.141	-68.6
18.84	-8.098	-51.141	-69.4
18.85	-8.086	-51.141	-162.7
18.86	-8.072	-51.141	-65.6
18.87	-8.058	-51.138	-54.1
18.88	-8.041	-51.067	-102.7
18.89	-8.023	-49.566	-80.0
18.9	-8.004	-43.381	-96.2
18.91	-7.984	-32.598	-4.9
18.92	-7.964	-21.663	-49.6
18.93	-7.944	-13.681	-178.4
18.94	-7.921	-9.744	-81.9
18.95	-7.896	-10.333	-27.4
18.96	-7.869	-15.114	-56.1
18.97	-7.841	-23.008	-108.4
18.98	-7.809	-32.439	-57.7
18.99	-7.775	-41.466	-50.8
19.0	-7.739	-47.895	-67.8
19.01	-7.702	-50.644	-87.8
19.02	-7.664	-51.125	-34.1
19.03	-7.625	-51.139	-26.7
19.04	-7.586	-51.141	-63.0
19.05	-7.548	-51.141	25.6
19.06	-7.511	-51.141	38.7
19.07	-7.476	-51.141	-53.1
19.08	-7.443	-51.133	-84.6
19.09	-7.410	-50.923	-97.8
19.1	-7.379	-49.903	-85.4
19.11	-7.351	-47.884	-85.8
19.12	-7.322	-45.630	-88.6
19.13	-7.296	-43.814	-24.1
19.14	-7.270	-42.333	121.3
19.15	-7.245	-40.684	411.9
19.16	-7.221	-39.031	748.0
19.17	-7.200	-37.811	413.5
19.18	-7.179	-36.847	-88.9
19.19	-7.160	-36.045	-62.0
19.2	-7.143	-35.792	-52.9
19.21	-7.129	-36.048	-115.1
19.22	-7.112	-36.166	-115.9
19.23	-7.094	-35.952	-69.1
19.24	-7.076	-35.680	-62.2
19.25	-7.059	-35.194	-67.3
19.26	-7.041	-34.097	-12.3
19.27	-7.023	-31.667	-33.8
19.28	-7.006	-24.675	-54.1
19.29	-6.991	-6.850	20.5
19.3	-6.978	21.134	40.4
19.31	-6.967	43.328	18.7
19.32	-6.958	50.581	51.9
19.33	-6.948	51.111	24.8
19.34	-6.939	51.139	90.4
19.35	-6.930	51.139	216.4
19.36	-6.923	51.139	182.0
19.37	-6.916	51.139	158.2
19.38	-6.909	51.138	155.8
19.39	-6.904	51.117	170.9
19.4	-6.900	50.152	90.4
19.41	-6.898	42.278	28.9
19.42	-6.896	22.677	17.3
19.43	-6.894	-1.130	-103.3
19.44	-6.892	-20.008	-62.0
19.45	-6.890	-32.747	-107.0
19.46	-6.889	-40.733	-49.5
19.47	-6.889	-45.722	-79.2
19.48	-6.890	-49.016	-147.7
19.49	-6.890	-50.716	-101.7
19.5	-6.889	-51.122	-101.8
19.51	-6.888	-51.139	-106.1
19.52	-6.886	-51.141	-160.3
19.53	-6.884	-51.141	-132.0
19.54	-6.883	-51.141	-59.3
19.55	-6.883	-51.141	-25.9
19.56	-6.884	-51.141	-49.5
19.57	-6.886	-51.141	-112.4
19.58	-6.890	-51.141	-93.8
19.59	-6.894	-51.141	-21.2
19.6	-6.898	-51.131	-119.4
19.61	-6.901	-50.903	-141.3
19.62	-6.902	-48.439	-62.3
19.63	-6.906	-41.378	-68.0
19.64	-6.908	-32.181	-37.3
19.65	-6.911	-25.117	-59.3
19.66	-6.914	-21.253	-70.6
19.67	-6.918	-20.295	-138.4
19.68	-6.921	-21.919	-63.9
19.69	-6.926	-25.683	-53.1
19.7	-6.931	-31.158	-77.4
19.71	-6.938	-37.777	-39.1
19.72	-6.944	-44.389	-73.4
19.73	-6.950	-49.061	-120.7
19.74	-6.956	-50.877	-114.3
19.75	-6.963	-51.136	18.8
19.76	-6.969	-51.141	-29.7
19.77	-6.976	-51.141	-136.3
19.78	-6.982	-51.141	-32.0
19.79	-6.988	-51.141	-5.4
19.8	-6.994	-51.141	-65.8
19.81	-7.001	-51.141	-18.0
19.82	-7.009	-51.141	86.9
19.83	-7.019	-51.106	51.3
19.84	-7.029	-50.744	-100.9
19.85	-7.037	-49.666	-85.2
19.86	-7.043	-48.019	-21.4
19.87	-7.047	-46.170	-76.1
19.88	-7.051	-44.309	-95.8
19.89	-7.056	-42.658	-73.8
19.9	-7.064	-41.333	-15.7
19.91	-7.072	-40.217	95.3
19.92	-7.078	-38.875	405.2
19.93	-7.082	-36.983	795.1
19.94	-7.085	-34.970	559.3
19.95	-7.091	-33.750	-6.3
19.96	-7.103	-33.603	-33.0
19.97	-7.119	-33.831	-82.1
19.98	-7.134	-34.000	-98.5
19.99	-7.144	-34.238	-76.3
20.0	-7.143	-34.639	-91.6
20.01	-7.137	-35.028	-76.0
20.02	-7.131	-34.905	-84.7
20.03	-7.125	-33.777	-7.3
20.04	-7.120	-30.952	-4.8
20.05	-7.123	-24.200	-95.6
20.06	-7.133	-8.320	45.2
20.07	-7.136	18.216	65.0
20.08	-7.134	41.552	-43.8
20.09	-7.134	50.263	31.5
20.1	-7.136	51.105	12.6
20.11	-7.139	51.139	152.8
20.12	-7.143	51.139	226.7
20.13	-7.149	51.139	139.9
20.14	-7.157	51.139	165.1
20.15	-7.167	51.139	157.9
20.16	-7.178	51.116	122.4
20.17	-7.191	50.527	128.7
20.18	-7.207	44.172	105.8
20.19	-7.224	25.686	9.1
20.2	-7.244	0.827	-16.9
20.21	-7.268	-19.988	-54.3
20.22	-7.294	-34.400	-107.9
20.23	-7.329	-43.530	-121.4
20.24	-7.377	-48.517	-135.4
20.25	-7.440	-50.595	-122.3
20.26	-7.518	-51.100	-127.3
20.27	-7.605	-51.141	-54.8
20.28	-7.697	-51.141	-71.0
20.29	-7.788	-51.141	-162.0
20.3	-7.874	-51.141	-125.2
20.31	-7.954	-51.141	-116.1
20.32	-8.030	-51.141	-45.0
20.33	-8.103	-51.141	-100.8
20.34	-8.172	-51.141	-66.1
20.35	-8.237	-51.141	-6.2
20.36	-8.298	-51.141	-165.3
20.37	-8.359	-51.138	-123.3
20.38	-8.418	-51.069	-40.8
20.39	-8.474	-49.728	-68.8
20.4	-8.524	-44.641	-44.6
20.41	-8.572	-36.547	-63.2
20.42	-8.619	-29.420	-64.7
20.43	-8.665	-25.364	-104.3
20.44	-8.709	-24.225	-108.2
20.45	-8.754	-25.288	-38.0
20.46	-8.802	-28.117	-82.9
20.47	-8.849	-32.438	-65.9
20.48	-8.897	-37.670	-20.7
20.49	-8.944	-43.158	-151.0
20.5	-8.990	-47.897	-108.0
20.51	-9.035	-50.494	-33.8
20.52	-9.077	-51.111	-49.2
20.53	-9.116	-51.139	-114.3
20.54	-9.154	-51.141	-34.4
20.55	-9.193	-51.141	-30.8
20.56	-9.231	-51.141	-84.1
20.57	-9.268	-51.139	-38.6
20.58	-9.303	-51.086	-29.1
20.59	-9.336	-50.559	27.3
20.6	-9.370	-49.036	55.1
20.61	-9.404	-46.995	-24.9
20.62	-9.438	-45.475	-103.1
20.63	-9.473	-44.900	-80.5
20.64	-9.509	-44.733	-76.6
20.65	-9.546	-44.038	-52.8
20.66	-9.585	-42.459	-126.5
20.67	-9.624	-40.313	-169.9
20.68	-9.662	-38.222	94.5
20.69	-9.695	-36.427	319.6
20.7	-9.723	-34.689	641.1
20.71	-9.749	-33.091	626.9
20.72	-9.777	-31.964	113.8
20.73	-9.808	-31.170	-132.1
20.74	-9.840	-30.700	-152.3
20.75	-9.876	-30.953	-66.4
20.76	-9.911	-31.575	-20.4
20.77	-9.940	-31.966	-42.3
20.78	-9.967	-32.369	-89.9
20.79	-9.996	-32.995	-95.5
20.8	-10.027	-33.289	-28.3
20.81	-10.054	-32.427	-85.1
20.82	-10.078	-29.481	-52.1
20.83	-10.098	-22.028	-7.3
20.84	-10.118	-4.645	68.3
20.85	-10.138	22.423	44.9
20.86	-10.156	43.838	8.4
20.87	-10.170	50.666	77.7
20.88	-10.180	51.114	97.2
20.89	-10.188	51.139	126.7
20.9	-10.194	51.139	113.9
20.91	-10.198	51.139	121.6
20.92	-10.196	51.139	223.0
20.93	-10.190	51.134	142.0
20.94	-10.176	51.103	104.4
20.95	-10.154	49.355	117.0
20.96	-10.123	38.305	1.2
20.97	-10.084	14.492	-43.2
20.98	-10.044	-12.025	-49.0
20.99	-10.005	-32.002	-60.0
21.0	-9.971	-44.108	-126.2
21.01	-9.947	-49.559	-105.5
21.02	-9.928	-51.002	-74.0
21.03	-9.907	-51.139	-143.2
21.04	-9.877	-51.141	-86.1
21.05	-9.839	-51.141	-131.5
21.06	-9.797	-51.141	-160.6
21.07	-9.754	-51.141	-69.5
21.08	-9.711	-51.141	-40.4
21.09	-9.669	-51.141	-118.6
21.1	-9.629	-51.141	-145.3
21.11	-9.590	-51.141	-89.3
21.12	-9.549	-51.141	-41.9
21.13	-9.507	-51.138	-97.0
21.14	-9.463	-51.077	-119.2
21.15	-9.418	-49.578	-124.8
21.16	-9.371	-42.823	-34.3
21.17	-9.324	-30.369	-66.7
21.18	-9.278	-17.277	-104.4
21.19	-9.235	-7.463	-94.2
21.2	-9.197	-2.236	-58.9
21.21	-9.164	-2.133	-92.3
21.22	-9.135	-6.902	-72.6
21.23	-9.106	-14.994	-22.5
21.24	-9.078	-24.150	-120.7
21.25	-9.047	-33.220	-77.5
21.26	-9.018	-41.731	0.2
21.27	-8.990	-47.966	-59.4
21.28	-8.964	-50.647	-7.4
21.29	-8.940	-51.123	23.6
21.3	-8.914	-51.139	-56.5
21.31	-8.888	-51.141	-23.9
21.32	-8.859	-51.141	-92.6
21.33	-8.832	-51.141	-138.7
21.34	-8.805	-51.141	-22.3
21.35	-8.779	-51.141	-102.5
21.36	-8.754	-51.139	-14.9
21.37	-8.730	-51.086	-51.4
21.38	-8.706	-50.686	42.5
21.39	-8.679	-49.738	546.7
21.4	-8.651	-48.519	699.0
21.41	-8.625	-47.397	266.8
21.42	-8.599	-46.589	-116.1
21.43	-8.571	-46.044	-64.7
21.44	-8.546	-45.622	-61.8
21.45	-8.525	-45.431	-66.6
21.46	-8.502	-45.422	-94.4
21.47	-8.476	-45.767	-90.4
21.48	-8.451	-46.895	-73.3
21.49	-8.428	-47.813	-95.7
21.5	-8.404	-46.908	-23.4
21.51	-8.380	-44.063	10.4
21.52	-8.356	-38.467	18.0
21.53	-8.336	-25.522	-67.9
21.54	-8.319	0.031	-101.1
21.55	-8.302	30.191	88.1
21.56	-8.286	47.438	154.9
21.57	-8.268	51.005	84.0
21.58	-8.249	51.128	144.1
21.59	-8.231	51.139	132.9
21.6	-8.213	51.139	92.8
21.61	-8.196	51.139	153.7
21.62	-8.179	51.109	169.6
21.63	-8.161	50.313	69.3
21.64	-8.142	41.997	62.2
21.65	-8.122	18.075	47.6
21.66	-8.101	-13.944	-56.3
21.67	-8.077	-38.263	-92.8
21.68	-8.051	-48.970	-88.3
21.69	-8.024	-51.061	-134.9
21.7	-7.997	-51.138	-126.0
21.71	-7.970	-51.141	-140.3
21.72	-7.942	-51.141	-121.8
21.73	-7.913	-51.141	-107.8
21.74	-7.881	-51.141	-135.8
21.75	-7.849	-51.141	-123.4
21.76	-7.815	-51.141	-132.8
21.77	-7.780	-51.141	-124.6
21.78	-7.744	-51.141	-117.5
21.79	-7.709	-51.141	-111.6
21.8	-7.675	-51.141	-99.9
21.81	-7.641	-51.141	-88.0
21.82	-7.609	-51.138	-74.1
21.83	-7.578	-51.117	-115.0
21.84	-7.546	-50.108	-79.1
21.85	-7.516	-43.691	-91.7
21.86	-7.486	-28.884	-102.4
21.87	-7.459	-10.339	-94.9
21.88	-7.434	5.359	-89.0
21.89	-7.411	14.930	-83.3
21.9	-7.386	17.930	-99.6
21.91	-7.362	15.383	-107.0
21.92	-7.339	8.998	-95.8
21.93	-7.319	1.213	-25.0
21.94	-7.300	-6.736	-90.1
21.95	-7.281	-15.450	-111.8
21.96	-7.263	-25.533	-27.0
21.97	-7.246	-36.245	-74.3
21.98	-7.229	-45.164	-32.7
21.99	-7.214	-49.888	-158.0
22.0	-7.199	-51.067	-90.1
22.01	-7.186	-51.138	4.2
22.02	-7.174	-51.141	-39.1
22.03	-7.163	-51.141	15.4
22.04	-7.151	-51.141	-29.2
22.05	-7.141	-51.141	-16.8
22.06	-7.133	-51.138	1.4
22.07	-7.124	-50.959	-92.7
22.08	-7.116	-49.538	-122.5
22.09	-7.106	-46.117	-68.8
22.1	-7.096	-42.269	-32.6
22.11	-7.089	-39.727	-85.9
22.12	-7.084	-38.497	6.7
22.13	-7.079	-37.980	22.6
22.14	-7.072	-37.380	269.9
22.15	-7.066	-36.039	865.0
22.16	-7.061	-34.009	555.2
22.17	-7.057	-31.614	-11.8
22.18	-7.054	-29.275	-72.8
22.19	-7.053	-27.867	-73.2
22.2	-7.053	-27.533	-112.1
22.21	-7.049	-28.055	-139.4
22.22	-7.041	-29.695	-8.9
22.23	-7.035	-31.305	-24.1
22.24	-7.032	-31.214	-98.7
22.25	-7.029	-29.742	-107.4
22.26	-7.026	-27.320	-24.0
22.27	-7.023	-20.864	16.4
22.28	-7.020	-4.009	-59.7
22.29	-7.016	22.706	-33.6
22.3	-7.013	43.845	108.2
22.31	-7.011	50.645	48.3
22.32	-7.009	51.114	54.2
22.33	-7.008	51.139	101.2
22.34	-7.007	51.139	54.4
22.35	-7.006	51.139	146.8
22.36	-7.007	51.139	184.7
22.37	-7.007	51.139	197.4
22.38	-7.008	51.119	129.9
22.39	-7.009	50.273	52.9
22.4	-7.012	42.867	76.6
22.41	-7.015	23.466	-11.3
22.42	-7.018	-0.986	-78.8
22.43	-7.020	-20.522	-88.9
22.44	-7.021	-33.234	-116.7
22.45	-7.023	-41.009	-105.1
22.46	-7.027	-45.964	-79.2
22.47	-7.033	-49.070	-147.3
22.48	-7.038	-50.625	-178.4
22.49	-7.040	-51.094	-129.9
22.5	-7.042	-51.139	-75.6
22.51	-7.043	-51.141	-95.9
22.52	-7.044	-51.141	-118.6
22.53	-7.046	-51.141	-76.8
22.54	-7.049	-51.141	-94.2
22.55	-7.055	-51.141	-156.9
22.56	-7.062	-51.141	-66.1
22.57	-7.069	-51.141	-92.2
22.58	-7.076	-51.141	-120.1
22.59	-7.081	-51.136	-6.6
22.6	-7.084	-51.053	-64.6
22.61	-7.086	-49.417	-150.2
22.62	-7.087	-43.277	-104.0
22.63	-7.088	-33.636	-77.9
22.64	-7.090	-25.269	-91.4
22.65	-7.094	-20.477	-60.9
22.66	-7.098	-19.284	-71.2
22.67	-7.103	-21.461	-119.4
22.68	-7.107	-25.966	1.4
22.69	-7.113	-31.259	-40.8
22.7	-7.118	-36.788	-176.2
22.71	-7.124	-42.555	-109.8
22.72	-7.129	-47.616	-34.8
22.73	-7.134	-50.419	-81.8
22.74	-7.140	-51.106	-56.8
22.75	-7.144	-51.139	-33.5
22.76	-7.149	-51.141	-84.8
22.77	-7.154	-51.141	-33.6
22.78	-7.158	-51.141	64.5
22.79	-7.164	-51.141	-97.0
22.8	-7.171	-51.139	2.4
22.81	-7.180	-51.095	100.4
22.82	-7.190	-50.544	-38.2
22.83	-7.199	-48.975	-51.1
22.84	-7.206	-47.217	-89.0
22.85	-7.211	-46.270	-85.1
22.86	-7.217	-45.597	-66.8
22.87	-7.228	-44.423	-96.9
22.88	-7.248	-42.791	-6.3
22.89	-7.277	-40.641	164.7
22.9	-7.317	-37.886	544.9
22.91	-7.371	-35.425	775.6
22.92	-7.440	-34.478	398.1
22.93	-7.529	-35.041	-0.4
22.94	-7.633	-35.553	-13.9
22.95	-7.746	-34.767	-162.0
22.96	-7.856	-33.219	-176.5
22.97	-7.958	-32.103	22.3
22.98	-8.047	-32.000	-12.5
22.99	-8.128	-32.822	-49.7
23.0	-8.203	-34.031	-77.2
23.01	-8.268	-34.780	-25.4
23.02	-8.329	-33.836	-40.6
23.03	-8.387	-28.186	-73.8
23.04	-8.445	-12.092	19.9
23.05	-8.504	15.627	28.9
23.06	-8.563	40.438	30.2
23.07	-8.624	50.075	63.0
23.08	-8.683	51.109	87.2
23.09	-8.737	51.139	122.2
23.1	-8.789	51.139	147.5
23.11	-8.838	51.139	127.0
23.12	-8.886	51.139	185.6
23.13	-8.933	51.139	144.0
23.14	-8.981	51.123	112.8
23.15	-9.030	50.852	91.7
23.16	-9.076	46.161	54.3
23.17	-9.122	29.758	-17.7
23.18	-9.169	5.089	-31.2
23.19	-9.217	-16.441	-83.1
23.2	-9.266	-30.480	-126.6
23.21	-9.313	-38.144	-121.9
23.22	-9.359	-41.692	-142.4
23.23	-9.404	-43.802	-97.4
23.24	-9.448	-46.450	-100.3
23.25	-9.491	-49.348	-70.9
23.26	-9.531	-50.875	-114.7
23.27	-9.569	-51.134	-169.8
23.28	-9.604	-51.139	-109.2
23.29	-9.640	-51.141	-103.3
23.3	-9.675	-51.141	-78.6
23.31	-9.709	-51.141	-142.3
23.32	-9.742	-51.141	-58.6
23.33	-9.774	-51.141	-79.3
23.34	-9.806	-51.131	-91.2
23.35	-9.840	-50.820	-65.8
23.36	-9.874	-47.697	-119.8
23.37	-9.908	-38.780	-52.5
23.38	-9.938	-26.625	-77.5
23.39	-9.964	-16.289	-105.2
23.4	-9.988	-9.761	-61.7
23.41	-10.013	-7.273	-103.0
23.42	-10.038	-8.638	-73.0
23.43	-10.061	-13.472	-94.2
23.44	-10.084	-20.898	-99.0
23.45	-10.107	-29.273	-57.9
23.46	-10.129	-37.273	-59.0
23.47	-10.151	-44.305	-64.1
23.48	-10.176	-49.091	-54.2
23.49	-10.201	-50.903	-32.4
23.5	-10.223	-51.138	-86.5
23.51	-10.244	-51.141	50.9
23.52	-10.264	-51.141	103.5
23.53	-10.280	-51.141	-85.7
23.54	-10.292	-51.141	-26.5
23.55	-10.301	-51.141	-59.4
23.56	-10.309	-51.139	-125.5
23.57	-10.316	-51.066	-79.7
23.58	-10.322	-50.431	-172.2
23.59	-10.326	-48.698	-29.3
23.6	-10.328	-46.216	83.3
23.61	-10.324	-43.747	119.9
23.62	-10.311	-41.672	493.8
23.63	-10.286	-39.844	689.3
23.64	-10.252	-38.136	200.7
23.65	-10.212	-36.786	-177.3
23.66	-10.172	-35.720	-58.8
23.67	-10.135	-34.709	-60.0
23.68	-10.101	-34.170	-77.6
23.69	-10.063	-34.153	-4.6
23.7	-10.018	-33.956	-30.0
23.71	-9.969	-33.564	-154.1
23.72	-9.927	-33.239	-61.1
23.73	-9.891	-32.513	-47.8
23.74	-9.856	-30.461	-81.4
23.75	-9.821	-25.164	4.3
23.76	-9.786	-12.348	51.1
23.77	-9.754	11.544	42.8
23.78	-9.721	36.877	17.2
23.79	-9.686	49.209	21.9
23.8	-9.649	51.105	100.4
23.81	-9.612	51.133	87.6
23.82	-9.577	51.139	68.6
23.83	-9.544	51.139	185.8
23.84	-9.516	51.139	170.3
23.85	-9.489	51.139	129.4
23.86	-9.464	51.117	188.8
23.87	-9.440	50.667	93.1
23.88	-9.416	44.922	-8.3
23.89	-9.391	27.072	-57.7
23.9	-9.368	2.117	-96.9
23.91	-9.342	-19.248	-62.7
23.92	-9.315	-33.905	-40.0
23.93	-9.289	-42.830	-119.0
23.94	-9.266	-47.855	-127.6
23.95	-9.244	-50.333	-109.2
23.96	-9.221	-51.069	-127.0
23.97	-9.197	-51.139	-166.9
23.98	-9.175	-51.141	-91.3
23.99	-9.151	-51.141	-35.2
24.0	-9.123	-51.141	-45.5
24.01	-9.096	-51.141	-165.3
24.02	-9.071	-51.141	-111.1
24.03	-9.051	-51.141	-74.2
24.04	-9.031	-51.141	-147.2
24.05	-9.008	-51.141	-73.6
24.06	-8.980	-51.130	-18.6
24.07	-8.950	-50.772	-39.4
24.08	-8.919	-47.183	-90.3
24.09	-8.888	-36.967	-70.8
24.1	-8.856	-23.144	-87.3
24.11	-8.824	-11.653	-116.8
24.12	-8.789	-5.044	-74.5
24.13	-8.754	-3.956	-42.8
24.14	-8.719	-8.131	-41.2
24.15	-8.683	-15.955	-54.6
24.16	-8.644	-25.027	-53.6
24.17	-8.604	-33.833	-108.8
24.18	-8.563	-41.961	-9.1
24.19	-8.519	-48.044	3.3
24.2	-8.474	-50.688	35.5
24.21	-8.426	-51.128	43.6
24.22	-8.375	-51.139	-111.7
24.23	-8.321	-51.141	-120.3
24.24	-8.266	-51.141	-35.9
24.25	-8.210	-51.141	-39.7
24.26	-8.156	-51.141	-119.0
24.27	-8.106	-51.139	-93.7
24.28	-8.059	-51.078	13.9
24.29	-8.012	-50.511	37.9
24.3	-7.965	-48.877	265.4
24.31	-7.915	-46.508	738.8
24.32	-7.866	-44.372	534.2
24.33	-7.817	-43.016	-26.0
24.34	-7.768	-42.197	-50.2
24.35	-7.719	-41.609	-92.8
24.36	-7.672	-41.405	-136.3
24.37	-7.624	-41.630	-59.8
24.38	-7.576	-42.023	-60.9
24.39	-7.529	-42.061	-123.8
24.4	-7.484	-41.192	-56.6
24.41	-7.441	-39.298	-39.8
24.42	-7.398	-36.645	-24.6
24.43	-7.353	-32.422	-28.9
24.44	-7.309	-22.603	-26.7
24.45	-7.265	-1.009	49.3
24.46	-7.223	27.753	-44.5
24.47	-7.185	46.373	33.0
24.48	-7.149	50.933	127.6
24.49	-7.112	51.128	84.8
24.5	-7.077	51.139	138.5
24.51	-7.044	51.139	178.5
24.52	-7.014	51.139	163.0
24.53	-6.985	51.139	146.2
24.54	-6.959	51.125	199.3
24.55	-6.936	50.478	91.8
24.56	-6.915	44.592	5.3
24.57	-6.897	28.420	58.8
24.58	-6.881	6.722	-38.3
24.59	-6.867	-11.859	-119.2
24.6	-6.852	-24.766	-100.2
24.61	-6.838	-32.711	-151.0
24.62	-6.825	-36.598	-81.5
24.63	-6.816	-38.295	-94.1
24.64	-6.807	-40.073	-191.6
24.65	-6.796	-42.969	-139.1
24.66	-6.784	-46.978	-133.8
24.67	-6.773	-50.127	-104.2
24.68	-6.761	-51.086	-79.0
24.69	-6.751	-51.138	-122.4
24.7	-6.742	-51.141	-79.2
24.71	-6.734	-51.141	-87.8
24.72	-6.729	-51.141	-127.1
24.73	-6.726	-51.141	-145.9
24.74	-6.721	-51.141	-57.8
24.75	-6.716	-51.134	-102.8
24.76	-6.710	-51.033	-104.8
24.77	-6.704	-49.369	-43.4
24.78	-6.698	-43.664	-98.3
24.79	-6.693	-35.173	-74.8
24.8	-6.689	-27.781	-124.6
24.81	-6.687	-23.253	-103.6
24.82	-6.684	-21.980	-37.6
24.83	-6.682	-23.939	-117.8
24.84	-6.679	-28.395	-40.4
24.85	-6.678	-34.358	-95.0
24.86	-6.676	-40.945	-116.9
24.87	-6.675	-46.722	-55.6
24.88	-6.674	-50.067	-56.6
24.89	-6.673	-51.055	-46.6
24.9	-6.672	-51.138	-106.4
24.91	-6.672	-51.141	-75.4
24.92	-6.672	-51.141	-13.3
24.93	-6.673	-51.141	-97.2
24.94	-6.673	-51.141	-42.9
24.95	-6.674	-51.141	17.8
24.96	-6.676	-51.141	19.5
24.97	-6.679	-51.141	36.9
24.98	-6.682	-51.141	-56.8
24.99	-6.684	-51.141	-59.2
25.0	-6.685	-51.139	-69.2
25.01	-6.685	-51.072	-104.1
25.02	-6.684	-50.533	-8.2
25.03	-6.684	-49.144	-75.9
25.04	-6.686	-47.073	-100.9
25.05	-6.689	-44.520	9.0
25.06	-6.692	-41.614	280.2
25.07	-6.692	-38.892	653.2
25.08	-6.691	-37.055	704.3
25.09	-6.692	-36.217	266.6
25.1	-6.697	-35.888	-77.1
25.11	-6.706	-35.655	-52.2
25.12	-6.718	-35.352	-118.7
25.13	-6.727	-34.917	-118.3
25.14	-6.727	-34.791	-104.1
25.15	-6.721	-35.203	-58.4
25.16	-6.714	-35.445	-24.9
25.17	-6.708	-34.841	-67.1
25.18	-6.701	-32.809	-38.1
25.19	-6.698	-27.720	-73.2
25.2	-6.700	-15.253	-37.8
25.21	-6.699	8.989	16.6
25.22	-6.696	35.617	39.7
25.23	-6.693	48.972	31.1
25.24	-6.691	51.098	54.2
25.25	-6.690	51.133	172.1
25.26	-6.689	51.139	61.3
25.27	-6.689	51.139	50.7
25.28	-6.690	51.139	200.1
25.29	-6.692	51.139	170.5
25.3	-6.694	51.131	219.9
25.31	-6.697	50.975	115.2
25.32	-6.701	47.534	66.9
25.33	-6.706	33.464	62.6
25.34	-6.711	10.039	-72.9
25.35	-6.716	-11.803	-95.9
25.36	-6.719	-27.177	-54.8
25.37	-6.721	-37.516	-77.6
25.38	-6.726	-44.442	-138.6
25.39	-6.734	-48.713	-126.1
25.4	-6.745	-50.645	-95.7
25.41	-6.757	-51.109	-183.3
25.42	-6.771	-51.139	-94.2
25.43	-6.789	-51.141	-51.4
25.44	-6.809	-51.141	-129.5
25.45	-6.831	-51.141	-128.2
25.46	-6.854	-51.141	-130.0
25.47	-6.882	-51.141	-51.7
25.48	-6.911	-51.141	-97.5
25.49	-6.941	-51.141	-157.9
25.5	-6.969	-51.141	-64.5
25.51	-6.993	-51.138	-104.9
25.52	-7.013	-51.083	-47.0
25.53	-7.030	-49.850	-73.7
25.54	-7.049	-44.631	-87.1
25.55	-7.074	-35.539	-131.9
25.56	-7.111	-26.767	-105.8
25.57	-7.160	-21.109	-23.8
25.58	-7.222	-18.889	-99.2
25.59	-7.294	-19.953	-116.9
25.6	-7.369	-24.103	-82.0
25.61	-7.444	-30.639	-38.8
25.62	-7.518	-38.114	-80.7
25.63	-7.587	-44.791	-112.3
25.64	-7.652	-49.175	-70.8
25.65	-7.714	-50.883	-81.0
25.66	-7.772	-51.136	-107.9
25.67	-7.826	-51.141	-91.0
25.68	-7.878	-51.141	-44.8
25.69	-7.929	-51.141	-47.3
25.7	-7.981	-51.141	-70.3
25.71	-8.031	-51.141	-90.6
25.72	-8.081	-51.141	-21.6
25.73	-8.133	-51.141	16.3
25.74	-8.182	-51.141	84.5
25.75	-8.228	-51.141	-15.0
25.76	-8.274	-51.139	-91.5
25.77	-8.318	-51.009	-98.8
25.78	-8.361	-50.089	-86.0
25.79	-8.404	-47.988	-102.3
25.8	-8.451	-45.464	-114.2
25.81	-8.500	-43.119	-11.4
25.82	-8.551	-40.853	49.0
25.83	-8.598	-38.470	235.9
25.84	-8.642	-36.119	606.7
25.85	-8.684	-34.417	671.7
25.86	-8.724	-33.523	108.5
25.87	-8.761	-33.173	-148.9
25.88	-8.796	-33.309	-9.6
25.89	-8.831	-33.633	-58.6
25.9	-8.864	-33.689	-123.8
25.91	-8.893	-33.741	-95.8
25.92	-8.919	-34.416	-44.3
25.93	-8.947	-35.516	-79.5
25.94	-8.979	-36.244	-86.8
25.95	-9.013	-35.677	-22.8
25.96	-9.044	-32.650	17.7
25.97	-9.073	-25.141	-94.1
25.98	-9.102	-8.586	-14.9
25.99	-9.131	18.209	54.2
26.0	-9.160	41.556	-15.8
26.01	-9.188	50.259	79.8
26.02	-9.215	51.106	82.3
26.03	-9.242	51.139	164.3
26.04	-9.271	51.139	173.7
26.05	-9.299	51.139	82.2
26.06	-9.328	51.139	177.6
26.07	-9.354	51.136	87.3
26.08	-9.379	51.114	122.3
26.09	-9.406	49.680	104.0
26.1	-9.432	39.394	-30.8
26.11	-9.457	15.541	6.7
26.12	-9.482	-11.941	-20.8
26.13	-9.507	-32.241	-146.2
26.14	-9.530	-44.098	-113.3
26.15	-9.551	-49.484	-86.0
26.16	-9.571	-50.986	-131.4
26.17	-9.588	-51.139	-157.2
26.18	-9.604	-51.141	-161.0
26.19	-9.621	-51.141	-108.4
26.2	-9.635	-51.141	-110.9
26.21	-9.646	-51.141	-100.8
26.22	-9.655	-51.141	-95.0
26.23	-9.662	-51.141	-109.8
26.24	-9.668	-51.141	-106.2
26.25	-9.670	-51.141	-143.9
26.26	-9.669	-51.141	-79.8
26.27	-9.661	-51.138	-77.6
26.28	-9.646	-51.088	-100.6
26.29	-9.621	-49.775	-97.9
26.3	-9.591	-43.631	-79.7
26.31	-9.556	-31.830	-89.1
26.32	-9.521	-18.605	-81.0
26.33	-9.487	-7.597	-93.9
26.34	-9.453	-0.652	-86.3
26.35	-9.418	1.109	-104.5
26.36	-9.380	-2.084	-88.6
26.37	-9.342	-9.081	-65.7
26.38	-9.305	-18.252	-66.8
26.39	-9.271	-27.853	-90.4
26.4	-9.239	-36.852	-56.8
26.41	-9.209	-44.439	46.8
26.42	-9.179	-49.231	-13.1
26.43	-9.147	-50.930	-30.1
26.44	-9.109	-51.138	-73.3
26.45	-9.068	-51.141	-130.8
26.46	-9.027	-51.141	-64.7
26.47	-8.987	-51.141	-86.3
26.48	-8.951	-51.141	-85.1
26.49	-8.919	-51.141	-71.0
26.5	-8.891	-51.139	-42.2
26.51	-8.863	-51.095	39.3
26.52	-8.831	-50.719	399.5
26.53	-8.799	-49.764	707.1
26.54	-8.769	-48.341	316.1
26.55	-8.742	-46.647	-110.9
26.56	-8.716	-45.202	-72.0
26.57	-8.693	-44.413	-57.6
26.58	-8.673	-44.011	-111.7
26.59	-8.652	-43.734	-142.1
26.6	-8.627	-43.508	-55.3
26.61	-8.603	-42.969	-60.8
26.62	-8.582	-41.708	-64.5
26.63	-8.565	-39.784	-46.3
26.64	-8.546	-37.333	-83.1
26.65	-8.526	-33.117	-18.1
26.66	-8.504	-22.703	28.9
26.67	-8.485	-0.238	-10.7
26.68	-8.464	28.586	32.1
26.69	-8.441	46.645	63.3
26.7	-8.416	50.948	76.5
26.71	-8.390	51.130	109.7
26.72	-8.367	51.139	86.5
26.73	-8.344	51.139	171.6
26.74	-8.322	51.139	110.5
26.75	-8.299	51.139	122.3
26.76	-8.275	51.122	196.3
26.77	-8.251	50.794	66.2
26.78	-8.225	45.416	-4.8
26.79	-8.197	26.886	-23.9
26.8	-8.168	-0.872	-18.9
26.81	-8.134	-25.455	-85.4
26.82	-8.099	-41.639	-157.0
26.83	-8.064	-49.242	-119.1
26.84	-8.034	-51.041	-111.1
26.85	-8.004	-51.136	-118.3
26.86	-7.975	-51.141	-104.6
26.87	-7.947	-51.141	-162.7
26.88	-7.920	-51.141	-68.6
26.89	-7.891	-51.141	-56.2
26.9	-7.861	-51.141	-153.1
26.91	-7.831	-51.141	-102.6
26.92	-7.798	-51.141	-91.5
26.93	-7.763	-51.141	-145.4
26.94	-7.726	-51.141	-51.0
26.95	-7.689	-51.141	-45.6
26.96	-7.653	-51.141	-106.6
26.97	-7.617	-51.141	-85.8
26.98	-7.581	-51.134	-62.0
26.99	-7.546	-50.881	-82.5
27.0	-7.510	-48.798	-104.4
27.01	-7.474	-43.802	-54.3
27.02	-7.439	-38.498	-15.2
27.03	-7.405	-35.664	-100.4
27.04	-7.371	-34.447	-137.4
27.05	-7.338	-32.914	-19.7
27.06	-7.304	-31.266	1.8
27.07	-7.270	-30.991	-147.9
27.08	-7.237	-32.600	-124.4
27.09	-7.205	-35.708	24.0
27.1	-7.174	-39.322	60.1
27.11	-7.144	-42.073	48.8
27.12	-7.113	-44.017	-21.2
27.13	-7.084	-46.534	-93.0
27.14	-7.056	-49.333	-65.3
27.15	-7.029	-50.844	-78.3
27.16	-7.000	-51.131	-131.8
27.17	-6.973	-51.131	-105.8
27.18	-6.949	-50.877	-19.4
27.19	-6.926	-49.594	61.1
27.2	-6.904	-47.167	200.3
27.21	-6.881	-44.784	538.9
27.22	-6.859	-43.233	739.4
27.23	-6.839	-42.398	179.3
27.24	-6.822	-41.934	-56.1
27.25	-6.806	-41.328	-2.3
27.26	-6.793	-40.459	-124.6
27.27	-6.781	-39.713	-60.7
27.28	-6.766	-39.141	-50.2
27.29	-6.750	-38.722	-51.6
27.3	-6.734	-38.411	-112.7
27.31	-6.719	-37.544	-123.6
27.32	-6.704	-35.500	8.2
27.33	-6.687	-31.280	32.0
27.34	-6.669	-21.352	-64.5
27.35	-6.651	-0.275	39.8
27.36	-6.633	27.691	97.9
27.37	-6.617	46.170	4.1
27.38	-6.601	50.905	38.4
27.39	-6.586	51.127	51.8
27.4	-6.570	51.139	136.4
27.41	-6.554	51.139	149.2
27.42	-6.539	51.139	124.9
27.43	-6.525	51.139	196.1
27.44	-6.511	51.131	170.1
27.45	-6.498	50.984	118.8
27.46	-6.486	47.633	98.1
27.47	-6.475	33.616	11.2
27.48	-6.463	9.866	-49.9
27.49	-6.451	-12.884	-60.2
27.5	-6.438	-29.494	-112.1
27.51	-6.425	-40.814	-162.9
27.52	-6.414	-47.681	-69.2
27.53	-6.404	-50.577	-72.6
27.54	-6.393	-51.122	-76.3
27.55	-6.379	-51.139	-105.5
27.56	-6.365	-51.141	-142.7
27.57	-6.351	-51.141	-67.1
27.58	-6.336	-51.141	-84.6
27.59	-6.322	-51.141	-112.5
27.6	-6.309	-51.141	-65.4
27.61	-6.296	-51.141	-123.9
27.62	-6.285	-51.141	-81.3
27.63	-6.275	-51.141	-27.0
27.64	-6.265	-51.141	-98.5
27.65	-6.254	-51.139	-96.0
27.66	-6.242	-51.133	-10.5
27.67	-6.229	-50.650	-52.3
27.68	-6.215	-47.241	-77.1
27.69	-6.201	-39.525	-120.0
27.7	-6.189	-30.731	-107.9
27.71	-6.177	-24.142	-26.4
27.72	-6.166	-20.798	-65.1
27.73	-6.155	-20.970	-13.3
27.74	-6.145	-24.181	-53.9
27.75	-6.136	-29.727	-117.8
27.76	-6.128	-36.428	-58.1
27.77	-6.120	-42.669	-93.1
27.78	-6.114	-47.467	-9.4
27.79	-6.108	-50.222	-13.8
27.8	-6.103	-51.064	-38.1
27.81	-6.099	-51.138	22.9
27.82	-6.096	-51.141	-14.0
27.83	-6.095	-51.141	57.3
27.84	-6.095	-51.141	-2.7
27.85	-6.096	-51.141	-109.6
27.86	-6.096	-51.141	-11.0
27.87	-6.094	-51.138	-63.9
27.88	-6.089	-51.019	-36.3
27.89	-6.085	-50.359	-73.9
27.9	-6.083	-49.022	-49.9
27.91	-6.083	-47.639	73.0
27.92	-6.084	-46.659	53.4
27.93	-6.084	-45.680	438.2
27.94	-6.081	-44.225	879.4
27.95	-6.079	-42.592	476.2
27.96	-6.081	-41.280	-94.1
27.97	-6.089	-40.294	-32.4
27.98	-6.101	-39.491	-40.4
27.99	-6.116	-38.869	-137.2
28.0	-6.126	-38.461	-75.8
28.01	-6.126	-38.067	-15.0
28.02	-6.123	-37.342	-41.0
28.03	-6.119	-36.195	-73.3
28.04	-6.112	-34.472	-103.2
28.05	-6.104	-31.214	-48.0
28.06	-6.098	-23.272	75.6
28.07	-6.093	-4.536	-9.0
28.08	-6.093	23.556	9.4
28.09	-6.096	44.545	68.9
28.1	-6.100	50.770	55.8
28.11	-6.105	51.120	34.3
28.12	-6.111	51.139	79.2
28.13	-6.117	51.139	194.6
28.14	-6.124	51.139	177.8
28.15	-6.133	51.139	102.9
28.16	-6.141	51.136	177.3
28.17	-6.150	51.117	174.0
28.18	-6.161	49.747	78.3
28.19	-6.172	40.100	0.3
28.2	-6.185	18.197	-19.3
28.21	-6.201	-6.703	-42.9
28.22	-6.218	-25.806	-88.0
28.23	-6.232	-38.753	-99.7
28.24	-6.248	-46.648	-119.4
28.25	-6.268	-50.227	-154.4
28.26	-6.289	-51.084	-147.6
28.27	-6.313	-51.139	-98.4
28.28	-6.336	-51.141	-123.5
28.29	-6.363	-51.141	-189.6
28.3	-6.394	-51.141	-67.3
28.31	-6.429	-51.141	-70.1
28.32	-6.471	-51.141	-110.6
28.33	-6.519	-51.141	-104.7
28.34	-6.574	-51.141	-86.8
28.35	-6.634	-51.141	-77.9
28.36	-6.698	-51.141	-127.5
28.37	-6.763	-51.139	-73.7
28.38	-6.828	-51.120	-40.0
28.39	-6.891	-50.456	-76.6
28.4	-6.952	-46.675	-116.3
28.41	-7.011	-38.808	-82.0
28.42	-7.068	-30.023	-82.8
28.43	-7.124	-23.552	-114.8
28.44	-7.180	-20.653	-85.8
28.45	-7.235	-21.375	-129.3
28.46	-7.289	-24.816	-94.7
28.47	-7.343	-30.042	-38.6
28.48	-7.394	-36.331	-71.0
28.49	-7.443	-42.706	-73.6
28.5	-7.492	-47.831	-67.5
28.51	-7.539	-50.492	-66.7
28.52	-7.584	-51.111	31.8
28.53	-7.626	-51.139	-9.0
28.54	-7.668	-51.141	18.3
28.55	-7.712	-51.141	-5.8
28.56	-7.754	-51.141	-140.3
28.57	-7.795	-51.141	-80.6
28.58	-7.836	-51.141	-45.4
28.59	-7.878	-51.141	-99.6
28.6	-7.919	-51.133	-92.5
28.61	-7.961	-50.908	-23.6
28.62	-8.004	-49.831	-12.5
28.63	-8.046	-47.838	259.4
28.64	-8.086	-45.645	661.3
28.65	-8.126	-43.570	658.3
28.66	-8.168	-41.861	156.2
28.67	-8.207	-40.919	-119.1
28.68	-8.244	-40.441	-43.5
28.69	-8.283	-39.734	-144.1
28.7	-8.322	-38.733	-101.8
28.71	-8.362	-37.938	-52.2
28.72	-8.401	-37.620	-76.7
28.73	-8.440	-37.508	-81.5
28.74	-8.479	-37.117	-46.5
28.75	-8.517	-35.834	-11.8
28.76	-8.553	-32.488	-57.3
28.77	-8.588	-23.698	-45.9
28.78	-8.621	-3.552	10.4
28.79	-8.657	25.034	-14.1
28.8	-8.693	45.222	60.8
28.81	-8.728	50.834	86.1
28.82	-8.761	51.123	79.8
28.83	-8.795	51.139	115.7
28.84	-8.829	51.139	132.7
28.85	-8.861	51.139	128.2
28.86	-8.894	51.139	175.4
28.87	-8.927	51.131	139.6
28.88	-8.961	51.023	106.4
28.89	-8.997	48.142	72.0
28.9	-9.034	34.619	-16.6
28.91	-9.070	9.880	-9.8
28.92	-9.103	-14.780	-57.8
28.93	-9.131	-32.397	-133.1
28.94	-9.158	-43.356	-129.0
28.95	-9.184	-48.969	-109.9
28.96	-9.211	-50.858	-97.1
28.97	-9.236	-51.133	-132.1
28.98	-9.259	-51.141	-154.2
28.99	-9.279	-51.141	-113.4
29.0	-9.298	-51.141	-118.0
29.01	-9.315	-51.141	-118.8
29.02	-9.330	-51.141	-89.9
29.03	-9.346	-51.141	-126.3
29.04	-9.362	-51.141	-67.5
29.05	-9.377	-51.141	-52.1
29.06	-9.387	-51.141	-92.8
29.07	-9.389	-51.128	-97.8
29.08	-9.384	-50.823	-114.3
29.09	-9.369	-47.298	-80.0
29.1	-9.344	-36.314	-44.5
29.11	-9.313	-20.275	-50.7
29.12	-9.281	-5.844	-85.9
29.13	-9.252	3.697	-44.1
29.14	-9.228	7.517	-79.1
29.15	-9.204	5.509	-147.6
29.16	-9.176	-1.341	1.6
29.17	-9.143	-10.800	-32.3
29.18	-9.109	-20.984	-58.5
29.19	-9.076	-30.966	41.9
29.2	-9.044	-39.941	15.7
29.21	-9.015	-46.769	-31.3
29.22	-8.984	-50.261	-68.3
29.23	-8.954	-51.098	-83.4
29.24	-8.924	-51.139	-100.3
29.25	-8.896	-51.141	-103.2
29.26	-8.871	-51.141	-67.6
29.27	-8.849	-51.141	-74.2
29.28	-8.830	-51.139	-35.5
29.29	-8.809	-51.119	129.2
29.3	-8.782	-50.908	360.6
29.31	-8.752	-50.325	689.1
29.32	-8.723	-49.466	408.2
29.33	-8.699	-48.441	-115.5
29.34	-8.678	-47.025	-59.6
29.35	-8.661	-45.133	-137.7
29.36	-8.648	-43.364	-108.1
29.37	-8.631	-42.375	-30.2
29.38	-8.611	-42.345	-38.4
29.39	-8.590	-42.698	-93.7
29.4	-8.575	-42.425	-120.5
29.41	-8.564	-41.116	-45.6
29.42	-8.551	-38.081	-3.6
29.43	-8.536	-31.155	-17.0
29.44	-8.522	-16.320	-72.2
29.45	-8.508	9.619	33.0
29.46	-8.491	36.411	37.9
29.47	-8.471	49.202	10.4
29.48	-8.451	51.105	95.5
29.49	-8.433	51.134	78.4
29.5	-8.420	51.139	102.5
29.51	-8.409	51.139	176.4
29.52	-8.398	51.139	101.8
29.53	-8.385	51.133	121.6
29.54	-8.371	51.025	172.9
29.55	-8.359	48.175	35.3
29.56	-8.349	34.775	16.7
29.57	-8.341	10.006	-56.6
29.58	-8.331	-15.138	-69.0
29.59	-8.317	-33.461	-73.0
29.6	-8.301	-44.711	-153.7
29.61	-8.286	-49.809	-120.0
29.62	-8.274	-51.052	-115.0
29.63	-8.262	-51.138	-147.9
29.64	-8.246	-51.141	-87.5
29.65	-8.229	-51.141	-65.4
29.66	-8.210	-51.141	-179.1
29.67	-8.192	-51.141	-142.6
29.68	-8.172	-51.141	-76.5
29.69	-8.152	-51.141	-120.6
29.7	-8.130	-51.141	-141.4
29.71	-8.105	-51.141	-67.1
29.72	-8.077	-51.141	-29.5
29.73	-8.046	-51.141	-122.7
29.74	-8.011	-51.130	-91.0
29.75	-7.973	-50.689	-80.9
29.76	-7.933	-46.458	-136.8
29.77	-7.889	-34.594	-52.9
29.78	-7.844	-18.597	-57.8
29.79	-7.799	-5.191	-65.7
29.8	-7.753	2.778	-30.2
29.81	-7.709	4.606	-114.4
29.82	-7.665	0.459	-74.0
29.83	-7.623	-8.341	-66.5
29.84	-7.583	-19.619	-95.8
29.85	-7.541	-31.158	-69.4
29.86	-7.501	-41.259	-79.2
29.87	-7.461	-48.075	-28.6
29.88	-7.423	-50.750	3.1
29.89	-7.386	-51.133	-3.4
29.9	-7.351	-51.139	-4.0
29.91	-7.317	-51.141	-46.3
29.92	-7.283	-51.141	-18.3
29.93	-7.250	-51.141	-107.6
29.94	-7.219	-51.141	-78.4
29.95	-7.189	-51.141	-51.3
29.96	-7.161	-51.139	-109.5
29.97	-7.136	-51.078	-84.2
29.98	-7.112	-50.467	0.3
29.99	-7.089	-48.766	75.7
