Interval=	0.01 s
ExcelDateTime=	3.9777397009278349e+004	25/11/2008 9:31:41.60165
TimeFormat=	StartOfBlock
ChannelTitle=	Channel 1	Channel 2	Channel 3
Range=	20.000 mV	50.000 mV	1000.0 µV
0.0	-7.323	-20.261	-0.2
0.01	-7.322	-16.753	-40.9
0.02	-7.322	-13.769	-72.8
0.03	-7.322	-11.530	-71.0
0.04	-7.324	-10.130	-76.0
0.05	-7.326	-9.697	-65.9
0.06	-7.328	-10.300	-52.8
0.07	-7.331	-11.738	-64.0
0.08	-7.333	-13.592	-77.8
0.09	-7.334	-15.459	-50.3
0.1	-7.336	-17.164	-15.8
0.11	-7.335	-18.822	5.7
0.12	-7.333	-20.466	9.7
0.13	-7.333	-21.877	-19.8
0.14	-7.336	-22.891	-48.4
0.15	-7.338	-23.569	-59.9
0.16	-7.339	-24.050	-54.6
0.17	-7.341	-24.300	-68.6
0.18	-7.345	-24.208	-87.2
0.19	-7.351	-23.847	-38.7
0.2	-7.353	-23.367	71.9
0.21	-7.354	-22.809	284.2
0.22	-7.356	-22.145	532.0
0.23	-7.360	-21.459	485.8
0.24	-7.365	-20.950	159.4
0.25	-7.371	-20.688	-57.6
0.26	-7.378	-20.691	-91.7
0.27	-7.383	-20.980	-73.0
0.28	-7.387	-21.372	-60.6
0.29	-7.391	-21.672	-61.1
0.3	-7.395	-21.878	-54.9
0.31	-7.400	-21.916	-52.7
0.32	-7.406	-21.308	-46.0
0.33	-7.413	-18.791	-27.3
0.34	-7.423	-11.811	-27.8
0.35	-7.433	2.438	-21.2
0.36	-7.444	23.236	10.4
0.37	-7.452	41.784	48.2
0.38	-7.461	49.941	68.0
0.39	-7.469	51.119	81.6
0.4	-7.476	51.136	97.3
0.41	-7.481	51.136	112.1
0.42	-7.484	51.111	114.0
0.43	-7.488	49.989	94.3
0.44	-7.492	43.030	103.9
0.45	-7.498	27.544	92.2
0.46	-7.503	8.797	27.2
0.47	-7.509	-7.794	-14.7
0.48	-7.518	-20.909	-36.0
0.49	-7.529	-30.369	-59.7
0.5	-7.538	-36.430	-77.3
0.51	-7.546	-39.711	-102.3
0.52	-7.553	-40.902	-117.8
0.53	-7.562	-40.716	-94.6
0.54	-7.573	-40.111	-81.5
0.55	-7.583	-40.022	-100.5
0.56	-7.591	-40.763	-109.0
0.57	-7.597	-41.827	-97.6
0.58	-7.601	-42.241	-93.1
0.59	-7.604	-41.247	-90.9
0.6	-7.609	-38.780	-62.5
0.61	-7.616	-35.264	-48.4
0.62	-7.622	-31.144	-66.2
0.63	-7.630	-26.556	-67.2
0.64	-7.638	-21.477	-69.8
0.65	-7.643	-16.184	-76.2
0.66	-7.648	-11.211	-80.5
0.67	-7.656	-7.052	-95.1
0.68	-7.664	-4.092	-80.7
0.69	-7.671	-2.461	-44.0
0.7	-7.677	-1.981	-40.8
0.71	-7.683	-2.541	-43.5
0.72	-7.690	-4.069	-25.3
0.73	-7.693	-6.258	-19.8
0.74	-7.693	-8.683	-21.3
0.75	-7.693	-11.192	-17.7
0.76	-7.695	-13.841	-23.3
0.77	-7.697	-16.644	-29.0
0.78	-7.700	-19.464	-34.6
0.79	-7.704	-21.802	-55.7
0.8	-7.708	-23.295	-82.1
0.81	-7.710	-24.289	-63.0
0.82	-7.711	-25.195	-4.7
0.83	-7.708	-25.903	69.6
0.84	-7.703	-26.141	236.7
0.85	-7.698	-25.958	473.1
0.86	-7.697	-25.581	450.1
0.87	-7.700	-25.105	134.3
0.88	-7.703	-24.964	-57.6
0.89	-7.703	-25.075	-70.7
0.9	-7.697	-24.633	-60.3
0.91	-7.685	-23.816	-50.0
0.92	-7.666	-23.364	-49.8
0.93	-7.643	-22.942	-38.8
0.94	-7.613	-21.831	-26.4
0.95	-7.578	-20.180	-54.6
0.96	-7.543	-17.542	-79.6
0.97	-7.511	-11.583	-12.3
0.98	-7.483	0.703	35.7
0.99	-7.460	19.936	24.6
1.0	-7.436	39.167	36.3
1.01	-7.411	49.131	59.7
1.02	-7.381	51.069	69.8
1.03	-7.349	51.133	74.7
1.04	-7.317	51.136	90.0
1.05	-7.286	51.122	115.3
1.06	-7.257	50.186	117.0
1.07	-7.232	43.805	83.6
1.08	-7.210	28.900	75.7
1.09	-7.192	10.206	65.3
1.1	-7.178	-6.742	-1.4
1.11	-7.168	-20.294	-72.5
1.12	-7.161	-29.992	-103.3
1.13	-7.157	-36.014	-83.3
1.14	-7.151	-39.025	-82.1
1.15	-7.143	-39.909	-109.3
1.16	-7.135	-39.708	-92.9
1.17	-7.129	-39.436	-74.6
1.18	-7.123	-39.708	-92.3
1.19	-7.116	-40.491	-89.8
1.2	-7.109	-41.250	-82.3
1.21	-7.103	-41.434	-97.8
1.22	-7.096	-40.703	-106.3
1.23	-7.092	-38.908	-104.8
1.24	-7.089	-36.145	-74.3
1.25	-7.086	-32.631	-58.6
1.26	-7.084	-28.542	-81.8
1.27	-7.082	-24.044	-82.8
1.28	-7.081	-19.380	-83.2
1.29	-7.079	-14.864	-91.0
1.3	-7.078	-10.775	-89.5
1.31	-7.076	-7.353	-77.0
1.32	-7.076	-4.911	-60.8
1.33	-7.075	-3.688	-57.0
1.34	-7.072	-3.602	-70.8
1.35	-7.069	-4.392	-65.4
1.36	-7.067	-5.795	-38.8
1.37	-7.066	-7.514	-45.6
1.38	-7.066	-9.263	-39.3
1.39	-7.066	-10.733	6.1
1.4	-7.065	-11.620	-0.9
1.41	-7.062	-11.759	-33.7
1.42	-7.059	-11.002	-56.1
1.43	-7.058	-9.158	-95.7
1.44	-7.059	-6.052	-102.3
1.45	-7.062	-2.327	-83.7
1.46	-7.064	0.700	-54.7
1.47	-7.066	3.344	-6.7
1.48	-7.064	7.992	80.1
1.49	-7.061	13.245	317.5
1.5	-7.060	12.333	515.7
1.51	-7.061	5.167	355.4
1.52	-7.064	-1.436	39.2
1.53	-7.066	-5.102	-92.6
1.54	-7.064	-7.316	-89.3
1.55	-7.060	-8.795	-77.0
1.56	-7.057	-9.730	-81.2
1.57	-7.052	-10.877	-85.3
1.58	-7.046	-12.306	-76.7
1.59	-7.042	-13.213	-53.7
1.6	-7.043	-12.897	-31.5
1.61	-7.044	-9.936	-21.5
1.62	-7.044	-2.005	-21.4
1.63	-7.045	12.539	-25.6
1.64	-7.048	31.381	4.2
1.65	-7.051	45.683	31.7
1.66	-7.056	50.648	19.8
1.67	-7.059	51.122	40.7
1.68	-7.062	51.128	91.2
1.69	-7.066	50.506	109.7
1.7	-7.072	45.478	106.2
1.71	-7.075	32.184	104.5
1.72	-7.076	13.800	81.5
1.73	-7.074	-4.234	33.2
1.74	-7.072	-20.019	-14.7
1.75	-7.071	-32.953	-48.7
1.76	-7.074	-42.609	-84.6
1.77	-7.080	-48.491	-114.4
1.78	-7.086	-50.763	-124.8
1.79	-7.091	-51.128	-126.5
1.8	-7.093	-50.994	-118.2
1.81	-7.096	-49.939	-107.9
1.82	-7.099	-47.511	-110.2
1.83	-7.103	-45.009	-123.7
1.84	-7.106	-43.730	-128.0
1.85	-7.107	-43.288	-117.3
1.86	-7.109	-42.661	-117.6
1.87	-7.112	-41.263	-105.9
1.88	-7.116	-39.078	-92.4
1.89	-7.119	-36.413	-90.8
1.9	-7.124	-33.569	-82.5
1.91	-7.130	-30.619	-83.4
1.92	-7.135	-27.484	-103.5
1.93	-7.139	-24.147	-119.4
1.94	-7.143	-20.686	-103.6
1.95	-7.146	-17.448	-83.6
1.96	-7.149	-14.966	-95.8
1.97	-7.150	-13.369	-93.3
1.98	-7.151	-12.302	-80.0
1.99	-7.152	-11.527	-82.4
2.0	-7.155	-11.283	-90.0
2.01	-7.159	-11.927	-108.1
2.02	-7.164	-13.280	-104.7
2.03	-7.169	-14.816	-87.8
2.04	-7.174	-16.397	-80.7
2.05	-7.179	-18.352	-78.9
2.06	-7.185	-20.811	-92.7
2.07	-7.192	-23.380	-72.8
2.08	-7.197	-25.642	-25.2
2.09	-7.204	-27.472	-17.5
2.1	-7.210	-28.736	-5.3
2.11	-7.217	-29.178	13.9
2.12	-7.222	-28.808	-37.1
2.13	-7.224	-27.973	-87.4
2.14	-7.226	-27.009	-105.1
2.15	-7.229	-26.048	-105.2
2.16	-7.234	-25.273	-84.3
2.17	-7.239	-25.059	-56.3
2.18	-7.243	-25.211	-20.1
2.19	-7.244	-25.108	45.7
2.2	-7.241	-24.622	238.1
2.21	-7.238	-23.813	483.3
2.22	-7.240	-22.766	449.8
2.23	-7.246	-21.775	137.3
2.24	-7.253	-20.955	-69.0
2.25	-7.256	-20.205	-93.8
2.26	-7.255	-19.508	-79.4
2.27	-7.254	-18.828	-70.5
2.28	-7.254	-18.113	-81.1
2.29	-7.252	-17.344	-90.6
2.3	-7.250	-16.358	-87.7
2.31	-7.250	-14.541	-72.0
2.32	-7.253	-10.498	-53.5
2.33	-7.259	-1.698	-31.4
2.34	-7.264	14.191	-17.3
2.35	-7.271	33.745	7.4
2.36	-7.276	47.027	22.3
2.37	-7.282	50.886	30.6
2.38	-7.287	51.127	49.3
2.39	-7.291	51.139	58.6
2.4	-7.294	51.133	81.8
2.41	-7.295	51.027	108.3
2.42	-7.296	48.714	113.7
2.43	-7.296	39.200	94.8
2.44	-7.297	22.402	74.0
2.45	-7.296	4.377	48.3
2.46	-7.296	-11.095	-19.6
2.47	-7.297	-22.967	-73.2
2.48	-7.303	-30.830	-74.6
2.49	-7.311	-35.339	-76.8
2.5	-7.317	-37.575	-113.3
2.51	-7.322	-38.303	-132.3
2.52	-7.327	-38.195	-124.3
2.53	-7.332	-37.930	-120.7
2.54	-7.336	-37.995	-116.7
2.55	-7.337	-38.631	-125.5
2.56	-7.337	-39.638	-120.0
2.57	-7.338	-40.319	-90.7
2.58	-7.339	-39.977	-89.1
2.59	-7.342	-38.466	-98.6
2.6	-7.346	-36.052	-94.1
2.61	-7.349	-33.019	-83.9
2.62	-7.353	-29.577	-96.4
2.63	-7.356	-25.763	-104.8
2.64	-7.361	-21.617	-86.3
2.65	-7.367	-17.578	-89.4
2.66	-7.378	-14.181	-96.5
2.67	-7.397	-11.578	-85.7
2.68	-7.423	-9.709	-83.3
2.69	-7.457	-8.527	-94.4
2.7	-7.494	-7.970	-95.0
2.71	-7.531	-8.003	-80.8
2.72	-7.567	-8.672	-86.8
2.73	-7.599	-10.033	-102.3
2.74	-7.626	-11.995	-90.5
2.75	-7.647	-14.244	-74.5
2.76	-7.664	-16.423	-71.2
2.77	-7.679	-18.336	-43.8
2.78	-7.693	-20.016	-35.6
2.79	-7.707	-21.641	-30.7
2.8	-7.720	-23.189	-2.7
2.81	-7.732	-24.477	-16.4
2.82	-7.745	-25.458	-42.0
2.83	-7.756	-26.173	-65.7
2.84	-7.765	-26.584	-105.7
2.85	-7.773	-26.567	-100.5
2.86	-7.777	-26.105	-69.7
2.87	-7.781	-25.447	-67.2
2.88	-7.781	-24.880	-11.9
2.89	-7.777	-24.411	167.1
2.9	-7.773	-23.888	448.4
2.91	-7.771	-23.289	568.4
2.92	-7.771	-22.645	304.4
2.93	-7.771	-21.917	-2.2
2.94	-7.769	-21.178	-111.3
2.95	-7.766	-20.606	-117.0
2.96	-7.763	-20.153	-90.9
2.97	-7.761	-19.638	-62.4
2.98	-7.762	-19.109	-50.9
2.99	-7.764	-18.594	-60.8
3.0	-7.767	-17.836	-63.2
3.01	-7.767	-16.098	-48.8
3.02	-7.768	-11.397	-25.7
3.03	-7.771	-0.728	-10.3
3.04	-7.776	17.145	20.2
3.05	-7.782	36.663	58.4
3.06	-7.788	48.205	63.4
3.07	-7.794	51.005	44.2
3.08	-7.799	51.133	53.3
3.09	-7.804	51.139	107.9
3.1	-7.808	51.127	130.6
3.11	-7.811	50.873	125.0
3.12	-7.817	47.280	124.5
3.13	-7.821	35.230	109.6
3.14	-7.825	16.703	70.5
3.15	-7.831	-1.328	13.1
3.16	-7.839	-15.859	-32.0
3.17	-7.849	-26.702	-73.1
3.18	-7.856	-33.984	-100.1
3.19	-7.864	-38.111	-91.1
3.2	-7.873	-39.830	-101.2
3.21	-7.882	-39.927	-128.0
3.22	-7.889	-39.292	-121.7
3.23	-7.895	-38.813	-92.8
3.24	-7.901	-38.989	-90.3
3.25	-7.908	-39.670	-105.1
3.26	-7.914	-40.034	-105.2
3.27	-7.920	-39.484	-92.7
3.28	-7.925	-37.958	-76.6
3.29	-7.933	-35.408	-72.4
3.3	-7.942	-31.897	-78.1
3.31	-7.949	-27.736	-82.0
3.32	-7.956	-23.202	-93.7
3.33	-7.962	-18.498	-83.5
3.34	-7.969	-13.794	-56.8
3.35	-7.977	-9.348	-64.1
3.36	-7.983	-5.614	-78.2
3.37	-7.986	-2.978	-60.7
3.38	-7.988	-1.759	-66.7
3.39	-7.991	-2.000	-92.6
3.4	-7.998	-3.167	-77.0
3.41	-8.004	-4.930	-45.2
3.42	-8.008	-7.370	-42.5
3.43	-8.014	-10.225	-32.3
3.44	-8.021	-13.031	15.0
3.45	-8.029	-15.609	35.5
3.46	-8.034	-17.858	-0.6
3.47	-8.036	-19.714	-48.2
3.48	-8.040	-21.228	-82.1
3.49	-8.046	-22.430	-92.1
3.5	-8.053	-23.347	-87.6
3.51	-8.059	-23.955	-73.8
3.52	-8.068	-24.134	-39.8
3.53	-8.076	-23.867	1.6
3.54	-8.078	-23.281	95.8
3.55	-8.075	-22.619	342.0
3.56	-8.072	-22.169	507.4
3.57	-8.073	-21.981	313.3
3.58	-8.080	-21.950	25.9
3.59	-8.086	-22.036	-79.5
3.6	-8.088	-22.097	-82.0
3.61	-8.087	-21.917	-56.0
3.62	-8.085	-21.572	-53.6
3.63	-8.084	-21.288	-90.0
3.64	-8.082	-21.031	-85.3
3.65	-8.081	-20.481	-45.9
3.66	-8.079	-19.097	-30.5
3.67	-8.074	-15.905	-21.1
3.68	-8.069	-8.880	-14.8
3.69	-8.068	4.597	-6.6
3.7	-8.064	24.273	7.0
3.71	-8.055	42.048	31.6
3.72	-8.037	49.963	58.1
3.73	-8.011	51.119	84.2
3.74	-7.981	51.136	103.4
3.75	-7.946	51.136	101.8
3.76	-7.909	51.106	98.2
3.77	-7.870	49.906	95.4
3.78	-7.829	42.792	85.8
3.79	-7.786	27.353	53.2
3.8	-7.740	8.950	8.6
3.81	-7.696	-7.266	-27.0
3.82	-7.655	-20.084	-56.6
3.83	-7.624	-29.264	-73.6
3.84	-7.598	-35.047	-90.4
3.85	-7.575	-38.119	-98.7
3.86	-7.553	-39.286	-103.9
3.87	-7.533	-39.352	-96.9
3.88	-7.514	-39.142	-98.9
3.89	-7.497	-39.283	-114.9
3.9	-7.480	-39.961	-94.3
3.91	-7.463	-40.784	-88.5
3.92	-7.444	-40.994	-99.3
3.93	-7.428	-40.081	-79.6
3.94	-7.414	-38.036	-63.5
3.95	-7.401	-35.039	-70.8
3.96	-7.391	-31.269	-92.9
3.97	-7.384	-26.913	-86.9
3.98	-7.378	-22.233	-70.9
3.99	-7.373	-17.478	-83.9
4.0	-7.366	-12.794	-91.5
4.01	-7.356	-8.463	-68.6
4.02	-7.344	-5.022	-66.3
4.03	-7.334	-2.895	-78.0
4.04	-7.326	-2.148	-62.6
4.05	-7.318	-2.700	-47.5
4.06	-7.311	-4.428	-43.6
4.07	-7.304	-7.023	-36.8
4.08	-7.296	-10.053	-8.9
4.09	-7.287	-13.161	-2.1
4.1	-7.279	-16.033	-35.9
4.11	-7.273	-18.361	-59.8
4.12	-7.268	-20.041	-76.3
4.13	-7.265	-21.189	-93.3
4.14	-7.264	-21.963	-107.6
4.15	-7.263	-22.498	-89.5
4.16	-7.262	-22.934	-25.9
4.17	-7.260	-23.286	66.3
4.18	-7.254	-23.459	283.2
4.19	-7.247	-23.466	503.3
4.2	-7.241	-23.409	374.4
4.21	-7.236	-23.278	64.0
4.22	-7.234	-23.106	-86.3
4.23	-7.231	-23.106	-123.9
4.24	-7.229	-23.253	-115.8
4.25	-7.227	-23.227	-86.1
4.26	-7.223	-22.972	-78.9
4.27	-7.218	-22.630	-72.9
4.28	-7.216	-22.075	-63.9
4.29	-7.216	-20.992	-62.6
4.3	-7.219	-18.342	-51.8
4.31	-7.224	-11.650	-35.0
4.32	-7.230	1.700	-25.8
4.33	-7.236	21.352	-9.0
4.34	-7.241	40.022	16.4
4.35	-7.246	49.338	35.6
4.36	-7.250	51.080	43.6
4.37	-7.254	51.134	67.7
4.38	-7.258	51.136	96.1
4.39	-7.261	51.105	106.4
4.4	-7.264	49.889	107.3
4.41	-7.266	42.747	81.5
4.42	-7.268	27.353	38.1
4.43	-7.271	9.184	0.4
4.44	-7.271	-6.614	-51.5
4.45	-7.271	-19.077	-87.8
4.46	-7.273	-28.091	-95.3
4.47	-7.275	-33.786	-94.7
4.48	-7.277	-36.739	-104.7
4.49	-7.281	-37.833	-123.7
4.5	-7.286	-38.033	-132.6
4.51	-7.290	-38.138	-140.5
4.52	-7.294	-38.645	-139.1
4.53	-7.295	-39.706	-98.3
4.54	-7.296	-40.922	-82.1
4.55	-7.298	-41.547	-104.4
4.56	-7.299	-41.044	-109.5
4.57	-7.299	-39.434	-92.3
4.58	-7.301	-37.055	-87.5
4.59	-7.304	-34.033	-110.0
4.6	-7.306	-30.270	-108.8
4.61	-7.309	-25.952	-85.7
4.62	-7.313	-21.492	-81.3
4.63	-7.315	-17.186	-92.1
4.64	-7.317	-13.270	-90.5
4.65	-7.320	-10.027	-79.6
4.66	-7.321	-7.741	-95.7
4.67	-7.322	-6.486	-105.7
4.68	-7.324	-6.123	-99.2
4.69	-7.326	-6.653	-86.4
4.7	-7.328	-8.108	-72.4
4.71	-7.332	-10.173	-73.9
4.72	-7.336	-12.517	-57.8
4.73	-7.338	-15.036	-51.6
4.74	-7.339	-17.502	-42.3
4.75	-7.340	-19.628	-10.0
4.76	-7.342	-21.356	-22.7
4.77	-7.343	-22.744	-31.8
4.78	-7.341	-23.823	-48.8
4.79	-7.343	-24.613	-86.5
4.8	-7.348	-25.075	-99.6
4.81	-7.352	-25.264	-102.6
4.82	-7.354	-25.325	-81.7
4.83	-7.357	-25.298	-63.7
4.84	-7.356	-25.086	37.9
4.85	-7.354	-24.620	318.8
4.86	-7.353	-24.000	542.3
4.87	-7.355	-23.425	409.8
4.88	-7.359	-23.042	75.1
4.89	-7.361	-22.852	-95.7
4.9	-7.361	-22.781	-113.8
4.91	-7.357	-22.736	-99.8
4.92	-7.354	-22.681	-89.6
4.93	-7.353	-22.561	-91.6
4.94	-7.349	-22.191	-69.4
4.95	-7.348	-21.334	-62.8
4.96	-7.349	-19.556	-82.9
4.97	-7.351	-15.356	-87.3
4.98	-7.352	-5.878	-59.3
4.99	-7.355	10.934	-10.7
5.0	-7.359	31.559	2.3
5.01	-7.363	46.123	-1.4
5.02	-7.367	50.750	29.0
5.03	-7.370	51.122	66.0
5.04	-7.374	51.139	75.2
5.05	-7.377	51.133	85.3
5.06	-7.379	50.994	94.2
5.07	-7.381	48.289	98.1
5.08	-7.382	37.962	76.8
5.09	-7.383	20.628	37.1
5.1	-7.384	2.811	16.0
5.11	-7.384	-11.906	-33.8
5.12	-7.388	-23.066	-82.2
5.13	-7.393	-30.697	-84.7
5.14	-7.399	-35.125	-105.6
5.15	-7.404	-37.072	-127.2
5.16	-7.409	-37.488	-129.8
5.17	-7.414	-37.380	-129.3
5.18	-7.419	-37.608	-129.4
5.19	-7.423	-38.428	-133.9
5.2	-7.424	-39.569	-126.1
5.21	-7.423	-40.634	-110.2
5.22	-7.421	-41.134	-102.4
5.23	-7.421	-40.669	-105.3
5.24	-7.422	-39.131	-91.3
5.25	-7.424	-36.661	-76.7
5.26	-7.428	-33.508	-105.6
5.27	-7.431	-29.813	-106.9
5.28	-7.433	-25.639	-92.0
5.29	-7.436	-21.284	-97.1
5.3	-7.438	-17.134	-86.6
5.31	-7.441	-13.458	-87.8
5.32	-7.443	-10.489	-115.0
5.33	-7.445	-8.358	-106.3
5.34	-7.446	-7.152	-79.2
5.35	-7.447	-6.942	-93.7
5.36	-7.449	-7.700	-103.9
5.37	-7.451	-9.278	-70.0
5.38	-7.454	-11.336	-51.9
5.39	-7.456	-13.534	-70.0
5.4	-7.458	-15.725	-68.6
5.41	-7.461	-17.770	-34.0
5.42	-7.464	-19.555	-0.8
5.43	-7.468	-21.109	4.7
5.44	-7.473	-22.483	-17.8
5.45	-7.478	-23.667	-57.5
5.46	-7.484	-24.611	-94.6
5.47	-7.494	-25.269	-104.4
5.48	-7.511	-25.619	-100.2
5.49	-7.539	-25.655	-88.0
5.5	-7.576	-25.472	-47.9
5.51	-7.617	-25.191	53.4
5.52	-7.659	-24.827	289.9
5.53	-7.701	-24.480	542.3
5.54	-7.743	-24.253	455.7
5.55	-7.780	-24.028	114.7
5.56	-7.808	-23.664	-73.0
5.57	-7.823	-23.227	-92.6
5.58	-7.828	-22.838	-106.0
5.59	-7.827	-22.536	-113.6
5.6	-7.822	-22.334	-94.2
5.61	-7.816	-22.116	-73.9
5.62	-7.811	-21.606	-74.3
5.63	-7.807	-20.283	-70.8
5.64	-7.806	-16.728	-53.6
5.65	-7.808	-8.319	-39.8
5.66	-7.812	7.241	-16.3
5.67	-7.816	27.845	-2.0
5.68	-7.821	44.192	-0.3
5.69	-7.825	50.402	37.5
5.7	-7.829	51.123	71.5
5.71	-7.830	51.139	81.1
5.72	-7.829	51.136	98.9
5.73	-7.826	51.064	122.7
5.74	-7.822	49.194	124.5
5.75	-7.819	40.514	105.9
5.76	-7.817	23.977	65.1
5.77	-7.816	5.545	5.1
5.78	-7.814	-10.322	-27.1
5.79	-7.814	-22.553	-43.9
5.8	-7.816	-30.888	-68.8
5.81	-7.819	-35.736	-80.9
5.82	-7.822	-37.936	-104.8
5.83	-7.825	-38.459	-138.1
5.84	-7.828	-38.292	-129.5
5.85	-7.831	-38.203	-90.9
5.86	-7.836	-38.595	-85.3
5.87	-7.841	-39.550	-98.2
5.88	-7.846	-40.555	-89.1
5.89	-7.851	-40.708	-78.1
5.9	-7.856	-39.548	-95.8
5.91	-7.861	-37.263	-100.9
5.92	-7.866	-34.189	-87.8
5.93	-7.872	-30.453	-82.6
5.94	-7.878	-26.080	-86.7
5.95	-7.885	-21.252	-83.3
5.96	-7.890	-16.305	-58.3
5.97	-7.892	-11.714	-60.9
5.98	-7.894	-7.903	-86.7
5.99	-7.899	-5.092	-76.3
6.0	-7.903	-3.422	-67.8
6.01	-7.907	-2.875	-79.4
6.02	-7.910	-3.336	-58.8
6.03	-7.913	-4.748	-36.5
6.04	-7.917	-6.878	-13.4
6.05	-7.921	-9.378	38.4
6.06	-7.924	-12.078	11.2
6.07	-7.926	-14.742	-61.3
6.08	-7.929	-17.066	-82.4
6.09	-7.932	-19.002	-88.3
6.1	-7.935	-20.622	-77.7
6.11	-7.941	-21.917	-58.4
6.12	-7.950	-22.856	-46.3
6.13	-7.958	-23.363	2.2
6.14	-7.961	-23.422	105.3
6.15	-7.961	-23.236	305.8
6.16	-7.961	-23.048	483.8
6.17	-7.962	-22.909	339.4
6.18	-7.963	-22.708	20.2
6.19	-7.966	-22.428	-96.3
6.2	-7.971	-22.161	-77.8
6.21	-7.974	-21.880	-60.0
6.22	-7.973	-21.564	-58.8
6.23	-7.970	-21.298	-71.0
6.24	-7.968	-20.991	-68.0
6.25	-7.966	-20.459	-71.4
6.26	-7.963	-19.467	-56.2
6.27	-7.961	-16.889	-22.7
6.28	-7.961	-9.939	-1.2
6.29	-7.962	4.450	8.9
6.3	-7.961	25.180	9.3
6.31	-7.958	42.897	35.7
6.32	-7.952	50.178	75.2
6.33	-7.945	51.120	86.8
6.34	-7.938	51.138	79.1
6.35	-7.931	51.134	94.6
6.36	-7.924	51.073	120.4
6.37	-7.916	49.352	136.5
6.38	-7.904	40.803	115.4
6.39	-7.889	23.934	52.8
6.4	-7.869	5.100	7.1
6.41	-7.845	-10.636	-13.6
6.42	-7.821	-22.530	-58.8
6.43	-7.799	-30.836	-95.6
6.44	-7.779	-35.955	-88.6
6.45	-7.757	-38.359	-77.2
6.46	-7.732	-38.766	-87.4
6.47	-7.704	-38.244	-95.9
6.48	-7.674	-37.864	-88.2
6.49	-7.641	-38.277	-95.2
6.5	-7.606	-39.456	-99.4
6.51	-7.571	-40.663	-81.8
6.52	-7.540	-40.970	-85.0
6.53	-7.513	-39.931	-83.4
6.54	-7.490	-37.614	-56.0
6.55	-7.470	-34.292	-53.0
6.56	-7.454	-30.280	-69.5
6.57	-7.440	-25.747	-70.7
6.58	-7.428	-20.706	-76.4
6.59	-7.418	-15.338	-74.1
6.6	-7.409	-10.164	-58.6
6.61	-7.402	-5.839	-46.4
6.62	-7.396	-2.848	-45.5
6.63	-7.391	-1.308	-51.4
6.64	-7.385	-1.075	-42.7
6.65	-7.380	-1.931	-18.2
6.66	-7.376	-3.555	6.1
6.67	-7.371	-5.497	16.5
6.68	-7.367	-7.269	-2.8
6.69	-7.363	-8.473	-32.1
6.7	-7.359	-9.111	-77.3
6.71	-7.353	-9.644	-112.8
6.72	-7.349	-10.736	-108.6
6.73	-7.349	-12.972	-122.3
6.74	-7.351	-16.030	-85.8
6.75	-7.350	-18.753	41.9
6.76	-7.345	-20.684	213.1
6.77	-7.341	-22.353	439.0
6.78	-7.339	-24.025	459.4
6.79	-7.341	-25.417	169.3
6.8	-7.344	-26.270	-57.9
6.81	-7.346	-26.570	-90.5
6.82	-7.346	-26.544	-72.3
6.83	-7.344	-26.438	-70.4
6.84	-7.343	-26.331	-92.3
6.85	-7.340	-26.097	-84.2
6.86	-7.335	-25.450	-63.9
6.87	-7.331	-24.067	-52.1
6.88	-7.328	-21.078	-34.6
6.89	-7.326	-14.184	-25.3
6.9	-7.327	-0.603	-12.3
6.91	-7.329	19.773	-4.4
6.92	-7.332	39.448	-6.3
6.93	-7.335	49.278	31.1
6.94	-7.338	51.080	67.6
6.95	-7.341	51.133	81.0
6.96	-7.343	51.134	112.3
6.97	-7.343	51.036	118.2
6.98	-7.345	48.838	112.7
6.99	-7.346	39.464	104.3
7.0	-7.346	22.547	66.6
7.01	-7.345	4.469	21.2
7.02	-7.347	-10.530	-22.8
7.03	-7.350	-21.867	-64.8
7.04	-7.354	-29.667	-96.2
7.05	-7.358	-34.297	-100.6
7.06	-7.362	-36.334	-112.5
7.07	-7.364	-36.508	-131.8
7.08	-7.366	-35.884	-120.1
7.09	-7.367	-35.653	-102.4
7.1	-7.369	-36.436	-110.6
7.11	-7.373	-38.028	-117.2
7.12	-7.375	-39.813	-96.7
7.13	-7.379	-41.130	-95.9
7.14	-7.382	-41.380	-108.8
7.15	-7.385	-40.191	-93.7
7.16	-7.388	-37.602	-84.4
7.17	-7.391	-33.900	-86.6
7.18	-7.396	-29.373	-79.3
7.19	-7.401	-24.367	-74.2
7.2	-7.407	-19.377	-96.4
7.21	-7.412	-14.936	-109.6
7.22	-7.415	-11.408	-106.8
7.23	-7.418	-8.878	-86.7
7.24	-7.421	-7.409	-59.7
7.25	-7.424	-7.069	-69.0
7.26	-7.426	-7.688	-79.6
7.27	-7.427	-9.048	-75.7
7.28	-7.429	-10.997	-82.1
7.29	-7.433	-13.303	-85.3
7.3	-7.436	-15.720	-79.2
7.31	-7.440	-18.002	-51.9
7.32	-7.443	-19.928	-13.4
7.33	-7.447	-21.441	20.8
7.34	-7.451	-22.652	19.3
7.35	-7.453	-23.667	-30.7
7.36	-7.454	-24.442	-75.0
7.37	-7.454	-24.970	-97.3
7.38	-7.456	-25.342	-95.9
7.39	-7.459	-25.622	-83.4
7.4	-7.463	-25.853	-72.4
7.41	-7.466	-25.963	-37.9
7.42	-7.466	-25.759	36.8
7.43	-7.463	-25.227	236.7
7.44	-7.460	-24.544	487.9
7.45	-7.461	-23.858	483.9
7.46	-7.466	-23.263	190.4
7.47	-7.469	-22.869	-53.6
7.48	-7.468	-22.702	-105.0
7.49	-7.464	-22.648	-101.3
7.5	-7.457	-22.598	-95.4
7.51	-7.453	-22.497	-89.7
7.52	-7.451	-22.231	-92.7
7.53	-7.450	-21.458	-62.0
7.54	-7.450	-19.427	-35.9
7.55	-7.453	-14.433	-33.8
7.56	-7.459	-3.602	-22.9
7.57	-7.466	14.758	-23.8
7.58	-7.473	35.333	-32.9
7.59	-7.479	47.844	2.5
7.6	-7.484	50.981	49.2
7.61	-7.487	51.131	61.7
7.62	-7.489	51.138	85.3
7.63	-7.491	51.125	120.7
7.64	-7.490	50.502	121.5
7.65	-7.489	45.331	93.1
7.66	-7.488	31.856	90.6
7.67	-7.488	14.067	85.8
7.68	-7.489	-2.031	38.2
7.69	-7.490	-14.731	-13.4
7.7	-7.493	-23.897	-57.9
7.71	-7.498	-29.870	-86.9
7.72	-7.505	-33.359	-110.8
7.73	-7.511	-35.034	-107.7
7.74	-7.516	-35.622	-88.4
7.75	-7.519	-36.042	-106.4
7.76	-7.521	-36.934	-133.4
7.77	-7.521	-38.384	-124.3
7.78	-7.519	-40.033	-109.1
7.79	-7.517	-41.198	-115.6
7.8	-7.517	-41.263	-98.0
7.81	-7.519	-39.944	-85.1
7.82	-7.522	-37.352	-95.4
7.83	-7.526	-33.966	-98.7
7.84	-7.529	-30.284	-105.7
7.85	-7.533	-26.563	-88.6
7.86	-7.536	-22.888	-80.8
7.87	-7.539	-19.186	-91.0
7.88	-7.542	-15.433	-88.2
7.89	-7.543	-11.959	-93.1
7.9	-7.544	-9.247	-102.2
7.91	-7.546	-7.544	-92.2
7.92	-7.546	-6.883	-101.0
7.93	-7.547	-7.247	-107.5
7.94	-7.548	-8.536	-82.0
7.95	-7.549	-10.538	-58.8
7.96	-7.551	-13.011	-52.3
7.97	-7.553	-15.577	-80.4
7.98	-7.556	-17.770	-96.9
7.99	-7.558	-19.556	-69.3
8.0	-7.559	-21.234	-47.5
8.01	-7.562	-22.788	-24.5
8.02	-7.565	-23.930	5.6
8.03	-7.568	-24.663	6.8
8.04	-7.570	-25.205	-46.9
8.05	-7.571	-25.547	-122.4
8.06	-7.571	-25.608	-122.4
8.07	-7.571	-25.505	-84.5
8.08	-7.574	-25.263	-79.0
8.09	-7.578	-24.803	-44.9
8.1	-7.583	-24.220	21.0
8.11	-7.587	-23.608	186.8
8.12	-7.593	-22.950	449.2
8.13	-7.607	-22.306	510.8
8.14	-7.629	-21.789	233.0
8.15	-7.656	-21.495	-32.0
8.16	-7.681	-21.439	-95.1
8.17	-7.699	-21.447	-94.0
8.18	-7.708	-21.348	-87.6
8.19	-7.704	-21.088	-97.7
8.2	-7.692	-20.608	-103.2
8.21	-7.675	-19.747	-79.6
8.22	-7.661	-18.009	-56.8
8.23	-7.661	-14.080	-57.8
8.24	-7.682	-5.455	-41.8
8.25	-7.721	10.303	-16.7
8.26	-7.771	30.636	-6.7
8.27	-7.824	45.673	26.3
8.28	-7.874	50.683	48.8
8.29	-7.917	51.122	65.7
8.3	-7.947	51.139	90.8
8.31	-7.966	51.131	98.8
8.32	-7.974	50.975	107.1
8.33	-7.978	48.114	128.2
8.34	-7.976	37.497	126.6
8.35	-7.971	20.038	86.5
8.36	-7.965	2.394	43.9
8.37	-7.959	-11.898	11.1
8.38	-7.955	-22.477	-39.7
8.39	-7.954	-29.633	-84.6
8.4	-7.956	-33.850	-92.1
8.41	-7.959	-35.853	-103.3
8.42	-7.960	-36.658	-122.1
8.43	-7.961	-37.205	-117.9
8.44	-7.963	-38.045	-119.3
8.45	-7.964	-39.328	-105.6
8.46	-7.965	-40.822	-85.1
8.47	-7.966	-41.961	-87.3
8.48	-7.966	-42.084	-98.8
8.49	-7.966	-40.892	-84.9
8.5	-7.966	-38.550	-67.8
8.51	-7.966	-35.252	-101.1
8.52	-7.966	-31.039	-103.6
8.53	-7.965	-26.102	-61.7
8.54	-7.967	-20.836	-49.7
8.55	-7.971	-15.566	-65.1
8.56	-7.976	-10.547	-95.3
8.57	-7.979	-6.200	-84.7
8.58	-7.981	-2.961	-57.6
8.59	-7.982	-1.063	-70.1
8.6	-7.986	-0.575	-68.6
8.61	-7.989	-1.453	-62.8
8.62	-7.993	-3.547	-70.5
8.63	-7.997	-6.445	-55.5
8.64	-8.001	-9.508	-31.6
8.65	-8.006	-12.306	-13.8
8.66	-8.008	-14.825	-4.2
8.67	-8.010	-17.117	8.5
8.68	-8.013	-19.200	7.1
8.69	-8.018	-21.088	-23.6
8.7	-8.025	-22.628	-53.4
8.71	-8.031	-23.653	-65.2
8.72	-8.037	-24.161	-57.1
8.73	-8.043	-24.317	-58.1
8.74	-8.049	-24.328	-72.3
8.75	-8.057	-24.223	-29.7
8.76	-8.062	-23.903	92.9
8.77	-8.064	-23.353	340.1
8.78	-8.065	-22.700	561.0
8.79	-8.066	-22.144	420.9
8.8	-8.071	-21.806	89.1
8.81	-8.079	-21.659	-75.4
8.82	-8.086	-21.573	-91.5
8.83	-8.089	-21.459	-73.8
8.84	-8.091	-21.345	-70.4
8.85	-8.092	-21.175	-66.2
8.86	-8.093	-20.719	-51.7
8.87	-8.095	-19.792	-29.6
8.88	-8.098	-18.186	-48.9
8.89	-8.101	-14.592	-49.2
8.9	-8.103	-5.920	-3.1
8.91	-8.106	10.661	19.1
8.92	-8.109	31.755	29.0
8.93	-8.110	46.469	35.8
8.94	-8.113	50.845	59.7
8.95	-8.116	51.125	87.0
8.96	-8.118	51.139	97.3
8.97	-8.123	51.130	107.1
8.98	-8.126	50.947	119.1
8.99	-8.127	47.736	121.8
9.0	-8.127	36.166	103.1
9.01	-8.127	17.664	76.9
9.02	-8.128	-0.570	40.6
9.03	-8.129	-15.064	-26.8
9.04	-8.130	-25.498	-76.7
9.05	-8.133	-32.125	-80.0
9.06	-8.137	-35.456	-84.2
9.07	-8.139	-36.298	-69.4
9.08	-8.140	-35.819	-53.1
9.09	-8.141	-35.277	-73.2
9.1	-8.139	-35.667	-102.6
9.11	-8.132	-37.367	-114.8
9.12	-8.119	-39.758	-116.7
9.13	-8.104	-41.625	-96.1
9.14	-8.090	-42.088	-54.2
9.15	-8.076	-40.925	-47.3
9.16	-8.061	-38.328	-61.2
9.17	-8.043	-34.553	-59.8
9.18	-8.022	-29.708	-72.7
9.19	-7.997	-23.994	-97.4
9.2	-7.968	-17.934	-75.8
9.21	-7.936	-12.130	-30.6
9.22	-7.904	-7.075	-44.7
9.23	-7.872	-3.214	-66.3
9.24	-7.841	-0.930	-60.8
9.25	-7.813	-0.361	-61.4
9.26	-7.788	-1.275	-55.8
9.27	-7.766	-3.345	-20.8
9.28	-7.745	-6.327	3.9
9.29	-7.724	-9.805	-4.4
9.3	-7.702	-13.266	-4.4
9.31	-7.679	-16.453	-1.0
9.32	-7.656	-19.398	-19.4
9.33	-7.633	-21.819	-36.2
9.34	-7.611	-23.369	-44.3
9.35	-7.594	-24.489	-62.9
9.36	-7.581	-25.559	-79.4
9.37	-7.572	-26.181	-60.6
9.38	-7.564	-25.997	-7.2
9.39	-7.553	-25.389	89.7
9.4	-7.541	-24.873	311.7
9.41	-7.531	-24.445	508.2
9.42	-7.523	-23.952	354.1
9.43	-7.518	-23.527	43.3
9.44	-7.512	-23.386	-75.8
9.45	-7.506	-23.419	-66.3
9.46	-7.499	-23.344	-70.4
9.47	-7.493	-23.105	-80.3
9.48	-7.484	-22.767	-75.2
9.49	-7.473	-22.214	-76.9
9.5	-7.460	-21.188	-61.9
9.51	-7.451	-19.202	-41.8
9.52	-7.447	-14.763	-46.6
9.53	-7.447	-5.031	-48.0
9.54	-7.447	12.180	-18.5
9.55	-7.447	32.952	34.1
9.56	-7.443	46.898	50.2
9.57	-7.438	50.894	45.1
9.58	-7.433	51.127	50.0
9.59	-7.432	51.138	67.1
9.6	-7.431	51.125	94.4
9.61	-7.428	50.447	107.8
9.62	-7.424	44.888	90.3
9.63	-7.421	30.533	67.2
9.64	-7.417	11.814	56.0
9.65	-7.411	-4.831	16.9
9.66	-7.408	-17.684	-56.1
9.67	-7.409	-26.692	-106.4
9.68	-7.409	-32.188	-110.7
9.69	-7.411	-34.961	-94.3
9.7	-7.414	-35.948	-93.3
9.71	-7.418	-36.094	-118.7
9.72	-7.419	-36.245	-129.1
9.73	-7.420	-36.942	-108.0
9.74	-7.420	-38.433	-102.3
9.75	-7.419	-40.420	-113.2
9.76	-7.419	-42.005	-133.8
9.77	-7.420	-42.470	-131.2
9.78	-7.422	-41.616	-92.4
9.79	-7.423	-39.448	-82.2
9.8	-7.424	-36.178	-95.6
9.81	-7.424	-32.045	-89.9
9.82	-7.423	-27.166	-76.1
9.83	-7.424	-21.888	-82.2
9.84	-7.426	-16.825	-114.6
9.85	-7.431	-12.536	-123.1
9.86	-7.434	-9.358	-107.4
9.87	-7.434	-7.320	-83.7
9.88	-7.434	-6.392	-67.3
9.89	-7.434	-6.636	-75.2
9.9	-7.435	-7.942	-91.6
9.91	-7.435	-10.036	-100.1
9.92	-7.434	-12.575	-80.2
9.93	-7.436	-15.169	-64.2
9.94	-7.440	-17.563	-84.8
9.95	-7.445	-19.620	-92.1
9.96	-7.451	-21.297	-60.4
9.97	-7.456	-22.741	-32.3
9.98	-7.459	-24.067	-11.8
9.99	-7.459	-25.108	-2.8
10.0	-7.461	-25.731	-26.6
10.01	-7.463	-26.069	-59.9
10.02	-7.466	-26.291	-99.2
10.03	-7.466	-26.438	-112.0
10.04	-7.466	-26.394	-107.3
10.05	-7.466	-26.041	-99.9
10.06	-7.466	-25.481	-64.1
10.07	-7.463	-24.822	7.6
10.08	-7.458	-23.956	209.8
10.09	-7.456	-22.923	463.5
10.1	-7.459	-21.958	409.3
10.11	-7.465	-21.223	114.7
10.12	-7.468	-20.723	-50.7
10.13	-7.469	-20.330	-95.0
10.14	-7.468	-20.000	-125.8
10.15	-7.468	-19.850	-133.0
10.16	-7.468	-19.855	-140.1
10.17	-7.468	-19.680	-128.4
10.18	-7.468	-18.927	-85.4
10.19	-7.469	-16.953	-60.6
10.2	-7.469	-11.738	-65.3
10.21	-7.471	-0.078	-48.6
10.22	-7.474	19.094	-13.8
10.23	-7.480	38.750	-13.0
10.24	-7.486	49.052	-30.8
10.25	-7.489	51.067	1.8
10.26	-7.491	51.133	53.5
10.27	-7.494	51.134	64.7
10.28	-7.496	51.098	69.2
10.29	-7.497	49.700	79.7
10.3	-7.497	41.256	93.6
10.31	-7.496	22.430	85.8
10.32	-7.496	0.227	43.4
10.33	-7.498	-17.938	-1.0
10.34	-7.499	-31.145	-44.8
10.35	-7.501	-40.038	-58.3
10.36	-7.505	-45.206	-88.2
10.37	-7.510	-47.453	-136.4
10.38	-7.514	-47.634	-154.4
10.39	-7.517	-46.691	-152.6
10.4	-7.520	-45.178	-151.5
10.41	-7.522	-44.044	-141.9
10.42	-7.522	-44.330	-113.8
10.43	-7.521	-45.580	-110.0
10.44	-7.521	-46.711	-116.8
10.45	-7.523	-47.289	-124.6
10.46	-7.526	-46.652	-138.6
10.47	-7.529	-44.006	-133.2
10.48	-7.531	-40.209	-119.7
10.49	-7.534	-36.578	-103.5
10.5	-7.538	-33.102	-89.8
10.51	-7.540	-29.216	-87.4
10.52	-7.542	-24.775	-81.0
10.53	-7.544	-20.402	-97.2
10.54	-7.548	-16.878	-115.0
10.55	-7.553	-14.448	-100.5
10.56	-7.556	-13.119	-112.4
10.57	-7.559	-12.697	-116.6
10.58	-7.560	-12.603	-77.0
10.59	-7.562	-12.950	-47.1
10.6	-7.563	-14.369	-52.8
10.61	-7.565	-16.480	-75.3
10.62	-7.568	-18.413	-81.8
10.63	-7.572	-19.916	-73.8
10.64	-7.577	-21.019	-77.3
10.65	-7.583	-21.730	-80.1
10.66	-7.589	-22.280	-56.5
10.67	-7.598	-22.927	8.7
10.68	-7.609	-23.520	53.2
10.69	-7.619	-23.616	23.4
10.7	-7.628	-23.286	-34.2
10.71	-7.634	-23.092	-74.6
10.72	-7.637	-23.202	-90.2
10.73	-7.641	-23.359	-86.6
10.74	-7.651	-23.494	-74.3
10.75	-7.666	-23.822	-45.0
10.76	-7.686	-24.078	4.0
10.77	-7.708	-23.669	153.1
10.78	-7.732	-22.720	424.6
10.79	-7.761	-21.694	562.3
10.8	-7.792	-20.759	336.7
10.81	-7.821	-20.016	32.7
10.82	-7.843	-19.441	-78.6
10.83	-7.857	-18.816	-93.6
10.84	-7.865	-18.072	-89.5
10.85	-7.869	-17.364	-78.6
10.86	-7.873	-16.822	-64.8
10.87	-7.877	-16.425	-56.3
10.88	-7.883	-15.625	-59.3
10.89	-7.891	-13.269	-58.1
10.9	-7.902	-7.536	-15.7
10.91	-7.916	4.141	29.2
10.92	-7.930	22.383	24.7
10.93	-7.941	40.361	26.8
10.94	-7.951	49.408	64.6
10.95	-7.958	51.083	87.4
10.96	-7.960	51.134	79.7
10.97	-7.959	51.134	101.3
10.98	-7.958	51.086	148.6
10.99	-7.958	49.589	170.2
11.0	-7.958	41.720	139.9
11.01	-7.956	25.730	100.6
11.02	-7.956	7.450	90.0
11.03	-7.957	-8.258	55.6
11.04	-7.958	-20.464	4.5
11.05	-7.959	-29.219	-31.5
11.06	-7.962	-34.777	-58.9
11.07	-7.964	-37.500	-62.6
11.08	-7.966	-38.120	-76.9
11.09	-7.969	-37.495	-73.7
11.1	-7.975	-36.500	-60.7
11.11	-7.981	-35.964	-71.7
11.12	-7.986	-36.445	-65.7
11.13	-7.992	-37.791	-56.5
11.14	-7.999	-39.016	-57.5
11.15	-8.008	-39.255	-25.3
11.16	-8.016	-38.272	-10.9
11.17	-8.027	-35.973	-24.7
11.18	-8.038	-32.325	-25.5
11.19	-8.045	-27.925	-32.5
11.2	-8.048	-23.425	-33.8
11.21	-8.049	-18.984	-26.5
11.22	-8.051	-14.695	-7.5
11.23	-8.054	-10.750	9.5
11.24	-8.058	-7.700	5.7
11.25	-8.064	-5.959	-6.8
11.26	-8.072	-5.370	-23.6
11.27	-8.078	-5.728	-16.7
11.28	-8.084	-6.916	19.5
11.29	-8.089	-8.706	35.5
11.3	-8.092	-10.656	19.6
11.31	-8.096	-12.739	17.1
11.32	-8.099	-15.192	25.7
11.33	-8.102	-17.323	55.1
11.34	-8.106	-18.459	100.9
11.35	-8.110	-19.272	96.4
11.36	-8.115	-20.550	41.0
11.37	-8.122	-21.816	-1.2
11.38	-8.128	-22.355	-6.2
11.39	-8.133	-22.427	17.6
11.4	-8.139	-22.563	21.8
11.41	-8.150	-22.742	5.8
11.42	-8.159	-22.791	49.4
11.43	-8.161	-22.663	152.4
11.44	-8.158	-22.381	340.4
11.45	-8.159	-22.053	544.6
11.46	-8.161	-21.856	453.5
11.47	-8.161	-21.909	159.7
11.48	-8.164	-22.042	28.6
11.49	-8.169	-21.872	32.2
11.5	-8.174	-21.314	21.3
11.51	-8.179	-20.552	-2.6
11.52	-8.182	-19.722	5.2
11.53	-8.185	-19.294	23.8
11.54	-8.189	-19.509	17.8
11.55	-8.192	-19.434	33.2
11.56	-8.196	-17.495	59.8
11.57	-8.199	-11.558	69.5
11.58	-8.203	1.389	84.2
11.59	-8.206	21.569	98.3
11.6	-8.207	40.638	116.0
11.61	-8.209	49.628	133.5
11.62	-8.212	51.103	157.7
11.63	-8.216	51.134	191.6
11.64	-8.220	51.134	196.5
11.65	-8.225	51.038	204.8
11.66	-8.227	48.872	221.1
11.67	-8.228	39.567	197.0
11.68	-8.228	22.488	155.5
11.69	-8.229	3.675	105.3
11.7	-8.230	-12.100	62.6
11.71	-8.230	-23.880	34.3
11.72	-8.229	-32.766	-7.3
11.73	-8.228	-38.713	-14.7
11.74	-8.228	-40.791	-7.1
11.75	-8.228	-40.278	-25.5
11.76	-8.226	-39.222	-26.7
11.77	-8.221	-38.092	-29.7
11.78	-8.213	-37.483	-45.0
11.79	-8.197	-38.363	-13.6
11.8	-8.174	-39.838	3.5
11.81	-8.147	-40.453	-13.5
11.82	-8.117	-39.713	-15.6
11.83	-8.083	-37.411	-27.0
11.84	-8.047	-33.691	-43.5
11.85	-8.010	-29.008	-9.4
11.86	-7.973	-23.738	19.8
11.87	-7.938	-18.211	-3.8
11.88	-7.906	-12.720	-10.8
11.89	-7.878	-7.728	4.9
11.9	-7.851	-3.834	-15.0
11.91	-7.822	-1.477	-26.5
11.92	-7.794	-0.567	2.9
11.93	-7.764	-1.053	8.0
11.94	-7.734	-2.866	-2.0
11.95	-7.708	-5.327	15.5
11.96	-7.686	-7.794	33.9
11.97	-7.667	-10.161	29.6
11.98	-7.651	-12.666	12.0
11.99	-7.637	-15.470	2.1
12.0	-7.624	-18.311	-5.6
12.01	-7.613	-20.741	-26.8
12.02	-7.603	-22.773	-57.6
12.03	-7.594	-24.513	-62.4
12.04	-7.588	-25.773	-19.6
12.05	-7.582	-26.550	16.6
12.06	-7.574	-26.888	86.5
12.07	-7.564	-26.875	304.9
12.08	-7.554	-26.817	486.1
12.09	-7.547	-26.741	350.8
12.1	-7.543	-26.458	77.5
12.11	-7.540	-26.169	-45.4
12.12	-7.536	-26.041	-74.0
12.13	-7.531	-25.852	-63.6
12.14	-7.525	-25.520	-39.4
12.15	-7.516	-25.100	-39.4
12.16	-7.505	-24.463	-42.4
12.17	-7.494	-23.358	-26.0
12.18	-7.486	-21.473	-8.1
12.19	-7.479	-17.961	-17.4
12.2	-7.473	-10.672	-41.6
12.21	-7.468	3.044	-23.3
12.22	-7.467	22.903	31.8
12.23	-7.468	41.158	46.0
12.24	-7.468	49.700	66.7
12.25	-7.469	51.103	114.3
12.26	-7.468	51.134	116.9
12.27	-7.467	51.133	117.5
12.28	-7.465	51.022	121.2
12.29	-7.465	48.688	97.8
12.3	-7.466	39.145	80.9
12.31	-7.465	22.272	60.7
12.32	-7.462	4.241	17.8
12.33	-7.459	-11.066	-23.3
12.34	-7.458	-22.923	-52.8
12.35	-7.460	-31.209	-80.6
12.36	-7.461	-36.458	-95.2
12.37	-7.462	-39.394	-89.4
12.38	-7.461	-40.519	-101.9
12.39	-7.458	-40.569	-122.7
12.4	-7.454	-40.369	-110.2
12.41	-7.451	-40.338	-93.9
12.42	-7.447	-40.611	-98.5
12.43	-7.446	-41.016	-101.4
12.44	-7.447	-40.908	-100.8
12.45	-7.449	-39.894	-84.1
12.46	-7.453	-38.158	-80.3
12.47	-7.455	-35.784	-93.8
12.48	-7.453	-32.711	-92.1
12.49	-7.450	-29.022	-88.9
12.5	-7.449	-24.853	-77.6
12.51	-7.449	-20.447	-73.5
12.52	-7.450	-16.311	-85.9
12.53	-7.451	-12.855	-74.5
12.54	-7.452	-10.080	-77.8
12.55	-7.451	-8.077	-93.3
12.56	-7.451	-7.173	-94.8
12.57	-7.454	-7.395	-95.9
12.58	-7.458	-8.344	-87.2
12.59	-7.462	-9.705	-67.6
12.6	-7.463	-11.484	-52.8
12.61	-7.463	-13.619	-52.3
12.62	-7.466	-15.595	-66.6
12.63	-7.468	-17.217	-44.9
12.64	-7.469	-18.975	15.8
12.65	-7.470	-20.895	-2.5
12.66	-7.471	-22.339	-73.4
12.67	-7.473	-23.244	-82.3
12.68	-7.475	-24.214	-68.9
12.69	-7.478	-25.444	-88.7
12.7	-7.482	-26.503	-102.0
12.71	-7.486	-27.041	-62.7
12.72	-7.487	-27.075	-15.3
12.73	-7.483	-26.639	68.4
12.74	-7.478	-25.830	304.1
12.75	-7.474	-25.070	524.2
12.76	-7.474	-24.761	380.7
12.77	-7.475	-24.666	46.9
12.78	-7.474	-24.270	-96.8
12.79	-7.469	-23.492	-105.0
12.8	-7.463	-22.600	-95.1
12.81	-7.456	-21.694	-86.8
12.82	-7.449	-20.517	-91.7
12.83	-7.440	-18.906	-104.3
12.84	-7.435	-16.978	-111.5
12.85	-7.437	-14.542	-86.1
12.86	-7.444	-9.719	-59.5
12.87	-7.453	1.044	-17.6
12.88	-7.461	19.295	26.6
12.89	-7.468	38.481	28.0
12.9	-7.474	48.878	6.7
12.91	-7.479	51.055	14.0
12.92	-7.483	51.134	61.6
12.93	-7.486	51.139	86.0
12.94	-7.489	51.127	96.9
12.95	-7.492	50.678	117.5
12.96	-7.493	46.289	115.9
12.97	-7.494	33.653	77.0
12.98	-7.496	15.558	30.2
12.99	-7.498	-1.992	14.3
13.0	-7.499	-16.334	-9.7
13.01	-7.501	-26.913	-51.7
13.02	-7.503	-34.230	-93.8
13.03	-7.506	-38.836	-103.0
13.04	-7.508	-41.011	-93.3
13.05	-7.510	-41.223	-110.9
13.06	-7.512	-40.292	-138.0
13.07	-7.513	-39.333	-151.3
13.08	-7.513	-39.069	-127.6
13.09	-7.513	-39.128	-83.4
13.1	-7.514	-38.870	-81.0
13.11	-7.518	-38.222	-103.4
13.12	-7.522	-37.261	-87.4
13.13	-7.524	-35.741	-74.0
13.14	-7.526	-33.359	-101.4
13.15	-7.529	-30.330	-106.0
13.16	-7.532	-27.019	-101.8
13.17	-7.534	-23.309	-101.8
13.18	-7.535	-19.339	-77.6
13.19	-7.536	-15.780	-72.3
13.2	-7.538	-12.805	-86.5
13.21	-7.540	-10.248	-85.3
13.22	-7.542	-8.416	-100.7
13.23	-7.543	-7.645	-102.0
13.24	-7.544	-7.869	-79.5
13.25	-7.547	-8.909	-94.9
13.26	-7.551	-10.513	-93.0
13.27	-7.556	-12.445	-33.4
13.28	-7.559	-14.480	-0.8
13.29	-7.563	-16.475	-0.3
13.3	-7.566	-18.497	-7.5
13.31	-7.570	-20.539	-30.4
13.32	-7.571	-22.466	-78.4
13.33	-7.571	-23.952	-116.8
13.34	-7.570	-24.848	-99.4
13.35	-7.569	-25.470	-74.1
13.36	-7.569	-25.986	-65.5
13.37	-7.569	-26.373	-33.7
13.38	-7.569	-26.750	16.8
13.39	-7.564	-27.041	164.8
13.4	-7.559	-27.009	442.1
13.41	-7.559	-26.708	522.5
13.42	-7.564	-26.303	235.9
13.43	-7.571	-25.825	-40.1
13.44	-7.578	-25.178	-95.3
13.45	-7.581	-24.258	-87.3
13.46	-7.578	-23.480	-100.9
13.47	-7.571	-23.222	-101.2
13.48	-7.563	-23.045	-70.6
13.49	-7.555	-22.583	-41.9
13.5	-7.550	-21.680	-51.8
13.51	-7.549	-19.502	-77.4
13.52	-7.554	-13.925	-47.7
13.53	-7.571	-2.134	1.4
13.54	-7.601	16.716	8.9
13.55	-7.640	36.695	-1.4
13.56	-7.684	48.253	13.9
13.57	-7.729	51.008	71.9
13.58	-7.771	51.133	95.9
13.59	-7.810	51.138	81.0
13.6	-7.842	51.127	96.4
13.61	-7.868	50.450	111.6
13.62	-7.889	45.103	94.4
13.63	-7.907	31.417	64.9
13.64	-7.924	13.313	31.4
13.65	-7.939	-3.450	0.3
13.66	-7.953	-17.142	-38.7
13.67	-7.965	-27.564	-78.0
13.68	-7.976	-34.936	-106.8
13.69	-7.985	-39.541	-116.4
13.7	-7.989	-41.663	-124.8
13.71	-7.992	-42.131	-137.0
13.72	-7.995	-42.053	-127.3
13.73	-7.999	-42.152	-112.3
13.74	-8.002	-42.506	-113.7
13.75	-8.005	-42.805	-112.9
13.76	-8.008	-42.608	-93.3
13.77	-8.012	-41.431	-85.0
13.78	-8.018	-39.044	-109.3
13.79	-8.027	-35.744	-115.2
13.8	-8.035	-31.898	-103.1
13.81	-8.043	-27.666	-98.5
13.82	-8.051	-23.305	-92.6
13.83	-8.060	-18.898	-81.2
13.84	-8.069	-14.563	-81.6
13.85	-8.079	-10.653	-94.4
13.86	-8.088	-7.500	-92.1
13.87	-8.099	-5.342	-92.2
13.88	-8.110	-4.372	-86.7
13.89	-8.121	-4.664	-58.8
13.9	-8.128	-5.891	-39.8
13.91	-8.131	-7.623	-34.3
13.92	-8.130	-9.716	-18.1
13.93	-8.133	-11.986	3.7
13.94	-8.138	-14.098	-21.7
13.95	-8.143	-16.023	-63.1
13.96	-8.147	-17.887	-93.4
13.97	-8.151	-19.542	-129.4
13.98	-8.154	-20.764	-142.0
13.99	-8.162	-21.592	-109.9
14.0	-8.172	-22.298	-49.7
14.01	-8.181	-22.952	16.7
14.02	-8.186	-23.403	131.6
14.03	-8.189	-23.680	352.4
14.04	-8.190	-23.909	467.9
14.05	-8.192	-23.936	266.5
14.06	-8.194	-23.564	-5.3
14.07	-8.197	-23.003	-92.2
14.08	-8.199	-22.616	-79.2
14.09	-8.197	-22.431	-63.4
14.1	-8.193	-22.195	-64.5
14.11	-8.188	-21.778	-86.1
14.12	-8.186	-21.264	-93.8
14.13	-8.185	-20.559	-53.9
14.14	-8.184	-19.189	-22.0
14.15	-8.183	-15.881	-32.4
14.16	-8.182	-7.673	-25.2
14.17	-8.183	8.692	9.4
14.18	-8.184	30.292	30.8
14.19	-8.183	45.881	45.5
14.2	-8.181	50.758	62.0
14.21	-8.181	51.122	72.9
14.22	-8.180	51.139	89.5
14.23	-8.178	51.131	108.0
14.24	-8.177	50.994	105.6
14.25	-8.177	48.347	82.5
14.26	-8.176	38.319	71.0
14.27	-8.174	21.259	63.0
14.28	-8.171	2.906	14.8
14.29	-8.172	-13.134	-38.9
14.3	-8.176	-25.477	-60.8
14.31	-8.178	-33.837	-69.9
14.32	-8.178	-39.017	-91.1
14.33	-8.178	-41.766	-115.8
14.34	-8.177	-42.492	-121.1
14.35	-8.178	-41.923	-109.1
14.36	-8.182	-41.033	-80.8
14.37	-8.184	-40.461	-66.8
14.38	-8.184	-40.355	-97.4
14.39	-8.183	-40.255	-107.3
14.4	-8.182	-39.311	-80.3
14.41	-8.179	-36.995	-72.9
14.42	-8.172	-33.553	-94.2
14.43	-8.161	-29.470	-92.1
14.44	-8.148	-24.841	-60.9
14.45	-8.129	-19.538	-54.3
14.46	-8.106	-13.447	-69.6
14.47	-8.079	-7.473	-64.2
14.48	-8.051	-3.600	-51.3
14.49	-8.021	-1.988	-62.0
14.5	-7.990	-0.783	-82.2
14.51	-7.960	0.155	-65.7
14.52	-7.931	-0.505	-25.5
14.53	-7.904	-2.548	-5.0
14.54	-7.878	-5.209	7.6
14.55	-7.856	-8.420	-2.2
14.56	-7.834	-11.530	-59.3
14.57	-7.811	-14.130	-98.0
14.58	-7.786	-16.456	-89.0
14.59	-7.759	-18.136	-79.7
14.6	-7.734	-19.286	-69.2
14.61	-7.713	-20.713	-54.5
14.62	-7.691	-22.236	-29.3
14.63	-7.668	-23.364	64.1
14.64	-7.643	-24.180	270.0
14.65	-7.624	-24.770	433.3
14.66	-7.609	-25.225	295.7
14.67	-7.596	-25.542	24.4
14.68	-7.584	-25.539	-86.8
14.69	-7.574	-25.286	-77.2
14.7	-7.563	-25.016	-79.6
14.71	-7.552	-24.819	-96.8
14.72	-7.542	-24.544	-78.3
14.73	-7.532	-24.059	-51.9
14.74	-7.521	-23.344	-53.1
14.75	-7.512	-21.797	-50.2
14.76	-7.505	-18.181	-24.7
14.77	-7.501	-10.367	-7.7
14.78	-7.499	4.480	-11.6
14.79	-7.498	25.370	-14.4
14.8	-7.494	42.995	-0.1
14.81	-7.489	50.189	32.0
14.82	-7.487	51.122	63.7
14.83	-7.487	51.138	80.8
14.84	-7.485	51.128	97.9
14.85	-7.481	50.906	117.9
14.86	-7.476	47.656	115.4
14.87	-7.474	36.481	75.4
14.88	-7.471	18.722	18.3
14.89	-7.467	0.900	-19.7
14.9	-7.463	-13.603	-55.8
14.91	-7.463	-24.378	-96.9
14.92	-7.466	-31.647	-111.9
14.93	-7.467	-36.083	-99.2
14.94	-7.466	-38.248	-86.1
14.95	-7.466	-38.302	-100.3
14.96	-7.467	-37.306	-124.9
14.97	-7.468	-36.584	-120.2
14.98	-7.468	-36.489	-120.4
14.99	-7.466	-37.038	-125.8
15.0	-7.466	-37.653	-112.2
15.01	-7.465	-37.331	-90.8
15.02	-7.462	-36.019	-71.6
15.03	-7.459	-34.175	-70.7
15.04	-7.456	-31.617	-84.9
15.05	-7.455	-27.891	-100.5
15.06	-7.453	-23.153	-109.5
15.07	-7.451	-18.072	-103.9
15.08	-7.449	-13.291	-99.5
15.09	-7.449	-9.248	-85.1
15.1	-7.447	-5.927	-69.3
15.11	-7.445	-3.395	-68.2
15.12	-7.444	-2.227	-70.1
15.13	-7.444	-2.441	-68.1
15.14	-7.446	-3.538	-59.1
15.15	-7.448	-5.331	-58.1
15.16	-7.452	-7.680	-39.6
15.17	-7.454	-10.453	-4.6
15.18	-7.453	-13.445	-12.3
15.19	-7.450	-16.239	-59.9
15.2	-7.447	-18.805	-114.5
15.21	-7.446	-20.989	-116.5
15.22	-7.445	-22.239	-93.5
15.23	-7.444	-22.867	-76.1
15.24	-7.446	-23.614	-37.2
15.25	-7.448	-24.359	11.0
15.26	-7.449	-24.622	169.3
15.27	-7.449	-24.473	408.2
15.28	-7.449	-24.250	393.0
15.29	-7.452	-23.541	118.3
15.3	-7.454	-22.313	-64.1
15.31	-7.453	-22.188	-82.2
15.32	-7.449	-23.205	-78.7
15.33	-7.447	-24.041	-84.1
15.34	-7.447	-24.745	-69.4
15.35	-7.444	-25.178	-67.5
15.36	-7.439	-24.725	-94.4
15.37	-7.435	-23.078	-95.3
15.38	-7.433	-19.120	-64.9
15.39	-7.433	-10.483	-39.2
15.4	-7.436	5.077	-22.9
15.41	-7.442	26.139	6.2
15.42	-7.447	43.459	31.9
15.43	-7.451	50.283	32.2
15.44	-7.453	51.122	30.4
15.45	-7.454	51.138	52.8
15.46	-7.457	51.131	59.2
15.47	-7.459	50.978	48.5
15.48	-7.459	48.172	80.7
15.49	-7.460	37.778	100.2
15.5	-7.461	20.752	63.3
15.51	-7.462	3.491	18.9
15.52	-7.463	-10.691	-37.8
15.53	-7.464	-21.272	-88.2
15.54	-7.466	-28.308	-104.0
15.55	-7.469	-32.434	-122.7
15.56	-7.473	-34.553	-153.5
15.57	-7.476	-35.386	-155.3
15.58	-7.478	-35.480	-136.9
15.59	-7.479	-35.342	-130.7
15.6	-7.478	-35.619	-139.4
15.61	-7.477	-36.794	-141.3
15.62	-7.475	-38.377	-131.9
15.63	-7.474	-39.139	-141.3
15.64	-7.476	-38.684	-156.0
15.65	-7.478	-37.219	-143.2
15.66	-7.481	-34.864	-135.8
15.67	-7.484	-32.097	-143.2
15.68	-7.487	-28.619	-145.8
15.69	-7.489	-23.953	-134.5
15.7	-7.491	-19.064	-121.6
15.71	-7.492	-15.123	-123.8
15.72	-7.492	-12.272	-136.9
15.73	-7.493	-9.906	-138.4
15.74	-7.494	-8.014	-122.9
15.75	-7.496	-7.339	-105.5
15.76	-7.498	-7.944	-96.6
15.77	-7.499	-9.242	-113.5
15.78	-7.499	-10.872	-129.6
15.79	-7.501	-12.770	-89.9
15.8	-7.504	-14.900	-48.0
15.81	-7.508	-17.145	-27.7
15.82	-7.511	-19.198	-7.2
15.83	-7.513	-20.688	-35.3
15.84	-7.515	-21.669	-92.5
15.85	-7.516	-22.505	-121.1
15.86	-7.519	-23.448	-134.5
15.87	-7.522	-24.523	-123.1
15.88	-7.526	-25.411	-85.5
15.89	-7.529	-25.791	-39.9
15.9	-7.529	-25.834	18.2
15.91	-7.526	-25.948	167.6
15.92	-7.525	-26.117	435.2
15.93	-7.530	-25.938	488.0
15.94	-7.538	-25.330	180.5
15.95	-7.544	-24.567	-80.6
15.96	-7.547	-23.611	-119.1
15.97	-7.545	-22.545	-94.3
15.98	-7.540	-21.895	-96.8
15.99	-7.535	-21.794	-87.8
16.0	-7.531	-21.819	-67.0
16.01	-7.529	-21.388	-85.4
16.02	-7.530	-20.017	-100.0
16.03	-7.532	-16.658	-52.3
16.04	-7.537	-8.667	-20.9
16.05	-7.543	6.711	-38.9
16.06	-7.548	27.477	-8.1
16.07	-7.554	44.058	20.4
16.08	-7.559	50.383	22.1
16.09	-7.565	51.123	48.5
16.1	-7.570	51.139	76.5
16.11	-7.575	51.133	95.0
16.12	-7.578	51.002	97.8
16.13	-7.581	48.339	100.7
16.14	-7.583	37.933	94.2
16.15	-7.585	20.447	62.6
16.16	-7.586	2.861	10.8
16.17	-7.587	-11.383	-23.7
16.18	-7.591	-22.394	-45.4
16.19	-7.601	-30.019	-80.7
16.2	-7.616	-34.300	-111.3
16.21	-7.634	-36.331	-114.5
16.22	-7.653	-37.153	-121.9
16.23	-7.674	-37.495	-123.7
16.24	-7.694	-38.028	-108.7
16.25	-7.711	-38.952	-121.3
16.26	-7.726	-39.955	-127.9
16.27	-7.742	-40.597	-116.9
16.28	-7.759	-40.491	-100.6
16.29	-7.780	-39.352	-79.9
16.3	-7.803	-37.212	-93.4
16.31	-7.825	-34.225	-106.2
16.32	-7.846	-30.588	-100.3
16.33	-7.866	-26.598	-98.4
16.34	-7.882	-22.473	-90.0
16.35	-7.897	-18.427	-87.1
16.36	-7.910	-14.627	-83.6
16.37	-7.923	-11.236	-78.0
16.38	-7.934	-8.606	-99.6
16.39	-7.944	-7.050	-112.2
16.4	-7.953	-6.617	-100.0
16.41	-7.961	-7.097	-75.7
16.42	-7.968	-8.153	-52.2
16.43	-7.976	-9.648	-36.7
16.44	-7.983	-11.598	-28.7
16.45	-7.991	-13.769	-26.6
16.46	-7.996	-15.833	-14.3
16.47	-7.999	-17.833	-17.9
16.48	-8.001	-19.728	-64.0
16.49	-8.001	-21.248	-92.6
16.5	-8.001	-22.425	-75.7
16.51	-8.002	-23.469	-66.3
16.52	-8.004	-24.291	-81.5
16.53	-8.008	-24.675	-61.5
16.54	-8.010	-24.566	43.6
16.55	-8.011	-24.025	253.7
16.56	-8.012	-23.453	486.7
16.57	-8.012	-23.244	430.6
16.58	-8.012	-23.108	124.0
16.59	-8.014	-22.673	-44.0
16.6	-8.015	-22.211	-78.2
16.61	-8.014	-22.097	-88.1
16.62	-8.014	-22.205	-79.1
16.63	-8.016	-22.239	-77.4
16.64	-8.018	-22.067	-74.5
16.65	-8.018	-21.530	-52.8
16.66	-8.018	-20.038	-39.9
16.67	-8.021	-16.505	-39.1
16.68	-8.028	-8.888	-14.5
16.69	-8.034	5.694	13.3
16.7	-8.039	26.339	31.0
16.71	-8.044	43.545	34.6
16.72	-8.049	50.311	51.2
16.73	-8.054	51.122	90.7
16.74	-8.059	51.138	113.7
16.75	-8.064	51.133	132.5
16.76	-8.068	51.023	148.0
16.77	-8.069	48.647	134.0
16.78	-8.068	38.848	98.3
16.79	-8.069	21.628	79.3
16.8	-8.072	3.539	49.1
16.81	-8.074	-11.553	-1.0
16.82	-8.079	-23.042	-35.4
16.83	-8.088	-31.008	-58.8
16.84	-8.098	-35.759	-81.1
16.85	-8.106	-37.641	-103.6
16.86	-8.113	-38.116	-101.3
16.87	-8.116	-38.430	-75.3
16.88	-8.122	-38.613	-86.8
16.89	-8.129	-38.970	-108.1
16.9	-8.134	-39.922	-91.1
16.91	-8.138	-40.800	-96.7
16.92	-8.142	-40.528	-101.7
16.93	-8.146	-38.789	-56.4
16.94	-8.149	-35.798	-40.2
16.95	-8.149	-31.886	-44.3
16.96	-8.150	-27.245	-46.8
16.97	-8.154	-22.147	-75.2
16.98	-8.158	-16.875	-92.4
16.99	-8.158	-11.759	-74.9
17.0	-8.159	-7.300	-44.8
17.01	-8.163	-3.844	-27.4
17.02	-8.167	-1.691	-26.7
17.03	-8.169	-1.095	-10.9
17.04	-8.172	-1.825	-9.2
17.05	-8.179	-3.539	-23.7
17.06	-8.183	-6.017	15.9
17.07	-8.184	-8.842	29.9
17.08	-8.182	-11.723	-18.3
17.09	-8.183	-14.509	-51.3
17.1	-8.186	-17.008	-58.2
17.11	-8.189	-19.102	-49.7
17.12	-8.195	-20.652	-63.9
17.13	-8.203	-21.625	-61.4
17.14	-8.212	-22.238	-10.8
17.15	-8.216	-22.725	87.6
17.16	-8.218	-23.163	289.5
17.17	-8.218	-23.481	458.7
17.18	-8.217	-23.591	327.5
17.19	-8.217	-23.483	44.4
17.2	-8.221	-23.275	-63.2
17.21	-8.224	-23.077	-51.9
17.22	-8.224	-22.852	-60.8
17.23	-8.223	-22.620	-50.3
17.24	-8.224	-22.477	-37.8
17.25	-8.223	-22.288	-56.5
17.26	-8.223	-21.534	-27.1
17.27	-8.223	-19.683	15.8
17.28	-8.222	-15.813	0.6
17.29	-8.220	-7.200	-9.8
17.3	-8.218	9.409	11.5
17.31	-8.214	30.991	32.0
17.32	-8.205	46.239	47.0
17.33	-8.192	50.820	73.5
17.34	-8.176	51.123	106.3
17.35	-8.158	51.139	126.4
17.36	-8.135	51.125	127.1
17.37	-8.109	50.681	118.5
17.38	-8.083	46.172	114.3
17.39	-8.055	33.059	102.3
17.4	-8.025	14.563	58.2
17.41	-7.989	-2.558	21.9
17.42	-7.948	-15.956	0.6
17.43	-7.911	-25.688	-32.4
17.44	-7.879	-32.097	-64.9
17.45	-7.850	-35.678	-86.5
17.46	-7.820	-37.369	-102.2
17.47	-7.791	-38.223	-94.1
17.48	-7.761	-38.670	-72.4
17.49	-7.731	-38.772	-67.9
17.5	-7.703	-38.905	-67.0
17.51	-7.676	-39.475	-65.4
17.52	-7.654	-39.977	-87.9
17.53	-7.638	-39.441	-99.7
17.54	-7.624	-37.630	-60.1
17.55	-7.611	-34.672	-42.3
17.56	-7.601	-30.542	-78.9
17.57	-7.591	-25.586	-80.8
17.58	-7.582	-20.286	-52.7
17.59	-7.573	-14.638	-48.3
17.6	-7.564	-8.820	-62.4
17.61	-7.556	-3.553	-66.3
17.62	-7.548	0.353	-39.5
17.63	-7.540	2.255	-32.3
17.64	-7.534	2.553	-55.8
17.65	-7.529	1.516	-56.1
17.66	-7.524	-1.111	-38.8
17.67	-7.521	-4.281	12.1
17.68	-7.520	-7.516	27.5
17.69	-7.518	-11.031	-29.5
17.7	-7.512	-14.194	-54.3
17.71	-7.506	-16.653	-57.4
17.72	-7.501	-18.658	-76.4
17.73	-7.501	-20.431	-93.4
17.74	-7.501	-21.855	-71.7
17.75	-7.501	-22.750	-27.8
17.76	-7.499	-23.198	10.9
17.77	-7.492	-23.530	171.0
17.78	-7.482	-23.783	412.2
17.79	-7.478	-23.767	426.8
17.8	-7.474	-23.611	165.1
17.81	-7.474	-23.514	-34.5
17.82	-7.476	-23.717	-73.4
17.83	-7.474	-24.092	-89.0
17.84	-7.470	-24.138	-85.4
17.85	-7.466	-24.011	-81.3
17.86	-7.458	-23.866	-78.5
17.87	-7.446	-23.280	-66.9
17.88	-7.436	-21.913	-55.3
17.89	-7.429	-18.734	-29.8
17.9	-7.426	-11.220	-17.6
17.91	-7.424	2.908	-19.5
17.92	-7.423	22.902	-18.7
17.93	-7.426	41.177	13.9
17.94	-7.431	49.720	34.1
17.95	-7.433	51.106	29.8
17.96	-7.433	51.134	85.8
17.97	-7.431	51.133	122.0
17.98	-7.429	51.028	99.4
17.99	-7.428	48.655	98.3
18.0	-7.428	38.763	94.3
18.01	-7.425	22.225	50.0
18.02	-7.424	7.002	-18.3
18.03	-7.424	-3.252	-35.4
18.04	-7.426	-9.798	-27.3
18.05	-7.428	-15.219	-70.9
18.06	-7.428	-20.147	-106.3
18.07	-7.429	-23.964	-100.0
18.08	-7.433	-27.505	-110.8
18.09	-7.438	-30.883	-140.3
18.1	-7.441	-34.566	-140.8
18.11	-7.443	-39.114	-114.1
18.12	-7.442	-43.219	-102.2
18.13	-7.440	-45.838	-91.8
18.14	-7.439	-47.847	-69.7
18.15	-7.441	-48.402	-64.2
18.16	-7.444	-45.244	-93.4
18.17	-7.447	-39.867	-121.2
18.18	-7.449	-35.188	-107.9
18.19	-7.451	-31.988	-88.8
18.2	-7.453	-29.195	-96.1
18.21	-7.455	-25.855	-92.8
18.22	-7.456	-21.897	-71.2
18.23	-7.457	-17.481	-79.0
18.24	-7.458	-13.455	-112.2
18.25	-7.459	-10.464	-103.8
18.26	-7.461	-8.214	-69.0
18.27	-7.463	-6.247	-79.6
18.28	-7.463	-4.973	-86.1
18.29	-7.465	-5.792	-79.0
18.3	-7.468	-9.278	-88.4
18.31	-7.470	-13.569	-85.3
18.32	-7.473	-16.345	-81.6
18.33	-7.476	-17.350	-63.9
18.34	-7.478	-17.461	-57.8
18.35	-7.479	-17.092	-70.0
18.36	-7.481	-16.570	-68.3
18.37	-7.486	-16.303	-31.3
18.38	-7.490	-16.205	11.8
18.39	-7.493	-15.908	13.1
18.4	-7.494	-15.297	-12.4
18.41	-7.496	-14.592	-54.2
18.42	-7.496	-14.152	-79.1
18.43	-7.498	-14.066	-97.2
18.44	-7.499	-13.988	-111.1
18.45	-7.501	-13.639	-66.1
18.46	-7.502	-13.080	-19.1
18.47	-7.501	-12.644	34.6
18.48	-7.498	-12.514	239.5
18.49	-7.496	-12.555	498.4
18.5	-7.499	-12.575	474.9
18.51	-7.504	-12.559	156.1
18.52	-7.508	-12.722	-61.2
18.53	-7.508	-13.377	-79.7
18.54	-7.503	-14.708	-89.2
18.55	-7.498	-16.377	-86.4
18.56	-7.494	-17.575	-71.8
18.57	-7.491	-17.850	-63.3
18.58	-7.488	-17.188	-65.4
18.59	-7.487	-14.997	-73.9
18.6	-7.486	-9.177	-42.9
18.61	-7.487	3.302	-15.0
18.62	-7.489	22.795	-35.2
18.63	-7.494	41.245	-31.4
18.64	-7.499	49.792	33.1
18.65	-7.504	51.113	74.8
18.66	-7.508	51.134	65.0
18.67	-7.510	51.136	58.9
18.68	-7.511	51.063	86.1
18.69	-7.511	49.163	105.4
18.7	-7.509	40.519	96.6
18.71	-7.509	24.417	113.3
18.72	-7.509	6.913	90.4
18.73	-7.511	-7.525	17.9
18.74	-7.511	-17.908	-15.3
18.75	-7.511	-24.556	-40.8
18.76	-7.513	-28.545	-83.8
18.77	-7.514	-31.055	-111.5
18.78	-7.516	-32.731	-105.2
18.79	-7.518	-33.939	-98.3
18.8	-7.520	-34.814	-113.4
18.81	-7.521	-35.238	-115.1
18.82	-7.519	-35.698	-98.9
18.83	-7.517	-36.722	-96.7
18.84	-7.514	-37.905	-116.8
18.85	-7.515	-38.348	-110.7
18.86	-7.517	-37.317	-94.9
18.87	-7.521	-34.897	-107.0
18.88	-7.524	-31.705	-94.0
18.89	-7.527	-27.753	-74.3
18.9	-7.530	-23.078	-86.3
18.91	-7.532	-18.514	-92.5
18.92	-7.533	-14.569	-97.0
18.93	-7.534	-11.053	-88.2
18.94	-7.536	-7.867	-71.8
18.95	-7.538	-5.569	-87.4
18.96	-7.539	-4.603	-92.9
18.97	-7.541	-4.419	-82.5
18.98	-7.541	-4.445	-86.7
18.99	-7.541	-5.088	-77.0
19.0	-7.543	-6.608	-85.0
19.01	-7.545	-8.461	-104.7
19.02	-7.548	-10.441	-87.7
19.03	-7.550	-12.461	-68.4
19.04	-7.552	-14.164	-70.0
19.05	-7.554	-15.989	-71.7
19.06	-7.557	-18.275	-67.6
19.07	-7.559	-20.002	-49.5
19.08	-7.563	-20.752	-31.8
19.09	-7.567	-21.475	3.8
19.1	-7.574	-22.545	29.4
19.11	-7.582	-23.555	-13.0
19.12	-7.591	-24.116	-53.8
19.13	-7.598	-24.006	-51.9
19.14	-7.605	-23.589	-71.7
19.15	-7.614	-23.031	-101.8
19.16	-7.628	-22.202	-77.4
19.17	-7.648	-21.577	-36.4
19.18	-7.673	-21.486	3.9
19.19	-7.702	-21.780	136.3
19.2	-7.734	-21.547	405.3
19.21	-7.773	-20.030	567.9
19.22	-7.817	-18.452	365.5
19.23	-7.862	-18.166	43.6
19.24	-7.901	-18.742	-94.3
19.25	-7.929	-19.581	-104.0
19.26	-7.946	-20.739	-89.3
19.27	-7.954	-21.775	-86.0
19.28	-7.955	-21.919	-78.7
19.29	-7.953	-21.264	-52.0
19.3	-7.950	-20.109	-38.6
19.31	-7.948	-17.153	-26.3
19.32	-7.949	-9.347	-33.7
19.33	-7.951	6.155	-41.8
19.34	-7.955	27.347	-11.0
19.35	-7.962	44.183	26.6
19.36	-7.970	50.439	56.6
19.37	-7.977	51.123	73.6
19.38	-7.982	51.139	91.4
19.39	-7.985	51.133	110.8
19.4	-7.986	51.030	123.0
19.41	-7.984	48.811	138.6
19.42	-7.982	39.644	135.4
19.43	-7.982	23.244	104.3
19.44	-7.984	5.575	60.5
19.45	-7.987	-9.247	19.9
19.46	-7.992	-20.577	-15.7
19.47	-7.998	-28.891	-63.6
19.48	-8.005	-34.361	-91.8
19.49	-8.011	-36.475	-82.8
19.5	-8.015	-35.752	-89.5
19.51	-8.016	-34.603	-104.5
19.52	-8.016	-34.837	-103.1
19.53	-8.017	-36.453	-96.0
19.54	-8.018	-38.775	-92.2
19.55	-8.019	-40.533	-83.5
19.56	-8.022	-40.906	-79.6
19.57	-8.026	-40.281	-81.8
19.58	-8.030	-38.773	-69.2
19.59	-8.037	-35.720	-61.6
19.6	-8.044	-31.197	-72.3
19.61	-8.052	-26.308	-80.8
19.62	-8.060	-21.491	-86.9
19.63	-8.067	-16.433	-76.4
19.64	-8.071	-11.445	-46.7
19.65	-8.076	-7.277	-36.4
19.66	-8.081	-4.233	-51.5
19.67	-8.086	-2.478	-79.1
19.68	-8.088	-2.586	-89.2
19.69	-8.089	-4.402	-65.3
19.7	-8.088	-6.905	-49.4
19.71	-8.087	-9.092	-54.5
19.72	-8.089	-10.683	-55.3
19.73	-8.095	-12.730	-46.7
19.74	-8.099	-15.880	-23.3
19.75	-8.105	-19.439	-2.6
19.76	-8.111	-22.503	22.9
19.77	-8.114	-24.081	37.5
19.78	-8.117	-23.827	-9.8
19.79	-8.121	-23.161	-51.7
19.8	-8.123	-23.386	-64.9
19.81	-8.125	-24.314	-65.2
19.82	-8.129	-25.389	-55.7
19.83	-8.134	-25.923	-48.0
19.84	-8.141	-24.975	-16.3
19.85	-8.144	-23.088	52.3
19.86	-8.146	-22.072	230.3
19.87	-8.148	-22.173	476.7
19.88	-8.149	-22.416	469.7
19.89	-8.148	-22.144	172.7
19.9	-8.151	-21.072	-37.3
19.91	-8.154	-19.798	-82.8
19.92	-8.157	-19.189	-79.5
19.93	-8.155	-19.195	-43.3
19.94	-8.151	-19.745	-38.8
19.95	-8.148	-20.753	-55.0
19.96	-8.147	-21.289	-35.1
19.97	-8.146	-20.205	-8.8
19.98	-8.144	-16.661	-4.6
19.99	-8.142	-9.308	-21.8
20.0	-8.142	4.569	-19.4
20.01	-8.143	25.061	18.3
20.02	-8.145	42.953	36.5
20.03	-8.147	50.228	54.1
20.04	-8.149	51.119	99.6
20.05	-8.151	51.138	132.9
20.06	-8.154	51.134	124.3
20.07	-8.156	51.048	119.7
20.08	-8.156	48.889	126.6
20.09	-8.154	39.167	114.2
20.1	-8.151	21.277	85.9
20.11	-8.146	2.398	45.8
20.12	-8.138	-12.709	15.1
20.13	-8.131	-23.431	-9.8
20.14	-8.124	-30.066	-46.7
20.15	-8.119	-33.930	-76.4
20.16	-8.107	-36.206	-94.5
20.17	-8.086	-37.148	-96.7
20.18	-8.056	-37.206	-90.8
20.19	-8.021	-37.250	-75.4
20.2	-7.982	-37.880	-63.4
20.21	-7.941	-39.347	-70.8
20.22	-7.901	-41.330	-66.9
20.23	-7.868	-42.789	-77.9
20.24	-7.840	-42.820	-94.5
20.25	-7.816	-41.044	-80.6
20.26	-7.791	-37.539	-71.4
20.27	-7.764	-32.889	-77.4
20.28	-7.736	-27.634	-57.9
20.29	-7.708	-22.080	-32.6
20.3	-7.679	-16.473	-42.4
20.31	-7.652	-11.422	-50.1
20.32	-7.630	-7.830	-78.3
20.33	-7.610	-6.003	-85.3
20.34	-7.594	-5.281	-52.6
20.35	-7.580	-4.922	-44.8
20.36	-7.569	-5.400	-41.5
20.37	-7.561	-7.328	-31.2
20.38	-7.553	-10.175	-21.4
20.39	-7.546	-13.198	-9.9
20.4	-7.538	-16.064	11.8
20.41	-7.529	-18.806	0.7
20.42	-7.522	-21.459	-50.4
20.43	-7.516	-23.644	-62.6
20.44	-7.509	-24.902	-49.1
20.45	-7.503	-25.388	-64.3
20.46	-7.499	-25.641	-92.8
20.47	-7.498	-25.633	-77.7
20.48	-7.498	-25.144	-17.4
20.49	-7.494	-24.573	62.5
20.5	-7.486	-24.031	230.9
20.51	-7.478	-23.417	455.2
20.52	-7.475	-23.292	412.3
20.53	-7.475	-23.741	101.7
20.54	-7.475	-24.106	-73.4
20.55	-7.474	-24.241	-69.1
20.56	-7.470	-24.339	-61.9
20.57	-7.463	-24.141	-86.8
20.58	-7.454	-23.519	-87.7
20.59	-7.445	-22.933	-52.0
20.6	-7.438	-22.277	-34.7
20.61	-7.433	-20.741	-42.3
20.62	-7.428	-17.095	-54.1
20.63	-7.426	-8.692	-43.2
20.64	-7.424	7.189	-21.4
20.65	-7.424	28.314	3.7
20.66	-7.426	44.672	39.6
20.67	-7.426	50.527	59.2
20.68	-7.426	51.122	65.0
20.69	-7.427	51.139	81.2
20.7	-7.428	51.125	104.4
20.71	-7.426	50.802	93.0
20.72	-7.423	46.902	79.8
20.73	-7.421	34.481	98.0
20.74	-7.422	15.784	67.8
20.75	-7.423	-2.172	7.5
20.76	-7.421	-16.133	-29.5
20.77	-7.420	-25.820	-65.7
20.78	-7.421	-31.861	-91.7
20.79	-7.422	-35.181	-117.7
20.8	-7.423	-36.627	-142.8
20.81	-7.423	-36.547	-133.0
20.82	-7.423	-35.616	-104.3
20.83	-7.424	-35.375	-103.6
20.84	-7.424	-36.656	-122.0
20.85	-7.428	-39.016	-119.1
20.86	-7.430	-41.491	-96.7
20.87	-7.431	-43.056	-103.1
20.88	-7.431	-43.080	-113.9
20.89	-7.432	-41.333	-99.3
20.9	-7.435	-37.952	-98.3
20.91	-7.439	-33.608	-104.3
20.92	-7.441	-29.083	-92.7
20.93	-7.443	-24.541	-76.8
20.94	-7.445	-20.094	-83.8
20.95	-7.449	-16.189	-90.6
20.96	-7.453	-12.798	-85.8
20.97	-7.458	-9.894	-88.6
20.98	-7.463	-8.186	-79.4
20.99	-7.466	-8.097	-82.9
21.0	-7.468	-9.272	-111.8
21.01	-7.468	-11.294	-106.4
21.02	-7.468	-13.625	-76.1
21.03	-7.469	-15.675	-67.6
21.04	-7.472	-17.419	-75.0
21.05	-7.476	-18.995	-84.5
21.06	-7.480	-20.505	-79.6
21.07	-7.484	-22.008	-63.1
21.08	-7.488	-23.416	-69.7
21.09	-7.491	-24.763	-62.8
21.1	-7.494	-25.902	-38.2
21.11	-7.498	-26.555	-11.8
21.12	-7.501	-26.883	9.0
21.13	-7.501	-27.125	-11.2
21.14	-7.501	-26.906	-56.1
21.15	-7.501	-26.095	-95.6
21.16	-7.503	-25.247	-90.1
21.17	-7.507	-24.414	-61.8
21.18	-7.510	-23.398	-66.2
21.19	-7.511	-22.409	-52.6
21.2	-7.509	-21.769	-7.1
21.21	-7.506	-21.555	116.5
21.22	-7.502	-21.575	378.3
21.23	-7.503	-21.466	518.3
21.24	-7.508	-20.909	315.7
21.25	-7.513	-20.205	30.3
21.26	-7.514	-19.950	-96.9
21.27	-7.510	-20.167	-96.0
21.28	-7.503	-20.508	-72.9
21.29	-7.496	-20.803	-81.7
21.3	-7.491	-20.845	-66.3
21.31	-7.485	-20.200	-63.0
21.32	-7.480	-18.534	-71.9
21.33	-7.476	-14.870	-48.7
21.34	-7.476	-6.523	-43.0
21.35	-7.480	9.216	-33.0
21.36	-7.485	29.886	-12.8
21.37	-7.491	45.392	15.3
21.38	-7.498	50.644	45.2
21.39	-7.502	51.120	65.4
21.4	-7.505	51.139	96.5
21.41	-7.506	51.133	94.5
21.42	-7.506	51.022	85.4
21.43	-7.505	48.645	110.2
21.44	-7.504	38.927	109.3
21.45	-7.503	21.930	78.5
21.46	-7.503	4.275	53.2
21.47	-7.503	-10.048	26.6
21.48	-7.504	-20.733	-27.4
21.49	-7.508	-28.136	-80.9
21.5	-7.514	-32.802	-107.9
21.51	-7.521	-35.253	-111.1
21.52	-7.524	-36.305	-95.4
21.53	-7.528	-36.809	-100.3
21.54	-7.531	-37.247	-127.4
21.55	-7.532	-38.113	-134.6
21.56	-7.530	-39.534	-112.8
21.57	-7.527	-41.081	-102.7
21.58	-7.524	-42.144	-103.3
21.59	-7.523	-42.236	-106.8
21.6	-7.524	-41.027	-103.8
21.61	-7.528	-38.673	-96.0
21.62	-7.533	-35.766	-95.8
21.63	-7.538	-32.320	-85.2
21.64	-7.541	-28.205	-80.6
21.65	-7.544	-23.942	-94.4
21.66	-7.546	-19.844	-100.0
21.67	-7.548	-15.678	-85.9
21.68	-7.550	-11.834	-84.5
21.69	-7.553	-9.275	-89.3
21.7	-7.554	-8.081	-87.7
21.71	-7.556	-7.630	-81.4
21.72	-7.558	-7.864	-91.2
21.73	-7.561	-8.939	-103.3
21.74	-7.564	-10.531	-85.1
21.75	-7.571	-12.630	-59.2
21.76	-7.582	-15.552	-59.9
21.77	-7.598	-18.673	-76.0
21.78	-7.617	-21.123	-61.8
21.79	-7.644	-22.805	-53.7
21.8	-7.676	-23.791	-61.5
21.81	-7.713	-24.603	-34.5
21.82	-7.753	-25.923	8.6
21.83	-7.794	-27.573	6.0
21.84	-7.833	-28.766	-39.9
21.85	-7.865	-29.025	-64.9
21.86	-7.891	-28.756	-64.1
21.87	-7.912	-28.052	-76.8
21.88	-7.928	-26.683	-96.2
21.89	-7.941	-25.989	-79.4
21.9	-7.952	-26.400	-16.5
21.91	-7.958	-26.355	100.3
21.92	-7.960	-25.425	338.3
21.93	-7.966	-24.333	555.4
21.94	-7.974	-23.336	426.9
21.95	-7.981	-22.497	94.8
21.96	-7.984	-22.147	-75.8
21.97	-7.985	-22.163	-81.9
21.98	-7.986	-22.111	-72.9
21.99	-7.985	-21.866	-94.0
22.0	-7.984	-21.373	-96.7
22.01	-7.984	-20.559	-71.3
22.02	-7.984	-19.455	-34.5
22.03	-7.982	-17.456	-24.8
22.04	-7.982	-12.923	-43.5
22.05	-7.984	-3.089	-23.9
22.06	-7.987	14.448	-3.4
22.07	-7.993	34.981	5.0
22.08	-7.999	47.745	41.3
22.09	-8.004	50.977	79.3
22.1	-8.008	51.131	97.0
22.11	-8.010	51.139	120.2
22.12	-8.012	51.130	126.5
22.13	-8.014	50.952	102.6
22.14	-8.016	47.788	99.4
22.15	-8.019	36.316	105.0
22.16	-8.022	18.020	93.3
22.17	-8.026	-0.005	53.0
22.18	-8.029	-14.589	6.5
22.19	-8.033	-25.542	-24.0
22.2	-8.039	-33.039	-69.9
22.21	-8.047	-37.308	-103.0
22.22	-8.055	-38.842	-113.5
22.23	-8.063	-38.616	-116.0
22.24	-8.070	-37.786	-88.2
22.25	-8.077	-37.409	-72.3
22.26	-8.078	-37.847	-85.6
22.27	-8.077	-38.942	-88.3
22.28	-8.078	-40.184	-81.8
22.29	-8.081	-40.570	-99.4
22.3	-8.086	-39.592	-107.1
22.31	-8.089	-37.431	-70.2
22.32	-8.094	-34.222	-50.5
22.33	-8.098	-30.088	-64.1
22.34	-8.101	-25.378	-62.7
22.35	-8.105	-20.355	-57.4
22.36	-8.113	-15.278	-61.0
22.37	-8.119	-10.705	-65.6
22.38	-8.122	-7.038	-75.8
22.39	-8.123	-4.353	-73.9
22.4	-8.123	-2.864	-53.1
22.41	-8.123	-2.800	-42.6
22.42	-8.124	-3.833	-48.1
22.43	-8.128	-5.555	-48.7
22.44	-8.132	-7.802	-54.3
22.45	-8.134	-10.200	-32.0
22.46	-8.136	-12.405	-11.6
22.47	-8.138	-14.656	-18.2
22.48	-8.143	-17.327	10.9
22.49	-8.144	-19.991	20.8
22.5	-8.144	-21.911	-14.5
22.51	-8.144	-23.111	-38.9
22.52	-8.148	-24.045	-51.2
22.53	-8.153	-24.681	-63.1
22.54	-8.157	-24.833	-74.3
22.55	-8.163	-24.795	-60.3
22.56	-8.172	-24.742	-7.3
22.57	-8.178	-24.539	94.4
22.58	-8.177	-24.014	297.9
22.59	-8.176	-23.013	469.4
22.6	-8.178	-21.886	343.3
22.61	-8.182	-21.119	66.6
22.62	-8.184	-20.664	-62.3
22.63	-8.185	-20.306	-81.1
22.64	-8.184	-20.123	-69.4
22.65	-8.184	-20.139	-50.0
22.66	-8.184	-20.072	-63.8
22.67	-8.186	-19.725	-72.0
22.68	-8.184	-19.213	-40.0
22.69	-8.180	-18.331	-12.6
22.7	-8.176	-15.705	-20.6
22.71	-8.171	-8.628	-23.6
22.72	-8.162	6.084	18.7
22.73	-8.148	27.164	57.1
22.74	-8.127	44.219	36.4
22.75	-8.100	50.473	29.1
22.76	-8.069	51.122	89.9
22.77	-8.036	51.139	124.6
22.78	-8.006	51.134	119.3
22.79	-7.978	51.081	130.8
22.8	-7.953	49.438	126.0
22.81	-7.928	40.909	116.8
22.82	-7.902	23.819	90.3
22.83	-7.875	4.497	20.8
22.84	-7.847	-12.063	-25.0
22.85	-7.821	-24.864	-40.3
22.86	-7.799	-33.655	-54.1
22.87	-7.779	-38.592	-60.3
22.88	-7.758	-40.283	-77.3
22.89	-7.733	-39.819	-98.8
22.9	-7.709	-38.622	-99.9
22.91	-7.685	-38.016	-94.7
22.92	-7.661	-38.620	-83.6
22.93	-7.639	-40.025	-72.8
22.94	-7.617	-41.259	-63.7
22.95	-7.600	-41.758	-61.8
22.96	-7.586	-41.381	-60.3
22.97	-7.574	-39.822	-66.7
22.98	-7.565	-37.163	-89.9
22.99	-7.556	-33.850	-79.8
23.0	-7.548	-29.703	-68.8
23.01	-7.540	-24.541	-84.4
23.02	-7.532	-19.078	-63.2
23.03	-7.526	-14.055	-48.0
23.04	-7.520	-9.586	-69.5
23.05	-7.512	-5.717	-70.8
23.06	-7.504	-2.830	-42.0
23.07	-7.498	-1.541	-38.3
23.08	-7.493	-2.092	-63.7
23.09	-7.489	-4.183	-36.9
23.1	-7.487	-7.348	13.6
23.11	-7.487	-11.103	22.7
23.12	-7.486	-14.727	-2.0
23.13	-7.484	-17.756	-35.1
23.14	-7.480	-20.325	-58.8
23.15	-7.475	-22.334	-72.7
23.16	-7.468	-23.467	-91.8
23.17	-7.463	-23.813	-100.1
23.18	-7.459	-23.998	-56.4
23.19	-7.456	-24.417	-10.5
23.2	-7.451	-24.897	19.2
23.21	-7.444	-25.338	179.9
23.22	-7.440	-25.753	433.1
23.23	-7.439	-26.020	434.8
23.24	-7.439	-26.013	157.8
23.25	-7.439	-25.705	-43.3
23.26	-7.438	-25.292	-82.9
23.27	-7.434	-24.956	-77.4
23.28	-7.429	-24.639	-87.2
23.29	-7.423	-24.363	-99.8
23.3	-7.417	-24.186	-68.7
23.31	-7.412	-23.952	-57.3
23.32	-7.407	-23.197	-51.8
23.33	-7.404	-20.809	-28.1
23.34	-7.402	-14.217	-24.1
23.35	-7.402	-0.306	-12.4
23.36	-7.404	20.655	9.6
23.37	-7.406	40.231	24.3
23.38	-7.410	49.525	22.1
23.39	-7.414	51.095	43.4
23.4	-7.417	51.134	104.3
23.41	-7.418	51.136	130.8
23.42	-7.420	51.106	111.2
23.43	-7.423	49.894	86.5
23.44	-7.424	42.625	80.6
23.45	-7.423	26.894	62.3
23.46	-7.419	8.317	22.4
23.47	-7.419	-7.925	-13.8
23.48	-7.422	-20.598	-49.2
23.49	-7.425	-29.375	-84.0
23.5	-7.428	-34.859	-116.6
23.51	-7.429	-37.877	-138.4
23.52	-7.431	-39.009	-135.0
23.53	-7.434	-39.095	-109.8
23.54	-7.437	-39.091	-88.3
23.55	-7.440	-39.464	-90.7
23.56	-7.445	-40.234	-102.5
23.57	-7.450	-41.283	-104.5
23.58	-7.453	-42.042	-102.5
23.59	-7.454	-41.856	-114.5
23.6	-7.456	-40.603	-114.9
23.61	-7.458	-38.245	-91.5
23.62	-7.461	-34.991	-83.5
23.63	-7.462	-31.264	-66.4
23.64	-7.463	-27.125	-60.0
23.65	-7.466	-22.644	-101.9
23.66	-7.471	-18.358	-109.4
23.67	-7.476	-14.759	-82.3
23.68	-7.480	-12.000	-86.7
23.69	-7.483	-9.934	-91.8
23.7	-7.485	-8.375	-74.1
23.71	-7.487	-7.664	-75.2
23.72	-7.489	-8.203	-90.0
23.73	-7.491	-9.825	-83.2
23.74	-7.494	-12.156	-74.5
23.75	-7.498	-15.020	-71.4
23.76	-7.500	-17.969	-49.0
23.77	-7.502	-20.398	-32.8
23.78	-7.503	-22.198	-4.9
23.79	-7.504	-23.442	26.8
23.8	-7.506	-24.145	-13.9
23.81	-7.506	-24.661	-79.8
23.82	-7.506	-25.314	-93.5
23.83	-7.506	-25.970	-83.5
23.84	-7.507	-26.417	-83.3
23.85	-7.509	-26.456	-86.8
23.86	-7.510	-26.022	-52.6
23.87	-7.509	-25.344	6.6
23.88	-7.504	-24.773	128.6
23.89	-7.500	-24.425	405.3
23.9	-7.501	-24.156	546.8
23.91	-7.506	-23.913	282.9
23.92	-7.510	-23.767	-10.2
23.93	-7.511	-23.673	-76.0
23.94	-7.508	-23.445	-88.5
23.95	-7.501	-23.077	-98.8
23.96	-7.496	-22.770	-91.9
23.97	-7.494	-22.666	-75.2
23.98	-7.492	-22.494	-78.4
23.99	-7.493	-21.466	-62.5
24.0	-7.496	-18.444	-25.9
24.01	-7.499	-11.192	-35.3
24.02	-7.501	3.359	-37.4
24.03	-7.506	24.420	-6.9
24.04	-7.512	42.570	25.1
24.05	-7.518	50.120	36.5
24.06	-7.523	51.122	40.9
24.07	-7.526	51.138	75.3
24.08	-7.530	51.138	106.7
24.09	-7.532	51.125	109.4
24.1	-7.535	50.341	105.0
24.11	-7.537	44.438	101.8
24.12	-7.538	29.842	88.1
24.13	-7.540	11.123	51.1
24.14	-7.542	-5.547	5.3
24.15	-7.545	-18.545	-33.2
24.16	-7.551	-27.878	-57.4
24.17	-7.559	-33.916	-83.1
24.18	-7.567	-37.406	-116.0
24.19	-7.573	-38.931	-123.3
24.2	-7.579	-39.084	-106.3
24.21	-7.586	-38.908	-104.5
24.22	-7.589	-39.111	-104.3
24.23	-7.591	-39.644	-94.9
24.24	-7.590	-40.306	-105.0
24.25	-7.591	-40.803	-114.8
24.26	-7.593	-40.616	-90.3
24.27	-7.598	-39.628	-85.6
24.28	-7.604	-37.994	-94.6
24.29	-7.612	-35.584	-76.7
24.3	-7.621	-32.328	-82.5
24.31	-7.632	-28.266	-104.2
24.32	-7.645	-23.511	-92.7
24.33	-7.661	-18.527	-71.2
24.34	-7.677	-14.031	-84.7
24.35	-7.692	-10.692	-105.8
24.36	-7.706	-8.725	-82.6
24.37	-7.721	-7.802	-65.1
24.38	-7.737	-7.609	-74.1
24.39	-7.755	-8.294	-81.1
24.4	-7.777	-9.753	-70.4
24.41	-7.802	-11.363	-57.8
24.42	-7.830	-13.025	-69.1
24.43	-7.859	-14.875	-64.2
24.44	-7.889	-16.591	-55.3
24.45	-7.919	-18.156	-25.9
24.46	-7.950	-19.748	30.4
24.47	-7.981	-21.000	-4.3
24.48	-8.009	-21.859	-72.1
24.49	-8.036	-22.819	-79.2
24.5	-8.059	-23.792	-79.4
24.51	-8.082	-24.463	-92.6
24.52	-8.104	-25.045	-89.4
24.53	-8.127	-25.638	-54.3
24.54	-8.148	-25.948	-15.9
24.55	-8.164	-25.752	88.5
24.56	-8.177	-25.048	346.1
24.57	-8.192	-24.094	530.8
24.58	-8.211	-23.213	372.7
24.59	-8.229	-22.677	84.9
24.6	-8.244	-22.466	-49.5
24.61	-8.255	-22.323	-90.5
24.62	-8.262	-22.180	-91.1
24.63	-8.268	-22.025	-79.9
24.64	-8.274	-21.878	-97.8
24.65	-8.280	-21.672	-93.3
24.66	-8.286	-20.983	-58.8
24.67	-8.291	-19.056	-38.8
24.68	-8.299	-14.331	-20.3
24.69	-8.307	-3.894	-10.5
24.7	-8.315	14.333	-19.8
24.71	-8.323	35.114	-6.3
24.72	-8.331	47.806	33.2
24.73	-8.339	50.981	63.4
24.74	-8.345	51.131	83.5
24.75	-8.349	51.138	109.3
24.76	-8.351	51.123	114.1
24.77	-8.353	50.430	110.1
24.78	-8.353	44.759	114.3
24.79	-8.354	29.861	96.6
24.8	-8.356	9.795	69.6
24.81	-8.357	-7.828	43.4
24.82	-8.360	-19.922	2.0
24.83	-8.364	-27.103	-62.0
24.84	-8.372	-31.048	-98.1
24.85	-8.381	-32.711	-110.6
24.86	-8.389	-32.456	-135.9
24.87	-8.396	-31.545	-117.0
24.88	-8.404	-31.117	-89.0
24.89	-8.410	-31.267	-107.2
24.9	-8.414	-32.147	-122.9
24.91	-8.419	-33.580	-115.9
24.92	-8.422	-34.656	-102.5
24.93	-8.428	-34.731	-97.4
24.94	-8.433	-33.670	-90.9
24.95	-8.436	-31.586	-92.6
24.96	-8.438	-28.800	-89.7
24.97	-8.440	-25.583	-68.7
24.98	-8.444	-22.072	-58.4
24.99	-8.447	-18.298	-83.6
25.0	-8.449	-14.308	-104.0
25.01	-8.451	-10.533	-77.3
25.02	-8.453	-7.427	-81.6
25.03	-8.456	-5.130	-122.8
25.04	-8.461	-3.872	-90.1
25.05	-8.464	-3.855	-31.9
25.06	-8.465	-4.844	-50.8
25.07	-8.464	-6.520	-78.2
25.08	-8.464	-8.614	-63.9
25.09	-8.465	-10.831	-49.0
25.1	-8.468	-13.138	-45.0
25.11	-8.471	-15.505	-48.2
25.12	-8.472	-17.633	-2.0
25.13	-8.471	-19.411	40.8
25.14	-8.471	-20.977	-18.5
25.15	-8.471	-22.342	-83.8
25.16	-8.473	-23.367	-79.8
25.17	-8.474	-23.975	-70.3
25.18	-8.476	-24.245	-77.2
25.19	-8.481	-24.294	-68.1
25.2	-8.486	-24.205	-35.9
25.21	-8.486	-24.048	56.7
25.22	-8.483	-23.778	271.0
25.23	-8.478	-23.300	480.2
25.24	-8.473	-22.538	396.4
25.25	-8.471	-21.584	99.7
25.26	-8.471	-20.655	-66.2
25.27	-8.471	-19.836	-89.6
25.28	-8.469	-19.164	-82.2
25.29	-8.466	-18.767	-66.1
25.3	-8.463	-18.850	-64.6
25.31	-8.459	-19.336	-66.0
25.32	-8.453	-19.580	-29.3
25.33	-8.448	-18.913	-0.5
25.34	-8.445	-16.039	0.4
25.35	-8.444	-7.825	-16.4
25.36	-8.445	8.716	-19.4
25.37	-8.443	30.288	19.8
25.38	-8.440	45.831	40.2
25.39	-8.440	50.744	47.7
25.4	-8.441	51.120	78.9
25.41	-8.441	51.139	129.0
25.42	-8.441	51.134	140.2
25.43	-8.443	51.042	112.0
25.44	-8.443	48.895	115.6
25.45	-8.439	39.473	107.0
25.46	-8.435	22.169	70.7
25.47	-8.433	3.533	34.3
25.48	-8.434	-12.047	-5.1
25.49	-8.436	-24.123	-29.9
25.5	-8.439	-32.705	-62.0
25.51	-8.443	-37.711	-85.9
25.52	-8.444	-39.695	-75.2
25.53	-8.443	-39.867	-84.3
25.54	-8.443	-39.439	-112.7
25.55	-8.443	-39.370	-114.3
25.56	-8.440	-40.064	-89.3
25.57	-8.435	-41.205	-70.1
25.58	-8.429	-42.197	-82.2
25.59	-8.424	-42.463	-86.7
25.6	-8.418	-41.491	-67.2
25.61	-8.409	-39.028	-66.0
25.62	-8.396	-35.111	-62.0
25.63	-8.377	-30.159	-60.6
25.64	-8.354	-24.845	-75.0
25.65	-8.328	-19.620	-69.1
25.66	-8.303	-14.570	-68.7
25.67	-8.282	-9.836	-64.3
25.68	-8.263	-5.925	-48.7
25.69	-8.245	-3.275	-46.3
25.7	-8.225	-1.856	-43.5
25.71	-8.202	-1.575	-46.0
25.72	-8.178	-2.497	-34.4
25.73	-8.156	-4.423	-26.7
25.74	-8.138	-6.986	-22.7
25.75	-8.123	-9.878	7.4
25.76	-8.106	-12.788	10.7
25.77	-8.088	-15.597	-15.2
25.78	-8.067	-18.228	-37.4
25.79	-8.044	-20.370	-61.4
25.8	-8.020	-21.878	-69.0
25.81	-7.998	-23.086	-66.1
25.82	-7.978	-24.278	-53.8
25.83	-7.957	-25.330	-22.0
25.84	-7.930	-25.983	67.4
25.85	-7.900	-26.167	272.4
25.86	-7.874	-26.036	450.5
25.87	-7.853	-25.789	324.2
25.88	-7.835	-25.538	54.0
25.89	-7.818	-25.272	-54.6
25.9	-7.799	-25.069	-74.4
25.91	-7.777	-24.945	-77.8
25.92	-7.756	-24.553	-57.0
25.93	-7.735	-23.727	-55.3
25.94	-7.716	-22.659	-63.9
25.95	-7.699	-21.291	-48.1
25.96	-7.684	-19.191	-32.2
25.97	-7.673	-15.066	-42.9
25.98	-7.663	-6.056	-52.8
25.99	-7.656	10.456	-12.7
26.0	-7.649	31.330	38.4
26.01	-7.640	46.159	50.7
26.02	-7.631	50.780	62.4
26.03	-7.624	51.122	74.1
26.04	-7.616	51.139	86.8
26.05	-7.609	51.127	106.9
26.06	-7.603	50.889	111.0
26.07	-7.597	47.381	101.0
26.08	-7.590	35.483	77.9
26.09	-7.584	17.134	37.6
26.1	-7.578	-0.656	13.1
26.11	-7.572	-14.963	-10.7
26.12	-7.568	-25.588	-55.3
26.13	-7.568	-32.606	-93.1
26.14	-7.567	-36.556	-101.6
26.15	-7.564	-38.184	-102.0
26.16	-7.558	-38.261	-116.2
26.17	-7.551	-37.803	-117.8
26.18	-7.546	-37.766	-100.6
26.19	-7.541	-38.522	-94.9
26.2	-7.538	-39.863	-93.4
26.21	-7.533	-41.102	-79.4
26.22	-7.528	-41.411	-76.3
26.23	-7.526	-40.506	-115.1
26.24	-7.526	-38.689	-113.2
26.25	-7.527	-36.153	-65.2
26.26	-7.527	-32.928	-62.1
26.27	-7.526	-29.202	-68.8
26.28	-7.524	-25.075	-66.9
26.29	-7.520	-20.678	-95.2
26.3	-7.517	-16.359	-101.0
26.31	-7.514	-12.405	-77.3
26.32	-7.513	-9.275	-80.4
26.33	-7.511	-7.473	-88.1
26.34	-7.509	-6.889	-85.5
26.35	-7.508	-7.297	-76.8
26.36	-7.507	-8.791	-64.3
26.37	-7.505	-11.103	-88.6
26.38	-7.503	-13.711	-111.1
26.39	-7.501	-16.320	-75.1
26.4	-7.502	-18.722	-27.8
26.41	-7.504	-20.739	-21.2
26.42	-7.507	-22.281	-10.6
26.43	-7.507	-23.402	0.9
26.44	-7.505	-24.300	-23.8
26.45	-7.502	-25.044	-72.6
26.46	-7.498	-25.505	-120.4
26.47	-7.496	-25.595	-101.8
26.48	-7.496	-25.414	-63.3
26.49	-7.499	-25.175	-57.7
26.5	-7.500	-25.003	-39.6
26.51	-7.499	-24.802	-4.1
26.52	-7.496	-24.478	147.3
26.53	-7.494	-24.106	421.1
26.54	-7.495	-23.652	486.3
26.55	-7.498	-22.945	212.2
26.56	-7.500	-21.998	-41.9
26.57	-7.499	-21.070	-104.3
26.58	-7.493	-20.405	-101.8
26.59	-7.488	-20.155	-85.9
26.6	-7.484	-20.394	-84.7
26.61	-7.479	-20.844	-104.4
26.62	-7.474	-20.825	-110.2
26.63	-7.474	-19.414	-85.5
26.64	-7.476	-15.061	-42.8
26.65	-7.479	-5.172	-39.9
26.66	-7.483	12.392	-52.7
26.67	-7.489	33.422	-18.5
26.68	-7.494	47.173	24.3
26.69	-7.498	50.930	41.8
26.7	-7.501	51.128	39.9
26.71	-7.503	51.139	48.0
26.72	-7.504	51.133	74.9
26.73	-7.504	51.008	88.0
26.74	-7.504	48.417	79.5
26.75	-7.504	38.038	78.2
26.76	-7.504	20.267	88.7
26.77	-7.505	2.245	57.3
26.78	-7.506	-12.122	-15.7
26.79	-7.506	-22.705	-71.6
26.8	-7.505	-29.795	-70.2
26.81	-7.506	-33.922	-95.3
26.82	-7.507	-36.080	-145.5
26.83	-7.508	-37.117	-138.1
26.84	-7.509	-37.397	-119.9
26.85	-7.510	-37.572	-120.5
26.86	-7.510	-38.264	-115.3
26.87	-7.509	-39.375	-115.5
26.88	-7.508	-40.433	-114.3
26.89	-7.508	-41.088	-98.4
26.9	-7.509	-41.047	-94.9
26.91	-7.512	-39.998	-104.2
26.92	-7.514	-37.766	-114.5
26.93	-7.516	-34.441	-114.8
26.94	-7.518	-30.514	-98.0
26.95	-7.518	-26.466	-86.2
26.96	-7.519	-22.444	-96.3
26.97	-7.521	-18.369	-104.9
26.98	-7.523	-14.417	-79.2
26.99	-7.524	-11.011	-57.1
27.0	-7.525	-8.597	-87.7
27.01	-7.526	-7.439	-117.1
27.02	-7.527	-7.275	-103.0
27.03	-7.528	-8.017	-101.3
27.04	-7.529	-9.783	-100.7
27.05	-7.531	-12.209	-91.6
27.06	-7.533	-14.628	-71.8
27.07	-7.536	-16.655	-49.0
27.08	-7.539	-18.598	-53.8
27.09	-7.542	-20.761	-42.7
27.1	-7.545	-22.786	-24.1
27.11	-7.548	-24.317	-10.2
27.12	-7.551	-25.264	5.7
27.13	-7.552	-25.550	-27.6
27.14	-7.551	-25.458	-68.2
27.15	-7.549	-25.577	-77.9
27.16	-7.546	-25.838	-77.7
27.17	-7.544	-25.895	-75.1
27.18	-7.545	-25.895	-63.3
27.19	-7.546	-25.631	-21.4
27.2	-7.544	-24.778	62.3
27.21	-7.540	-23.836	260.8
27.22	-7.538	-23.213	510.4
27.23	-7.543	-22.863	459.7
27.24	-7.551	-22.597	125.5
27.25	-7.559	-22.227	-72.1
27.26	-7.562	-21.798	-76.4
27.27	-7.558	-21.386	-87.8
27.28	-7.548	-21.025	-113.4
27.29	-7.535	-20.836	-93.1
27.3	-7.524	-20.902	-56.3
27.31	-7.517	-20.889	-37.3
27.32	-7.516	-19.730	-48.1
27.33	-7.521	-15.013	-41.1
27.34	-7.532	-3.664	-9.5
27.35	-7.549	15.483	-18.8
27.36	-7.573	36.253	-24.8
27.37	-7.604	48.234	19.8
27.38	-7.638	51.014	71.2
27.39	-7.671	51.133	87.8
27.4	-7.703	51.139	84.9
27.41	-7.733	51.127	98.2
27.42	-7.759	50.863	123.3
27.43	-7.781	47.267	112.1
27.44	-7.799	35.458	92.1
27.45	-7.816	17.431	90.9
27.46	-7.832	-0.158	44.3
27.47	-7.848	-14.194	-19.5
27.48	-7.866	-24.455	-52.6
27.49	-7.886	-31.602	-96.8
27.5	-7.906	-36.164	-125.2
27.51	-7.920	-38.655	-109.6
27.52	-7.929	-39.758	-101.4
27.53	-7.936	-39.995	-106.4
27.54	-7.942	-40.134	-106.0
27.55	-7.947	-40.809	-108.3
27.56	-7.951	-41.869	-98.9
27.57	-7.951	-42.823	-109.7
27.58	-7.951	-43.058	-116.4
27.59	-7.951	-42.003	-88.9
27.6	-7.952	-39.595	-75.1
27.61	-7.954	-36.078	-82.3
27.62	-7.958	-31.759	-85.2
27.63	-7.961	-26.980	-97.5
27.64	-7.963	-22.108	-111.2
27.65	-7.964	-17.473	-85.2
27.66	-7.966	-13.342	-64.9
27.67	-7.968	-9.953	-81.1
27.68	-7.969	-7.255	-85.6
27.69	-7.972	-5.392	-78.0
27.7	-7.976	-4.861	-85.5
27.71	-7.978	-5.680	-81.9
27.72	-7.980	-7.252	-54.6
27.73	-7.982	-9.175	-45.0
27.74	-7.985	-11.473	-36.1
27.75	-7.989	-13.872	5.4
27.76	-7.991	-16.194	41.8
27.77	-7.993	-18.616	-8.5
27.78	-7.996	-20.922	-84.7
27.79	-7.999	-22.672	-94.3
27.8	-8.004	-23.748	-88.8
27.81	-8.009	-24.236	-80.2
27.82	-8.014	-24.363	-60.0
27.83	-8.021	-24.448	-33.8
27.84	-8.026	-24.558	32.0
27.85	-8.031	-24.736	183.4
27.86	-8.034	-24.992	418.6
27.87	-8.036	-25.206	494.5
27.88	-8.034	-25.348	242.8
27.89	-8.034	-25.461	-20.1
27.9	-8.036	-25.641	-79.5
27.91	-8.038	-25.917	-72.7
27.92	-8.038	-26.217	-57.7
27.93	-8.038	-26.469	-48.5
27.94	-8.039	-26.569	-51.1
27.95	-8.040	-26.214	-51.3
27.96	-8.041	-25.223	-57.3
27.97	-8.041	-23.219	-59.3
27.98	-8.044	-18.277	-21.4
27.99	-8.049	-7.205	19.0
28.0	-8.057	11.627	22.8
28.01	-8.063	33.245	32.8
28.02	-8.069	47.122	61.8
28.03	-8.072	50.920	70.0
28.04	-8.074	51.128	80.9
28.05	-8.074	51.139	115.7
28.06	-8.073	51.125	131.4
28.07	-8.074	50.836	117.0
28.08	-8.076	47.186	109.6
28.09	-8.078	35.434	105.5
28.1	-8.081	17.642	67.4
28.11	-8.084	0.295	-2.6
28.12	-8.088	-13.813	-35.7
28.13	-8.092	-24.341	-36.8
28.14	-8.096	-31.334	-87.5
28.15	-8.100	-35.063	-116.9
28.16	-8.103	-36.203	-100.4
28.17	-8.106	-35.892	-91.3
28.18	-8.111	-35.358	-79.5
28.19	-8.112	-35.509	-84.1
28.2	-8.110	-36.658	-85.3
28.21	-8.107	-38.267	-78.4
28.22	-8.106	-39.292	-71.9
28.23	-8.104	-38.939	-64.0
28.24	-8.100	-36.961	-67.2
28.25	-8.096	-33.530	-83.8
28.26	-8.094	-29.008	-88.5
28.27	-8.091	-23.727	-75.7
28.28	-8.087	-18.041	-71.9
28.29	-8.082	-12.395	-57.4
28.3	-8.079	-7.222	-34.5
28.31	-8.074	-2.956	-49.6
28.32	-8.068	-0.161	-75.9
28.33	-8.060	0.984	-77.4
28.34	-8.050	0.950	-56.5
28.35	-8.039	0.116	-44.0
28.36	-8.025	-1.519	-35.8
28.37	-8.008	-3.902	-25.4
28.38	-7.986	-6.789	-20.3
28.39	-7.961	-9.864	12.0
28.4	-7.932	-12.778	21.0
28.41	-7.901	-15.306	-22.4
28.42	-7.870	-17.336	-60.7
28.43	-7.841	-18.734	-72.1
28.44	-7.813	-19.403	-71.5
28.45	-7.788	-19.481	-81.1
28.46	-7.769	-19.319	-56.4
28.47	-7.749	-19.134	-11.5
28.48	-7.725	-18.909	48.3
28.49	-7.695	-18.816	235.5
28.5	-7.666	-19.083	460.0
28.51	-7.641	-19.625	375.0
28.52	-7.619	-20.328	89.3
28.53	-7.601	-21.136	-39.9
28.54	-7.580	-21.842	-64.3
28.55	-7.554	-22.266	-74.6
28.56	-7.527	-22.313	-73.5
28.57	-7.504	-21.925	-76.1
28.58	-7.484	-21.078	-71.2
28.59	-7.468	-19.614	-60.8
28.6	-7.450	-17.245	-41.8
28.61	-7.436	-13.027	-38.6
28.62	-7.425	-4.556	-34.3
28.63	-7.416	10.739	-10.3
28.64	-7.408	30.670	8.2
28.65	-7.399	45.611	24.3
28.66	-7.389	50.666	43.8
28.67	-7.379	51.122	70.3
28.68	-7.369	51.138	89.4
28.69	-7.362	51.125	91.2
