Interval=	0.01 s
ExcelDateTime=	3.9777474062194437e+004	25/11/2008 11:22:38.973599
TimeFormat=	StartOfBlock
ChannelTitle=	Channel 1	Channel 2	Channel 3
Range=	20.000 mV	50.000 mV	1000.0 µV
0.0	-10.066	50.973	92.5
0.01	-10.089	51.130	156.6
0.02	-10.114	51.139	83.1
0.03	-10.140	51.139	170.5
0.04	-10.164	51.139	233.4
0.05	-10.187	51.139	77.0
0.06	-10.207	51.139	74.1
0.07	-10.227	51.127	143.5
0.08	-10.249	50.897	7.6
0.09	-10.272	46.928	-15.0
0.1	-10.292	33.131	-24.8
0.11	-10.309	12.589	-110.5
0.12	-10.326	-5.044	-71.6
0.13	-10.344	-16.681	-63.4
0.14	-10.361	-23.930	-127.2
0.15	-10.376	-27.927	-115.8
0.16	-10.389	-29.658	-110.7
0.17	-10.399	-31.384	-158.2
0.18	-10.405	-35.606	-91.5
0.19	-10.407	-42.536	-113.1
0.2	-10.404	-48.564	-70.5
0.21	-10.398	-50.886	-55.4
0.22	-10.389	-51.133	-132.0
0.23	-10.373	-51.141	-100.1
0.24	-10.350	-51.141	-24.3
0.25	-10.319	-51.136	-97.2
0.26	-10.282	-51.047	-112.7
0.27	-10.238	-49.222	-69.0
0.28	-10.189	-41.969	-63.8
0.29	-10.138	-29.256	-42.1
0.3	-10.087	-15.673	-61.6
0.31	-10.036	-4.517	-36.0
0.32	-9.984	3.719	-48.6
0.33	-9.932	9.489	-143.6
0.34	-9.880	12.109	-67.4
0.35	-9.829	10.430	-14.8
0.36	-9.779	4.772	-69.2
0.37	-9.729	-3.433	-78.0
0.38	-9.678	-12.516	-16.2
0.39	-9.626	-21.136	-23.2
0.4	-9.575	-28.883	-90.4
0.41	-9.527	-35.700	50.3
0.42	-9.482	-41.561	71.6
0.43	-9.439	-46.494	2.3
0.44	-9.393	-49.769	-38.8
0.45	-9.345	-50.983	-136.6
0.46	-9.297	-51.138	-18.5
0.47	-9.251	-51.111	-34.1
0.48	-9.208	-50.848	-125.1
0.49	-9.169	-50.225	-38.5
0.5	-9.133	-49.577	20.3
0.51	-9.098	-49.047	76.4
0.52	-9.064	-48.383	350.5
0.53	-9.029	-47.475	695.8
0.54	-8.997	-46.266	423.6
0.55	-8.966	-44.802	-109.6
0.56	-8.933	-43.420	-78.2
0.57	-8.902	-42.250	-12.8
0.58	-8.874	-41.252	-53.7
0.59	-8.848	-40.573	-63.5
0.6	-8.818	-40.098	-77.2
0.61	-8.789	-39.213	-39.6
0.62	-8.764	-37.373	-36.7
0.63	-8.745	-34.678	-78.6
0.64	-8.725	-31.436	23.2
0.65	-8.702	-26.980	12.7
0.66	-8.677	-18.850	-51.4
0.67	-8.651	-2.417	54.0
0.68	-8.624	22.645	42.2
0.69	-8.596	43.305	59.3
0.7	-8.569	50.505	71.4
0.71	-8.543	51.109	80.4
0.72	-8.516	51.139	257.3
0.73	-8.489	51.139	92.1
0.74	-8.462	51.139	53.3
0.75	-8.436	51.139	206.4
0.76	-8.409	51.139	111.8
0.77	-8.383	51.134	153.6
0.78	-8.356	51.106	10.2
0.79	-8.329	49.611	-59.3
0.8	-8.298	40.459	14.0
0.81	-8.264	21.313	-127.0
0.82	-8.227	0.619	-109.6
0.83	-8.189	-14.875	-107.1
0.84	-8.153	-24.770	-109.6
0.85	-8.119	-30.220	-113.9
0.86	-8.085	-33.534	-125.1
0.87	-8.051	-37.159	-64.4
0.88	-8.018	-42.363	-98.5
0.89	-7.987	-47.731	-181.5
0.9	-7.954	-50.577	-126.6
0.91	-7.918	-51.122	-106.8
0.92	-7.879	-51.139	-83.7
0.93	-7.838	-51.141	-34.9
0.94	-7.796	-51.141	-130.5
0.95	-7.753	-51.141	-117.6
0.96	-7.709	-51.141	-50.0
0.97	-7.664	-51.138	-137.8
0.98	-7.619	-51.122	-82.1
0.99	-7.574	-50.355	-97.2
1.0	-7.527	-45.684	-129.6
1.01	-7.478	-35.731	-107.3
1.02	-7.428	-24.845	-96.1
1.03	-7.378	-17.167	-96.8
1.04	-7.328	-13.517	-42.7
1.05	-7.278	-13.866	-46.7
1.06	-7.228	-17.964	-183.0
1.07	-7.179	-24.875	-102.2
1.08	-7.131	-33.113	-13.0
1.09	-7.084	-41.248	-161.3
1.1	-7.037	-47.517	-44.1
1.11	-6.990	-50.502	-14.1
1.12	-6.944	-51.116	-93.0
1.13	-6.899	-51.139	50.3
1.14	-6.856	-51.141	1.3
1.15	-6.817	-51.141	29.9
1.16	-6.781	-51.141	24.3
1.17	-6.746	-51.141	-160.3
1.18	-6.711	-51.141	-120.3
1.19	-6.678	-51.141	-1.1
1.2	-6.646	-51.141	-25.7
1.21	-6.616	-51.141	-147.9
1.22	-6.587	-51.141	-24.5
1.23	-6.560	-51.141	37.3
1.24	-6.534	-51.139	102.8
1.25	-6.510	-51.089	416.2
1.26	-6.486	-50.555	679.6
1.27	-6.465	-49.048	433.9
1.28	-6.446	-47.123	-24.3
1.29	-6.429	-45.400	-131.3
1.3	-6.413	-43.592	-46.2
1.31	-6.398	-41.744	-41.8
1.32	-6.382	-40.503	-100.3
1.33	-6.365	-40.125	-69.5
1.34	-6.348	-40.038	-69.2
1.35	-6.332	-39.523	-62.3
1.36	-6.314	-38.083	-21.6
1.37	-6.298	-34.897	-94.3
1.38	-6.282	-28.234	-56.3
1.39	-6.269	-13.964	66.3
1.4	-6.255	11.277	32.4
1.41	-6.244	37.144	25.3
1.42	-6.232	49.327	45.1
1.43	-6.221	51.106	85.2
1.44	-6.211	51.134	62.9
1.45	-6.201	51.139	114.1
1.46	-6.194	51.139	189.8
1.47	-6.189	51.139	168.6
1.48	-6.184	51.139	156.8
1.49	-6.181	51.139	88.8
1.5	-6.178	51.127	148.0
1.51	-6.176	50.902	74.3
1.52	-6.176	47.138	-95.6
1.53	-6.176	34.186	-82.3
1.54	-6.176	14.867	-36.3
1.55	-6.176	-2.198	-141.6
1.56	-6.178	-14.148	-73.7
1.57	-6.179	-22.202	-117.9
1.58	-6.181	-27.748	-179.9
1.59	-6.181	-31.942	-84.0
1.6	-6.180	-36.102	-129.0
1.61	-6.180	-41.548	-104.7
1.62	-6.179	-47.319	-110.3
1.63	-6.179	-50.503	-129.5
1.64	-6.178	-51.120	-141.9
1.65	-6.179	-51.139	-85.2
1.66	-6.181	-51.141	-18.0
1.67	-6.185	-51.141	-187.7
1.68	-6.191	-51.141	-65.1
1.69	-6.196	-51.141	-28.1
1.7	-6.201	-51.141	-119.5
1.71	-6.204	-51.133	-63.2
1.72	-6.206	-50.777	-109.8
1.73	-6.208	-47.981	-172.7
1.74	-6.209	-41.058	-51.3
1.75	-6.211	-32.641	-53.5
1.76	-6.214	-26.147	-76.6
1.77	-6.218	-22.570	-56.9
1.78	-6.221	-22.202	-92.9
1.79	-6.226	-24.730	-80.6
1.8	-6.232	-29.258	-121.9
1.81	-6.237	-35.000	-50.4
1.82	-6.242	-41.228	-51.7
1.83	-6.248	-46.783	-98.3
1.84	-6.253	-50.095	-9.5
1.85	-6.258	-51.064	-94.2
1.86	-6.263	-51.138	-82.7
1.87	-6.268	-51.141	-49.6
1.88	-6.273	-51.141	-47.2
1.89	-6.279	-51.141	-33.6
1.9	-6.285	-51.141	-38.9
1.91	-6.292	-51.141	97.8
1.92	-6.300	-51.141	42.6
1.93	-6.308	-51.141	-35.9
1.94	-6.316	-51.141	-101.5
1.95	-6.322	-51.141	-115.5
1.96	-6.326	-51.139	4.4
1.97	-6.328	-51.117	-40.9
1.98	-6.331	-50.853	-81.9
1.99	-6.336	-50.102	-54.1
2.0	-6.342	-49.111	28.9
2.01	-6.348	-47.867	138.3
2.02	-6.352	-45.780	516.0
2.03	-6.354	-43.128	816.6
2.04	-6.357	-40.917	362.2
2.05	-6.364	-39.469	-122.8
2.06	-6.376	-38.592	-54.8
2.07	-6.391	-38.425	-21.7
2.08	-6.406	-39.267	-42.4
2.09	-6.414	-40.930	-140.2
2.1	-6.412	-42.575	-83.4
2.11	-6.407	-42.866	-29.0
2.12	-6.402	-41.047	-135.2
2.13	-6.398	-37.711	-32.5
2.14	-6.399	-32.750	-16.5
2.15	-6.407	-23.183	-15.2
2.16	-6.410	-3.684	9.4
2.17	-6.407	24.070	20.2
2.18	-6.407	44.638	13.7
2.19	-6.407	50.772	33.2
2.2	-6.407	51.120	186.8
2.21	-6.408	51.139	103.9
2.22	-6.411	51.139	102.7
2.23	-6.416	51.139	155.9
2.24	-6.423	51.139	127.3
2.25	-6.432	51.139	169.8
2.26	-6.441	51.139	96.9
2.27	-6.452	51.122	134.3
2.28	-6.463	50.722	102.0
2.29	-6.475	46.280	-82.5
2.3	-6.487	33.244	-86.7
2.31	-6.499	15.634	-112.3
2.32	-6.514	0.789	-111.3
2.33	-6.537	-9.934	-64.6
2.34	-6.572	-18.041	-111.8
2.35	-6.617	-24.841	-149.1
2.36	-6.668	-30.975	-93.7
2.37	-6.721	-37.480	-88.8
2.38	-6.774	-44.658	-127.6
2.39	-6.827	-49.628	-116.4
2.4	-6.879	-51.059	-90.6
2.41	-6.929	-51.136	-235.9
2.42	-6.977	-51.141	-126.8
2.43	-7.024	-51.141	5.6
2.44	-7.071	-51.141	-88.7
2.45	-7.117	-51.141	-90.7
2.46	-7.164	-51.141	-105.5
2.47	-7.211	-51.139	-97.8
2.48	-7.259	-51.134	-113.8
2.49	-7.308	-50.744	-73.8
2.5	-7.357	-48.122	-58.0
2.51	-7.408	-42.388	-92.0
2.52	-7.459	-36.141	-54.3
2.53	-7.510	-32.041	-96.5
2.54	-7.563	-30.945	-112.5
2.55	-7.618	-32.850	-49.9
2.56	-7.675	-36.950	-69.8
2.57	-7.733	-42.334	-87.5
2.58	-7.790	-47.536	-34.0
2.59	-7.846	-50.447	-74.5
2.6	-7.899	-51.111	-98.3
2.61	-7.952	-51.139	-50.4
2.62	-8.004	-51.141	-62.5
2.63	-8.056	-51.141	-37.9
2.64	-8.108	-51.141	-35.1
2.65	-8.158	-51.141	-68.8
2.66	-8.206	-51.141	-11.1
2.67	-8.253	-51.141	-13.2
2.68	-8.299	-51.141	1.3
2.69	-8.342	-51.141	31.6
2.7	-8.385	-51.141	42.7
2.71	-8.428	-51.141	-29.0
2.72	-8.473	-51.141	-45.9
2.73	-8.517	-51.141	-87.3
2.74	-8.558	-51.141	-159.0
2.75	-8.598	-51.141	-18.9
2.76	-8.636	-51.139	-14.5
2.77	-8.676	-51.039	-25.3
2.78	-8.715	-50.316	96.8
2.79	-8.752	-48.566	161.0
2.8	-8.787	-45.955	435.5
2.81	-8.821	-42.314	769.2
2.82	-8.854	-37.966	350.0
2.83	-8.883	-33.964	-99.3
2.84	-8.909	-30.714	-11.2
2.85	-8.939	-28.531	-50.3
2.86	-8.969	-27.677	-119.6
2.87	-8.999	-27.278	-70.3
2.88	-9.028	-26.156	-33.3
2.89	-9.060	-24.567	-42.3
2.9	-9.096	-23.108	-15.7
2.91	-9.136	-21.223	-31.4
2.92	-9.175	-18.397	52.0
2.93	-9.212	-12.847	-28.6
2.94	-9.249	1.250	-58.4
2.95	-9.284	24.992	117.7
2.96	-9.316	44.431	77.8
2.97	-9.344	50.711	84.8
2.98	-9.372	51.116	147.1
2.99	-9.398	51.139	115.5
3.0	-9.424	51.139	122.8
3.01	-9.451	51.139	176.2
3.02	-9.479	51.139	240.5
3.03	-9.507	51.139	110.3
3.04	-9.536	51.139	117.4
3.05	-9.566	51.131	116.8
3.06	-9.598	50.983	68.3
3.07	-9.629	48.258	42.5
3.08	-9.659	38.486	-100.7
3.09	-9.687	23.586	-93.8
3.1	-9.713	10.575	-114.8
3.11	-9.739	1.978	-107.3
3.12	-9.764	-3.295	-64.0
3.13	-9.788	-6.550	-133.3
3.14	-9.809	-9.663	-80.1
3.15	-9.831	-15.077	-117.4
3.16	-9.853	-24.647	-132.8
3.17	-9.874	-37.406	-73.6
3.18	-9.893	-47.334	-89.8
3.19	-9.911	-50.808	-91.8
3.2	-9.927	-51.128	-48.5
3.21	-9.941	-51.141	-100.1
3.22	-9.953	-51.141	-131.8
3.23	-9.961	-51.134	-3.5
3.24	-9.966	-51.030	-21.8
3.25	-9.966	-48.878	-55.7
3.26	-9.963	-40.527	-86.4
3.27	-9.957	-26.853	-94.3
3.28	-9.949	-13.711	-54.7
3.29	-9.939	-3.594	-111.6
3.3	-9.926	3.803	-49.4
3.31	-9.910	8.061	44.8
3.32	-9.891	8.031	-65.4
3.33	-9.869	3.400	-159.3
3.34	-9.842	-4.600	-30.2
3.35	-9.812	-14.070	-43.1
3.36	-9.777	-22.931	-87.1
3.37	-9.740	-30.131	-14.3
3.38	-9.702	-36.386	67.7
3.39	-9.665	-42.230	-12.4
3.4	-9.628	-47.072	13.8
3.41	-9.591	-50.019	23.6
3.42	-9.551	-51.023	-51.4
3.43	-9.511	-51.138	-129.9
3.44	-9.473	-51.141	-81.4
3.45	-9.436	-51.141	36.8
3.46	-9.404	-51.141	-75.5
3.47	-9.376	-51.139	-52.7
3.48	-9.351	-51.047	-42.1
3.49	-9.327	-50.394	36.0
3.5	-9.298	-48.597	169.2
3.51	-9.263	-46.077	478.3
3.52	-9.227	-44.019	696.3
3.53	-9.192	-42.850	186.9
3.54	-9.160	-42.366	-123.5
3.55	-9.131	-42.713	-62.2
3.56	-9.109	-43.925	-24.2
3.57	-9.094	-45.373	-79.4
3.58	-9.078	-46.245	-110.9
3.59	-9.056	-46.189	-22.9
3.6	-9.033	-45.383	7.9
3.61	-9.013	-44.216	-64.3
3.62	-8.998	-42.858	-77.0
3.63	-8.982	-40.883	-6.7
3.64	-8.967	-36.381	-5.1
3.65	-8.953	-24.663	17.6
3.66	-8.938	-0.217	5.9
3.67	-8.922	29.739	-40.3
3.68	-8.902	47.303	158.8
3.69	-8.879	50.998	182.4
3.7	-8.853	51.128	97.6
3.71	-8.829	51.139	112.7
3.72	-8.804	51.139	150.5
3.73	-8.781	51.139	180.5
3.74	-8.757	51.139	99.1
3.75	-8.732	51.138	94.9
3.76	-8.707	51.122	128.1
3.77	-8.681	50.363	19.4
3.78	-8.652	44.234	-63.2
3.79	-8.620	29.092	-60.7
3.8	-8.583	10.881	-95.2
3.81	-8.541	-3.666	-84.8
3.82	-8.498	-14.233	-100.3
3.83	-8.455	-21.592	-134.7
3.84	-8.414	-26.000	-92.5
3.85	-8.372	-29.089	-107.0
3.86	-8.331	-33.731	-99.0
3.87	-8.293	-41.123	-109.9
3.88	-8.255	-47.953	-169.7
3.89	-8.216	-50.794	-99.5
3.9	-8.178	-51.133	-72.9
3.91	-8.141	-51.141	-94.7
3.92	-8.103	-51.141	-51.8
3.93	-8.065	-51.141	-49.8
3.94	-8.026	-51.141	-88.0
3.95	-7.987	-51.141	-75.1
3.96	-7.947	-51.131	-67.9
3.97	-7.908	-50.745	-150.4
3.98	-7.870	-47.375	-35.3
3.99	-7.831	-38.636	-23.8
4.0	-7.790	-27.647	-109.3
4.01	-7.749	-18.597	-102.8
4.02	-7.708	-12.928	-88.1
4.03	-7.668	-11.970	-4.3
4.04	-7.628	-16.348	-57.3
4.05	-7.589	-24.992	-145.0
4.06	-7.548	-35.606	-95.4
4.07	-7.505	-44.830	-72.6
4.08	-7.461	-49.792	-55.6
4.09	-7.418	-51.059	-53.5
4.1	-7.374	-51.138	-44.9
4.11	-7.333	-51.141	-63.2
4.12	-7.294	-51.141	-114.2
4.13	-7.258	-51.141	-42.3
4.14	-7.223	-51.141	-65.6
4.15	-7.191	-51.141	-88.0
4.16	-7.161	-51.141	62.9
4.17	-7.133	-51.141	71.3
4.18	-7.107	-51.141	-67.4
4.19	-7.082	-51.141	-70.5
4.2	-7.058	-51.141	-40.7
4.21	-7.034	-51.141	-159.9
4.22	-7.010	-51.141	-22.9
4.23	-6.989	-51.141	-28.5
4.24	-6.969	-51.141	-86.8
4.25	-6.950	-51.141	26.6
4.26	-6.932	-51.141	318.9
4.27	-6.913	-51.141	716.6
4.28	-6.896	-51.141	488.4
4.29	-6.882	-51.141	29.1
4.3	-6.869	-51.141	-6.4
4.31	-6.857	-51.141	-54.8
4.32	-6.848	-51.141	-129.6
4.33	-6.839	-51.141	-80.8
4.34	-6.827	-51.141	-93.1
4.35	-6.815	-51.141	-90.5
4.36	-6.803	-51.139	-21.2
4.37	-6.791	-51.123	-85.2
4.38	-6.778	-50.445	-41.0
4.39	-6.764	-45.453	24.0
4.4	-6.749	-28.666	-44.2
4.41	-6.738	3.459	-35.9
4.42	-6.729	35.294	55.6
4.43	-6.719	49.275	-10.3
4.44	-6.710	51.097	81.5
4.45	-6.701	51.136	126.3
4.46	-6.694	51.139	83.1
4.47	-6.689	51.139	177.3
4.48	-6.683	51.139	149.1
4.49	-6.677	51.139	145.1
4.5	-6.672	51.139	168.9
4.51	-6.668	51.139	57.0
4.52	-6.666	51.127	35.7
4.53	-6.666	50.613	-5.9
4.54	-6.667	46.230	-56.0
4.55	-6.667	35.138	-50.6
4.56	-6.667	21.889	-139.8
4.57	-6.667	11.645	-127.3
4.58	-6.668	4.192	-90.2
4.59	-6.670	-1.756	-108.0
4.6	-6.673	-7.342	-114.4
4.61	-6.674	-13.953	-139.5
4.62	-6.672	-22.917	-166.1
4.63	-6.670	-34.636	-165.9
4.64	-6.669	-45.345	-57.8
4.65	-6.669	-50.344	-130.7
4.66	-6.670	-51.127	-116.3
4.67	-6.672	-51.138	-89.9
4.68	-6.674	-51.141	-106.5
4.69	-6.677	-51.141	-73.7
4.7	-6.680	-51.141	-142.2
4.71	-6.683	-51.136	-59.7
4.72	-6.685	-51.053	-48.1
4.73	-6.686	-49.395	-97.3
4.74	-6.685	-43.041	-138.4
4.75	-6.684	-32.492	-111.7
4.76	-6.684	-22.094	-15.7
4.77	-6.686	-14.822	-101.1
4.78	-6.688	-11.623	-80.9
4.79	-6.692	-12.070	-89.8
4.8	-6.696	-15.000	-113.0
4.81	-6.700	-19.197	-83.6
4.82	-6.704	-24.089	-88.8
4.83	-6.708	-30.095	-62.2
4.84	-6.712	-37.302	-13.9
4.85	-6.716	-44.367	-89.8
4.86	-6.720	-49.142	-159.4
4.87	-6.724	-50.908	-50.0
4.88	-6.727	-51.138	-24.2
4.89	-6.731	-51.139	-76.9
4.9	-6.734	-51.138	-58.5
4.91	-6.739	-50.988	-76.6
4.92	-6.744	-49.877	-78.2
4.93	-6.750	-46.986	-64.8
4.94	-6.758	-43.127	-32.1
4.95	-6.766	-40.095	-57.6
4.96	-6.776	-38.867	-30.3
4.97	-6.790	-39.223	-9.4
4.98	-6.809	-40.327	-47.9
4.99	-6.837	-41.163	48.9
5.0	-6.873	-41.141	90.9
5.01	-6.918	-40.422	-12.6
5.02	-6.968	-39.323	-58.2
5.03	-7.021	-37.883	-65.3
5.04	-7.076	-36.238	-131.2
5.05	-7.134	-34.772	-34.5
5.06	-7.195	-33.547	-5.2
5.07	-7.261	-32.436	-44.8
5.08	-7.331	-31.773	77.4
5.09	-7.404	-32.022	223.2
5.1	-7.478	-32.941	598.8
5.11	-7.549	-33.761	793.4
5.12	-7.617	-34.377	243.6
5.13	-7.683	-35.455	-42.6
5.14	-7.746	-37.098	14.7
5.15	-7.808	-38.831	-132.5
5.16	-7.866	-40.202	-62.3
5.17	-7.918	-40.989	-60.5
5.18	-7.966	-41.644	-103.8
5.19	-8.016	-42.377	-67.3
5.2	-8.068	-42.309	3.6
5.21	-8.117	-40.653	-32.6
5.22	-8.166	-36.587	-15.1
5.23	-8.217	-26.945	2.7
5.24	-8.268	-6.034	-19.1
5.25	-8.317	23.473	75.5
5.26	-8.364	44.698	2.5
5.27	-8.409	50.795	48.2
5.28	-8.454	51.122	103.0
5.29	-8.496	51.139	83.7
5.3	-8.538	51.139	229.6
5.31	-8.581	51.139	134.7
5.32	-8.621	51.139	165.2
5.33	-8.659	51.139	145.2
5.34	-8.699	51.139	99.2
5.35	-8.742	51.131	72.1
5.36	-8.791	50.991	-5.3
5.37	-8.842	48.214	33.4
5.38	-8.896	37.753	5.7
5.39	-8.948	21.245	-109.2
5.4	-8.996	6.577	-135.1
5.41	-9.041	-2.986	-140.1
5.42	-9.082	-8.922	-128.3
5.43	-9.123	-13.422	-76.7
5.44	-9.164	-18.467	-111.4
5.45	-9.206	-26.097	-75.8
5.46	-9.246	-36.922	-141.9
5.47	-9.284	-46.545	-88.1
5.48	-9.323	-50.600	-74.7
5.49	-9.361	-51.130	-120.7
5.5	-9.401	-51.139	-77.9
5.51	-9.445	-51.141	-100.6
5.52	-9.492	-51.141	-28.0
5.53	-9.541	-51.141	-106.8
5.54	-9.588	-51.139	-106.3
5.55	-9.631	-51.131	-57.8
5.56	-9.672	-50.525	-99.7
5.57	-9.711	-46.080	-111.6
5.58	-9.748	-35.434	-58.7
5.59	-9.783	-22.884	-41.5
5.6	-9.814	-14.030	-33.9
5.61	-9.845	-10.269	-52.4
5.62	-9.876	-11.100	-116.9
5.63	-9.906	-15.817	-105.3
5.64	-9.934	-23.075	-77.4
5.65	-9.962	-31.059	-84.7
5.66	-9.989	-38.955	-27.3
5.67	-10.013	-45.947	-35.9
5.68	-10.037	-50.019	-45.7
5.69	-10.061	-51.083	-69.3
5.7	-10.084	-51.138	-63.3
5.71	-10.106	-51.141	-41.8
5.72	-10.128	-51.141	-124.6
5.73	-10.150	-51.141	-26.4
5.74	-10.170	-51.141	32.8
5.75	-10.190	-51.141	-30.7
5.76	-10.211	-51.141	-72.1
5.77	-10.230	-51.141	28.5
5.78	-10.246	-51.141	84.0
5.79	-10.258	-51.141	-33.1
5.8	-10.269	-51.136	-65.7
5.81	-10.279	-51.027	-12.6
5.82	-10.290	-50.409	-56.4
5.83	-10.298	-48.883	-125.8
5.84	-10.304	-46.741	-56.9
5.85	-10.308	-44.547	31.3
5.86	-10.306	-42.473	0.2
5.87	-10.297	-40.728	99.6
5.88	-10.279	-39.339	539.0
5.89	-10.256	-38.061	625.1
5.9	-10.232	-36.902	213.0
5.91	-10.210	-36.141	-86.8
5.92	-10.193	-36.405	-81.5
5.93	-10.182	-37.575	-45.1
5.94	-10.174	-38.148	-68.5
5.95	-10.159	-37.661	-21.3
5.96	-10.132	-37.061	-10.0
5.97	-10.096	-36.156	-66.3
5.98	-10.063	-34.134	-57.0
5.99	-10.036	-31.688	-37.2
6.0	-10.010	-29.608	-32.9
6.01	-9.981	-25.706	-70.4
6.02	-9.946	-14.923	20.7
6.03	-9.908	7.095	115.5
6.04	-9.862	33.166	77.6
6.05	-9.810	48.009	17.9
6.06	-9.752	51.028	78.3
6.07	-9.694	51.130	164.6
6.08	-9.638	51.139	89.0
6.09	-9.586	51.139	151.8
6.1	-9.539	51.139	193.1
6.11	-9.496	51.139	146.3
6.12	-9.457	51.139	137.7
6.13	-9.422	51.134	49.0
6.14	-9.387	51.075	35.1
6.15	-9.351	49.361	-34.9
6.16	-9.312	40.814	-105.3
6.17	-9.270	24.634	-19.9
6.18	-9.226	8.247	-104.7
6.19	-9.183	-3.720	-85.7
6.2	-9.144	-12.159	-76.4
6.21	-9.107	-18.525	-142.1
6.22	-9.068	-24.036	-77.9
6.23	-9.028	-30.405	-170.2
6.24	-8.988	-38.881	-121.0
6.25	-8.950	-46.848	-80.2
6.26	-8.914	-50.564	-62.6
6.27	-8.878	-51.130	-76.6
6.28	-8.843	-51.139	-78.4
6.29	-8.808	-51.141	-60.8
6.3	-8.772	-51.141	-149.4
6.31	-8.736	-51.141	-80.1
6.32	-8.697	-51.141	-71.8
6.33	-8.659	-51.133	-96.8
6.34	-8.619	-50.806	-21.9
6.35	-8.577	-47.730	-42.8
6.36	-8.533	-39.108	-51.3
6.37	-8.484	-27.473	-114.9
6.38	-8.434	-17.881	-105.7
6.39	-8.383	-12.803	-69.3
6.4	-8.332	-12.945	-103.2
6.41	-8.283	-17.833	-48.2
6.42	-8.235	-26.198	-52.3
6.43	-8.189	-36.345	-65.8
6.44	-8.145	-45.317	-10.2
6.45	-8.103	-50.033	-80.3
6.46	-8.062	-51.092	-99.2
6.47	-8.024	-51.138	-52.8
6.48	-7.986	-51.141	-124.9
6.49	-7.946	-51.141	19.4
6.5	-7.905	-51.141	63.4
6.51	-7.863	-51.141	-36.6
6.52	-7.821	-51.141	11.4
6.53	-7.778	-51.141	1.1
6.54	-7.736	-51.141	-62.2
6.55	-7.692	-51.141	-50.2
6.56	-7.646	-51.141	-141.0
6.57	-7.601	-51.141	-132.3
6.58	-7.559	-51.141	-15.8
6.59	-7.520	-51.141	-4.5
6.6	-7.482	-51.141	12.5
6.61	-7.444	-51.141	119.3
6.62	-7.405	-51.141	532.7
6.63	-7.366	-51.141	680.7
6.64	-7.329	-51.141	253.1
6.65	-7.293	-51.141	-135.7
6.66	-7.258	-51.141	-18.5
6.67	-7.226	-51.141	-87.5
6.68	-7.194	-51.141	-118.3
6.69	-7.163	-51.141	-2.7
6.7	-7.129	-51.138	-119.0
6.71	-7.097	-51.014	-86.1
6.72	-7.066	-50.006	9.6
6.73	-7.037	-47.306	-34.6
6.74	-7.006	-42.655	-64.2
6.75	-6.975	-33.717	-61.1
6.76	-6.947	-14.664	53.9
6.77	-6.919	15.316	56.5
6.78	-6.894	40.833	5.1
6.79	-6.871	50.203	86.9
6.8	-6.849	51.103	43.0
6.81	-6.829	51.139	90.3
6.82	-6.813	51.139	204.7
6.83	-6.798	51.139	135.0
6.84	-6.784	51.139	146.2
6.85	-6.770	51.139	231.8
6.86	-6.759	51.139	97.5
6.87	-6.750	51.125	40.3
6.88	-6.741	50.659	0.6
6.89	-6.732	46.194	-18.9
6.9	-6.724	33.947	-67.3
6.91	-6.718	18.028	-135.1
6.92	-6.713	5.020	-110.0
6.93	-6.707	-3.772	-145.3
6.94	-6.703	-9.659	-91.4
6.95	-6.701	-14.403	-84.4
6.96	-6.699	-19.489	-93.4
6.97	-6.694	-25.800	-134.4
6.98	-6.691	-34.034	-80.7
6.99	-6.688	-43.177	-89.9
7.0	-6.686	-49.288	-92.6
7.01	-6.686	-51.038	-151.0
7.02	-6.687	-51.136	-167.7
7.03	-6.688	-51.141	0.9
7.04	-6.689	-51.141	-21.1
7.05	-6.691	-51.141	-56.6
7.06	-6.693	-51.141	-145.2
7.07	-6.694	-51.131	-145.3
7.08	-6.695	-50.825	-29.2
7.09	-6.695	-47.803	-38.2
7.1	-6.694	-39.341	-93.8
7.11	-6.694	-28.205	-73.0
7.12	-6.693	-19.178	-43.2
7.13	-6.694	-13.761	-137.6
7.14	-6.694	-12.109	-66.0
7.15	-6.695	-14.028	-51.2
7.16	-6.696	-18.770	-58.3
7.17	-6.699	-25.255	-62.8
7.18	-6.702	-32.406	-88.0
7.19	-6.705	-39.570	-59.7
7.2	-6.709	-45.923	1.1
7.21	-6.713	-49.834	-154.7
7.22	-6.716	-51.033	-114.9
7.23	-6.718	-51.138	-7.5
7.24	-6.720	-51.141	-55.6
7.25	-6.722	-51.141	-9.3
7.26	-6.723	-51.141	-105.6
7.27	-6.726	-51.141	-76.8
7.28	-6.728	-51.141	12.2
7.29	-6.731	-51.141	-38.2
7.3	-6.734	-51.141	-148.9
7.31	-6.737	-51.141	-54.3
7.32	-6.740	-51.141	23.3
7.33	-6.742	-51.141	-13.2
7.34	-6.745	-51.141	43.7
7.35	-6.749	-51.130	15.9
7.36	-6.754	-50.972	8.1
7.37	-6.759	-50.436	7.5
7.38	-6.764	-49.542	-62.1
7.39	-6.767	-48.364	-86.0
7.4	-6.769	-46.641	-49.6
7.41	-6.771	-44.313	-63.0
7.42	-6.774	-42.000	-32.9
7.43	-6.779	-40.013	25.6
7.44	-6.784	-38.105	55.9
7.45	-6.788	-36.572	405.5
7.46	-6.789	-35.956	798.5
7.47	-6.792	-35.995	592.3
7.48	-6.796	-35.894	11.5
7.49	-6.804	-35.541	-61.6
7.5	-6.814	-35.595	38.4
7.51	-6.824	-36.470	-117.7
7.52	-6.829	-38.017	-170.5
7.53	-6.826	-40.020	-32.6
7.54	-6.819	-42.081	-5.7
7.55	-6.814	-43.106	-104.0
7.56	-6.811	-42.172	-10.7
7.57	-6.808	-39.105	35.8
7.58	-6.809	-32.305	-24.7
7.59	-6.812	-16.570	-75.2
7.6	-6.815	11.166	28.0
7.61	-6.817	38.034	61.3
7.62	-6.819	49.630	141.8
7.63	-6.821	51.105	34.9
7.64	-6.825	51.138	60.1
7.65	-6.833	51.139	190.6
7.66	-6.843	51.139	161.0
7.67	-6.859	51.139	150.2
7.68	-6.883	51.139	99.4
7.69	-6.919	51.139	194.7
7.7	-6.971	51.131	152.2
7.71	-7.036	50.992	41.7
7.72	-7.114	48.231	18.1
7.73	-7.202	37.930	-14.3
7.74	-7.294	22.014	-71.7
7.75	-7.386	7.992	-118.6
7.76	-7.471	-1.798	-105.3
7.77	-7.551	-8.730	-62.8
7.78	-7.627	-14.033	-99.3
7.79	-7.699	-18.938	-141.7
7.8	-7.768	-24.763	-124.2
7.81	-7.835	-32.738	-150.9
7.82	-7.901	-42.130	-70.5
7.83	-7.966	-48.833	-83.0
7.84	-8.029	-50.966	-18.7
7.85	-8.092	-51.133	-71.3
7.86	-8.156	-51.141	-185.1
7.87	-8.219	-51.141	-122.0
7.88	-8.279	-51.141	-33.9
7.89	-8.338	-51.141	-68.9
7.9	-8.396	-51.139	-98.3
7.91	-8.453	-51.131	-28.7
7.92	-8.507	-50.563	-100.3
7.93	-8.562	-46.570	-86.6
7.94	-8.616	-37.391	-35.9
7.95	-8.668	-26.978	-57.5
7.96	-8.717	-19.689	-44.3
7.97	-8.763	-16.291	-147.3
7.98	-8.809	-16.439	-110.4
7.99	-8.853	-19.527	-36.3
8.0	-8.897	-24.388	-80.3
8.01	-8.941	-29.927	-55.0
8.02	-8.986	-35.794	-70.9
8.03	-9.030	-41.773	-152.3
8.04	-9.073	-47.014	-53.3
8.05	-9.114	-50.145	4.9
8.06	-9.153	-51.064	-97.6
8.07	-9.193	-51.138	-56.4
8.08	-9.234	-51.141	-56.7
8.09	-9.274	-51.141	-120.1
8.1	-9.313	-51.141	-71.1
8.11	-9.349	-51.141	-28.6
8.12	-9.383	-51.141	6.3
8.13	-9.417	-51.141	4.4
8.14	-9.451	-51.141	35.1
8.15	-9.482	-51.141	42.7
8.16	-9.515	-51.141	-27.8
8.17	-9.548	-51.133	-161.6
8.18	-9.581	-50.920	-87.2
8.19	-9.614	-49.886	56.0
8.2	-9.648	-47.723	-27.5
8.21	-9.684	-45.063	-81.4
8.22	-9.722	-42.620	-91.8
8.23	-9.760	-40.678	-15.3
8.24	-9.794	-39.247	195.3
8.25	-9.823	-37.942	451.0
8.26	-9.848	-36.448	693.5
8.27	-9.873	-35.019	347.1
8.28	-9.896	-34.095	-134.3
8.29	-9.921	-33.556	-94.7
8.3	-9.948	-32.873	-35.8
8.31	-9.977	-32.313	-7.4
8.32	-10.005	-32.453	-78.8
8.33	-10.031	-32.772	-90.7
8.34	-10.055	-32.723	-31.2
8.35	-10.081	-32.395	-74.0
8.36	-10.108	-31.411	-20.8
8.37	-10.130	-29.302	-9.7
8.38	-10.147	-25.375	9.6
8.39	-10.159	-16.427	40.9
8.4	-10.168	3.313	4.2
8.41	-10.174	29.784	47.3
8.42	-10.178	46.850	159.4
8.43	-10.179	50.959	57.8
8.44	-10.179	51.130	64.9
8.45	-10.177	51.139	174.6
8.46	-10.172	51.139	230.0
8.47	-10.166	51.139	187.3
8.48	-10.157	51.139	115.2
8.49	-10.147	51.139	140.9
8.5	-10.136	51.139	135.5
8.51	-10.124	51.122	52.1
8.52	-10.111	50.373	-35.2
8.53	-10.094	44.169	-47.3
8.54	-10.072	28.830	-51.1
8.55	-10.047	10.833	-106.5
8.56	-10.021	-2.631	-106.4
8.57	-9.998	-11.220	-47.2
8.58	-9.975	-16.195	-154.8
8.59	-9.951	-19.155	-122.1
8.6	-9.926	-22.434	-50.9
8.61	-9.902	-28.525	-145.0
8.62	-9.877	-38.011	-49.6
8.63	-9.844	-46.763	-114.8
8.64	-9.804	-50.598	-111.3
8.65	-9.758	-51.131	-47.1
8.66	-9.712	-51.139	-66.8
8.67	-9.665	-51.141	-51.7
8.68	-9.617	-51.141	-83.8
8.69	-9.572	-51.138	-107.7
8.7	-9.531	-51.113	-58.2
8.71	-9.496	-50.241	-40.7
8.72	-9.464	-45.322	-42.1
8.73	-9.435	-34.613	-100.2
8.74	-9.407	-22.061	-112.3
8.75	-9.379	-12.675	-33.4
8.76	-9.349	-8.161	-33.5
8.77	-9.320	-8.066	-58.5
8.78	-9.293	-11.747	-74.3
8.79	-9.266	-18.550	-81.5
8.8	-9.239	-27.295	-43.4
8.81	-9.212	-36.398	-79.4
8.82	-9.183	-44.038	-56.3
8.83	-9.153	-48.828	-13.9
8.84	-9.126	-50.761	53.0
8.85	-9.102	-51.127	44.5
8.86	-9.077	-51.141	-109.3
8.87	-9.050	-51.141	-8.4
8.88	-9.023	-51.141	-53.0
8.89	-8.997	-51.141	-169.0
8.9	-8.971	-51.141	0.2
8.91	-8.947	-51.141	-55.2
8.92	-8.923	-51.141	-107.7
8.93	-8.901	-51.141	-12.6
8.94	-8.879	-51.141	58.0
8.95	-8.853	-51.141	346.9
8.96	-8.825	-51.141	668.7
8.97	-8.798	-51.141	401.8
8.98	-8.773	-51.141	-69.8
8.99	-8.747	-51.141	-54.3
9.0	-8.723	-51.141	-23.2
9.01	-8.703	-51.141	-82.0
9.02	-8.684	-51.141	-45.2
9.03	-8.661	-51.141	-104.3
9.04	-8.636	-51.141	-48.1
9.05	-8.615	-51.141	-108.1
9.06	-8.596	-51.141	-63.4
9.07	-8.576	-51.134	33.3
9.08	-8.552	-50.728	-22.6
9.09	-8.525	-46.108	-59.7
9.1	-8.498	-28.491	31.1
9.11	-8.473	4.894	50.1
9.12	-8.446	36.408	-28.9
9.13	-8.419	49.513	110.4
9.14	-8.393	51.100	160.0
9.15	-8.369	51.138	131.1
9.16	-8.346	51.139	129.6
9.17	-8.324	51.139	122.1
9.18	-8.300	51.139	148.8
9.19	-8.275	51.139	107.6
9.2	-8.249	51.136	130.6
9.21	-8.223	51.119	45.5
9.22	-8.194	50.030	-37.9
9.23	-8.164	42.802	-74.6
9.24	-8.133	26.763	-83.9
9.25	-8.103	8.380	-91.7
9.26	-8.074	-6.245	-146.1
9.27	-8.048	-16.444	-76.2
9.28	-8.023	-22.847	-131.3
9.29	-7.998	-26.505	-144.8
9.3	-7.971	-29.308	-114.6
9.31	-7.946	-33.641	-124.4
9.32	-7.919	-40.617	-51.3
9.33	-7.889	-47.467	-86.8
9.34	-7.857	-50.656	-146.4
9.35	-7.824	-51.133	-112.3
9.36	-7.791	-51.139	-124.8
9.37	-7.759	-51.141	-81.0
9.38	-7.729	-51.141	-19.1
9.39	-7.700	-51.141	-133.0
9.4	-7.671	-51.139	-89.7
9.41	-7.641	-51.133	-69.6
9.42	-7.610	-50.611	-39.9
9.43	-7.580	-46.819	-69.5
9.44	-7.548	-37.837	-179.4
9.45	-7.513	-27.377	-41.6
9.46	-7.477	-20.248	-49.2
9.47	-7.441	-17.817	-86.8
9.48	-7.404	-19.927	-22.0
9.49	-7.368	-25.973	-83.7
9.5	-7.333	-34.311	-136.8
9.51	-7.297	-42.680	-135.4
9.52	-7.263	-48.575	-4.6
9.53	-7.233	-50.842	-24.2
9.54	-7.206	-51.136	-120.7
9.55	-7.181	-51.141	-42.4
9.56	-7.157	-51.141	-28.2
9.57	-7.134	-51.141	-107.6
9.58	-7.113	-51.141	-78.4
9.59	-7.093	-51.141	72.8
9.6	-7.073	-51.141	12.5
9.61	-7.055	-51.141	-17.0
9.62	-7.036	-51.141	71.4
9.63	-7.019	-51.141	-41.7
9.64	-7.003	-51.141	-48.0
9.65	-6.988	-51.141	-49.2
9.66	-6.974	-51.141	-129.6
9.67	-6.961	-51.141	-20.2
9.68	-6.949	-51.141	-42.7
9.69	-6.939	-51.141	-53.9
9.7	-6.929	-51.138	30.8
9.71	-6.919	-51.025	130.1
9.72	-6.909	-50.348	593.3
9.73	-6.901	-48.963	753.2
9.74	-6.894	-47.406	199.4
9.75	-6.888	-45.966	-96.7
9.76	-6.881	-44.550	14.9
9.77	-6.876	-43.411	-24.4
9.78	-6.871	-42.981	-65.3
9.79	-6.863	-43.067	-175.3
9.8	-6.855	-43.153	-86.2
9.81	-6.851	-42.983	10.3
9.82	-6.844	-42.278	-46.9
9.83	-6.836	-40.580	-62.1
9.84	-6.828	-36.739	-33.1
9.85	-6.821	-27.183	-23.6
9.86	-6.814	-5.463	-5.8
9.87	-6.807	24.875	23.1
9.88	-6.799	45.509	67.2
9.89	-6.791	50.873	91.2
9.9	-6.784	51.125	25.5
9.91	-6.777	51.139	98.7
9.92	-6.772	51.139	183.2
9.93	-6.768	51.139	149.5
9.94	-6.764	51.139	104.4
9.95	-6.763	51.139	169.9
9.96	-6.763	51.134	151.0
9.97	-6.765	51.052	88.1
9.98	-6.768	48.986	21.3
9.99	-6.771	39.864	-29.7
10.0	-6.774	23.822	-37.2
10.01	-6.774	8.147	-132.1
10.02	-6.774	-3.252	-101.4
10.03	-6.776	-10.909	-69.9
10.04	-6.779	-15.795	-112.4
10.05	-6.782	-18.991	-153.8
10.06	-6.784	-22.067	-117.7
10.07	-6.784	-26.877	-44.0
10.08	-6.784	-34.655	-172.3
10.09	-6.784	-43.702	-189.6
10.1	-6.784	-49.509	-33.2
10.11	-6.784	-51.058	-26.4
10.12	-6.786	-51.136	-138.5
10.13	-6.789	-51.141	-119.3
10.14	-6.796	-51.141	-50.8
10.15	-6.803	-51.141	-84.3
10.16	-6.809	-51.138	-73.6
10.17	-6.814	-51.109	-87.6
10.18	-6.818	-50.175	-71.0
10.19	-6.819	-45.161	-49.4
10.2	-6.820	-34.923	-102.3
10.21	-6.821	-23.613	-97.7
10.22	-6.822	-14.883	-54.6
10.23	-6.824	-9.489	-73.0
10.24	-6.826	-7.525	-89.2
10.25	-6.828	-8.872	-89.0
10.26	-6.831	-13.173	-79.5
10.27	-6.834	-19.789	-85.1
10.28	-6.837	-27.800	-90.6
10.29	-6.841	-35.962	-48.0
10.3	-6.844	-43.084	-64.1
10.31	-6.849	-48.208	-109.0
10.32	-6.854	-50.625	-42.7
10.33	-6.859	-51.122	-120.1
10.34	-6.863	-51.139	-51.9
10.35	-6.868	-51.141	-44.7
10.36	-6.873	-51.141	-76.3
10.37	-6.878	-51.141	-26.8
10.38	-6.883	-51.141	-84.7
10.39	-6.888	-51.141	-23.3
10.4	-6.894	-51.141	-54.7
10.41	-6.899	-51.141	60.2
10.42	-6.906	-51.136	74.1
10.43	-6.913	-50.953	-89.8
10.44	-6.919	-49.938	-9.0
10.45	-6.924	-47.945	-74.4
10.46	-6.928	-46.069	-101.9
10.47	-6.930	-45.119	-23.0
10.48	-6.933	-44.427	-74.7
10.49	-6.939	-42.881	-130.3
10.5	-6.949	-40.666	7.7
10.51	-6.959	-38.550	252.5
10.52	-6.968	-36.642	450.1
10.53	-6.974	-34.923	731.0
10.54	-6.982	-33.578	455.9
10.55	-6.996	-32.831	-87.8
10.56	-7.016	-32.548	-7.8
10.57	-7.041	-32.388	-97.9
10.58	-7.069	-32.630	-103.1
10.59	-7.092	-33.058	-55.1
10.6	-7.106	-32.806	-107.4
10.61	-7.117	-32.228	-27.3
10.62	-7.128	-31.825	-57.7
10.63	-7.136	-30.883	-67.6
10.64	-7.142	-28.186	-41.6
10.65	-7.151	-20.691	-29.1
10.66	-7.169	-2.156	51.3
10.67	-7.199	25.417	37.2
10.68	-7.239	45.292	31.7
10.69	-7.288	50.838	52.3
10.7	-7.343	51.122	121.4
10.71	-7.403	51.139	161.3
10.72	-7.466	51.139	71.8
10.73	-7.531	51.139	148.1
10.74	-7.594	51.139	190.4
10.75	-7.657	51.139	215.4
10.76	-7.723	51.139	168.3
10.77	-7.790	51.125	62.3
10.78	-7.859	50.650	16.2
10.79	-7.927	46.086	-41.5
10.8	-7.993	33.503	-3.2
10.81	-8.056	17.134	-104.7
10.82	-8.116	3.836	-82.3
10.83	-8.172	-5.147	-49.2
10.84	-8.225	-11.289	-159.6
10.85	-8.278	-16.202	-158.8
10.86	-8.331	-20.963	-99.4
10.87	-8.381	-26.634	-80.5
10.88	-8.428	-34.823	-123.7
10.89	-8.474	-44.102	-109.2
10.9	-8.521	-49.733	-67.1
10.91	-8.571	-51.080	-101.9
10.92	-8.623	-51.138	-85.4
10.93	-8.679	-51.141	-121.1
10.94	-8.736	-51.141	-131.1
10.95	-8.794	-51.138	-35.2
10.96	-8.851	-51.111	-45.6
10.97	-8.908	-49.975	-117.8
10.98	-8.963	-43.113	-64.2
10.99	-9.015	-28.334	-89.7
11.0	-9.065	-11.517	-119.0
11.01	-9.114	1.695	-43.3
11.02	-9.159	10.080	-69.5
11.03	-9.201	13.608	-96.7
11.04	-9.240	12.414	-38.0
11.05	-9.278	6.666	-82.1
11.06	-9.316	-2.613	-79.8
11.07	-9.352	-13.458	-102.8
11.08	-9.387	-24.263	-33.3
11.09	-9.421	-34.211	-58.1
11.1	-9.454	-42.609	-104.6
11.11	-9.486	-48.308	-26.3
11.12	-9.516	-50.706	-74.5
11.13	-9.547	-51.127	-55.0
11.14	-9.577	-51.139	-42.7
11.15	-9.604	-51.141	-37.0
11.16	-9.631	-51.141	-8.2
11.17	-9.659	-51.141	-64.5
11.18	-9.687	-51.141	8.2
11.19	-9.714	-51.127	87.5
11.2	-9.739	-50.881	12.8
11.21	-9.762	-49.973	-77.3
11.22	-9.785	-48.514	-68.9
11.23	-9.809	-47.134	6.4
11.24	-9.835	-46.336	-110.2
11.25	-9.863	-46.022	-120.9
11.26	-9.891	-45.083	-17.5
11.27	-9.918	-42.723	-47.7
11.28	-9.939	-39.822	173.7
11.29	-9.956	-37.455	497.0
11.3	-9.973	-35.664	651.3
11.31	-9.986	-33.928	312.8
11.32	-9.999	-31.511	-54.1
11.33	-10.012	-28.169	-13.6
11.34	-10.027	-24.567	-116.0
11.35	-10.044	-21.716	-131.9
11.36	-10.059	-20.077	0.6
11.37	-10.070	-19.502	-48.4
11.38	-10.080	-20.180	-73.5
11.39	-10.092	-22.134	46.9
11.4	-10.105	-24.413	-67.4
11.41	-10.114	-26.089	-104.8
11.42	-10.115	-25.961	41.1
11.43	-10.113	-20.127	8.8
11.44	-10.110	-2.014	61.5
11.45	-10.104	25.573	60.0
11.46	-10.092	45.358	33.1
11.47	-10.078	50.842	67.0
11.48	-10.064	51.123	161.7
11.49	-10.049	51.139	91.5
11.5	-10.033	51.139	133.3
11.51	-10.014	51.139	272.0
11.52	-9.992	51.139	172.8
11.53	-9.973	51.139	45.3
11.54	-9.957	51.134	135.6
11.55	-9.947	51.095	93.2
11.56	-9.943	49.611	-40.9
11.57	-9.938	41.234	-63.8
11.58	-9.929	24.373	-98.3
11.59	-9.914	6.788	-105.4
11.6	-9.897	-5.748	-137.5
11.61	-9.881	-13.811	-46.3
11.62	-9.866	-19.434	-116.8
11.63	-9.847	-24.483	-89.8
11.64	-9.823	-30.677	-67.4
11.65	-9.796	-38.984	-173.2
11.66	-9.771	-46.825	-118.3
11.67	-9.745	-50.545	-6.3
11.68	-9.718	-51.130	-86.0
11.69	-9.694	-51.139	-167.9
11.7	-9.672	-51.141	-51.5
11.71	-9.655	-51.141	-67.9
11.72	-9.636	-51.141	-39.0
11.73	-9.613	-51.136	-124.0
11.74	-9.586	-51.045	-70.8
11.75	-9.556	-49.070	-21.9
11.76	-9.525	-40.886	-66.1
11.77	-9.494	-26.634	-96.8
11.78	-9.464	-12.509	-67.6
11.79	-9.435	-2.820	-36.0
11.8	-9.406	1.623	-98.6
11.81	-9.375	1.180	-52.9
11.82	-9.342	-3.238	-98.1
11.83	-9.308	-10.464	-66.0
11.84	-9.274	-19.750	28.5
11.85	-9.239	-30.292	-122.5
11.86	-9.203	-40.350	-88.1
11.87	-9.167	-47.514	13.6
11.88	-9.133	-50.580	-29.5
11.89	-9.099	-51.122	25.0
11.9	-9.066	-51.139	22.9
11.91	-9.031	-51.141	-54.1
11.92	-8.993	-51.141	-44.4
11.93	-8.953	-51.141	-29.6
11.94	-8.911	-51.141	-141.8
11.95	-8.867	-51.141	-90.2
11.96	-8.825	-51.141	-16.3
11.97	-8.783	-51.141	-124.2
11.98	-8.742	-51.141	1.7
11.99	-8.701	-51.141	131.4
12.0	-8.658	-51.139	431.3
12.01	-8.613	-51.102	663.4
12.02	-8.565	-50.734	350.7
12.03	-8.516	-49.577	-58.1
12.04	-8.466	-47.709	-133.8
12.05	-8.417	-45.830	-58.4
12.06	-8.370	-44.581	-60.5
12.07	-8.322	-44.264	-118.0
12.08	-8.273	-44.736	-82.6
12.09	-8.225	-45.253	-5.2
12.1	-8.175	-45.058	-26.8
12.11	-8.123	-43.939	-113.9
12.12	-8.068	-41.702	-37.8
12.13	-8.011	-37.052	-28.5
12.14	-7.954	-25.950	28.8
12.15	-7.897	-2.458	-10.0
12.16	-7.842	27.753	-38.7
12.17	-7.788	46.591	96.5
12.18	-7.736	50.955	147.3
12.19	-7.686	51.128	170.5
12.2	-7.639	51.139	67.6
12.21	-7.596	51.139	119.7
12.22	-7.554	51.139	186.8
12.23	-7.515	51.139	103.3
12.24	-7.477	51.139	191.6
12.25	-7.441	51.134	49.7
12.26	-7.407	51.044	-7.0
12.27	-7.376	48.884	-7.5
12.28	-7.347	39.511	-86.0
12.29	-7.319	23.036	-42.6
12.3	-7.291	6.934	-156.3
12.31	-7.264	-4.748	-139.4
12.32	-7.237	-13.092	-137.4
12.33	-7.214	-19.703	-92.9
12.34	-7.191	-25.452	-109.1
12.35	-7.169	-31.664	-155.5
12.36	-7.148	-39.817	-84.8
12.37	-7.127	-47.355	-144.0
12.38	-7.108	-50.678	-96.4
12.39	-7.091	-51.131	-95.5
12.4	-7.076	-51.139	-117.5
12.41	-7.063	-51.141	-92.4
12.42	-7.052	-51.141	-71.2
12.43	-7.041	-51.141	-129.3
12.44	-7.030	-51.141	-139.9
12.45	-7.019	-51.138	-54.4
12.46	-7.009	-51.119	-80.8
12.47	-6.999	-50.284	-63.5
12.48	-6.990	-45.319	-77.3
12.49	-6.981	-34.956	-65.8
12.5	-6.970	-23.747	-103.9
12.51	-6.962	-15.803	-205.6
12.52	-6.956	-11.989	-24.4
12.53	-6.952	-12.170	-22.7
12.54	-6.949	-16.038	-180.1
12.55	-6.947	-22.836	-66.1
12.56	-6.946	-31.134	-21.1
12.57	-6.944	-39.719	-94.3
12.58	-6.941	-46.797	-97.4
12.59	-6.939	-50.348	-124.6
12.6	-6.936	-51.109	-98.4
12.61	-6.934	-51.139	1.8
12.62	-6.931	-51.141	-95.0
12.63	-6.929	-51.141	-156.1
12.64	-6.927	-51.141	-32.9
12.65	-6.926	-51.141	-24.1
12.66	-6.926	-51.141	-16.0
12.67	-6.927	-51.141	-136.0
12.68	-6.928	-51.141	-55.4
12.69	-6.929	-51.141	35.2
12.7	-6.929	-51.141	-20.3
12.71	-6.931	-51.141	59.8
12.72	-6.931	-51.141	-48.9
12.73	-6.931	-51.141	-104.4
12.74	-6.929	-51.141	-23.0
12.75	-6.927	-51.138	-23.8
12.76	-6.924	-51.030	-57.6
12.77	-6.924	-50.314	-187.8
12.78	-6.924	-48.617	-16.5
12.79	-6.926	-46.489	38.0
12.8	-6.927	-44.559	217.2
12.81	-6.925	-42.856	698.8
12.82	-6.923	-41.441	738.0
12.83	-6.923	-40.666	260.0
12.84	-6.926	-40.413	-116.9
12.85	-6.931	-40.039	-146.2
12.86	-6.936	-39.453	-73.7
12.87	-6.938	-39.067	-23.2
12.88	-6.933	-39.333	-80.8
12.89	-6.926	-40.417	-79.3
12.9	-6.921	-41.339	-30.8
12.91	-6.922	-40.572	-97.2
12.92	-6.924	-37.823	-65.3
12.93	-6.923	-33.019	-51.1
12.94	-6.921	-22.930	-97.7
12.95	-6.919	-1.522	-3.8
12.96	-6.918	27.155	95.1
12.97	-6.915	46.102	26.0
12.98	-6.914	50.906	64.9
12.99	-6.914	51.127	126.9
13.0	-6.915	51.139	1.0
13.01	-6.918	51.139	193.5
13.02	-6.923	51.139	151.3
13.03	-6.929	51.139	94.7
13.04	-6.938	51.139	226.3
13.05	-6.948	51.139	29.5
13.06	-6.963	51.123	92.9
13.07	-6.985	50.672	96.6
13.08	-7.014	46.072	-42.4
13.09	-7.054	33.219	-110.1
13.1	-7.104	16.834	-113.7
13.11	-7.168	4.139	-109.1
13.12	-7.246	-4.359	-165.5
13.13	-7.338	-10.894	-87.7
13.14	-7.436	-17.156	-96.1
13.15	-7.530	-24.125	-165.1
13.16	-7.616	-32.653	-89.9
13.17	-7.696	-42.188	-134.6
13.18	-7.771	-48.897	-151.3
13.19	-7.840	-50.988	-105.8
13.2	-7.906	-51.133	-77.3
13.21	-7.972	-51.141	-163.1
13.22	-8.041	-51.141	-91.0
13.23	-8.113	-51.141	-47.8
13.24	-8.184	-51.141	-115.5
13.25	-8.254	-51.141	-74.7
13.26	-8.321	-51.138	-99.7
13.27	-8.384	-51.102	-119.6
13.28	-8.445	-50.100	-87.2
13.29	-8.506	-45.319	-78.3
13.3	-8.564	-36.545	-89.8
13.31	-8.621	-27.894	-67.4
13.32	-8.675	-22.097	-108.8
13.33	-8.727	-19.586	-81.5
13.34	-8.778	-20.409	-128.6
13.35	-8.830	-24.183	-73.8
13.36	-8.881	-30.233	-55.0
13.37	-8.931	-37.550	-135.3
13.38	-8.979	-44.523	-58.4
13.39	-9.025	-49.189	-90.8
13.4	-9.071	-50.916	-23.9
13.41	-9.115	-51.138	-87.8
13.42	-9.158	-51.141	-106.2
13.43	-9.201	-51.141	-59.2
13.44	-9.244	-51.141	-48.0
13.45	-9.285	-51.141	-42.6
13.46	-9.324	-51.141	-115.3
13.47	-9.360	-51.141	-10.6
13.48	-9.395	-51.141	18.8
13.49	-9.431	-51.141	-88.1
13.5	-9.464	-51.141	9.4
13.51	-9.496	-51.141	94.1
13.52	-9.527	-51.141	-50.3
13.53	-9.559	-51.141	-82.3
13.54	-9.591	-51.139	-2.0
13.55	-9.623	-51.078	-62.1
13.56	-9.653	-50.475	-74.3
13.57	-9.683	-48.720	-66.2
13.58	-9.711	-46.195	-34.3
13.59	-9.740	-43.802	-10.0
13.6	-9.767	-41.877	180.2
13.61	-9.791	-40.283	576.0
13.62	-9.811	-38.811	742.6
13.63	-9.830	-37.605	258.0
13.64	-9.847	-37.033	-122.2
13.65	-9.865	-37.067	-50.3
13.66	-9.885	-37.352	-85.3
13.67	-9.905	-37.939	-68.1
13.68	-9.921	-38.891	-36.5
13.69	-9.932	-39.770	-78.1
13.7	-9.944	-40.038	-40.9
13.71	-9.957	-39.342	-60.8
13.72	-9.968	-37.834	-28.5
13.73	-9.971	-35.697	-21.8
13.74	-9.969	-31.519	-56.3
13.75	-9.964	-20.017	31.6
13.76	-9.959	4.789	22.2
13.77	-9.952	33.544	-3.0
13.78	-9.941	48.564	108.3
13.79	-9.923	51.084	143.4
13.8	-9.898	51.131	97.7
13.81	-9.866	51.139	151.9
13.82	-9.833	51.139	151.7
13.83	-9.801	51.139	158.1
13.84	-9.774	51.139	165.0
13.85	-9.754	51.139	88.9
13.86	-9.738	51.134	127.0
13.87	-9.723	51.050	72.2
13.88	-9.708	48.908	-24.3
13.89	-9.693	39.391	-93.9
13.9	-9.671	22.592	-89.5
13.91	-9.646	6.295	-76.5
13.92	-9.619	-4.966	-125.5
13.93	-9.596	-11.777	-106.5
13.94	-9.578	-16.338	-84.1
13.95	-9.563	-20.886	-104.4
13.96	-9.547	-27.042	-48.3
13.97	-9.531	-36.038	-114.6
13.98	-9.514	-45.358	-133.2
13.99	-9.496	-50.227	-96.0
14.0	-9.481	-51.114	-95.8
14.01	-9.471	-51.138	-87.1
14.02	-9.468	-51.141	-92.4
14.03	-9.467	-51.141	-77.1
14.04	-9.465	-51.141	-30.5
14.05	-9.460	-51.130	-70.0
14.06	-9.456	-50.880	-128.5
14.07	-9.454	-47.809	-32.3
14.08	-9.456	-37.945	-41.4
14.09	-9.457	-23.364	-131.2
14.1	-9.457	-10.453	-30.5
14.11	-9.456	-2.284	-11.5
14.12	-9.455	0.872	-143.9
14.13	-9.456	-0.709	-106.6
14.14	-9.460	-6.325	13.6
14.15	-9.467	-14.502	-100.0
14.16	-9.473	-23.736	-98.7
14.17	-9.476	-33.369	-0.3
14.18	-9.475	-42.531	-13.2
14.19	-9.474	-48.733	-86.5
14.2	-9.478	-50.900	-36.2
14.21	-9.488	-51.136	52.5
14.22	-9.499	-51.141	51.0
14.23	-9.507	-51.141	-37.7
14.24	-9.508	-51.141	-72.8
14.25	-9.503	-51.141	-76.1
14.26	-9.495	-51.141	-76.7
14.27	-9.486	-51.141	-62.1
14.28	-9.477	-51.141	-57.7
14.29	-9.468	-51.141	14.0
14.3	-9.459	-51.141	27.4
14.31	-9.443	-51.139	124.3
14.32	-9.416	-51.105	542.6
14.33	-9.381	-50.653	700.2
14.34	-9.346	-49.234	203.6
14.35	-9.309	-47.505	-120.4
14.36	-9.271	-46.794	-10.4
14.37	-9.235	-47.027	-52.1
14.38	-9.198	-47.197	-162.5
14.39	-9.152	-47.064	-74.7
14.4	-9.093	-47.100	-11.8
14.41	-9.026	-47.133	-78.0
14.42	-8.954	-46.120	-42.7
14.43	-8.878	-43.722	-57.2
14.44	-8.793	-40.331	-3.4
14.45	-8.699	-34.366	-35.7
14.46	-8.603	-20.403	-28.4
14.47	-8.508	6.197	49.0
14.48	-8.414	34.786	52.0
14.49	-8.321	48.888	51.3
14.5	-8.231	51.097	67.3
14.51	-8.145	51.133	100.3
14.52	-8.064	51.139	100.8
14.53	-7.990	51.139	152.0
14.54	-7.921	51.139	159.1
14.55	-7.857	51.139	156.4
14.56	-7.796	51.139	108.0
14.57	-7.738	51.122	31.2
14.58	-7.684	50.716	57.1
14.59	-7.636	46.303	-88.4
14.6	-7.589	33.684	-154.2
14.61	-7.546	17.116	-73.5
14.62	-7.504	3.275	-71.9
14.63	-7.463	-7.152	-111.3
14.64	-7.424	-15.413	-121.9
14.65	-7.387	-22.313	-157.3
14.66	-7.349	-28.747	-168.7
14.67	-7.313	-35.964	-118.9
14.68	-7.279	-43.823	-109.5
14.69	-7.248	-49.300	-141.3
14.7	-7.218	-51.011	-130.1
14.71	-7.191	-51.134	-61.7
14.72	-7.164	-51.141	-105.8
14.73	-7.139	-51.141	-120.3
14.74	-7.114	-51.141	-71.2
14.75	-7.093	-51.141	-59.1
14.76	-7.073	-51.141	-66.5
14.77	-7.055	-51.139	-167.1
14.78	-7.037	-51.127	-45.5
14.79	-7.018	-50.428	-91.8
14.8	-6.999	-45.967	-131.5
14.81	-6.982	-36.616	-46.7
14.82	-6.966	-27.289	-72.1
14.83	-6.952	-22.638	-35.6
14.84	-6.939	-23.659	-57.6
14.85	-6.928	-29.653	-168.3
14.86	-6.916	-38.705	-109.8
14.87	-6.906	-46.831	-60.3
14.88	-6.896	-50.544	-51.9
14.89	-6.888	-51.128	-75.5
14.9	-6.881	-51.139	-58.5
14.91	-6.874	-51.141	-69.0
14.92	-6.866	-51.141	-148.9
14.93	-6.859	-51.141	-38.3
14.94	-6.851	-51.141	-34.4
14.95	-6.844	-51.141	-125.1
14.96	-6.839	-51.141	-24.1
14.97	-6.836	-51.141	-54.8
14.98	-6.833	-51.141	-52.4
14.99	-6.831	-51.141	41.6
15.0	-6.829	-51.141	-10.6
15.01	-6.825	-51.141	49.0
15.02	-6.822	-51.141	8.3
15.03	-6.817	-51.141	-80.4
15.04	-6.813	-51.141	-25.5
15.05	-6.809	-51.141	-146.9
15.06	-6.806	-51.138	-96.7
15.07	-6.806	-51.052	-18.7
15.08	-6.806	-50.059	-4.8
15.09	-6.804	-46.975	63.0
15.1	-6.801	-42.361	249.3
15.11	-6.796	-37.836	746.5
15.12	-6.793	-34.009	716.7
15.13	-6.793	-31.030	41.0
15.14	-6.794	-29.330	-131.9
15.15	-6.796	-28.953	-14.3
15.16	-6.799	-29.225	-20.8
15.17	-6.800	-29.275	-95.0
15.18	-6.795	-28.792	-65.6
15.19	-6.788	-28.245	-18.1
15.2	-6.784	-28.150	-117.7
15.21	-6.782	-28.438	-125.3
15.22	-6.782	-28.316	-44.4
15.23	-6.781	-25.509	14.8
15.24	-6.778	-14.295	20.9
15.25	-6.775	10.327	-7.7
15.26	-6.773	36.950	2.4
15.27	-6.769	49.377	44.0
15.28	-6.766	51.100	78.6
15.29	-6.763	51.136	48.8
15.3	-6.761	51.139	108.4
15.31	-6.759	51.139	149.8
15.32	-6.759	51.139	168.8
15.33	-6.759	51.139	215.9
15.34	-6.759	51.139	158.5
15.35	-6.760	51.133	111.9
15.36	-6.762	51.011	84.1
15.37	-6.765	48.670	-15.7
15.38	-6.769	40.009	-19.3
15.39	-6.774	26.238	-84.9
15.4	-6.778	13.005	-143.7
15.41	-6.782	2.123	17.8
15.42	-6.787	-7.134	-121.0
15.43	-6.796	-14.820	-235.0
15.44	-6.809	-20.628	-97.3
15.45	-6.824	-24.961	-107.8
15.46	-6.841	-30.191	-51.5
15.47	-6.864	-38.337	-111.4
15.48	-6.895	-46.522	-116.6
15.49	-6.935	-50.484	-122.2
15.5	-6.984	-51.127	-119.3
15.51	-7.045	-51.139	-48.8
15.52	-7.117	-51.141	-125.8
15.53	-7.197	-51.141	-104.9
15.54	-7.285	-51.141	-33.1
15.55	-7.377	-51.134	-46.8
15.56	-7.469	-51.023	-112.3
15.57	-7.559	-48.783	-47.1
15.58	-7.644	-40.266	-88.2
15.59	-7.727	-26.870	-116.8
15.6	-7.807	-15.189	-26.8
15.61	-7.884	-8.155	-97.3
15.62	-7.958	-5.770	-51.1
15.63	-8.030	-7.866	-57.3
15.64	-8.102	-13.769	-116.9
15.65	-8.171	-22.341	-102.3
15.66	-8.239	-32.080	-53.5
15.67	-8.306	-41.389	-36.5
15.68	-8.370	-48.053	-47.9
15.69	-8.432	-50.750	-96.3
15.7	-8.491	-51.134	-97.8
15.71	-8.548	-51.139	-67.2
15.72	-8.604	-51.141	-20.6
15.73	-8.659	-51.141	-81.2
15.74	-8.713	-51.141	-96.7
15.75	-8.766	-51.141	-23.5
15.76	-8.819	-51.141	-11.9
15.77	-8.871	-51.141	-26.1
15.78	-8.920	-51.141	-22.8
15.79	-8.966	-51.141	25.3
15.8	-9.010	-51.141	84.2
15.81	-9.053	-51.141	-57.4
15.82	-9.092	-51.139	-94.1
15.83	-9.130	-51.122	-12.0
15.84	-9.168	-50.734	-95.1
15.85	-9.205	-49.152	-80.9
15.86	-9.244	-46.263	-27.0
15.87	-9.284	-42.775	-62.7
15.88	-9.324	-39.305	38.4
15.89	-9.363	-36.184	354.6
15.9	-9.401	-33.244	693.8
15.91	-9.434	-30.791	569.3
15.92	-9.465	-29.452	45.7
15.93	-9.496	-28.953	-112.7
15.94	-9.529	-29.036	-28.2
15.95	-9.563	-30.020	-77.9
15.96	-9.598	-31.845	-82.6
15.97	-9.627	-33.794	-66.3
15.98	-9.655	-35.406	-18.1
15.99	-9.684	-36.883	-77.1
16.0	-9.714	-37.995	-37.3
16.01	-9.744	-37.653	10.9
16.02	-9.769	-34.358	-59.6
16.03	-9.788	-24.836	-9.6
16.04	-9.806	-3.513	45.0
16.05	-9.822	25.811	-4.3
16.06	-9.835	45.695	126.7
16.07	-9.844	50.880	45.2
16.08	-9.850	51.125	124.4
16.09	-9.852	51.139	193.4
16.1	-9.849	51.139	129.4
16.11	-9.841	51.139	201.6
16.12	-9.824	51.139	145.6
16.13	-9.801	51.139	99.6
16.14	-9.771	51.133	111.3
16.15	-9.739	51.011	108.2
16.16	-9.708	48.414	-1.1
16.17	-9.681	37.947	-7.0
16.18	-9.655	20.748	-40.8
16.19	-9.627	5.325	-136.7
16.2	-9.597	-4.502	-142.4
16.21	-9.570	-10.305	-74.7
16.22	-9.547	-14.008	-130.4
16.23	-9.524	-17.153	-167.1
16.24	-9.500	-21.186	-77.4
16.25	-9.474	-27.572	-95.9
16.26	-9.449	-37.027	-56.3
16.27	-9.425	-46.158	-103.2
16.28	-9.402	-50.467	-144.1
16.29	-9.382	-51.128	-133.8
16.3	-9.366	-51.139	-92.3
16.31	-9.352	-51.141	-6.5
16.32	-9.338	-51.141	-61.6
16.33	-9.320	-51.131	-161.4
16.34	-9.296	-50.766	-33.8
16.35	-9.269	-47.178	-35.2
16.36	-9.241	-36.714	-135.0
16.37	-9.213	-21.573	-87.6
16.38	-9.187	-7.270	-43.8
16.39	-9.165	3.388	-76.3
16.4	-9.148	9.511	-66.3
16.41	-9.135	10.388	-52.4
16.42	-9.123	5.775	-79.0
16.43	-9.111	-3.066	-81.2
16.44	-9.098	-13.827	-9.4
16.45	-9.085	-24.584	-109.4
16.46	-9.072	-34.573	-72.6
16.47	-9.061	-43.100	51.7
16.48	-9.052	-48.694	-4.0
16.49	-9.043	-50.836	1.3
16.5	-9.032	-51.136	-68.5
16.51	-9.018	-51.139	-46.5
16.52	-9.002	-51.141	-22.8
16.53	-8.987	-51.141	-128.3
16.54	-8.973	-51.141	-56.5
16.55	-8.963	-51.141	-132.2
16.56	-8.957	-51.141	20.3
16.57	-8.954	-51.141	20.8
16.58	-8.947	-51.141	75.1
16.59	-8.933	-51.139	569.1
16.6	-8.915	-51.050	668.9
16.61	-8.898	-50.413	212.9
16.62	-8.882	-49.017	-180.9
16.63	-8.866	-47.738	-11.2
16.64	-8.853	-47.172	-13.9
16.65	-8.842	-46.658	-126.2
16.66	-8.829	-45.709	-48.1
16.67	-8.809	-44.663	-39.1
16.68	-8.787	-43.734	-18.3
16.69	-8.765	-42.777	-109.2
16.7	-8.743	-41.533	-81.3
16.71	-8.720	-39.533	0.3
16.72	-8.694	-34.920	42.5
16.73	-8.669	-21.997	-64.1
16.74	-8.643	4.981	46.3
16.75	-8.613	34.627	94.7
16.76	-8.579	48.986	-53.6
16.77	-8.539	51.097	144.1
16.78	-8.498	51.133	157.8
16.79	-8.457	51.139	127.7
16.8	-8.416	51.139	112.3
16.81	-8.374	51.139	119.3
16.82	-8.331	51.134	203.5
16.83	-8.289	51.114	184.1
16.84	-8.248	49.777	32.0
16.85	-8.210	41.131	-69.8
16.86	-8.173	22.552	-5.4
16.87	-8.136	2.372	-78.6
16.88	-8.099	-12.438	-87.5
16.89	-8.063	-22.102	-83.8
16.9	-8.027	-28.120	-137.6
16.91	-7.996	-31.413	-138.7
16.92	-7.966	-32.969	-150.6
16.93	-7.937	-34.837	-25.0
16.94	-7.907	-39.370	-86.5
16.95	-7.876	-45.761	-218.5
16.96	-7.845	-50.006	-112.7
16.97	-7.813	-51.088	-130.8
16.98	-7.779	-51.138	-13.2
16.99	-7.744	-51.141	-67.3
17.0	-7.711	-51.141	-218.3
17.01	-7.679	-51.141	-86.0
17.02	-7.646	-51.141	-51.7
17.03	-7.614	-51.134	-68.9
17.04	-7.582	-51.031	-81.6
17.05	-7.548	-48.819	-175.5
17.06	-7.513	-39.841	-83.0
17.07	-7.478	-24.783	-45.5
17.08	-7.444	-10.986	-62.3
17.09	-7.412	-2.984	-88.0
17.1	-7.381	-1.175	-65.0
17.11	-7.352	-4.763	-141.4
17.12	-7.326	-12.055	-151.4
17.13	-7.302	-21.388	-39.6
17.14	-7.277	-31.730	-34.7
17.15	-7.254	-41.631	-71.2
17.16	-7.231	-48.402	-95.0
17.17	-7.211	-50.853	-65.0
17.18	-7.192	-51.134	-83.4
17.19	-7.173	-51.141	-167.0
17.2	-7.154	-51.141	-62.5
17.21	-7.136	-51.141	-18.7
17.22	-7.121	-51.141	-56.6
17.23	-7.106	-51.141	-61.2
17.24	-7.094	-51.141	-31.2
17.25	-7.083	-51.141	19.6
17.26	-7.074	-51.138	85.8
17.27	-7.066	-51.081	-67.4
17.28	-7.057	-49.964	-113.9
17.29	-7.047	-45.720	-47.6
17.3	-7.036	-39.366	-61.1
17.31	-7.027	-34.694	-45.6
17.32	-7.018	-32.470	-149.6
17.33	-7.009	-31.556	-108.4
17.34	-7.001	-31.706	25.3
17.35	-6.992	-31.752	16.0
17.36	-6.981	-30.202	368.0
17.37	-6.969	-27.831	812.1
17.38	-6.962	-26.408	558.2
17.39	-6.959	-26.400	15.2
17.4	-6.955	-27.236	-123.9
17.41	-6.951	-28.311	-114.3
17.42	-6.948	-29.367	-139.1
17.43	-6.942	-30.473	-48.7
17.44	-6.933	-31.592	-31.2
17.45	-6.923	-32.733	-80.4
17.46	-6.918	-33.698	-19.0
17.47	-6.914	-33.500	-64.4
17.48	-6.907	-30.975	-103.0
17.49	-6.898	-23.361	6.9
17.5	-6.889	-4.156	-51.2
17.51	-6.881	24.633	-41.3
17.52	-6.873	45.230	102.0
17.53	-6.866	50.845	98.4
17.54	-6.860	51.122	66.9
17.55	-6.854	51.139	53.3
17.56	-6.849	51.139	111.8
17.57	-6.845	51.139	86.8
17.58	-6.842	51.139	161.2
17.59	-6.838	51.134	209.1
17.6	-6.835	51.084	140.3
17.61	-6.834	49.578	179.0
17.62	-6.836	41.777	30.5
17.63	-6.838	26.313	-7.6
17.64	-6.840	9.489	-102.7
17.65	-6.841	-3.695	-206.6
17.66	-6.839	-12.892	-51.1
17.67	-6.838	-19.486	-64.3
17.68	-6.838	-24.841	-90.3
17.69	-6.839	-28.766	-148.3
17.7	-6.841	-31.272	-124.1
17.71	-6.840	-34.569	-177.8
17.72	-6.839	-40.653	-66.2
17.73	-6.838	-47.266	-27.7
17.74	-6.836	-50.586	-265.5
17.75	-6.835	-51.128	-111.2
17.76	-6.834	-51.139	-28.1
17.77	-6.836	-51.141	-57.5
17.78	-6.839	-51.141	-102.8
17.79	-6.843	-51.141	-196.7
17.8	-6.849	-51.136	-5.3
17.81	-6.854	-51.055	-49.9
17.82	-6.858	-49.123	-185.6
17.83	-6.861	-40.713	-47.4
17.84	-6.861	-25.806	-54.8
17.85	-6.861	-11.403	-92.8
17.86	-6.862	-2.466	-95.8
17.87	-6.863	0.283	-93.3
17.88	-6.866	-2.341	-100.0
17.89	-6.869	-8.778	-140.0
17.9	-6.874	-17.350	-13.7
17.91	-6.879	-26.942	9.3
17.92	-6.886	-36.923	-96.2
17.93	-6.893	-45.419	-126.1
17.94	-6.901	-49.967	-139.3
17.95	-6.909	-51.083	-80.2
17.96	-6.916	-51.138	-35.6
17.97	-6.925	-51.141	-8.1
17.98	-6.934	-51.141	-132.7
17.99	-6.942	-51.141	-162.1
18.0	-6.953	-51.141	37.0
18.01	-6.964	-51.141	-30.2
18.02	-6.978	-51.141	-78.5
18.03	-6.992	-51.141	-15.0
18.04	-7.008	-51.139	-62.6
18.05	-7.025	-51.106	-53.4
18.06	-7.043	-50.800	-19.5
18.07	-7.063	-49.897	-7.1
18.08	-7.083	-48.284	124.3
18.09	-7.106	-46.361	-51.6
18.1	-7.129	-44.828	-81.7
18.11	-7.151	-43.559	-88.6
18.12	-7.174	-41.998	-123.2
18.13	-7.199	-40.211	-0.1
18.14	-7.231	-38.364	-28.9
18.15	-7.269	-36.561	-35.2
18.16	-7.316	-35.291	58.6
18.17	-7.369	-34.809	267.8
18.18	-7.427	-34.291	656.1
18.19	-7.488	-33.002	730.1
18.2	-7.552	-31.492	216.1
18.21	-7.616	-30.600	-75.8
18.22	-7.678	-30.753	27.6
18.23	-7.736	-32.033	-109.8
18.24	-7.791	-34.083	-123.4
18.25	-7.842	-36.325	-88.8
18.26	-7.891	-38.244	-93.8
18.27	-7.939	-39.627	40.8
18.28	-7.988	-40.186	-73.9
18.29	-8.036	-39.188	-79.2
18.3	-8.084	-35.084	-25.3
18.31	-8.132	-22.822	-6.0
18.32	-8.178	3.683	119.6
18.33	-8.224	33.764	-5.8
18.34	-8.273	48.797	21.8
18.35	-8.322	51.098	117.3
18.36	-8.369	51.133	56.8
18.37	-8.412	51.139	115.2
18.38	-8.454	51.139	206.8
18.39	-8.496	51.139	172.8
18.4	-8.539	51.136	210.2
18.41	-8.581	51.117	143.7
18.42	-8.625	49.909	115.1
18.43	-8.672	41.930	110.1
18.44	-8.719	24.375	2.8
18.45	-8.764	4.517	-70.3
18.46	-8.808	-10.900	-20.6
18.47	-8.849	-20.938	-105.8
18.48	-8.888	-26.255	-104.9
18.49	-8.924	-28.227	-75.8
18.5	-8.960	-28.788	-138.0
18.51	-8.995	-29.925	-143.0
18.52	-9.029	-32.827	-104.9
18.53	-9.062	-37.977	-8.2
18.54	-9.096	-44.633	-170.9
18.55	-9.131	-49.533	-158.6
18.56	-9.166	-51.044	4.6
18.57	-9.203	-51.136	-177.3
18.58	-9.240	-51.141	-75.8
18.59	-9.276	-51.141	-23.6
18.6	-9.310	-51.141	-130.2
18.61	-9.342	-51.130	-94.3
18.62	-9.375	-50.677	-59.6
18.63	-9.406	-46.339	-83.6
18.64	-9.436	-33.998	-83.5
18.65	-9.464	-16.836	-67.4
18.66	-9.489	-1.708	-79.0
18.67	-9.516	7.952	-36.0
18.68	-9.543	11.291	-82.2
18.69	-9.568	8.930	-118.0
18.7	-9.588	2.323	-62.2
18.71	-9.609	-7.081	-45.4
18.72	-9.631	-18.014	-55.5
18.73	-9.654	-28.988	-105.7
18.74	-9.677	-38.778	-81.3
18.75	-9.697	-46.220	3.2
18.76	-9.716	-50.094	-69.8
18.77	-9.735	-51.080	-89.2
18.78	-9.751	-51.138	-36.0
18.79	-9.766	-51.141	-115.3
18.8	-9.777	-51.141	-26.6
18.81	-9.787	-51.141	-21.7
18.82	-9.794	-51.141	-28.3
18.83	-9.799	-51.141	23.0
18.84	-9.799	-51.141	2.2
18.85	-9.794	-51.131	19.4
18.86	-9.783	-50.905	-32.4
18.87	-9.766	-49.800	-65.2
18.88	-9.744	-47.702	10.8
18.89	-9.720	-45.422	-39.3
18.9	-9.695	-43.142	-106.1
18.91	-9.669	-40.384	-103.7
18.92	-9.645	-37.073	-33.7
18.93	-9.624	-33.491	-7.9
18.94	-9.602	-30.089	141.1
18.95	-9.575	-27.367	543.2
18.96	-9.544	-25.511	743.5
18.97	-9.511	-24.275	204.5
18.98	-9.480	-23.336	-116.3
18.99	-9.453	-22.814	-2.2
19.0	-9.431	-23.270	-93.6
19.01	-9.416	-25.063	-99.9
19.02	-9.403	-27.891	-48.6
19.03	-9.386	-31.158	-74.0
19.04	-9.368	-33.981	2.2
19.05	-9.356	-35.527	-34.6
19.06	-9.349	-35.798	-76.7
19.07	-9.341	-34.764	14.7
19.08	-9.332	-30.356	-21.4
19.09	-9.327	-16.736	-42.1
19.1	-9.324	10.253	63.3
19.11	-9.324	37.594	73.0
19.12	-9.322	49.583	91.7
19.13	-9.318	51.102	88.9
19.14	-9.313	51.138	83.9
19.15	-9.308	51.139	185.4
19.16	-9.306	51.139	124.2
19.17	-9.304	51.139	140.4
19.18	-9.303	51.133	176.8
19.19	-9.301	51.020	118.1
19.2	-9.298	48.347	104.9
19.21	-9.294	36.755	51.9
19.22	-9.291	16.334	9.5
19.23	-9.285	-3.831	-80.1
19.24	-9.276	-18.262	-142.6
19.25	-9.265	-27.044	-116.3
19.26	-9.255	-31.584	-125.7
19.27	-9.249	-33.461	-70.2
19.28	-9.246	-34.336	-50.2
19.29	-9.240	-35.998	-168.0
19.3	-9.227	-39.797	-111.3
19.31	-9.207	-45.356	-128.2
19.32	-9.184	-49.655	-84.2
19.33	-9.157	-51.041	-102.1
19.34	-9.126	-51.136	-158.7
19.35	-9.091	-51.141	-26.0
19.36	-9.051	-51.141	-61.4
19.37	-9.004	-51.141	-133.9
19.38	-8.949	-51.133	-77.2
19.39	-8.886	-50.977	-108.4
19.4	-8.815	-48.045	-2.0
19.41	-8.736	-37.047	-75.4
19.42	-8.650	-19.045	-141.0
19.43	-8.561	-1.845	-36.5
19.44	-8.471	9.570	-102.2
19.45	-8.381	14.152	-37.1
19.46	-8.290	12.558	-79.1
19.47	-8.203	6.205	-113.9
19.48	-8.122	-3.188	-17.7
19.49	-8.048	-13.772	-99.3
19.5	-7.981	-24.466	-42.5
19.51	-7.918	-34.962	-59.8
19.52	-7.857	-44.098	-101.3
19.53	-7.799	-49.481	-45.3
19.54	-7.744	-51.019	-44.9
19.55	-7.692	-51.136	-86.2
19.56	-7.644	-51.141	-40.6
19.57	-7.598	-51.141	-52.1
19.58	-7.554	-51.141	-15.8
19.59	-7.514	-51.141	25.4
19.6	-7.475	-51.141	9.9
19.61	-7.438	-51.141	-17.6
19.62	-7.401	-51.141	-19.5
19.63	-7.367	-51.141	-54.4
19.64	-7.333	-51.141	-148.2
19.65	-7.299	-51.141	-62.5
19.66	-7.266	-51.141	-59.1
19.67	-7.237	-51.131	-75.3
19.68	-7.211	-50.930	-16.9
19.69	-7.188	-49.970	116.6
19.7	-7.166	-47.973	449.8
19.71	-7.146	-45.528	750.0
19.72	-7.128	-43.383	428.9
19.73	-7.112	-42.056	-52.2
19.74	-7.098	-41.928	-56.6
19.75	-7.085	-42.728	-110.7
19.76	-7.074	-44.056	-92.2
19.77	-7.062	-46.109	-53.4
19.78	-7.048	-48.673	-40.2
19.79	-7.034	-50.514	-97.3
19.8	-7.023	-51.094	-44.0
19.81	-7.011	-51.111	-50.8
19.82	-6.998	-50.267	-24.3
19.83	-6.984	-44.819	44.8
19.84	-6.971	-27.236	-92.5
19.85	-6.961	5.559	8.3
19.86	-6.951	36.778	64.3
19.87	-6.941	49.622	41.6
19.88	-6.931	51.102	53.3
19.89	-6.921	51.139	96.2
19.9	-6.913	51.139	201.0
19.91	-6.905	51.139	155.8
19.92	-6.899	51.133	167.8
19.93	-6.894	51.052	120.2
19.94	-6.890	48.683	194.8
19.95	-6.889	36.764	67.7
19.96	-6.888	14.145	-38.4
19.97	-6.889	-8.364	53.4
19.98	-6.891	-23.192	-95.3
19.99	-6.892	-30.686	-49.4
20.0	-6.893	-33.464	-90.1
20.01	-6.892	-34.392	-205.8
20.02	-6.893	-34.827	-57.4
20.03	-6.896	-35.003	-119.7
20.04	-6.898	-35.784	-165.6
20.05	-6.896	-38.463	-78.5
20.06	-6.894	-43.442	-128.3
20.07	-6.892	-48.456	-139.6
20.08	-6.891	-50.792	-103.4
20.09	-6.889	-51.134	-85.8
20.1	-6.890	-51.139	-75.2
20.11	-6.892	-51.141	-123.9
20.12	-6.896	-51.141	-72.2
20.13	-6.900	-51.141	-147.5
20.14	-6.904	-51.130	-96.3
20.15	-6.907	-50.855	-58.1
20.16	-6.911	-47.638	-71.2
20.17	-6.912	-37.563	-12.5
20.18	-6.913	-22.708	-109.1
20.19	-6.913	-9.270	-93.3
20.2	-6.914	-0.611	-113.3
20.21	-6.915	2.739	-74.6
20.22	-6.918	1.520	-13.1
20.23	-6.920	-3.472	-109.7
20.24	-6.924	-11.539	-66.8
20.25	-6.928	-21.152	-79.2
20.26	-6.933	-30.606	-98.3
20.27	-6.938	-39.116	3.6
20.28	-6.944	-45.925	-74.3
20.29	-6.949	-49.836	-116.8
20.3	-6.954	-51.023	-65.4
20.31	-6.958	-51.139	-87.2
20.32	-6.963	-51.141	-14.8
20.33	-6.967	-51.141	-82.1
20.34	-6.971	-51.141	-87.8
20.35	-6.975	-51.141	-38.4
20.36	-6.978	-51.141	-40.5
20.37	-6.982	-51.141	-35.3
20.38	-6.986	-51.141	-56.2
20.39	-6.991	-51.141	-139.8
20.4	-6.995	-51.139	-95.2
20.41	-7.001	-51.105	15.7
20.42	-7.009	-50.509	-13.4
20.43	-7.019	-48.505	-45.9
20.44	-7.032	-45.759	23.0
20.45	-7.047	-43.758	109.0
20.46	-7.065	-42.492	46.6
20.47	-7.086	-41.105	-60.5
20.48	-7.109	-39.277	-109.5
20.49	-7.137	-37.058	-58.5
20.5	-7.173	-34.458	-57.9
20.51	-7.221	-31.745	-62.5
20.52	-7.284	-29.417	25.2
20.53	-7.362	-27.716	-42.0
20.54	-7.453	-26.784	3.9
20.55	-7.553	-26.934	435.9
20.56	-7.652	-28.116	855.7
20.57	-7.748	-29.594	607.3
20.58	-7.836	-30.800	39.9
20.59	-7.918	-31.444	-92.0
20.6	-7.994	-31.564	-66.0
20.61	-8.066	-31.925	-67.3
20.62	-8.133	-33.095	-31.1
20.63	-8.194	-35.189	-95.0
20.64	-8.257	-37.939	-74.5
20.65	-8.324	-40.153	-40.2
20.66	-8.393	-40.478	-78.6
20.67	-8.461	-38.327	-19.6
20.68	-8.529	-32.097	-6.2
20.69	-8.591	-16.242	-11.7
20.7	-8.648	12.414	72.4
20.71	-8.703	39.284	12.7
20.72	-8.758	49.964	34.3
20.73	-8.811	51.098	135.8
20.74	-8.866	51.139	110.3
20.75	-8.920	51.139	65.6
20.76	-8.971	51.139	136.8
20.77	-9.022	51.139	156.2
20.78	-9.072	51.134	171.7
20.79	-9.123	51.108	164.8
20.8	-9.176	49.700	128.0
20.81	-9.229	40.936	89.4
20.82	-9.280	22.388	32.7
20.83	-9.328	2.330	-60.8
20.84	-9.374	-12.364	-118.8
20.85	-9.419	-21.417	-119.0
20.86	-9.461	-25.903	-51.3
20.87	-9.504	-27.089	-92.7
20.88	-9.546	-26.405	-111.7
20.89	-9.586	-25.508	-127.3
20.9	-9.625	-26.083	-122.6
20.91	-9.665	-29.917	-93.1
20.92	-9.704	-37.877	-131.9
20.93	-9.741	-46.333	-89.0
20.94	-9.777	-50.467	-147.2
20.95	-9.814	-51.127	-19.7
20.96	-9.849	-51.139	-82.8
20.97	-9.884	-51.141	-161.3
20.98	-9.922	-51.138	-23.0
20.99	-9.959	-51.100	-128.0
21.0	-9.994	-49.864	-105.4
21.01	-10.027	-42.920	-73.3
21.02	-10.058	-27.766	-47.2
21.03	-10.085	-9.698	-75.2
21.04	-10.110	4.775	-148.3
21.05	-10.135	13.261	-46.1
21.06	-10.161	15.772	-26.2
21.07	-10.187	13.531	-133.5
21.08	-10.211	7.828	-79.8
21.09	-10.232	-0.639	-80.6
21.1	-10.251	-11.244	-71.0
21.11	-10.266	-22.878	-70.5
21.12	-10.279	-34.080	-67.4
21.13	-10.289	-43.441	-61.9
21.14	-10.298	-49.131	-115.3
21.15	-10.305	-50.958	-81.4
21.16	-10.308	-51.138	10.3
21.17	-10.306	-51.141	-79.0
21.18	-10.299	-51.141	-92.1
21.19	-10.289	-51.141	-55.4
21.2	-10.275	-51.141	-113.9
21.21	-10.259	-51.141	-24.5
21.22	-10.239	-51.141	1.5
21.23	-10.214	-51.141	-37.2
21.24	-10.188	-51.139	-46.9
21.25	-10.161	-51.100	72.8
21.26	-10.138	-50.452	35.7
21.27	-10.115	-48.269	-130.9
21.28	-10.092	-45.050	-18.6
21.29	-10.068	-42.145	-30.9
21.3	-10.043	-40.081	-75.8
21.31	-10.019	-38.766	-87.1
21.32	-9.997	-37.745	-31.4
21.33	-9.978	-36.475	-45.1
21.34	-9.960	-34.728	-71.1
21.35	-9.938	-32.817	261.5
21.36	-9.909	-31.248	584.8
21.37	-9.878	-30.338	609.5
21.38	-9.848	-30.352	207.3
21.39	-9.821	-31.275	-109.4
21.4	-9.798	-32.884	-47.4
21.41	-9.779	-35.087	-63.4
21.42	-9.761	-37.567	-76.0
21.43	-9.738	-40.100	-72.5
21.44	-9.708	-42.642	-91.0
21.45	-9.678	-44.913	-30.9
21.46	-9.652	-46.788	6.6
21.47	-9.626	-48.025	-96.9
21.48	-9.595	-47.484	-72.2
21.49	-9.563	-42.238	16.4
21.5	-9.527	-25.819	85.9
21.51	-9.488	5.575	-1.7
21.52	-9.441	36.400	19.8
21.53	-9.387	49.505	73.0
21.54	-9.324	51.100	62.7
21.55	-9.256	51.138	113.2
21.56	-9.188	51.139	118.6
21.57	-9.123	51.139	164.7
21.58	-9.062	51.136	168.7
21.59	-9.003	51.114	156.7
21.6	-8.944	49.761	82.1
21.61	-8.884	39.594	48.8
21.62	-8.823	14.841	59.6
21.63	-8.763	-15.753	-115.9
21.64	-8.703	-38.802	-64.0
21.65	-8.643	-49.102	-71.1
21.66	-8.580	-51.069	-96.8
21.67	-8.518	-51.138	-93.7
21.68	-8.458	-51.141	-130.3
21.69	-8.402	-51.141	-133.2
21.7	-8.348	-51.141	-143.7
21.71	-8.297	-51.141	-86.8
21.72	-8.249	-51.141	-140.0
21.73	-8.203	-51.141	-130.8
21.74	-8.158	-51.141	-43.1
21.75	-8.113	-51.141	-171.9
21.76	-8.070	-51.141	-77.0
21.77	-8.030	-51.141	-81.8
21.78	-7.992	-51.141	-153.3
21.79	-7.956	-51.141	7.8
21.8	-7.921	-51.138	-104.5
21.81	-7.888	-51.119	-138.2
21.82	-7.855	-50.088	-67.8
21.83	-7.822	-43.433	-126.0
21.84	-7.790	-28.666	-12.4
21.85	-7.760	-12.138	-37.8
21.86	-7.732	-0.761	-139.2
21.87	-7.706	4.048	-33.8
21.88	-7.679	3.295	-129.0
21.89	-7.656	-1.723	-187.0
21.9	-7.635	-9.614	-31.0
21.91	-7.616	-18.480	-95.7
21.92	-7.599	-27.017	-112.8
21.93	-7.584	-34.398	-38.9
21.94	-7.570	-39.927	-74.4
21.95	-7.556	-44.280	-127.8
21.96	-7.543	-48.056	-61.7
21.97	-7.532	-50.389	-12.4
21.98	-7.522	-51.083	-28.2
21.99	-7.513	-51.139	-84.9
22.0	-7.502	-51.141	-96.4
22.01	-7.492	-51.141	-71.2
22.02	-7.481	-51.141	-58.6
22.03	-7.473	-51.141	72.5
22.04	-7.465	-51.141	65.3
22.05	-7.459	-51.134	-44.5
22.06	-7.453	-51.017	-87.9
22.07	-7.446	-50.659	-60.6
22.08	-7.438	-50.359	-39.7
22.09	-7.429	-49.905	-97.7
22.1	-7.423	-47.650	-118.1
22.11	-7.417	-43.197	-66.1
22.12	-7.413	-38.517	45.8
22.13	-7.408	-35.063	187.6
22.14	-7.403	-32.534	585.0
22.15	-7.399	-30.308	791.0
22.16	-7.396	-28.914	246.8
22.17	-7.394	-29.030	-111.1
22.18	-7.392	-29.969	-111.7
22.19	-7.391	-30.958	-85.5
22.2	-7.390	-31.817	-12.2
22.21	-7.384	-31.913	-121.7
22.22	-7.375	-31.188	-68.3
22.23	-7.368	-30.878	-71.1
22.24	-7.364	-31.377	-8.8
22.25	-7.359	-31.747	-40.4
22.26	-7.353	-30.503	-87.0
22.27	-7.349	-24.327	9.8
22.28	-7.345	-6.088	53.2
22.29	-7.340	23.061	7.7
22.3	-7.334	44.714	-6.7
22.31	-7.329	50.808	121.3
22.32	-7.324	51.120	137.4
22.33	-7.321	51.139	88.7
22.34	-7.318	51.139	80.5
22.35	-7.317	51.139	167.6
22.36	-7.316	51.139	151.5
22.37	-7.316	51.133	176.8
22.38	-7.316	51.080	170.9
22.39	-7.316	49.306	64.8
22.4	-7.317	39.945	79.9
22.41	-7.320	21.773	-61.4
22.42	-7.322	2.719	-140.2
22.43	-7.324	-12.255	-59.1
22.44	-7.324	-23.084	-70.9
22.45	-7.326	-29.773	-171.3
22.46	-7.332	-32.845	-101.2
22.47	-7.341	-33.367	-108.0
22.48	-7.351	-32.712	-144.2
22.49	-7.364	-32.939	-60.3
22.5	-7.383	-36.711	-54.3
22.51	-7.408	-43.827	-120.9
22.52	-7.438	-49.392	-200.0
22.53	-7.470	-51.045	-104.4
22.54	-7.501	-51.136	18.2
22.55	-7.529	-51.141	-114.3
22.56	-7.555	-51.141	-162.0
22.57	-7.578	-51.141	-7.0
22.58	-7.598	-51.136	-60.5
22.59	-7.614	-51.053	-154.5
22.6	-7.626	-49.363	-113.2
22.61	-7.634	-42.686	-57.6
22.62	-7.642	-31.189	-34.6
22.63	-7.649	-19.186	-67.7
22.64	-7.657	-9.577	-35.0
22.65	-7.666	-3.691	-143.1
22.66	-7.677	-2.316	-97.5
22.67	-7.692	-4.822	-33.4
22.68	-7.714	-9.842	-117.0
22.69	-7.750	-16.895	-126.7
22.7	-7.803	-25.963	-67.0
22.71	-7.874	-35.922	-40.7
22.72	-7.963	-44.552	-73.6
22.73	-8.056	-49.563	-40.4
22.74	-8.147	-51.019	-99.8
22.75	-8.232	-51.136	-97.8
22.76	-8.311	-51.141	-77.9
22.77	-8.382	-51.141	-58.5
22.78	-8.444	-51.141	-38.7
22.79	-8.500	-51.141	-95.8
22.8	-8.551	-51.141	-6.3
22.81	-8.599	-51.141	-56.1
22.82	-8.651	-51.141	-39.1
22.83	-8.708	-51.141	-48.7
22.84	-8.774	-51.141	77.3
22.85	-8.844	-51.141	92.4
22.86	-8.914	-51.141	-84.4
22.87	-8.982	-51.141	-20.9
22.88	-9.049	-51.141	-65.6
22.89	-9.110	-51.141	-132.8
22.9	-9.166	-51.141	-78.2
22.91	-9.218	-51.141	-57.8
22.92	-9.268	-51.141	-34.4
22.93	-9.316	-51.141	83.4
22.94	-9.361	-51.141	257.3
22.95	-9.402	-51.141	602.6
22.96	-9.441	-51.141	586.8
22.97	-9.479	-51.141	122.3
22.98	-9.518	-51.141	-143.2
22.99	-9.557	-51.141	-96.6
23.0	-9.596	-51.141	6.6
23.01	-9.633	-51.138	-120.8
23.02	-9.666	-50.916	-51.5
23.03	-9.698	-49.416	30.7
23.04	-9.732	-46.056	-20.4
23.05	-9.768	-42.373	-59.3
23.06	-9.804	-39.348	-26.2
23.07	-9.840	-35.205	-101.4
23.08	-9.874	-26.759	-55.2
23.09	-9.909	-7.911	80.1
23.1	-9.947	21.425	-5.0
23.11	-9.987	44.025	34.6
23.12	-10.025	50.753	111.4
23.13	-10.061	51.119	80.5
23.14	-10.093	51.139	136.8
23.15	-10.123	51.139	167.1
23.16	-10.153	51.139	125.1
23.17	-10.184	51.139	188.4
23.18	-10.216	51.139	150.9
23.19	-10.245	51.130	104.5
23.2	-10.273	50.956	91.5
23.21	-10.301	47.508	14.5
23.22	-10.328	34.397	-51.6
23.23	-10.351	13.373	-36.4
23.24	-10.374	-5.817	-37.4
23.25	-10.398	-18.720	-116.2
23.26	-10.421	-26.508	-93.8
23.27	-10.447	-30.778	-142.7
23.28	-10.471	-32.369	-146.0
23.29	-10.494	-32.159	-113.5
23.3	-10.516	-31.972	-61.3
23.31	-10.538	-34.381	-62.3
23.32	-10.555	-40.700	-55.8
23.33	-10.567	-47.544	-185.7
23.34	-10.574	-50.697	-119.0
23.35	-10.579	-51.131	-118.9
23.36	-10.584	-51.139	-123.3
23.37	-10.585	-51.138	30.3
23.38	-10.581	-51.073	-78.1
23.39	-10.573	-49.478	-60.2
23.4	-10.561	-42.111	-81.6
23.41	-10.543	-27.913	-159.8
23.42	-10.520	-11.655	-68.7
23.43	-10.492	2.572	-37.2
23.44	-10.459	13.239	-75.4
23.45	-10.424	19.336	-64.8
23.46	-10.389	19.631	-99.2
23.47	-10.351	13.847	-51.8
23.48	-10.312	3.392	-50.8
23.49	-10.273	-9.897	-133.0
23.5	-10.233	-24.445	1.7
23.51	-10.193	-38.192	-68.3
23.52	-10.156	-47.458	-66.7
23.53	-10.121	-50.756	-52.8
23.54	-10.089	-51.133	-104.8
23.55	-10.059	-51.141	34.0
23.56	-10.030	-51.141	30.9
23.57	-10.001	-51.141	0.0
23.58	-9.967	-51.141	34.3
23.59	-9.931	-51.141	-4.2
23.6	-9.893	-51.141	-34.9
23.61	-9.853	-51.141	-127.9
23.62	-9.817	-51.141	-90.5
23.63	-9.783	-51.141	5.5
23.64	-9.752	-51.141	-77.4
23.65	-9.721	-51.138	-24.2
23.66	-9.689	-51.000	7.8
23.67	-9.657	-50.108	58.8
23.68	-9.621	-48.059	349.0
23.69	-9.586	-45.538	648.3
23.7	-9.554	-43.267	416.5
23.71	-9.527	-41.463	-95.2
23.72	-9.504	-40.103	-66.4
23.73	-9.483	-39.014	-34.1
23.74	-9.465	-38.366	-113.7
23.75	-9.443	-38.156	-3.8
23.76	-9.414	-37.784	-58.2
23.77	-9.379	-36.973	-86.8
23.78	-9.348	-36.119	-6.4
23.79	-9.322	-35.320	-51.3
23.8	-9.296	-33.839	-64.6
23.81	-9.267	-29.934	-51.3
23.82	-9.234	-19.644	-33.6
23.83	-9.196	2.803	59.1
23.84	-9.154	31.088	93.1
23.85	-9.108	47.653	32.6
23.86	-9.056	51.019	70.8
23.87	-8.998	51.128	122.5
23.88	-8.936	51.139	120.0
23.89	-8.875	51.139	67.5
23.9	-8.812	51.139	132.7
23.91	-8.749	51.139	197.2
23.92	-8.687	51.133	162.7
23.93	-8.627	51.025	152.9
23.94	-8.570	48.442	-19.0
23.95	-8.514	37.206	-57.3
23.96	-8.460	17.288	16.0
23.97	-8.404	-2.908	-63.0
23.98	-8.348	-18.341	-137.5
23.99	-8.291	-28.375	-137.3
24.0	-8.237	-33.492	-157.5
24.01	-8.184	-35.589	-124.4
24.02	-8.133	-36.820	10.8
24.03	-8.082	-38.394	-74.0
24.04	-8.034	-41.500	-186.2
24.05	-7.989	-46.325	-115.8
24.06	-7.946	-50.013	-99.9
24.07	-7.901	-51.081	-111.9
24.08	-7.857	-51.138	-127.0
24.09	-7.813	-51.141	-100.7
24.1	-7.771	-51.141	-43.9
24.11	-7.731	-51.141	-76.6
24.12	-7.692	-51.139	-106.2
24.13	-7.654	-51.128	-97.1
24.14	-7.617	-50.423	-67.7
24.15	-7.582	-45.481	-149.8
24.16	-7.547	-33.805	-73.1
24.17	-7.515	-19.113	21.8
24.18	-7.485	-6.073	-36.9
24.19	-7.458	2.991	-105.9
24.2	-7.433	6.405	-105.5
24.21	-7.408	3.497	-119.7
24.22	-7.383	-4.945	-138.6
24.23	-7.360	-16.561	-52.5
24.24	-7.339	-28.420	8.4
24.25	-7.319	-38.444	-85.4
24.26	-7.300	-45.767	-94.4
24.27	-7.281	-49.823	-27.2
24.28	-7.264	-51.033	-25.8
24.29	-7.249	-51.136	-78.1
24.3	-7.234	-51.141	-159.0
24.31	-7.221	-51.141	-14.8
24.32	-7.209	-51.141	102.6
24.33	-7.199	-51.141	37.6
24.34	-7.188	-51.141	42.0
24.35	-7.177	-51.141	-69.9
24.36	-7.166	-51.141	-152.0
24.37	-7.156	-51.141	-177.8
24.38	-7.148	-51.141	-113.1
24.39	-7.140	-51.141	47.3
24.4	-7.134	-51.141	-6.6
24.41	-7.126	-51.131	-24.8
24.42	-7.117	-50.966	234.5
24.43	-7.107	-50.356	646.9
24.44	-7.098	-49.223	738.6
24.45	-7.094	-47.628	90.1
24.46	-7.092	-45.666	-126.3
24.47	-7.090	-43.644	34.0
24.48	-7.088	-42.031	-87.2
24.49	-7.084	-41.341	-118.6
24.5	-7.076	-41.831	-40.1
24.51	-7.067	-43.144	-62.8
24.52	-7.063	-44.177	-134.3
24.53	-7.058	-43.681	-72.8
24.54	-7.053	-41.183	89.5
24.55	-7.048	-35.947	4.6
24.56	-7.040	-24.286	-144.8
24.57	-7.031	-0.183	9.1
24.58	-7.024	29.813	131.3
24.59	-7.018	47.394	5.3
24.6	-7.012	51.006	-59.1
24.61	-7.006	51.127	93.0
24.62	-7.000	51.139	240.4
24.63	-6.997	51.139	197.6
24.64	-6.995	51.139	115.1
24.65	-6.994	51.139	89.0
24.66	-6.994	51.136	146.0
24.67	-6.993	51.116	166.4
24.68	-6.993	49.823	89.8
24.69	-6.994	41.377	-66.2
24.7	-6.996	22.789	-33.5
24.71	-6.997	1.706	-24.1
24.72	-6.997	-14.819	-73.5
24.73	-6.996	-26.214	-110.9
24.74	-6.995	-33.097	-116.8
24.75	-6.997	-36.197	-110.6
24.76	-6.999	-37.270	-150.6
24.77	-7.001	-38.714	-103.5
24.78	-7.001	-42.236	-129.3
24.79	-7.000	-47.050	-130.8
24.8	-6.999	-50.255	-92.4
24.81	-6.998	-51.097	-57.3
24.82	-6.997	-51.139	-50.2
24.83	-6.998	-51.141	-180.4
24.84	-7.003	-51.141	-131.8
24.85	-7.010	-51.141	-41.3
24.86	-7.019	-51.141	-77.5
24.87	-7.030	-51.138	-114.0
24.88	-7.041	-51.084	-51.7
24.89	-7.050	-49.628	-24.7
24.9	-7.059	-42.700	-154.1
24.91	-7.069	-29.983	-70.7
24.92	-7.083	-17.438	0.5
24.93	-7.101	-8.742	-136.0
24.94	-7.123	-4.116	-87.8
24.95	-7.145	-3.695	-81.2
24.96	-7.169	-7.250	0.5
24.97	-7.194	-14.153	-77.5
24.98	-7.219	-23.131	-141.2
24.99	-7.242	-32.494	-74.9
25.0	-7.266	-41.266	-54.9
25.01	-7.288	-47.830	-16.7
25.02	-7.309	-50.666	-98.8
25.03	-7.330	-51.128	-49.8
25.04	-7.353	-51.139	-51.3
25.05	-7.378	-51.141	-129.6
25.06	-7.408	-51.141	-27.2
25.07	-7.444	-51.141	-34.4
25.08	-7.486	-51.141	-77.5
25.09	-7.534	-51.141	24.4
25.1	-7.589	-51.141	23.3
25.11	-7.649	-51.141	-2.1
25.12	-7.710	-51.141	55.9
25.13	-7.771	-51.141	-37.2
25.14	-7.831	-51.141	-118.6
25.15	-7.887	-51.139	7.9
25.16	-7.943	-51.069	-24.4
25.17	-8.000	-50.502	-90.5
25.18	-8.058	-49.017	-75.0
25.19	-8.116	-46.969	-24.5
25.2	-8.172	-45.089	25.7
25.21	-8.226	-43.758	136.7
25.22	-8.277	-42.802	556.7
25.23	-8.329	-41.911	774.3
25.24	-8.380	-41.148	391.3
25.25	-8.432	-40.753	-87.5
25.26	-8.484	-40.689	-64.4
25.27	-8.538	-40.684	-38.9
25.28	-8.594	-40.853	-78.0
25.29	-8.647	-41.436	-45.6
25.3	-8.697	-42.319	-78.5
25.31	-8.746	-43.234	-71.3
25.32	-8.796	-43.722	-31.4
25.33	-8.846	-43.089	-43.6
25.34	-8.894	-40.313	-1.6
25.35	-8.941	-32.586	-26.3
25.36	-8.989	-13.722	-32.4
25.37	-9.035	16.772	63.9
25.38	-9.081	41.939	33.8
25.39	-9.127	50.455	119.5
25.4	-9.172	51.105	87.6
25.41	-9.214	51.139	47.0
25.42	-9.256	51.139	186.7
25.43	-9.295	51.139	169.3
25.44	-9.331	51.139	120.5
25.45	-9.366	51.139	176.6
25.46	-9.402	51.133	198.9
25.47	-9.441	51.078	72.3
25.48	-9.478	49.169	8.9
25.49	-9.513	38.889	-3.7
25.5	-9.550	18.875	-2.6
25.51	-9.585	-1.239	-98.9
25.52	-9.617	-14.855	-111.1
25.53	-9.650	-22.559	-51.4
25.54	-9.684	-26.281	-184.8
25.55	-9.717	-28.125	-130.0
25.56	-9.749	-29.981	-12.1
25.57	-9.781	-33.541	-175.3
25.58	-9.810	-39.995	-167.9
25.59	-9.839	-46.994	-34.0
25.6	-9.868	-50.539	-47.5
25.61	-9.898	-51.128	-112.6
25.62	-9.929	-51.139	-71.8
25.63	-9.963	-51.141	-130.4
25.64	-9.996	-51.141	-123.4
25.65	-10.031	-51.139	-73.4
25.66	-10.066	-51.128	-45.4
25.67	-10.101	-50.408	-80.6
25.68	-10.133	-45.002	-78.0
25.69	-10.164	-31.836	-15.2
25.7	-10.194	-15.497	-160.7
25.71	-10.225	-2.223	-91.8
25.72	-10.255	5.594	-15.2
25.73	-10.284	7.700	-97.7
25.74	-10.309	4.906	-66.2
25.75	-10.330	-1.583	-54.1
25.76	-10.348	-10.695	-73.9
25.77	-10.363	-21.711	-44.5
25.78	-10.378	-33.234	-73.8
25.79	-10.393	-43.014	-148.6
25.8	-10.406	-48.927	-7.8
25.81	-10.418	-50.911	6.6
25.82	-10.426	-51.136	-59.3
25.83	-10.430	-51.141	-85.7
25.84	-10.430	-51.141	-18.7
25.85	-10.425	-51.141	-28.8
25.86	-10.414	-51.141	7.3
25.87	-10.393	-51.141	93.3
25.88	-10.359	-51.141	16.3
25.89	-10.314	-51.139	-105.1
25.9	-10.256	-51.106	-41.4
25.91	-10.194	-50.770	-8.4
25.92	-10.137	-49.689	-142.2
25.93	-10.091	-47.783	-36.0
25.94	-10.057	-45.455	-16.2
25.95	-10.033	-43.055	7.2
25.96	-10.010	-40.342	95.3
25.97	-9.979	-37.313	256.5
25.98	-9.939	-34.655	687.2
25.99	-9.899	-32.761	442.3
26.0	-9.863	-31.539	-39.2
26.01	-9.835	-30.795	-41.2
26.02	-9.816	-30.608	-23.8
26.03	-9.806	-31.202	-48.4
26.04	-9.800	-32.405	-84.5
26.05	-9.791	-34.105	-91.3
26.06	-9.777	-36.059	-45.8
26.07	-9.764	-37.530	-47.3
26.08	-9.756	-38.103	-1.4
26.09	-9.746	-37.597	-4.2
26.1	-9.734	-34.892	-12.8
26.11	-9.724	-26.533	40.5
26.12	-9.716	-6.116	18.4
26.13	-9.711	23.769	7.4
26.14	-9.704	45.013	36.9
26.15	-9.693	50.830	76.7
26.16	-9.676	51.122	134.1
26.17	-9.659	51.139	128.1
26.18	-9.645	51.139	157.9
26.19	-9.631	51.139	126.0
26.2	-9.617	51.139	162.8
26.21	-9.601	51.139	187.2
26.22	-9.582	51.122	65.9
26.23	-9.560	50.486	67.8
26.24	-9.536	44.456	-5.1
26.25	-9.507	28.064	-87.4
26.26	-9.473	7.152	-57.3
26.27	-9.435	-9.583	-114.2
26.28	-9.396	-20.775	-75.9
26.29	-9.362	-27.744	-37.5
26.3	-9.332	-31.986	-81.1
26.31	-9.299	-35.098	-148.4
26.32	-9.264	-38.580	-152.4
26.33	-9.224	-43.595	-66.0
26.34	-9.183	-48.553	-96.3
26.35	-9.136	-50.825	-144.6
26.36	-9.083	-51.133	-74.7
26.37	-9.025	-51.141	-73.4
26.38	-8.964	-51.141	-66.3
26.39	-8.897	-51.141	-71.5
26.4	-8.821	-51.141	-56.6
26.41	-8.736	-51.139	-87.0
26.42	-8.640	-51.128	-130.2
26.43	-8.536	-50.473	-40.9
26.44	-8.428	-45.428	-52.8
26.45	-8.317	-32.917	-83.8
26.46	-8.207	-17.216	-29.6
26.47	-8.099	-4.631	-54.3
26.48	-7.997	2.156	-70.8
26.49	-7.904	2.842	-71.1
26.5	-7.823	-1.227	-100.2
26.51	-7.753	-8.091	-175.8
26.52	-7.690	-16.136	-93.3
26.53	-7.634	-24.473	3.6
26.54	-7.580	-32.619	-9.8
26.55	-7.526	-40.417	-38.1
26.56	-7.475	-46.991	-76.3
26.57	-7.426	-50.409	-105.0
26.58	-7.378	-51.116	-33.7
26.59	-7.331	-51.139	38.1
26.6	-7.286	-51.141	52.3
26.61	-7.243	-51.141	-16.1
26.62	-7.203	-51.141	-81.8
26.63	-7.165	-51.141	-123.5
26.64	-7.131	-51.141	-60.7
26.65	-7.100	-51.141	-14.1
26.66	-7.072	-51.141	-121.9
26.67	-7.047	-51.141	-107.3
26.68	-7.024	-51.141	-33.7
26.69	-7.003	-51.141	154.2
26.7	-6.982	-51.141	327.3
26.71	-6.963	-51.141	570.1
26.72	-6.945	-51.141	594.7
26.73	-6.930	-51.141	4.4
26.74	-6.917	-51.141	-25.2
26.75	-6.905	-51.141	-40.1
26.76	-6.894	-51.141	-202.0
26.77	-6.883	-51.141	-44.2
26.78	-6.869	-51.141	-69.3
26.79	-6.856	-51.138	-87.6
26.8	-6.844	-51.053	-103.1
26.81	-6.831	-49.827	-76.5
26.82	-6.816	-45.323	47.3
26.83	-6.800	-36.177	-44.2
26.84	-6.784	-19.275	-78.1
26.85	-6.771	8.886	15.8
26.86	-6.758	36.819	50.0
26.87	-6.747	49.397	-7.0
26.88	-6.736	51.100	40.8
26.89	-6.726	51.136	130.4
26.9	-6.718	51.139	149.4
26.91	-6.710	51.139	128.3
26.92	-6.704	51.139	59.2
26.93	-6.699	51.139	194.4
26.94	-6.697	51.134	161.7
26.95	-6.697	51.109	27.5
26.96	-6.699	49.805	82.5
26.97	-6.701	41.744	-44.2
26.98	-6.702	24.506	-58.3
26.99	-6.703	5.448	-48.4
27.0	-6.703	-9.019	-148.8
27.01	-6.702	-18.914	-129.9
27.02	-6.703	-25.627	-84.2
27.03	-6.706	-30.064	-160.8
27.04	-6.711	-33.163	-167.5
27.05	-6.713	-36.506	-50.2
27.06	-6.712	-41.645	-125.4
27.07	-6.712	-47.336	-181.9
27.08	-6.711	-50.486	-73.6
27.09	-6.710	-51.117	-48.9
27.1	-6.710	-51.139	-145.6
27.11	-6.711	-51.141	-152.4
27.12	-6.714	-51.141	-40.4
27.13	-6.718	-51.141	-45.8
27.14	-6.722	-51.141	-158.7
27.15	-6.724	-51.138	-113.0
27.16	-6.726	-51.100	-8.0
27.17	-6.724	-49.938	-86.7
27.18	-6.723	-43.967	-124.4
27.19	-6.723	-32.536	-105.1
27.2	-6.723	-21.161	-81.4
27.21	-6.723	-13.809	-98.5
27.22	-6.722	-10.650	-106.5
27.23	-6.722	-11.544	-60.8
27.24	-6.723	-16.052	-91.6
27.25	-6.723	-22.563	-50.7
27.26	-6.723	-29.734	-60.5
27.27	-6.724	-37.739	-17.4
27.28	-6.726	-45.497	-8.2
27.29	-6.727	-49.992	-247.8
27.3	-6.726	-51.088	-96.5
27.31	-6.725	-51.138	-48.1
27.32	-6.722	-51.141	-20.8
27.33	-6.718	-51.141	-61.9
27.34	-6.713	-51.141	-150.5
27.35	-6.708	-51.141	-2.1
27.36	-6.701	-51.141	-63.3
27.37	-6.694	-51.141	-123.3
27.38	-6.684	-51.141	-29.9
27.39	-6.674	-51.141	-11.2
27.4	-6.662	-51.141	-25.8
27.41	-6.649	-51.141	53.6
27.42	-6.636	-51.141	-13.7
27.43	-6.623	-51.139	-114.9
27.44	-6.607	-51.056	-127.6
27.45	-6.592	-50.466	-161.8
27.46	-6.578	-48.998	-116.1
27.47	-6.567	-47.022	-149.6
27.48	-6.559	-45.048	-97.3
27.49	-6.553	-43.263	99.8
27.5	-6.547	-41.686	280.5
27.51	-6.539	-40.233	661.3
27.52	-6.534	-39.050	673.2
27.53	-6.532	-38.163	109.3
27.54	-6.534	-37.534	-164.2
27.55	-6.541	-37.720	-92.3
27.56	-6.549	-38.798	-86.0
27.57	-6.554	-39.769	-111.0
27.58	-6.551	-40.133	0.9
27.59	-6.543	-40.519	-62.0
27.6	-6.535	-41.067	-88.6
27.61	-6.529	-40.703	-69.6
27.62	-6.526	-38.222	-44.9
27.63	-6.526	-32.264	35.8
27.64	-6.526	-18.633	8.0
27.65	-6.523	7.344	-26.7
27.66	-6.521	35.372	37.8
27.67	-6.521	49.041	56.9
27.68	-6.521	51.103	139.0
27.69	-6.523	51.133	141.8
27.7	-6.526	51.139	65.1
27.71	-6.530	51.139	164.3
27.72	-6.536	51.139	174.5
27.73	-6.543	51.139	194.2
27.74	-6.553	51.139	181.0
27.75	-6.566	51.122	115.3
27.76	-6.586	50.650	107.7
27.77	-6.612	45.705	-5.8
27.78	-6.648	31.555	-17.3
27.79	-6.690	12.602	-47.0
27.8	-6.739	-3.488	-60.0
27.81	-6.795	-14.680	-86.3
27.82	-6.861	-21.680	-138.9
27.83	-6.938	-26.452	-74.4
27.84	-7.023	-31.341	-124.3
27.85	-7.110	-37.672	-92.1
27.86	-7.194	-44.711	-143.7
27.87	-7.275	-49.530	-131.3
27.88	-7.351	-51.023	-44.8
27.89	-7.421	-51.134	-62.8
27.9	-7.486	-51.141	-107.6
27.91	-7.544	-51.141	-119.8
27.92	-7.599	-51.141	-40.4
27.93	-7.654	-51.141	-70.2
27.94	-7.711	-51.141	-80.1
27.95	-7.766	-51.141	-66.8
27.96	-7.821	-51.133	-83.2
27.97	-7.877	-51.002	-50.8
27.98	-7.929	-48.761	-105.5
27.99	-7.975	-40.948	-145.5
28.0	-8.017	-29.505	-60.6
28.01	-8.058	-20.533	-36.9
28.02	-8.098	-16.442	-115.0
28.03	-8.136	-16.755	-106.2
28.04	-8.172	-20.488	-18.8
28.05	-8.208	-26.198	-79.8
28.06	-8.244	-32.775	-111.0
28.07	-8.281	-39.631	-110.2
28.08	-8.318	-45.933	-8.9
28.09	-8.354	-49.888	-50.0
28.1	-8.391	-51.055	-146.3
28.11	-8.426	-51.136	-27.7
28.12	-8.459	-51.141	4.3
28.13	-8.490	-51.141	-79.9
28.14	-8.522	-51.141	-3.7
28.15	-8.554	-51.141	57.0
28.16	-8.586	-51.141	-6.4
28.17	-8.616	-51.141	-141.2
28.18	-8.644	-51.141	-104.1
28.19	-8.671	-51.141	-69.8
28.2	-8.696	-51.138	-137.2
28.21	-8.723	-50.994	-61.2
28.22	-8.751	-49.880	16.9
28.23	-8.782	-46.364	-26.1
28.24	-8.813	-39.233	190.8
28.25	-8.844	-28.461	631.9
28.26	-8.874	-16.197	680.5
28.27	-8.903	-5.338	89.2
28.28	-8.931	2.483	-64.9
28.29	-8.960	7.239	11.2
28.3	-8.991	12.470	-86.3
28.31	-9.023	21.755	-87.0
28.32	-9.053	30.225	-117.8
28.33	-9.082	33.223	-60.4
28.34	-9.111	32.522	-127.5
28.35	-9.141	28.189	-16.7
28.36	-9.171	20.775	28.3
28.37	-9.201	14.645	-115.4
28.38	-9.228	13.728	22.6
28.39	-9.250	19.916	7.6
28.4	-9.272	33.331	-26.5
28.41	-9.293	46.014	89.8
28.42	-9.313	50.720	100.0
28.43	-9.330	51.119	30.6
28.44	-9.346	51.139	114.7
28.45	-9.361	51.139	184.5
28.46	-9.376	51.139	179.2
28.47	-9.390	51.139	163.1
28.48	-9.401	51.139	126.9
28.49	-9.411	51.138	127.2
28.5	-9.418	51.117	44.6
28.51	-9.425	50.072	19.2
28.52	-9.432	41.931	-17.9
28.53	-9.436	22.000	-44.2
28.54	-9.435	-1.970	-75.0
28.55	-9.432	-20.461	-146.1
28.56	-9.429	-32.028	-96.5
28.57	-9.430	-38.402	-137.0
28.58	-9.430	-41.717	-155.2
28.59	-9.426	-44.138	-103.9
28.6	-9.416	-47.233	-86.6
28.61	-9.404	-50.020	-86.0
28.62	-9.388	-51.053	-116.8
28.63	-9.367	-51.136	-105.5
28.64	-9.344	-51.141	-31.3
28.65	-9.322	-51.141	-134.9
28.66	-9.302	-51.141	-149.6
28.67	-9.283	-51.141	-54.3
28.68	-9.261	-51.141	-66.8
28.69	-9.235	-51.136	-42.6
28.7	-9.207	-51.045	-55.5
28.71	-9.178	-49.189	-98.9
28.72	-9.151	-41.845	-82.6
28.73	-9.126	-29.478	-115.9
28.74	-9.103	-17.631	-97.7
28.75	-9.081	-10.403	-63.5
28.76	-9.059	-8.800	-52.0
28.77	-9.039	-11.955	-77.3
28.78	-9.019	-18.300	-72.8
28.79	-9.001	-26.105	-67.9
28.8	-8.981	-34.053	-24.1
28.81	-8.959	-41.550	-69.5
28.82	-8.936	-47.513	-101.4
28.83	-8.912	-50.492	68.7
28.84	-8.883	-51.116	15.6
28.85	-8.848	-51.139	-57.8
28.86	-8.806	-51.141	-73.6
28.87	-8.758	-51.141	-79.3
28.88	-8.705	-51.141	-51.6
28.89	-8.652	-51.141	-115.2
