Interval=	0.01 s
ExcelDateTime=	3.9777400152565933e+004	25/11/2008 9:36:13.181697
TimeFormat=	StartOfBlock
ChannelTitle=	Channel 1	Channel 2	Channel 3
Range=	20.000 mV	50.000 mV	1000.0 µV
0.0	-8.604	-31.970	-5.8
0.01	-8.605	-29.991	-18.8
0.02	-8.607	-26.455	-28.6
0.03	-8.610	-18.470	-27.1
0.04	-8.611	-0.559	-11.1
0.05	-8.610	25.716	2.3
0.06	-8.608	45.123	9.3
0.07	-8.605	50.811	28.0
0.08	-8.599	51.122	72.1
0.09	-8.588	51.139	101.7
0.1	-8.575	51.139	108.8
0.11	-8.563	51.139	126.8
0.12	-8.555	51.122	130.1
0.13	-8.550	50.347	109.6
0.14	-8.549	43.442	93.8
0.15	-8.553	24.722	57.2
0.16	-8.560	-0.447	13.6
0.17	-8.568	-22.817	-13.4
0.18	-8.576	-39.023	-53.3
0.19	-8.584	-47.980	-75.6
0.2	-8.594	-50.825	-78.3
0.21	-8.606	-51.136	-100.8
0.22	-8.615	-51.141	-108.9
0.23	-8.624	-51.141	-92.9
0.24	-8.630	-51.141	-93.7
0.25	-8.634	-51.141	-94.9
0.26	-8.638	-51.141	-80.3
0.27	-8.644	-51.141	-72.3
0.28	-8.650	-51.139	-80.9
0.29	-8.654	-51.098	-94.5
0.3	-8.658	-50.244	-78.4
0.31	-8.662	-46.678	-50.3
0.32	-8.664	-39.869	-48.3
0.33	-8.668	-31.330	-69.8
0.34	-8.671	-22.306	-86.3
0.35	-8.672	-13.584	-75.0
0.36	-8.671	-5.950	-61.5
0.37	-8.669	0.080	-54.0
0.38	-8.665	3.889	-50.0
0.39	-8.661	4.483	-52.4
0.4	-8.656	1.639	-33.8
0.41	-8.650	-3.269	-18.2
0.42	-8.645	-8.806	-19.8
0.43	-8.639	-14.658	-11.2
0.44	-8.634	-20.764	-15.0
0.45	-8.629	-26.580	-44.1
0.46	-8.627	-31.375	-62.4
0.47	-8.624	-34.714	-62.5
0.48	-8.623	-36.719	-70.9
0.49	-8.624	-38.008	-75.3
0.5	-8.628	-39.103	-55.6
0.51	-8.633	-40.116	-9.1
0.52	-8.637	-40.992	157.1
0.53	-8.641	-41.616	425.2
0.54	-8.644	-41.772	499.3
0.55	-8.652	-41.278	250.8
0.56	-8.662	-40.208	-3.0
0.57	-8.666	-39.136	-67.1
0.58	-8.666	-38.717	-74.4
0.59	-8.667	-38.853	-82.4
0.6	-8.668	-39.006	-83.4
0.61	-8.669	-38.803	-60.8
0.62	-8.669	-37.886	-20.5
0.63	-8.668	-35.886	-22.7
0.64	-8.668	-32.145	-34.7
0.65	-8.670	-23.895	-19.8
0.66	-8.674	-5.538	3.5
0.67	-8.678	22.058	21.7
0.68	-8.683	43.614	24.4
0.69	-8.690	50.603	39.3
0.7	-8.697	51.113	72.7
0.71	-8.707	51.139	88.6
0.72	-8.719	51.139	94.4
0.73	-8.731	51.136	103.5
0.74	-8.741	51.123	106.4
0.75	-8.751	50.092	91.5
0.76	-8.760	42.567	75.2
0.77	-8.769	24.459	58.5
0.78	-8.776	1.927	19.2
0.79	-8.783	-17.523	-31.2
0.8	-8.789	-32.291	-79.6
0.81	-8.799	-42.575	-106.2
0.82	-8.809	-48.503	-85.2
0.83	-8.817	-50.752	-69.3
0.84	-8.824	-51.128	-93.8
0.85	-8.828	-51.141	-88.9
0.86	-8.829	-51.141	-59.9
0.87	-8.830	-51.141	-60.8
0.88	-8.836	-51.141	-78.5
0.89	-8.843	-51.141	-98.9
0.9	-8.851	-51.139	-88.2
0.91	-8.860	-51.111	-55.3
0.92	-8.869	-50.367	-46.6
0.93	-8.877	-46.745	-62.9
0.94	-8.880	-39.266	-67.6
0.95	-8.880	-29.802	-52.5
0.96	-8.879	-20.127	-59.6
0.97	-8.879	-10.995	-68.7
0.98	-8.878	-3.452	-63.7
0.99	-8.876	1.447	-56.3
1.0	-8.873	3.463	-34.4
1.01	-8.870	3.102	-21.3
1.02	-8.865	0.953	-19.7
1.03	-8.860	-2.598	5.6
1.04	-8.854	-7.080	11.1
1.05	-8.849	-11.958	-35.1
1.06	-8.843	-16.866	-71.8
1.07	-8.836	-21.559	-70.8
1.08	-8.828	-25.916	-53.1
1.09	-8.819	-29.669	-56.3
1.1	-8.812	-32.458	-69.2
1.11	-8.803	-34.292	-40.4
1.12	-8.792	-35.545	36.8
1.13	-8.781	-36.553	210.4
1.14	-8.770	-37.289	427.7
1.15	-8.763	-37.391	381.7
1.16	-8.760	-36.797	114.7
1.17	-8.761	-35.972	-18.7
1.18	-8.759	-35.369	-32.4
1.19	-8.751	-35.216	-48.0
1.2	-8.742	-35.481	-47.7
1.21	-8.735	-35.834	-51.8
1.22	-8.729	-35.752	-61.3
1.23	-8.723	-34.633	-55.4
1.24	-8.720	-31.933	-32.9
1.25	-8.721	-26.072	-12.0
1.26	-8.719	-12.328	-4.7
1.27	-8.711	12.772	2.9
1.28	-8.699	38.070	19.8
1.29	-8.679	49.530	45.4
1.3	-8.649	51.106	61.7
1.31	-8.608	51.136	57.3
1.32	-8.560	51.139	60.3
1.33	-8.506	51.139	89.8
1.34	-8.447	51.128	101.6
1.35	-8.389	50.911	86.3
1.36	-8.333	46.995	82.5
1.37	-8.278	32.744	66.2
1.38	-8.223	10.023	36.1
1.39	-8.167	-11.803	-0.6
1.4	-8.116	-28.167	-36.4
1.41	-8.069	-38.903	-62.1
1.42	-8.023	-45.003	-73.9
1.43	-7.976	-48.095	-73.0
1.44	-7.931	-49.725	-87.6
1.45	-7.889	-50.686	-85.5
1.46	-7.848	-51.081	-69.0
1.47	-7.809	-51.139	-71.1
1.48	-7.774	-51.141	-60.5
1.49	-7.743	-51.141	-54.5
1.5	-7.714	-51.139	-64.7
1.51	-7.684	-51.120	-58.8
1.52	-7.654	-50.531	-47.4
1.53	-7.626	-47.384	-44.1
1.54	-7.601	-40.397	-48.3
1.55	-7.577	-31.067	-51.5
1.56	-7.556	-21.400	-44.9
1.57	-7.538	-12.445	-57.6
1.58	-7.520	-5.055	-62.4
1.59	-7.501	-0.006	-34.8
1.6	-7.481	2.447	-15.4
1.61	-7.461	2.628	-4.7
1.62	-7.445	0.969	0.8
1.63	-7.431	-2.331	10.7
1.64	-7.418	-6.972	33.0
1.65	-7.406	-12.211	9.1
1.66	-7.394	-17.278	-43.9
1.67	-7.383	-21.722	-51.1
1.68	-7.371	-25.409	-43.0
1.69	-7.359	-28.438	-49.8
1.7	-7.351	-30.872	-39.1
1.71	-7.343	-32.580	-22.8
1.72	-7.336	-33.544	-5.4
1.73	-7.325	-34.222	97.0
1.74	-7.313	-35.128	327.1
1.75	-7.300	-36.178	463.7
1.76	-7.290	-36.845	300.7
1.77	-7.282	-36.964	60.3
1.78	-7.276	-36.837	-35.8
1.79	-7.268	-36.711	-48.4
1.8	-7.257	-36.716	-47.1
1.81	-7.248	-36.875	-47.5
1.82	-7.239	-36.973	-51.3
1.83	-7.228	-36.708	-57.3
1.84	-7.216	-35.734	-48.9
1.85	-7.203	-32.784	-19.9
1.86	-7.192	-24.300	4.4
1.87	-7.185	-5.178	9.0
1.88	-7.181	22.625	11.5
1.89	-7.179	43.877	18.0
1.9	-7.174	50.642	32.5
1.91	-7.169	51.114	57.3
1.92	-7.164	51.139	77.2
1.93	-7.159	51.139	79.5
1.94	-7.154	51.134	63.5
1.95	-7.150	51.095	52.4
1.96	-7.145	49.509	68.9
1.97	-7.140	40.238	64.8
1.98	-7.134	20.672	27.3
1.99	-7.128	-1.550	-5.1
2.0	-7.124	-19.889	-33.4
2.01	-7.124	-33.239	-51.6
2.02	-7.124	-41.684	-64.8
2.03	-7.123	-46.588	-94.5
2.04	-7.121	-49.475	-115.9
2.05	-7.121	-50.820	-94.4
2.06	-7.118	-51.127	-67.6
2.07	-7.116	-51.139	-77.3
2.08	-7.116	-51.141	-94.7
2.09	-7.112	-51.141	-83.4
2.1	-7.107	-51.138	-58.6
2.11	-7.104	-51.073	-59.2
2.12	-7.103	-50.230	-66.4
2.13	-7.101	-47.281	-56.5
2.14	-7.099	-41.639	-54.0
2.15	-7.101	-33.733	-68.3
2.16	-7.103	-24.742	-70.3
2.17	-7.102	-16.164	-62.4
2.18	-7.098	-9.138	-77.8
2.19	-7.096	-4.222	-80.9
2.2	-7.096	-1.517	-61.3
2.21	-7.094	-1.263	-64.3
2.22	-7.090	-3.458	-70.0
2.23	-7.086	-6.959	-65.3
2.24	-7.082	-10.388	-67.7
2.25	-7.076	-13.767	-72.2
2.26	-7.074	-17.417	-73.7
2.27	-7.072	-21.438	-69.2
2.28	-7.069	-26.964	-57.2
2.29	-7.066	-32.058	-58.5
2.3	-7.066	-34.355	-65.0
2.31	-7.068	-35.345	-66.7
2.32	-7.072	-35.784	-62.8
2.33	-7.075	-36.148	-30.4
2.34	-7.076	-37.606	-6.0
2.35	-7.073	-39.966	6.5
2.36	-7.071	-42.313	24.7
2.37	-7.071	-43.383	-2.3
2.38	-7.072	-42.648	-38.5
2.39	-7.073	-41.659	-55.2
2.4	-7.072	-41.955	-78.7
2.41	-7.072	-43.422	-77.5
2.42	-7.075	-44.534	-58.9
2.43	-7.078	-44.489	-30.4
2.44	-7.081	-43.200	33.1
2.45	-7.080	-40.255	191.5
2.46	-7.078	-36.583	460.7
2.47	-7.076	-33.238	543.1
2.48	-7.079	-30.244	267.1
2.49	-7.080	-27.898	-13.9
2.5	-7.079	-25.984	-89.5
2.51	-7.074	-23.930	-80.8
2.52	-7.071	-22.692	-69.9
2.53	-7.069	-22.961	-71.3
2.54	-7.066	-23.075	-64.6
2.55	-7.063	-21.677	-55.5
2.56	-7.060	-18.402	-47.0
2.57	-7.058	-9.864	-29.8
2.58	-7.058	9.206	-15.0
2.59	-7.060	33.341	8.7
2.6	-7.064	47.834	35.6
2.61	-7.067	51.011	39.5
2.62	-7.070	51.130	52.8
2.63	-7.070	51.139	74.6
2.64	-7.069	51.139	85.1
2.65	-7.068	51.120	90.5
2.66	-7.069	50.692	92.6
2.67	-7.072	45.583	101.0
2.68	-7.072	29.739	103.0
2.69	-7.071	6.747	87.9
2.7	-7.074	-14.495	64.9
2.71	-7.079	-30.441	26.0
2.72	-7.081	-40.963	-26.4
2.73	-7.085	-47.098	-71.7
2.74	-7.091	-50.086	-92.4
2.75	-7.096	-51.027	-88.5
2.76	-7.100	-51.139	-97.0
2.77	-7.104	-51.141	-107.1
2.78	-7.107	-51.141	-83.2
2.79	-7.109	-51.141	-75.1
2.8	-7.109	-51.141	-88.9
2.81	-7.107	-51.141	-83.7
2.82	-7.107	-51.138	-65.7
2.83	-7.111	-50.931	-75.2
2.84	-7.117	-49.269	-90.9
2.85	-7.121	-44.727	-82.6
2.86	-7.123	-38.017	-81.5
2.87	-7.125	-30.789	-67.0
2.88	-7.129	-23.856	-54.6
2.89	-7.134	-17.833	-62.2
2.9	-7.137	-13.334	-59.4
2.91	-7.141	-10.683	-67.2
2.92	-7.146	-9.906	-76.4
2.93	-7.150	-10.844	-73.4
2.94	-7.152	-13.234	-79.1
2.95	-7.157	-16.536	-85.3
2.96	-7.163	-19.977	-86.0
2.97	-7.169	-23.355	-66.8
2.98	-7.172	-27.092	-35.9
2.99	-7.175	-30.898	-37.5
3.0	-7.179	-33.983	-70.2
3.01	-7.183	-36.209	-82.8
3.02	-7.187	-37.797	-54.5
3.03	-7.190	-38.991	-12.2
3.04	-7.194	-40.027	2.8
3.05	-7.197	-40.983	14.6
3.06	-7.200	-41.483	30.3
3.07	-7.204	-40.963	2.4
3.08	-7.208	-39.723	-32.5
3.09	-7.211	-38.670	-66.1
3.1	-7.216	-38.087	-80.3
3.11	-7.224	-37.725	-71.5
3.12	-7.235	-37.467	-68.2
3.13	-7.243	-37.105	-24.9
3.14	-7.246	-36.358	44.5
3.15	-7.245	-35.300	197.3
3.16	-7.246	-34.319	497.3
3.17	-7.251	-33.703	593.8
3.18	-7.256	-32.281	298.7
3.19	-7.259	-29.189	-3.7
3.2	-7.261	-26.425	-83.9
3.21	-7.259	-25.961	-64.2
3.22	-7.257	-27.152	-55.5
3.23	-7.258	-28.316	-68.3
3.24	-7.262	-28.653	-61.8
3.25	-7.265	-28.080	-36.7
3.26	-7.265	-26.341	-28.0
3.27	-7.266	-21.667	-19.2
3.28	-7.268	-9.981	-5.3
3.29	-7.271	11.652	-9.1
3.3	-7.276	35.502	4.8
3.31	-7.282	48.463	35.9
3.32	-7.287	51.045	54.7
3.33	-7.290	51.131	83.9
3.34	-7.293	51.131	107.4
3.35	-7.295	50.977	117.6
3.36	-7.298	47.905	136.5
3.37	-7.298	36.153	142.3
3.38	-7.299	16.816	110.7
3.39	-7.300	-2.431	67.2
3.4	-7.304	-18.400	48.1
3.41	-7.308	-31.244	16.7
3.42	-7.313	-40.325	-29.1
3.43	-7.318	-45.239	-59.3
3.44	-7.325	-46.906	-89.3
3.45	-7.330	-46.983	-110.5
3.46	-7.334	-47.144	-124.6
3.47	-7.339	-48.170	-126.6
3.48	-7.344	-49.614	-119.4
3.49	-7.348	-50.695	-115.9
3.5	-7.349	-51.094	-94.1
3.51	-7.349	-51.134	-74.3
3.52	-7.349	-50.895	-67.5
3.53	-7.349	-49.261	-70.9
3.54	-7.351	-45.153	-87.2
3.55	-7.354	-39.398	-90.0
3.56	-7.357	-33.495	-66.1
3.57	-7.360	-27.955	-58.5
3.58	-7.362	-22.756	-72.9
3.59	-7.363	-18.136	-70.7
3.6	-7.363	-14.558	-73.5
3.61	-7.362	-12.341	-83.6
3.62	-7.362	-11.598	-91.3
3.63	-7.361	-12.084	-92.1
3.64	-7.359	-13.461	-70.7
3.65	-7.356	-15.506	-53.3
3.66	-7.353	-18.056	-58.4
3.67	-7.352	-20.908	-65.0
3.68	-7.353	-23.781	-69.3
3.69	-7.354	-26.486	-76.7
3.7	-7.354	-28.663	-59.0
3.71	-7.353	-29.978	-48.9
3.72	-7.354	-30.728	-51.2
3.73	-7.356	-31.577	6.8
3.74	-7.360	-32.630	76.2
3.75	-7.366	-33.281	44.8
3.76	-7.371	-33.363	-42.3
3.77	-7.374	-33.239	-81.6
3.78	-7.375	-32.977	-78.5
3.79	-7.376	-32.559	-88.6
3.8	-7.377	-32.033	-92.7
3.81	-7.379	-31.300	-43.0
3.82	-7.381	-30.403	33.6
3.83	-7.379	-29.417	179.0
3.84	-7.373	-28.456	464.3
3.85	-7.371	-27.764	611.7
3.86	-7.375	-27.153	362.1
3.87	-7.382	-26.325	33.8
3.88	-7.391	-25.497	-78.6
3.89	-7.398	-24.980	-88.8
3.9	-7.398	-24.688	-104.6
3.91	-7.391	-24.345	-103.0
3.92	-7.379	-23.838	-70.9
3.93	-7.364	-23.119	-44.9
3.94	-7.349	-21.973	-31.6
3.95	-7.336	-19.036	-28.1
3.96	-7.333	-10.955	-32.2
3.97	-7.348	5.705	-6.7
3.98	-7.371	28.269	14.2
3.99	-7.388	45.128	21.8
4.0	-7.398	50.659	49.4
4.01	-7.411	51.117	62.3
4.02	-7.430	51.125	67.1
4.03	-7.455	50.444	92.2
4.04	-7.487	44.914	141.6
4.05	-7.525	30.664	154.1
4.06	-7.567	11.995	115.3
4.07	-7.611	-4.780	82.2
4.08	-7.654	-18.086	50.8
4.09	-7.695	-28.266	11.0
4.1	-7.730	-35.795	-12.6
4.11	-7.762	-40.736	-45.8
4.12	-7.791	-43.102	-101.0
4.13	-7.816	-43.680	-106.2
4.14	-7.838	-43.495	-84.0
4.15	-7.856	-43.220	-89.0
4.16	-7.873	-43.384	-104.8
4.17	-7.886	-44.264	-130.1
4.18	-7.897	-45.614	-131.1
4.19	-7.906	-46.527	-91.1
4.2	-7.913	-45.919	-72.3
4.21	-7.918	-43.639	-84.1
4.22	-7.925	-40.342	-77.0
4.23	-7.933	-36.306	-65.6
4.24	-7.938	-31.395	-76.5
4.25	-7.942	-25.992	-93.1
4.26	-7.944	-20.859	-84.4
4.27	-7.945	-16.409	-67.1
4.28	-7.947	-12.714	-81.2
4.29	-7.949	-9.900	-102.5
4.3	-7.951	-8.198	-89.6
4.31	-7.953	-7.833	-63.7
4.32	-7.956	-8.909	-56.9
4.33	-7.958	-11.180	-71.3
4.34	-7.959	-14.005	-90.6
4.35	-7.959	-16.845	-91.1
4.36	-7.961	-19.564	-58.8
4.37	-7.963	-21.981	-24.7
4.38	-7.963	-23.903	1.2
4.39	-7.964	-25.577	22.8
4.4	-7.966	-27.264	6.7
4.41	-7.968	-28.677	-51.5
4.42	-7.968	-29.505	-91.9
4.43	-7.969	-29.650	-84.3
4.44	-7.974	-29.138	-72.0
4.45	-7.981	-28.309	-79.6
4.46	-7.989	-27.545	-73.1
4.47	-7.996	-26.889	-16.3
4.48	-8.000	-26.259	128.7
4.49	-8.003	-25.769	395.3
4.5	-8.008	-25.441	584.7
4.51	-8.012	-24.963	395.2
4.52	-8.016	-24.097	64.9
4.53	-8.020	-23.067	-51.0
4.54	-8.025	-22.309	-54.4
4.55	-8.027	-22.005	-56.7
4.56	-8.030	-21.969	-49.7
4.57	-8.034	-21.998	-47.2
4.58	-8.038	-21.875	-60.8
4.59	-8.039	-21.211	-54.3
4.6	-8.037	-19.170	-7.0
4.61	-8.037	-13.739	24.0
4.62	-8.037	-1.663	20.4
4.63	-8.036	18.572	21.0
4.64	-8.034	39.128	45.8
4.65	-8.036	49.339	63.8
4.66	-8.037	51.089	76.2
4.67	-8.039	51.117	105.3
4.68	-8.043	50.158	135.7
4.69	-8.045	43.558	150.2
4.7	-8.045	28.169	124.3
4.71	-8.046	9.181	98.3
4.72	-8.047	-7.580	102.4
4.73	-8.046	-20.864	84.7
4.74	-8.046	-30.481	32.1
4.75	-8.045	-36.397	-23.2
4.76	-8.044	-39.138	-50.3
4.77	-8.046	-39.619	-66.6
4.78	-8.048	-38.938	-93.6
4.79	-8.054	-37.767	-114.3
4.8	-8.061	-36.547	-123.0
4.81	-8.063	-36.113	-114.7
4.82	-8.063	-36.758	-100.8
4.83	-8.063	-37.856	-89.9
4.84	-8.063	-38.547	-77.4
4.85	-8.064	-38.097	-85.4
4.86	-8.066	-36.103	-100.7
4.87	-8.070	-32.516	-98.7
4.88	-8.075	-27.814	-79.2
4.89	-8.079	-22.888	-68.6
4.9	-8.083	-18.234	-74.2
4.91	-8.085	-13.792	-81.8
4.92	-8.088	-9.573	-98.7
4.93	-8.094	-6.128	-87.5
4.94	-8.101	-4.294	-57.8
4.95	-8.103	-4.247	-58.7
4.96	-8.103	-4.564	-67.4
4.97	-8.104	-4.791	-62.8
4.98	-8.107	-6.845	-39.3
4.99	-8.111	-10.813	-15.1
5.0	-8.115	-14.772	-9.0
5.01	-8.117	-17.939	-1.0
5.02	-8.120	-20.378	1.4
5.03	-8.123	-22.133	-49.4
5.04	-8.126	-23.300	-95.2
5.05	-8.128	-23.997	-80.6
5.06	-8.131	-24.214	-60.6
5.07	-8.134	-23.992	-61.2
5.08	-8.137	-23.572	-61.2
5.09	-8.137	-23.014	-22.9
5.1	-8.129	-21.970	64.5
5.11	-8.114	-20.497	245.5
5.12	-8.098	-19.286	477.3
5.13	-8.079	-18.781	448.6
5.14	-8.058	-18.856	134.7
5.15	-8.036	-18.989	-61.4
5.16	-8.011	-18.767	-64.3
5.17	-7.981	-18.186	-62.3
5.18	-7.944	-17.416	-75.7
5.19	-7.906	-16.753	-74.3
5.2	-7.873	-16.323	-66.4
5.21	-7.841	-15.708	-52.2
5.22	-7.809	-13.992	-29.4
5.23	-7.779	-9.287	-12.1
5.24	-7.755	1.797	-3.8
5.25	-7.734	20.911	14.2
5.26	-7.713	40.222	26.8
5.27	-7.689	49.580	15.3
5.28	-7.666	51.098	41.8
5.29	-7.642	51.034	82.9
5.3	-7.617	48.842	104.5
5.31	-7.594	39.433	131.0
5.32	-7.571	22.736	138.5
5.33	-7.549	5.652	108.3
5.34	-7.527	-7.889	82.3
5.35	-7.507	-18.262	75.8
5.36	-7.490	-26.150	30.8
5.37	-7.476	-31.645	-22.9
5.38	-7.466	-34.663	-59.0
5.39	-7.460	-35.453	-85.9
5.4	-7.456	-34.750	-82.7
5.41	-7.453	-33.442	-89.3
5.42	-7.447	-32.227	-105.8
5.43	-7.442	-31.761	-102.1
5.44	-7.438	-32.481	-93.1
5.45	-7.434	-34.094	-84.9
5.46	-7.429	-35.455	-85.8
5.47	-7.425	-35.255	-89.7
5.48	-7.420	-33.098	-80.5
5.49	-7.414	-29.453	-71.2
5.5	-7.411	-25.019	-74.3
5.51	-7.409	-20.505	-81.6
5.52	-7.407	-16.302	-78.1
5.53	-7.406	-12.575	-65.6
5.54	-7.406	-9.552	-65.8
5.55	-7.405	-7.316	-84.3
5.56	-7.404	-5.803	-82.2
5.57	-7.401	-5.206	-69.5
5.58	-7.398	-5.734	-63.6
5.59	-7.394	-7.172	-57.4
5.6	-7.392	-9.144	-63.0
5.61	-7.391	-11.244	-48.8
5.62	-7.389	-13.213	-29.4
5.63	-7.386	-15.075	-27.5
5.64	-7.384	-16.816	6.9
5.65	-7.383	-18.392	16.9
5.66	-7.383	-19.852	-39.1
5.67	-7.381	-20.984	-86.8
5.68	-7.379	-21.423	-95.4
5.69	-7.378	-21.348	-90.3
5.7	-7.378	-21.319	-94.0
5.71	-7.378	-21.509	-71.5
5.72	-7.378	-21.689	-4.9
5.73	-7.378	-21.647	88.7
5.74	-7.376	-21.394	302.1
5.75	-7.378	-20.997	531.5
5.76	-7.382	-20.280	431.5
5.77	-7.384	-19.263	101.3
5.78	-7.383	-18.494	-80.2
5.79	-7.381	-18.248	-105.2
5.8	-7.379	-18.355	-93.7
5.81	-7.378	-18.545	-79.5
5.82	-7.380	-18.352	-90.5
5.83	-7.383	-17.605	-77.5
5.84	-7.385	-16.328	-40.0
5.85	-7.384	-13.636	-41.2
5.86	-7.383	-6.828	-54.5
5.87	-7.384	7.702	-33.4
5.88	-7.384	28.502	1.5
5.89	-7.385	44.869	16.9
5.9	-7.389	50.580	22.8
5.91	-7.393	51.056	45.2
5.92	-7.398	49.427	81.7
5.93	-7.402	41.436	101.6
5.94	-7.407	26.308	108.6
5.95	-7.409	10.448	110.4
5.96	-7.409	-2.288	99.4
5.97	-7.408	-12.517	90.1
5.98	-7.409	-20.563	61.1
5.99	-7.413	-26.178	-12.8
6.0	-7.418	-29.734	-66.1
6.01	-7.423	-31.870	-68.3
6.02	-7.428	-32.848	-77.3
6.03	-7.433	-32.831	-109.7
6.04	-7.435	-32.114	-131.8
6.05	-7.437	-31.075	-121.4
6.06	-7.439	-30.473	-107.3
6.07	-7.442	-30.948	-128.0
6.08	-7.444	-32.070	-141.2
6.09	-7.445	-32.717	-112.1
6.1	-7.446	-31.997	-93.7
6.11	-7.447	-29.836	-99.8
6.12	-7.449	-26.873	-98.0
6.13	-7.452	-23.531	-93.5
6.14	-7.457	-19.772	-101.0
6.15	-7.463	-15.748	-107.8
6.16	-7.467	-11.916	-96.0
6.17	-7.471	-8.844	-83.7
6.18	-7.477	-6.875	-86.2
6.19	-7.482	-6.127	-87.8
6.2	-7.486	-6.539	-82.8
6.21	-7.487	-7.713	-77.8
6.22	-7.488	-9.434	-71.8
6.23	-7.489	-11.813	-75.4
6.24	-7.490	-14.445	-83.4
6.25	-7.492	-16.583	-87.5
6.26	-7.497	-18.114	-84.8
6.27	-7.501	-19.363	-71.7
6.28	-7.504	-20.305	-71.4
6.29	-7.506	-20.848	-88.7
6.3	-7.508	-21.377	-93.8
6.31	-7.513	-22.055	-55.8
6.32	-7.518	-22.394	-31.6
6.33	-7.523	-22.128	-48.0
6.34	-7.527	-21.614	-34.2
6.35	-7.529	-21.283	3.8
6.36	-7.531	-21.053	31.4
6.37	-7.532	-20.539	-10.3
6.38	-7.532	-19.788	-68.9
6.39	-7.532	-19.230	-50.0
6.4	-7.534	-18.948	-47.1
6.41	-7.538	-18.580	-76.8
6.42	-7.543	-17.925	-78.7
6.43	-7.548	-17.181	-46.9
6.44	-7.551	-16.441	27.7
6.45	-7.551	-15.433	140.5
6.46	-7.549	-14.277	368.6
6.47	-7.553	-13.714	607.3
6.48	-7.558	-13.902	485.3
6.49	-7.562	-14.177	126.4
6.5	-7.564	-14.163	-55.2
6.51	-7.562	-14.070	-83.8
6.52	-7.557	-14.163	-81.0
6.53	-7.553	-14.423	-79.8
6.54	-7.552	-14.589	-81.9
6.55	-7.554	-14.195	-49.5
6.56	-7.556	-12.294	-28.0
6.57	-7.558	-7.059	-36.3
6.58	-7.561	4.434	-25.2
6.59	-7.564	23.191	-0.3
6.6	-7.567	41.370	8.3
6.61	-7.571	49.823	-2.6
6.62	-7.574	51.069	26.2
6.63	-7.575	49.742	90.9
6.64	-7.576	42.588	118.3
6.65	-7.576	28.181	112.4
6.66	-7.575	12.300	114.8
6.67	-7.574	-0.602	129.4
6.68	-7.574	-10.450	128.8
6.69	-7.574	-17.994	107.3
6.7	-7.575	-23.631	68.0
6.71	-7.577	-27.447	27.9
6.72	-7.581	-29.761	-2.3
6.73	-7.586	-30.859	-42.2
6.74	-7.597	-30.830	-73.7
6.75	-7.612	-30.142	-103.4
6.76	-7.633	-29.464	-122.1
6.77	-7.657	-29.314	-105.7
6.78	-7.681	-29.930	-101.3
6.79	-7.707	-31.058	-109.0
6.8	-7.732	-31.988	-96.6
6.81	-7.759	-31.789	-79.1
6.82	-7.787	-30.038	-77.8
6.83	-7.817	-27.161	-85.3
6.84	-7.850	-23.698	-83.5
6.85	-7.884	-20.033	-83.2
6.86	-7.917	-16.619	-77.8
6.87	-7.948	-13.698	-65.2
6.88	-7.976	-11.202	-72.8
6.89	-8.002	-9.286	-70.0
6.9	-8.026	-8.317	-60.5
6.91	-8.049	-8.286	-65.1
6.92	-8.068	-8.995	-67.9
6.93	-8.084	-10.422	-70.7
6.94	-8.097	-12.472	-60.0
6.95	-8.106	-14.648	-56.7
6.96	-8.113	-16.417	-70.3
6.97	-8.119	-17.745	-71.8
6.98	-8.125	-18.831	-63.3
6.99	-8.131	-19.806	-61.7
7.0	-8.134	-20.617	-59.2
7.01	-8.136	-21.116	-53.4
7.02	-8.139	-21.305	-62.1
7.03	-8.144	-21.206	-66.3
7.04	-8.149	-20.917	-32.5
7.05	-8.151	-20.698	-7.6
7.06	-8.152	-20.569	-14.0
7.07	-8.154	-20.314	13.8
7.08	-8.155	-19.992	40.5
7.09	-8.158	-19.725	12.7
7.1	-8.158	-19.373	-27.6
7.11	-8.158	-18.914	-55.9
7.12	-8.158	-18.384	-64.8
7.13	-8.159	-17.697	-55.3
7.14	-8.162	-16.991	-47.3
7.15	-8.168	-16.517	-31.8
7.16	-8.176	-16.141	35.0
7.17	-8.181	-15.503	180.7
7.18	-8.183	-14.672	438.3
7.19	-8.183	-14.075	626.0
7.2	-8.186	-13.667	446.1
7.21	-8.193	-13.186	109.3
7.22	-8.198	-12.798	-40.3
7.23	-8.203	-12.742	-57.9
7.24	-8.207	-13.175	-47.5
7.25	-8.211	-14.070	-44.5
7.26	-8.213	-14.906	-46.2
7.27	-8.213	-15.167	-39.0
7.28	-8.217	-14.366	-32.8
7.29	-8.223	-11.053	-18.9
7.3	-8.226	-2.313	3.6
7.31	-8.226	14.567	18.9
7.32	-8.229	34.981	33.2
7.33	-8.233	47.770	58.5
7.34	-8.238	50.969	71.9
7.35	-8.244	50.441	72.9
7.36	-8.252	45.314	91.2
7.37	-8.264	32.650	126.4
7.38	-8.279	16.570	157.7
7.39	-8.294	2.214	168.0
7.4	-8.311	-9.483	155.4
7.41	-8.331	-18.400	120.3
7.42	-8.349	-24.394	71.4
7.43	-8.361	-28.088	26.6
7.44	-8.368	-30.344	-11.3
7.45	-8.375	-31.503	-47.0
7.46	-8.384	-31.616	-87.5
7.47	-8.393	-30.963	-106.0
7.48	-8.399	-29.923	-88.0
7.49	-8.408	-28.889	-82.3
7.5	-8.414	-28.558	-86.0
7.51	-8.421	-29.298	-80.0
7.52	-8.427	-30.570	-86.3
7.53	-8.431	-31.408	-87.0
7.54	-8.431	-30.864	-82.6
7.55	-8.432	-28.430	-88.7
7.56	-8.435	-24.384	-72.3
7.57	-8.441	-19.614	-52.8
7.58	-8.449	-14.944	-55.0
7.59	-8.454	-10.827	-62.7
7.6	-8.453	-7.509	-65.8
7.61	-8.453	-5.144	-52.5
7.62	-8.457	-3.944	-37.0
7.63	-8.460	-3.886	-26.7
7.64	-8.461	-4.594	-33.2
7.65	-8.461	-5.919	-54.9
7.66	-8.460	-8.161	-58.8
7.67	-8.458	-11.192	-51.5
7.68	-8.456	-14.172	-52.4
7.69	-8.451	-16.350	-67.7
7.7	-8.443	-17.389	-58.3
7.71	-8.429	-17.486	-15.4
7.72	-8.411	-17.347	7.6
7.73	-8.389	-17.506	0.8
7.74	-8.367	-17.798	-15.8
7.75	-8.344	-17.969	-15.5
7.76	-8.318	-18.250	12.3
7.77	-8.291	-18.808	27.1
7.78	-8.263	-19.334	-8.9
7.79	-8.238	-19.420	-58.9
7.8	-8.211	-18.869	-55.9
7.81	-8.184	-17.834	-34.6
7.82	-8.157	-16.741	-43.8
7.83	-8.133	-15.819	-40.7
7.84	-8.109	-15.050	-3.7
7.85	-8.082	-14.395	62.7
7.86	-8.053	-13.869	252.8
7.87	-8.026	-13.505	518.3
7.88	-8.004	-13.239	508.6
7.89	-7.986	-12.934	194.6
7.9	-7.973	-12.744	-30.5
7.91	-7.961	-12.923	-64.7
7.92	-7.946	-13.300	-49.9
7.93	-7.928	-13.650	-51.5
7.94	-7.910	-13.905	-64.6
7.95	-7.894	-13.889	-48.1
7.96	-7.878	-13.313	-34.6
7.97	-7.858	-11.447	-40.8
7.98	-7.839	-6.327	-15.6
7.99	-7.822	5.327	10.2
8.0	-7.808	24.228	16.9
8.01	-7.793	42.019	26.5
8.02	-7.779	49.973	42.3
8.03	-7.766	51.050	61.8
8.04	-7.756	49.423	80.3
8.05	-7.747	42.005	100.5
8.06	-7.739	28.211	119.6
8.07	-7.729	13.452	130.2
8.08	-7.720	1.334	124.6
8.09	-7.711	-8.022	113.7
8.1	-7.703	-15.089	91.8
8.11	-7.696	-20.391	41.8
8.12	-7.689	-24.061	-13.3
8.13	-7.683	-25.838	-60.6
8.14	-7.678	-25.814	-87.8
8.15	-7.674	-24.545	-90.9
8.16	-7.670	-22.933	-92.8
8.17	-7.666	-22.113	-88.2
8.18	-7.663	-22.603	-77.7
8.19	-7.659	-24.006	-78.5
8.2	-7.657	-25.906	-86.2
8.21	-7.652	-27.794	-88.9
8.22	-7.646	-28.625	-93.8
8.23	-7.639	-27.600	-104.0
8.24	-7.633	-24.808	-96.3
8.25	-7.629	-20.947	-84.6
8.26	-7.629	-16.683	-73.3
8.27	-7.631	-12.527	-52.5
8.28	-7.631	-8.933	-51.2
8.29	-7.629	-6.206	-65.4
8.3	-7.625	-4.494	-67.3
8.31	-7.621	-3.770	-62.3
8.32	-7.621	-3.983	-59.8
8.33	-7.624	-5.083	-53.7
8.34	-7.624	-6.873	-66.9
8.35	-7.618	-9.125	-89.5
8.36	-7.613	-11.647	-74.2
8.37	-7.612	-14.144	-42.1
8.38	-7.612	-16.233	-45.8
8.39	-7.611	-17.650	-66.3
8.4	-7.607	-18.516	-63.3
8.41	-7.604	-19.069	-61.8
8.42	-7.600	-19.316	-68.3
8.43	-7.599	-19.261	-67.1
8.44	-7.601	-18.988	-56.3
8.45	-7.603	-18.622	-54.1
8.46	-7.602	-18.402	-45.1
8.47	-7.601	-18.356	-22.6
8.48	-7.598	-18.400	-11.4
8.49	-7.594	-18.512	2.2
8.5	-7.591	-18.480	9.0
8.51	-7.588	-18.127	-13.8
8.52	-7.587	-17.522	-37.0
8.53	-7.588	-16.806	-48.8
8.54	-7.588	-16.034	-51.7
8.55	-7.586	-15.225	-63.1
8.56	-7.582	-14.556	-87.0
8.57	-7.579	-14.073	-61.7
8.58	-7.579	-13.642	6.2
8.59	-7.581	-13.373	136.6
8.6	-7.578	-13.406	414.7
8.61	-7.576	-13.470	605.4
8.62	-7.576	-13.217	400.1
8.63	-7.576	-12.725	52.6
8.64	-7.578	-12.383	-83.6
8.65	-7.578	-12.347	-88.8
8.66	-7.576	-12.389	-75.0
8.67	-7.575	-12.367	-72.3
8.68	-7.576	-12.314	-83.2
8.69	-7.576	-12.191	-63.1
8.7	-7.574	-11.413	-39.1
8.71	-7.571	-7.927	-41.0
8.72	-7.568	1.606	-29.6
8.73	-7.566	18.855	-10.5
8.74	-7.566	37.848	1.1
8.75	-7.570	48.638	19.6
8.76	-7.576	51.030	25.2
8.77	-7.579	50.467	48.2
8.78	-7.579	45.819	90.0
8.79	-7.579	34.820	109.9
8.8	-7.583	21.247	129.6
8.81	-7.588	9.311	122.9
8.82	-7.589	-0.420	94.8
8.83	-7.591	-8.202	83.1
8.84	-7.592	-14.120	55.2
8.85	-7.593	-18.373	2.7
8.86	-7.595	-21.147	-46.0
8.87	-7.594	-22.559	-76.4
8.88	-7.592	-22.803	-83.8
8.89	-7.591	-22.334	-101.5
8.9	-7.592	-21.727	-134.0
8.91	-7.593	-21.402	-141.7
8.92	-7.593	-21.642	-124.2
8.93	-7.593	-22.600	-108.8
8.94	-7.595	-24.047	-112.9
8.95	-7.599	-25.200	-113.1
8.96	-7.604	-25.308	-89.7
8.97	-7.610	-24.116	-80.0
8.98	-7.614	-21.766	-98.5
8.99	-7.616	-18.597	-109.0
9.0	-7.619	-15.070	-109.1
9.01	-7.621	-11.653	-96.0
9.02	-7.625	-8.622	-81.8
9.03	-7.629	-6.163	-87.7
9.04	-7.631	-4.355	-85.8
9.05	-7.631	-3.050	-75.6
9.06	-7.631	-2.206	-70.0
9.07	-7.631	-2.127	-71.2
9.08	-7.631	-2.973	-72.9
9.09	-7.633	-4.361	-70.5
9.1	-7.635	-5.848	-65.5
9.11	-7.638	-7.278	-59.8
9.12	-7.640	-8.509	-56.1
9.13	-7.644	-9.353	-48.3
9.14	-7.648	-9.797	-56.9
9.15	-7.652	-9.977	-83.3
9.16	-7.654	-9.892	-81.1
9.17	-7.656	-9.438	-52.0
9.18	-7.659	-8.773	-46.5
9.19	-7.661	-8.177	-57.9
9.2	-7.661	-7.547	-47.9
9.21	-7.661	-6.817	-36.4
9.22	-7.662	-6.120	-45.0
9.23	-7.663	-5.511	-70.6
9.24	-7.665	-5.183	-66.2
9.25	-7.668	-5.241	-35.4
9.26	-7.670	-5.589	-33.4
9.27	-7.674	-6.434	-37.9
9.28	-7.678	-7.486	-46.1
9.29	-7.683	-7.594	-55.0
9.3	-7.688	-7.044	-39.6
9.31	-7.691	-7.050	-20.0
9.32	-7.693	-7.570	1.0
9.33	-7.696	-8.169	41.8
9.34	-7.699	-8.736	49.2
9.35	-7.700	-9.300	-2.7
9.36	-7.701	-9.873	-25.3
9.37	-7.701	-10.336	-33.0
9.38	-7.703	-10.795	-66.3
9.39	-7.706	-11.263	-69.1
9.4	-7.711	-11.361	-42.8
9.41	-7.714	-11.303	-16.9
9.42	-7.714	-11.356	41.8
9.43	-7.709	-11.136	195.7
9.44	-7.705	-11.002	485.6
9.45	-7.708	-11.491	664.1
9.46	-7.713	-12.166	432.4
9.47	-7.717	-12.811	73.3
9.48	-7.718	-13.589	-60.1
9.49	-7.715	-14.317	-73.8
9.5	-7.708	-14.863	-69.4
9.51	-7.700	-15.219	-59.5
9.52	-7.698	-14.842	-60.8
9.53	-7.702	-13.628	-53.5
9.54	-7.706	-12.277	-47.6
9.55	-7.706	-9.534	-42.2
9.56	-7.706	-1.397	-28.2
9.57	-7.708	14.616	-12.7
9.58	-7.712	34.073	4.8
9.59	-7.716	47.098	26.3
9.6	-7.719	50.878	34.0
9.61	-7.721	50.969	55.5
9.62	-7.723	48.519	97.5
9.63	-7.721	39.891	121.4
9.64	-7.719	26.431	122.7
9.65	-7.717	13.438	111.4
9.66	-7.714	2.952	114.5
9.67	-7.713	-5.488	112.3
9.68	-7.711	-12.342	72.9
9.69	-7.711	-17.598	18.0
9.7	-7.711	-21.159	-23.4
9.71	-7.712	-23.213	-60.7
9.72	-7.715	-24.100	-91.8
9.73	-7.720	-24.289	-100.3
9.74	-7.724	-24.144	-100.4
9.75	-7.728	-23.725	-105.5
9.76	-7.731	-23.269	-107.8
9.77	-7.731	-23.320	-111.2
9.78	-7.729	-24.192	-114.5
9.79	-7.723	-25.242	-112.4
9.8	-7.716	-25.317	-111.9
9.81	-7.711	-24.144	-101.3
9.82	-7.710	-22.244	-77.1
9.83	-7.711	-19.889	-63.3
9.84	-7.714	-17.089	-70.7
9.85	-7.719	-14.177	-78.1
9.86	-7.724	-11.592	-69.5
9.87	-7.728	-9.367	-74.4
9.88	-7.731	-7.363	-91.5
9.89	-7.733	-5.836	-88.4
9.9	-7.736	-5.281	-71.9
9.91	-7.738	-5.889	-62.9
9.92	-7.741	-7.367	-69.1
9.93	-7.745	-9.177	-82.9
9.94	-7.751	-11.025	-82.0
9.95	-7.758	-12.839	-73.8
9.96	-7.769	-14.459	-66.7
9.97	-7.782	-15.744	-66.6
9.98	-7.800	-16.716	-73.0
9.99	-7.821	-17.605	-67.1
10.0	-7.845	-18.580	-62.7
10.01	-7.871	-19.420	-58.3
10.02	-7.900	-19.930	-61.6
10.03	-7.932	-20.294	-93.5
10.04	-7.966	-20.648	-83.9
10.05	-8.002	-20.830	-46.9
10.06	-8.039	-20.786	-62.3
10.07	-8.074	-20.722	-76.7
10.08	-8.106	-20.727	-47.6
10.09	-8.134	-20.717	-35.0
10.1	-8.157	-20.556	-40.6
10.11	-8.176	-20.172	-33.5
10.12	-8.193	-19.720	-18.3
10.13	-8.209	-19.459	16.6
10.14	-8.224	-19.488	41.8
10.15	-8.239	-19.620	11.3
10.16	-8.252	-19.477	-51.3
10.17	-8.262	-18.809	-75.0
10.18	-8.271	-17.742	-46.4
10.19	-8.279	-16.739	-38.7
10.2	-8.286	-16.223	-55.8
10.21	-8.291	-16.091	-35.1
10.22	-8.294	-15.883	45.2
10.23	-8.294	-15.436	239.7
10.24	-8.296	-15.095	553.5
10.25	-8.299	-15.203	651.0
10.26	-8.299	-15.478	338.9
10.27	-8.299	-15.411	22.9
10.28	-8.298	-15.214	-54.7
10.29	-8.299	-15.331	-55.3
10.3	-8.300	-15.630	-57.5
10.31	-8.302	-15.813	-64.3
10.32	-8.304	-15.764	-76.0
10.33	-8.303	-15.584	-73.8
10.34	-8.301	-15.348	-57.2
10.35	-8.300	-13.981	-43.6
10.36	-8.300	-8.756	-20.4
10.37	-8.301	2.950	7.8
10.38	-8.302	20.952	20.3
10.39	-8.303	39.003	35.5
10.4	-8.303	48.866	67.8
10.41	-8.303	51.039	91.2
10.42	-8.302	50.741	92.9
10.43	-8.301	47.272	109.2
10.44	-8.302	37.703	140.8
10.45	-8.305	24.319	153.5
10.46	-8.309	11.144	130.2
10.47	-8.315	-0.522	81.5
10.48	-8.321	-10.055	55.1
10.49	-8.327	-16.883	23.3
10.5	-8.334	-21.025	-22.9
10.51	-8.344	-23.030	-47.5
10.52	-8.357	-23.644	-66.9
10.53	-8.371	-23.395	-87.8
10.54	-8.386	-22.567	-109.2
10.55	-8.400	-21.628	-113.7
10.56	-8.414	-21.395	-106.8
10.57	-8.431	-22.434	-103.3
10.58	-8.449	-24.528	-86.4
10.59	-8.463	-26.755	-87.2
10.6	-8.472	-27.805	-108.1
10.61	-8.481	-26.947	-102.0
10.62	-8.494	-24.286	-69.8
10.63	-8.508	-20.278	-49.0
10.64	-8.519	-15.775	-62.2
10.65	-8.525	-11.719	-80.4
10.66	-8.529	-8.386	-75.8
10.67	-8.536	-5.666	-81.1
10.68	-8.544	-3.583	-86.8
10.69	-8.554	-2.105	-74.2
10.7	-8.564	-1.328	-52.7
10.71	-8.569	-1.581	-29.7
10.72	-8.574	-2.905	-44.2
10.73	-8.578	-4.863	-67.1
10.74	-8.578	-7.006	-63.6
10.75	-8.575	-9.120	-56.4
10.76	-8.574	-11.109	-49.8
10.77	-8.578	-12.928	-45.3
10.78	-8.581	-14.630	-42.7
10.79	-8.579	-16.244	-52.3
10.8	-8.575	-17.611	-73.5
10.81	-8.572	-18.666	-72.2
10.82	-8.574	-19.464	-42.9
10.83	-8.576	-19.967	-23.7
10.84	-8.579	-20.120	-18.4
10.85	-8.582	-19.955	-9.7
10.86	-8.583	-19.747	0.7
10.87	-8.583	-19.739	24.5
10.88	-8.584	-19.750	24.8
10.89	-8.584	-19.572	-13.6
10.9	-8.584	-19.205	-37.4
10.91	-8.582	-18.647	-40.4
10.92	-8.581	-17.955	-40.9
10.93	-8.579	-17.475	-59.8
10.94	-8.580	-17.506	-53.9
10.95	-8.583	-17.647	-3.6
10.96	-8.584	-17.345	78.9
10.97	-8.582	-16.556	285.5
10.98	-8.581	-15.513	536.4
10.99	-8.579	-14.459	492.3
11.0	-8.576	-13.488	169.0
11.01	-8.571	-12.702	-36.8
11.02	-8.564	-12.413	-46.8
11.03	-8.559	-12.697	-34.0
11.04	-8.552	-13.355	-39.7
11.05	-8.548	-14.327	-38.9
11.06	-8.546	-15.306	-41.3
11.07	-8.539	-15.569	-48.0
11.08	-8.526	-14.523	-25.6
11.09	-8.509	-11.458	0.3
11.1	-8.497	-4.638	1.4
11.11	-8.488	8.219	20.8
11.12	-8.480	26.628	59.8
11.13	-8.469	42.944	70.5
11.14	-8.453	50.091	71.8
11.15	-8.432	51.119	96.1
11.16	-8.411	51.094	123.1
11.17	-8.392	49.884	142.5
11.18	-8.373	43.552	147.1
11.19	-8.353	30.620	130.2
11.2	-8.332	15.911	114.3
11.21	-8.310	3.598	104.5
11.22	-8.288	-5.692	69.8
11.23	-8.267	-12.127	20.8
11.24	-8.246	-16.228	-14.5
11.25	-8.225	-18.747	-53.8
11.26	-8.207	-20.264	-69.7
11.27	-8.191	-21.113	-71.9
11.28	-8.171	-21.355	-86.1
11.29	-8.148	-21.217	-88.6
11.3	-8.123	-21.231	-90.2
11.31	-8.096	-21.806	-90.7
11.32	-8.069	-22.953	-78.9
11.33	-8.041	-24.269	-69.5
11.34	-8.012	-25.020	-72.6
11.35	-7.984	-24.700	-79.7
11.36	-7.959	-23.480	-64.8
11.37	-7.937	-21.652	-54.0
11.38	-7.916	-19.198	-76.0
11.39	-7.896	-16.075	-79.9
11.4	-7.877	-12.791	-49.4
11.41	-7.856	-9.870	-40.8
11.42	-7.836	-7.030	-48.3
11.43	-7.817	-4.311	-52.2
11.44	-7.800	-2.325	-63.9
11.45	-7.786	-1.281	-64.4
11.46	-7.774	-1.145	-65.0
11.47	-7.765	-1.886	-63.2
11.48	-7.758	-3.555	-47.5
11.49	-7.751	-5.998	-47.7
11.5	-7.743	-8.773	-48.7
11.51	-7.735	-11.592	-26.9
11.52	-7.730	-14.244	-27.3
11.53	-7.724	-16.464	-42.6
11.54	-7.717	-18.120	-33.5
11.55	-7.710	-19.370	2.1
11.56	-7.704	-20.544	40.9
11.57	-7.699	-21.519	20.9
11.58	-7.694	-21.919	-31.0
11.59	-7.688	-21.789	-52.7
11.6	-7.686	-21.342	-57.5
11.61	-7.686	-20.714	-57.3
11.62	-7.684	-20.080	-60.8
11.63	-7.683	-19.842	-49.1
11.64	-7.681	-20.292	5.8
11.65	-7.676	-20.947	113.8
11.66	-7.668	-21.155	359.9
11.67	-7.663	-20.795	571.1
11.68	-7.661	-20.055	412.0
11.69	-7.657	-19.158	88.1
11.7	-7.653	-18.405	-50.8
11.71	-7.646	-18.048	-64.3
11.72	-7.638	-18.053	-65.3
11.73	-7.633	-18.336	-64.1
11.74	-7.629	-18.734	-60.2
11.75	-7.624	-18.847	-66.9
11.76	-7.616	-18.348	-71.4
11.77	-7.610	-16.856	-51.9
11.78	-7.606	-13.063	-21.1
11.79	-7.603	-4.570	-9.4
11.8	-7.603	10.128	6.2
11.81	-7.603	28.803	36.5
11.82	-7.601	43.972	46.4
11.83	-7.599	50.259	57.8
11.84	-7.598	51.123	79.4
11.85	-7.598	51.109	105.7
11.86	-7.599	50.228	121.0
11.87	-7.598	45.139	104.6
11.88	-7.596	34.098	101.2
11.89	-7.597	20.506	92.4
11.9	-7.599	7.588	42.3
11.91	-7.601	-3.653	-0.7
11.92	-7.601	-12.295	-26.8
11.93	-7.601	-18.033	-63.4
11.94	-7.605	-21.400	-88.6
11.95	-7.609	-22.923	-94.9
11.96	-7.608	-23.214	-110.7
11.97	-7.607	-23.030	-128.9
11.98	-7.606	-22.956	-126.6
11.99	-7.606	-23.358	-108.0
12.0	-7.604	-24.447	-101.8
12.01	-7.604	-26.258	-105.2
12.02	-7.607	-28.227	-99.5
12.03	-7.614	-29.252	-104.3
12.04	-7.617	-28.777	-111.1
12.05	-7.618	-27.094	-95.4
12.06	-7.621	-24.719	-82.3
12.07	-7.624	-21.936	-98.7
12.08	-7.627	-18.688	-110.3
12.09	-7.629	-15.050	-96.5
12.1	-7.631	-11.363	-85.6
12.11	-7.633	-7.942	-85.7
12.12	-7.634	-5.069	-86.3
12.13	-7.636	-3.175	-86.6
12.14	-7.638	-2.672	-91.3
12.15	-7.639	-3.366	-89.1
12.16	-7.639	-4.672	-91.6
12.17	-7.638	-6.309	-113.2
12.18	-7.638	-8.258	-104.1
12.19	-7.638	-10.363	-68.0
12.2	-7.639	-12.348	-59.2
12.21	-7.638	-14.173	-87.1
12.22	-7.638	-15.995	-101.0
12.23	-7.639	-17.723	-79.4
12.24	-7.641	-19.156	-69.5
12.25	-7.644	-20.238	-65.1
12.26	-7.646	-20.936	-39.1
12.27	-7.648	-21.523	-8.9
12.28	-7.649	-22.227	22.2
12.29	-7.649	-22.791	21.1
12.3	-7.648	-22.969	-31.8
12.31	-7.646	-22.791	-74.9
12.32	-7.646	-22.509	-78.0
12.33	-7.648	-22.359	-78.3
12.34	-7.652	-22.267	-86.7
12.35	-7.655	-22.052	-73.8
12.36	-7.656	-21.722	-20.4
12.37	-7.652	-21.306	88.0
12.38	-7.648	-20.830	323.5
12.39	-7.648	-20.317	579.8
12.4	-7.655	-19.588	515.8
12.41	-7.662	-18.514	171.5
12.42	-7.664	-17.408	-48.9
12.43	-7.662	-16.792	-81.2
12.44	-7.656	-16.811	-76.5
12.45	-7.646	-17.125	-78.7
12.46	-7.641	-17.344	-87.0
12.47	-7.643	-17.250	-77.3
12.48	-7.648	-16.773	-51.8
12.49	-7.651	-15.575	-46.3
12.5	-7.653	-11.961	-49.5
12.51	-7.656	-3.222	-28.3
12.52	-7.659	11.945	-4.3
12.53	-7.665	30.686	24.7
12.54	-7.671	45.048	58.5
12.55	-7.676	50.481	56.5
12.56	-7.678	51.125	52.9
12.57	-7.678	51.133	89.3
12.58	-7.678	51.023	133.3
12.59	-7.677	48.898	144.3
12.6	-7.676	40.769	129.6
12.61	-7.675	26.947	104.9
12.62	-7.675	12.311	80.3
12.63	-7.675	-0.378	48.7
12.64	-7.676	-10.713	-3.1
12.65	-7.679	-18.578	-45.4
12.66	-7.684	-23.892	-74.3
12.67	-7.692	-26.852	-92.8
12.68	-7.698	-27.961	-101.1
12.69	-7.702	-27.886	-112.5
12.7	-7.705	-27.359	-113.3
12.71	-7.708	-27.120	-119.7
12.72	-7.709	-27.841	-122.2
12.73	-7.706	-29.386	-93.5
12.74	-7.701	-30.725	-75.2
12.75	-7.696	-31.077	-78.2
12.76	-7.692	-30.403	-66.1
12.77	-7.693	-29.011	-60.3
12.78	-7.696	-27.230	-74.6
12.79	-7.700	-25.192	-89.3
12.8	-7.704	-22.847	-78.0
12.81	-7.707	-20.177	-42.5
12.82	-7.709	-17.144	-34.1
12.83	-7.711	-13.809	-43.2
12.84	-7.713	-10.697	-31.9
12.85	-7.713	-8.320	-36.9
12.86	-7.714	-6.772	-50.2
12.87	-7.714	-6.023	-46.4
12.88	-7.715	-6.089	-45.4
12.89	-7.718	-7.031	-35.1
12.9	-7.722	-8.598	-24.9
12.91	-7.726	-10.175	-28.6
12.92	-7.731	-11.623	-40.8
12.93	-7.733	-13.434	-41.6
12.94	-7.735	-15.747	-20.0
12.95	-7.736	-17.931	-21.1
12.96	-7.738	-19.420	-38.8
12.97	-7.740	-20.316	-25.4
12.98	-7.742	-20.930	28.4
12.99	-7.743	-21.409	56.8
13.0	-7.744	-21.847	25.0
13.01	-7.743	-22.377	-32.1
13.02	-7.742	-22.991	-62.3
13.03	-7.742	-23.598	-64.6
13.04	-7.744	-23.984	-77.6
13.05	-7.749	-23.877	-80.3
13.06	-7.751	-23.270	-51.4
13.07	-7.750	-22.389	23.5
13.08	-7.744	-21.550	199.3
13.09	-7.739	-20.991	498.4
13.1	-7.740	-20.806	620.4
13.11	-7.746	-20.816	327.7
13.12	-7.751	-20.555	6.6
13.13	-7.753	-19.878	-87.0
13.14	-7.751	-19.102	-95.5
13.15	-7.743	-18.498	-86.3
13.16	-7.732	-18.025	-63.2
13.17	-7.725	-17.541	-46.8
13.18	-7.724	-17.069	-59.1
13.19	-7.728	-16.409	-62.5
13.2	-7.733	-14.730	-44.0
13.21	-7.736	-10.130	-40.7
13.22	-7.739	0.250	-27.3
13.23	-7.742	17.400	2.1
13.24	-7.744	36.209	17.0
13.25	-7.746	47.844	45.9
13.26	-7.748	50.961	84.8
13.27	-7.748	51.130	96.3
13.28	-7.748	51.134	106.4
13.29	-7.748	51.041	115.5
13.3	-7.748	49.088	121.1
13.31	-7.746	41.184	107.0
13.32	-7.745	27.252	79.1
13.33	-7.743	12.208	60.9
13.34	-7.741	-0.848	22.2
13.35	-7.740	-11.331	-16.3
13.36	-7.743	-19.234	-52.5
13.37	-7.748	-24.734	-89.5
13.38	-7.756	-28.152	-119.6
13.39	-7.761	-29.858	-147.5
13.4	-7.766	-30.222	-131.4
13.41	-7.771	-29.980	-106.3
13.42	-7.774	-29.972	-105.7
13.43	-7.775	-30.508	-119.0
13.44	-7.772	-31.322	-123.1
13.45	-7.769	-31.770	-97.6
13.46	-7.766	-31.364	-76.4
13.47	-7.766	-30.092	-90.2
13.48	-7.768	-28.230	-107.7
13.49	-7.772	-26.048	-89.1
13.5	-7.775	-23.616	-67.5
13.51	-7.777	-20.961	-63.2
13.52	-7.777	-18.197	-68.1
13.53	-7.777	-15.350	-71.7
13.54	-7.777	-12.361	-79.7
13.55	-7.779	-9.537	-96.8
13.56	-7.780	-7.311	-92.7
13.57	-7.781	-5.752	-79.1
13.58	-7.782	-4.920	-70.4
13.59	-7.782	-4.988	-65.4
13.6	-7.782	-5.881	-73.2
13.61	-7.782	-7.214	-66.2
13.62	-7.786	-8.584	-58.5
13.63	-7.791	-9.850	-51.8
13.64	-7.799	-11.092	-27.0
13.65	-7.813	-12.363	-24.7
13.66	-7.830	-13.641	-7.3
13.67	-7.853	-14.939	13.0
13.68	-7.878	-16.214	-11.0
13.69	-7.904	-17.220	-47.2
13.7	-7.928	-17.653	-67.7
13.71	-7.949	-17.389	-60.3
13.72	-7.969	-16.473	-60.4
13.73	-7.990	-15.338	-65.5
13.74	-8.014	-14.666	-20.6
13.75	-8.037	-14.619	76.8
13.76	-8.060	-15.139	276.5
13.77	-8.086	-16.308	550.9
13.78	-8.115	-17.741	559.5
13.79	-8.146	-18.716	234.3
13.8	-8.174	-18.850	-24.6
13.81	-8.199	-18.384	-75.8
13.82	-8.218	-17.844	-58.7
13.83	-8.234	-17.420	-62.3
13.84	-8.246	-17.180	-78.1
13.85	-8.256	-17.225	-70.7
13.86	-8.264	-17.256	-50.2
13.87	-8.272	-16.625	-35.7
13.88	-8.281	-14.086	-30.5
13.89	-8.291	-7.206	-15.2
13.9	-8.303	6.225	18.4
13.91	-8.313	24.984	38.7
13.92	-8.319	41.767	55.8
13.93	-8.323	49.688	67.1
13.94	-8.326	51.094	66.9
13.95	-8.329	51.134	87.9
13.96	-8.332	51.133	121.3
13.97	-8.334	51.003	136.2
13.98	-8.335	48.688	125.8
13.99	-8.336	40.086	119.2
14.0	-8.338	25.578	100.2
14.01	-8.340	10.116	41.6
14.02	-8.342	-3.441	-6.5
14.03	-8.343	-14.539	-43.3
14.04	-8.344	-22.947	-71.3
14.05	-8.345	-28.725	-85.9
14.06	-8.347	-32.219	-115.1
14.07	-8.348	-33.673	-107.9
14.08	-8.349	-33.877	-84.7
14.09	-8.349	-34.084	-105.7
14.1	-8.349	-34.823	-107.9
14.11	-8.347	-35.798	-95.3
14.12	-8.346	-36.587	-89.8
14.13	-8.348	-36.758	-68.9
14.14	-8.350	-35.894	-55.7
14.15	-8.353	-33.864	-55.0
14.16	-8.356	-30.964	-70.4
14.17	-8.358	-27.716	-82.8
14.18	-8.361	-24.339	-73.7
14.19	-8.363	-20.641	-76.7
14.2	-8.364	-16.494	-78.2
14.21	-8.368	-12.247	-60.3
14.22	-8.374	-8.634	-39.2
14.23	-8.379	-6.172	-32.2
14.24	-8.383	-4.833	-39.5
14.25	-8.386	-4.316	-52.0
14.26	-8.388	-4.352	-53.4
14.27	-8.390	-4.869	-34.4
14.28	-8.393	-5.869	-15.0
14.29	-8.396	-7.461	12.9
14.3	-8.402	-9.811	43.1
14.31	-8.408	-12.716	16.0
14.32	-8.412	-15.545	-26.6
14.33	-8.413	-17.895	-35.6
14.34	-8.412	-19.769	-42.7
14.35	-8.411	-21.103	-49.8
14.36	-8.409	-21.838	-58.1
14.37	-8.413	-22.159	-53.7
14.38	-8.422	-22.438	-9.8
14.39	-8.429	-22.941	100.3
14.4	-8.434	-23.642	330.1
14.41	-8.436	-24.141	532.1
14.42	-8.435	-24.141	415.8
14.43	-8.431	-23.755	112.8
14.44	-8.430	-23.156	-48.7
14.45	-8.434	-22.738	-77.2
14.46	-8.440	-22.886	-70.2
14.47	-8.445	-23.439	-58.3
14.48	-8.452	-23.873	-68.8
14.49	-8.456	-23.872	-69.4
14.5	-8.454	-23.564	-36.8
14.51	-8.451	-22.702	-12.4
14.52	-8.451	-19.711	-6.1
14.53	-8.451	-11.853	-21.9
14.54	-8.453	3.266	-10.2
14.55	-8.454	24.208	35.8
14.56	-8.451	42.225	54.8
14.57	-8.447	50.000	59.1
14.58	-8.446	51.120	84.5
14.59	-8.448	51.136	115.8
14.6	-8.451	51.136	117.3
14.61	-8.451	51.109	108.2
14.62	-8.449	50.031	112.5
14.63	-8.441	43.547	113.8
14.64	-8.429	29.189	70.8
14.65	-8.413	11.678	20.2
14.66	-8.399	-3.586	-2.3
14.67	-8.392	-14.792	-33.6
14.68	-8.393	-22.209	-68.0
14.69	-8.396	-26.816	-101.8
14.7	-8.395	-29.252	-107.3
14.71	-8.386	-30.158	-94.5
14.72	-8.370	-30.533	-109.6
14.73	-8.348	-31.228	-113.6
14.74	-8.318	-32.298	-90.7
14.75	-8.282	-33.278	-75.6
14.76	-8.244	-33.763	-73.7
14.77	-8.210	-33.420	-77.6
14.78	-8.180	-32.253	-76.7
14.79	-8.156	-30.494	-73.4
14.8	-8.136	-28.028	-77.6
14.81	-8.117	-24.681	-67.9
14.82	-8.100	-20.641	-53.5
14.83	-8.081	-16.305	-56.2
14.84	-8.060	-12.053	-69.1
14.85	-8.037	-8.134	-82.3
14.86	-8.014	-4.709	-70.0
14.87	-7.992	-1.961	-47.0
14.88	-7.971	-0.189	-43.5
14.89	-7.953	0.333	-37.3
14.9	-7.936	-0.391	-28.8
14.91	-7.921	-2.127	-7.8
14.92	-7.907	-4.495	20.5
14.93	-7.894	-7.019	-7.6
14.94	-7.880	-9.520	-54.4
14.95	-7.866	-12.236	-77.8
14.96	-7.851	-15.155	-78.4
14.97	-7.838	-17.842	-69.9
14.98	-7.826	-20.027	-68.3
14.99	-7.818	-21.716	-36.4
15.0	-7.811	-22.908	19.5
15.01	-7.799	-23.628	138.6
15.02	-7.788	-23.931	377.2
15.03	-7.778	-23.786	479.4
15.04	-7.772	-23.194	244.1
15.05	-7.766	-22.420	-8.2
15.06	-7.763	-21.873	-69.7
15.07	-7.756	-21.748	-70.9
15.08	-7.748	-21.992	-72.2
15.09	-7.739	-22.441	-76.3
15.1	-7.734	-22.820	-67.9
15.11	-7.728	-22.745	-62.3
15.12	-7.721	-21.758	-59.6
15.13	-7.714	-18.981	-39.8
15.14	-7.709	-12.378	-33.1
15.15	-7.708	0.941	-27.8
15.16	-7.708	21.250	3.3
15.17	-7.709	40.481	35.3
15.18	-7.709	49.600	60.6
15.19	-7.708	51.102	77.1
15.2	-7.706	51.134	76.8
15.21	-7.704	51.139	79.3
15.22	-7.701	51.128	109.7
15.23	-7.698	50.756	126.8
15.24	-7.696	46.956	101.8
15.25	-7.696	35.689	62.4
15.26	-7.696	19.242	20.3
15.27	-7.696	3.388	-7.8
15.28	-7.696	-9.206	-29.7
15.29	-7.699	-18.086	-76.3
15.3	-7.702	-23.692	-99.8
15.31	-7.702	-26.803	-88.8
15.32	-7.701	-28.306	-93.1
15.33	-7.699	-29.186	-108.2
15.34	-7.698	-30.342	-109.4
15.35	-7.696	-32.150	-99.0
15.36	-7.695	-34.281	-85.8
15.37	-7.696	-36.080	-82.0
15.38	-7.697	-36.952	-85.8
15.39	-7.698	-36.531	-85.6
15.4	-7.699	-34.891	-82.9
15.41	-7.699	-32.283	-82.8
15.42	-7.698	-28.764	-84.7
15.43	-7.698	-24.267	-73.8
15.44	-7.697	-18.867	-60.8
15.45	-7.697	-12.672	-71.8
15.46	-7.696	-5.808	-79.2
15.47	-7.694	1.370	-64.7
15.48	-7.693	8.634	-56.6
15.49	-7.694	15.903	-67.0
15.5	-7.695	22.228	-62.8
15.51	-7.696	26.169	-54.8
15.52	-7.698	27.294	-54.3
15.53	-7.701	26.430	-8.2
15.54	-7.704	26.089	15.9
15.55	-7.707	25.497	-28.7
15.56	-7.708	21.528	-63.8
15.57	-7.709	16.881	-76.8
15.58	-7.709	14.259	-87.0
15.59	-7.711	13.078	-90.4
15.6	-7.714	13.977	-63.3
15.61	-7.716	16.625	-10.5
15.62	-7.716	18.291	72.9
15.63	-7.714	18.502	269.1
15.64	-7.713	18.630	503.1
15.65	-7.716	18.273	446.0
15.66	-7.720	16.945	127.9
15.67	-7.723	14.053	-64.3
15.68	-7.725	9.445	-88.9
15.69	-7.723	4.842	-81.8
15.7	-7.719	1.970	-77.9
15.71	-7.716	0.411	-73.3
15.72	-7.714	-0.877	-50.0
15.73	-7.711	-1.300	-40.8
15.74	-7.707	0.161	-49.5
15.75	-7.708	4.870	-29.4
15.76	-7.713	15.673	-6.8
15.77	-7.719	32.127	-9.0
15.78	-7.723	45.672	16.1
15.79	-7.724	50.622	50.9
15.8	-7.725	51.123	55.6
15.81	-7.724	51.139	64.1
15.82	-7.722	51.139	88.8
15.83	-7.721	51.127	105.4
15.84	-7.720	50.864	113.8
15.85	-7.721	47.436	106.0
15.86	-7.723	36.200	67.6
15.87	-7.723	18.930	41.9
15.88	-7.724	1.647	29.5
15.89	-7.724	-12.822	-14.7
15.9	-7.726	-23.475	-64.3
15.91	-7.731	-30.220	-93.8
15.92	-7.737	-33.895	-102.0
15.93	-7.739	-35.456	-99.1
15.94	-7.741	-36.348	-96.2
15.95	-7.741	-38.206	-100.3
15.96	-7.741	-41.994	-105.4
15.97	-7.737	-46.831	-107.4
15.98	-7.734	-50.109	-114.6
15.99	-7.732	-51.066	-95.3
16.0	-7.732	-51.123	-70.1
16.01	-7.735	-50.744	-72.7
16.02	-7.740	-48.636	-72.7
16.03	-7.746	-43.566	-72.3
16.04	-7.749	-36.364	-75.2
16.05	-7.751	-28.909	-85.5
16.06	-7.751	-22.119	-96.1
16.07	-7.751	-16.117	-93.2
16.08	-7.751	-10.856	-87.2
16.09	-7.753	-6.514	-75.2
16.1	-7.754	-3.678	-55.3
16.11	-7.757	-2.839	-46.6
16.12	-7.759	-3.589	-61.5
16.13	-7.760	-4.944	-70.2
16.14	-7.764	-7.000	-59.9
16.15	-7.769	-10.127	-42.3
16.16	-7.773	-13.208	-10.0
16.17	-7.773	-15.283	0.6
16.18	-7.770	-16.522	-15.3
16.19	-7.767	-17.300	-30.4
16.2	-7.765	-18.397	-60.1
16.21	-7.766	-19.784	-78.5
16.22	-7.768	-20.305	-76.1
16.23	-7.772	-20.619	-96.8
16.24	-7.776	-21.758	-75.2
16.25	-7.777	-23.191	18.2
16.26	-7.774	-24.909	181.1
16.27	-7.771	-27.064	451.7
16.28	-7.773	-29.078	553.6
16.29	-7.779	-30.328	292.4
16.3	-7.785	-30.389	7.3
16.31	-7.787	-29.652	-68.5
16.32	-7.783	-29.363	-61.3
16.33	-7.777	-29.759	-67.8
16.34	-7.775	-30.152	-81.0
16.35	-7.777	-30.438	-88.1
16.36	-7.776	-30.244	-71.7
16.37	-7.774	-28.158	-35.4
16.38	-7.774	-22.211	-8.4
16.39	-7.773	-9.617	-6.4
16.4	-7.773	11.486	-12.0
16.41	-7.776	34.641	7.1
16.42	-7.779	47.988	35.2
16.43	-7.781	51.011	54.6
16.44	-7.783	51.133	67.3
16.45	-7.784	51.139	80.7
16.46	-7.785	51.134	110.1
16.47	-7.786	51.072	133.4
16.48	-7.787	49.330	127.1
16.49	-7.787	40.936	102.2
16.5	-7.787	25.095	75.4
16.51	-7.788	8.414	55.8
16.52	-7.789	-5.136	23.0
16.53	-7.793	-16.016	-42.7
16.54	-7.799	-24.555	-78.2
16.55	-7.806	-30.425	-90.7
16.56	-7.809	-33.747	-106.0
16.57	-7.811	-35.363	-84.3
16.58	-7.812	-36.281	-82.5
16.59	-7.813	-37.495	-104.3
16.6	-7.811	-39.741	-89.7
16.61	-7.809	-42.872	-81.3
16.62	-7.806	-45.381	-95.4
16.63	-7.804	-45.741	-92.5
16.64	-7.806	-43.670	-78.3
16.65	-7.812	-39.617	-71.9
16.66	-7.817	-34.830	-64.0
16.67	-7.821	-30.303	-73.4
16.68	-7.824	-25.850	-85.5
16.69	-7.825	-21.417	-68.6
16.7	-7.826	-17.042	-53.3
16.71	-7.827	-12.756	-75.2
16.72	-7.827	-9.113	-106.4
16.73	-7.827	-6.892	-89.6
16.74	-7.826	-6.744	-49.1
16.75	-7.826	-8.263	-46.1
16.76	-7.826	-10.280	-68.1
16.77	-7.828	-12.317	-76.3
16.78	-7.829	-14.309	-55.7
16.79	-7.832	-16.323	-29.5
16.8	-7.836	-18.539	-9.2
16.81	-7.839	-20.783	27.0
16.82	-7.843	-22.803	19.5
16.83	-7.846	-24.523	-39.0
16.84	-7.847	-26.138	-61.8
16.85	-7.846	-27.897	-79.7
16.86	-7.846	-29.591	-104.3
16.87	-7.847	-31.020	-85.8
16.88	-7.849	-32.188	-38.3
16.89	-7.851	-32.844	23.1
16.9	-7.848	-32.809	133.6
16.91	-7.841	-32.381	390.8
16.92	-7.838	-31.977	602.3
16.93	-7.839	-31.631	412.3
16.94	-7.846	-31.053	62.9
16.95	-7.854	-30.028	-78.5
16.96	-7.861	-28.888	-77.3
16.97	-7.861	-28.397	-60.1
16.98	-7.852	-28.794	-65.3
16.99	-7.839	-29.509	-57.8
17.0	-7.824	-29.766	-49.7
17.01	-7.809	-28.658	-59.6
17.02	-7.799	-24.275	-33.8
17.03	-7.801	-13.869	-6.3
17.04	-7.818	4.638	7.1
17.05	-7.839	28.139	24.5
17.06	-7.850	45.247	38.8
17.07	-7.855	50.703	68.8
17.08	-7.858	51.119	85.8
17.09	-7.860	51.139	83.9
17.1	-7.861	51.139	90.9
17.11	-7.861	51.127	115.6
17.12	-7.860	50.667	138.5
17.13	-7.858	46.209	135.4
17.14	-7.856	33.542	125.2
17.15	-7.854	15.814	90.9
17.16	-7.851	-0.761	41.0
17.17	-7.849	-13.900	-6.7
17.18	-7.850	-23.495	-69.8
17.19	-7.854	-29.923	-99.4
17.2	-7.861	-33.663	-86.2
17.21	-7.867	-35.847	-97.6
17.22	-7.873	-38.078	-115.4
17.23	-7.878	-41.264	-107.0
17.24	-7.880	-44.964	-91.0
17.25	-7.876	-48.078	-86.5
17.26	-7.870	-50.016	-93.6
17.27	-7.862	-50.619	-85.4
17.28	-7.857	-49.509	-83.3
17.29	-7.856	-46.714	-93.3
17.3	-7.858	-43.106	-93.5
17.31	-7.862	-39.111	-89.2
17.32	-7.865	-34.320	-69.6
17.33	-7.868	-28.609	-59.7
17.34	-7.868	-22.652	-73.1
17.35	-7.869	-17.314	-84.4
17.36	-7.869	-12.997	-76.3
17.37	-7.870	-9.884	-80.7
17.38	-7.869	-8.247	-111.4
17.39	-7.867	-8.150	-107.0
17.4	-7.863	-9.292	-67.7
17.41	-7.859	-11.159	-52.2
17.42	-7.857	-13.383	-50.6
17.43	-7.856	-15.944	-44.1
17.44	-7.859	-18.495	-26.3
17.45	-7.864	-20.567	12.4
17.46	-7.873	-22.409	21.5
17.47	-7.881	-24.516	-31.7
17.48	-7.888	-27.064	-75.2
17.49	-7.891	-29.675	-83.2
17.5	-7.892	-31.603	-81.2
17.51	-7.891	-32.400	-76.3
17.52	-7.893	-32.438	-70.4
17.53	-7.896	-32.420	-36.9
17.54	-7.898	-32.536	35.5
17.55	-7.896	-32.666	212.6
17.56	-7.893	-32.658	502.0
17.57	-7.894	-32.428	583.5
17.58	-7.902	-32.020	285.3
17.59	-7.913	-31.452	-13.1
17.6	-7.924	-30.886	-85.1
17.61	-7.930	-30.578	-83.7
17.62	-7.926	-30.370	-75.7
17.63	-7.915	-29.873	-67.4
17.64	-7.899	-29.111	-69.1
17.65	-7.878	-28.211	-64.3
17.66	-7.854	-26.127	-52.6
17.67	-7.834	-20.391	-36.8
17.68	-7.822	-7.775	-14.3
17.69	-7.817	13.984	6.1
17.7	-7.819	37.097	28.8
17.71	-7.825	48.984	40.2
17.72	-7.833	51.080	36.4
17.73	-7.840	51.133	57.1
17.74	-7.845	51.139	89.8
17.75	-7.848	51.138	106.6
17.76	-7.849	51.125	104.8
17.77	-7.849	50.355	115.4
17.78	-7.848	44.544	140.7
17.79	-7.845	30.163	109.3
17.8	-7.843	11.772	34.7
17.81	-7.840	-4.461	-7.6
17.82	-7.839	-16.905	-35.8
17.83	-7.841	-25.683	-83.3
17.84	-7.848	-31.359	-109.4
17.85	-7.856	-34.856	-112.4
17.86	-7.863	-37.422	-97.1
17.87	-7.870	-40.266	-89.9
17.88	-7.875	-43.933	-103.3
17.89	-7.877	-47.797	-102.1
17.9	-7.874	-50.306	-104.7
17.91	-7.868	-51.048	-111.3
17.92	-7.862	-50.597	-100.9
17.93	-7.859	-48.423	-80.9
17.94	-7.860	-44.320	-69.6
17.95	-7.863	-39.528	-73.3
17.96	-7.868	-34.906	-81.2
17.97	-7.872	-30.205	-88.9
17.98	-7.876	-25.297	-91.5
17.99	-7.879	-20.347	-95.8
18.0	-7.881	-15.433	-89.6
18.01	-7.883	-11.047	-61.3
18.02	-7.884	-7.961	-50.7
18.03	-7.883	-6.691	-67.2
18.04	-7.881	-7.134	-79.5
18.05	-7.877	-8.645	-86.4
18.06	-7.874	-10.553	-74.5
18.07	-7.872	-12.567	-58.7
18.08	-7.873	-14.923	-59.5
18.09	-7.876	-17.980	-45.8
18.1	-7.883	-21.522	-7.4
18.11	-7.892	-24.934	26.4
18.12	-7.902	-27.739	8.3
18.13	-7.911	-29.733	-31.9
18.14	-7.917	-31.078	-55.6
18.15	-7.918	-32.008	-73.3
18.16	-7.918	-32.664	-82.4
18.17	-7.918	-33.202	-81.7
18.18	-7.921	-33.722	-47.4
18.19	-7.925	-34.278	-2.4
18.2	-7.928	-34.805	99.4
18.21	-7.928	-35.230	377.1
18.22	-7.931	-35.681	621.1
18.23	-7.941	-36.009	462.8
18.24	-7.954	-35.959	101.3
18.25	-7.969	-35.636	-64.9
18.26	-7.981	-35.063	-84.8
18.27	-7.985	-34.255	-96.3
18.28	-7.980	-33.289	-93.9
18.29	-7.969	-31.927	-70.8
18.3	-7.953	-30.097	-51.0
18.31	-7.932	-27.634	-52.7
18.32	-7.913	-22.936	-45.6
18.33	-7.901	-13.320	-9.5
18.34	-7.906	3.822	-1.1
18.35	-7.930	26.805	-19.0
18.36	-7.971	44.586	1.2
18.37	-8.024	50.617	52.9
18.38	-8.083	51.114	82.9
18.39	-8.142	51.139	86.6
18.4	-8.195	51.139	101.4
18.41	-8.241	51.131	132.1
18.42	-8.278	50.972	138.7
18.43	-8.306	48.053	100.6
18.44	-8.328	37.294	64.0
18.45	-8.346	19.877	43.6
18.46	-8.361	2.828	25.4
18.47	-8.376	-10.497	-12.0
18.48	-8.391	-20.423	-58.1
18.49	-8.408	-27.705	-78.6
18.5	-8.424	-33.075	-86.5
18.51	-8.438	-37.163	-102.2
18.52	-8.447	-40.350	-114.1
18.53	-8.453	-43.216	-115.1
18.54	-8.458	-46.372	-116.3
18.55	-8.464	-49.306	-108.3
18.56	-8.467	-50.828	-99.3
18.57	-8.467	-51.127	-95.7
18.58	-8.467	-50.975	-90.8
18.59	-8.469	-49.602	-82.5
18.6	-8.472	-45.717	-71.9
18.61	-8.474	-39.686	-75.8
18.62	-8.478	-32.727	-82.5
18.63	-8.480	-25.586	-74.0
18.64	-8.480	-19.070	-65.3
18.65	-8.481	-13.880	-73.5
18.66	-8.483	-10.223	-98.9
18.67	-8.484	-7.856	-113.3
18.68	-8.483	-6.458	-89.9
18.69	-8.482	-6.150	-72.4
18.7	-8.482	-7.050	-77.4
18.71	-8.482	-8.909	-72.8
18.72	-8.483	-11.444	-57.1
18.73	-8.487	-14.345	-53.2
18.74	-8.492	-17.247	-48.6
18.75	-8.497	-20.069	-11.2
18.76	-8.501	-22.938	13.9
18.77	-8.503	-25.822	-5.8
18.78	-8.504	-28.463	-30.0
18.79	-8.506	-30.503	-63.9
18.8	-8.509	-31.752	-94.4
18.81	-8.514	-32.164	-82.9
18.82	-8.520	-31.792	-66.9
18.83	-8.527	-31.009	-48.6
18.84	-8.531	-30.358	13.3
18.85	-8.529	-29.981	153.2
18.86	-8.528	-29.656	417.9
18.87	-8.532	-29.316	586.5
18.88	-8.534	-28.945	376.6
18.89	-8.533	-28.461	44.6
18.9	-8.533	-28.006	-85.8
18.91	-8.534	-27.683	-79.8
18.92	-8.535	-27.500	-54.3
18.93	-8.536	-27.491	-48.8
18.94	-8.535	-27.378	-54.6
18.95	-8.528	-26.733	-59.9
18.96	-8.524	-25.045	-49.0
18.97	-8.526	-20.825	-22.8
18.98	-8.529	-10.400	-17.2
18.99	-8.533	10.156	-11.1
19.0	-8.536	34.337	8.6
19.01	-8.538	48.150	31.0
19.02	-8.539	51.030	70.9
19.03	-8.539	51.131	84.1
19.04	-8.537	51.139	75.7
19.05	-8.536	51.139	96.8
19.06	-8.534	51.130	126.5
19.07	-8.533	50.964	139.2
19.08	-8.530	47.909	119.5
19.09	-8.527	36.686	86.3
19.1	-8.524	18.592	62.0
19.11	-8.519	0.736	13.3
19.12	-8.514	-13.673	-39.1
19.13	-8.508	-24.558	-61.0
19.14	-8.506	-31.806	-72.8
19.15	-8.505	-35.617	-82.1
19.16	-8.504	-37.261	-94.7
19.17	-8.500	-38.552	-101.3
19.18	-8.492	-40.716	-89.4
19.19	-8.479	-43.973	-86.0
19.2	-8.461	-47.598	-95.7
19.21	-8.440	-50.159	-92.1
19.22	-8.419	-51.028	-79.6
19.23	-8.401	-50.636	-84.6
19.24	-8.383	-48.436	-83.8
19.25	-8.364	-43.870	-61.2
19.26	-8.344	-37.720	-39.7
19.27	-8.322	-30.853	-51.0
19.28	-8.299	-23.813	-70.3
19.29	-8.274	-16.998	-65.2
19.3	-8.249	-10.777	-63.9
19.31	-8.224	-5.858	-67.4
19.32	-8.201	-2.980	-60.8
19.33	-8.178	-2.139	-40.2
19.34	-8.158	-2.914	-28.4
19.35	-8.137	-5.219	-30.1
19.36	-8.117	-8.827	-8.7
19.37	-8.098	-13.098	21.3
19.38	-8.078	-17.458	14.9
19.39	-8.056	-21.406	-36.8
19.4	-8.036	-24.589	-71.9
19.41	-8.015	-27.109	-67.5
19.42	-7.996	-29.323	-63.8
19.43	-7.980	-31.297	-59.2
19.44	-7.966	-32.878	-41.9
19.45	-7.953	-33.828	-4.4
19.46	-7.936	-33.916	77.5
19.47	-7.916	-33.420	283.2
19.48	-7.896	-32.948	518.8
19.49	-7.879	-32.691	433.7
19.5	-7.866	-32.203	98.6
19.51	-7.855	-31.483	-83.6
19.52	-7.845	-31.147	-82.8
19.53	-7.834	-31.270	-56.9
19.54	-7.821	-31.452	-61.1
19.55	-7.809	-31.450	-60.5
19.56	-7.798	-30.889	-38.8
19.57	-7.786	-29.155	-44.2
19.58	-7.774	-25.239	-53.6
19.59	-7.766	-16.488	-44.1
19.6	-7.759	1.298	-34.9
19.61	-7.756	26.238	-10.8
19.62	-7.754	44.911	18.6
19.63	-7.753	50.731	50.9
19.64	-7.751	51.119	82.8
19.65	-7.749	51.139	93.6
19.66	-7.747	51.139	105.0
19.67	-7.746	51.136	114.3
19.68	-7.744	51.120	111.7
19.69	-7.742	50.080	101.5
19.7	-7.739	43.181	84.0
19.71	-7.737	27.672	52.4
19.72	-7.737	9.233	6.3
19.73	-7.736	-6.492	-34.7
19.74	-7.735	-18.444	-59.6
19.75	-7.737	-27.036	-68.1
19.76	-7.741	-33.281	-90.0
19.77	-7.741	-37.917	-124.9
19.78	-7.741	-41.550	-126.4
19.79	-7.741	-44.978	-116.2
19.8	-7.741	-48.317	-113.4
19.81	-7.739	-50.483	-107.8
19.82	-7.738	-51.103	-87.7
19.83	-7.737	-51.139	-85.5
19.84	-7.737	-51.139	-99.1
19.85	-7.740	-51.123	-87.0
19.86	-7.746	-50.680	-84.1
19.87	-7.750	-48.420	-80.3
19.88	-7.753	-43.653	-65.8
19.89	-7.755	-37.608	-73.3
19.9	-7.758	-31.305	-88.2
19.91	-7.760	-24.864	-78.5
19.92	-7.760	-18.769	-57.6
19.93	-7.760	-14.147	-63.8
19.94	-7.761	-11.813	-83.8
19.95	-7.764	-11.658	-96.0
19.96	-7.768	-13.325	-91.4
19.97	-7.771	-16.463	-72.8
19.98	-7.774	-20.359	-50.7
19.99	-7.774	-24.084	-53.8
20.0	-7.775	-27.152	-64.2
20.01	-7.777	-29.647	-44.0
20.02	-7.779	-31.858	-16.6
20.03	-7.780	-34.048	6.5
20.04	-7.779	-35.977	-15.2
20.05	-7.777	-37.142	-58.6
20.06	-7.777	-37.661	-71.3
20.07	-7.779	-38.019	-86.8
20.08	-7.781	-38.212	-86.5
20.09	-7.782	-37.833	-79.2
20.1	-7.783	-36.894	-69.3
20.11	-7.782	-35.909	1.0
20.12	-7.781	-35.184	172.7
20.13	-7.782	-34.442	468.3
20.14	-7.787	-33.447	618.8
20.15	-7.793	-32.377	368.5
20.16	-7.796	-31.523	34.8
20.17	-7.798	-30.892	-94.8
20.18	-7.796	-30.255	-103.9
20.19	-7.791	-29.531	-106.2
20.2	-7.784	-28.652	-100.0
20.21	-7.780	-27.647	-71.5
20.22	-7.780	-26.483	-58.7
20.23	-7.784	-23.748	-49.1
20.24	-7.789	-15.998	-42.8
20.25	-7.793	1.041	-40.5
20.26	-7.796	25.566	-12.8
20.27	-7.799	44.447	8.7
20.28	-7.803	50.633	7.2
20.29	-7.805	51.116	26.3
20.3	-7.806	51.139	57.4
20.31	-7.806	51.139	69.7
20.32	-7.804	51.139	95.3
20.33	-7.803	51.125	120.6
20.34	-7.799	50.823	111.7
20.35	-7.795	46.941	92.0
20.36	-7.791	34.547	78.8
20.37	-7.788	16.317	56.0
20.38	-7.788	-0.648	-1.7
20.39	-7.789	-13.961	-56.7
20.4	-7.794	-24.248	-85.3
20.41	-7.802	-32.109	-104.7
20.42	-7.809	-37.816	-105.7
20.43	-7.814	-41.917	-98.8
20.44	-7.818	-45.317	-105.6
20.45	-7.820	-48.483	-111.0
20.46	-7.819	-50.536	-104.7
20.47	-7.814	-51.109	-116.0
20.48	-7.808	-51.139	-101.5
20.49	-7.802	-51.139	-71.2
20.5	-7.799	-51.130	-81.6
20.51	-7.799	-50.770	-95.4
20.52	-7.803	-48.638	-91.1
20.53	-7.807	-43.913	-90.2
20.54	-7.811	-37.920	-96.1
20.55	-7.814	-31.872	-81.8
20.56	-7.815	-25.833	-49.8
20.57	-7.815	-20.055	-60.3
20.58	-7.814	-15.316	-94.4
20.59	-7.814	-12.055	-79.4
20.6	-7.813	-10.245	-70.0
20.61	-7.811	-9.973	-91.3
20.62	-7.808	-11.320	-92.5
20.63	-7.806	-13.855	-86.4
20.64	-7.804	-16.781	-71.2
20.65	-7.803	-19.498	-57.3
20.66	-7.803	-22.072	-52.9
20.67	-7.806	-24.925	-35.7
20.68	-7.809	-27.920	-28.8
20.69	-7.814	-30.670	-31.2
20.7	-7.819	-32.995	9.6
20.71	-7.826	-34.711	41.2
20.72	-7.830	-35.811	0.4
20.73	-7.831	-36.408	-65.3
20.74	-7.829	-36.531	-94.0
20.75	-7.826	-36.405	-76.8
20.76	-7.824	-36.188	-57.8
20.77	-7.824	-35.691	-42.3
20.78	-7.825	-34.811	-14.0
20.79	-7.824	-33.964	81.7
20.8	-7.819	-33.797	354.0
20.81	-7.817	-34.166	637.3
20.82	-7.822	-34.298	525.6
20.83	-7.830	-33.770	155.4
20.84	-7.839	-32.613	-35.9
20.85	-7.846	-31.208	-63.2
20.86	-7.847	-30.023	-58.4
20.87	-7.838	-29.323	-56.4
20.88	-7.823	-29.169	-52.8
20.89	-7.806	-28.916	-37.2
20.9	-7.788	-27.230	-37.5
20.91	-7.775	-22.383	-49.9
20.92	-7.781	-11.053	-22.6
20.93	-7.810	10.056	22.3
20.94	-7.838	34.270	38.8
20.95	-7.846	48.086	46.6
20.96	-7.848	51.023	55.4
20.97	-7.851	51.131	77.3
20.98	-7.854	51.139	105.1
20.99	-7.857	51.139	113.5
21.0	-7.859	51.134	122.4
21.01	-7.859	51.094	130.9
21.02	-7.860	49.650	119.2
21.03	-7.861	41.503	100.1
21.04	-7.862	24.511	84.2
21.05	-7.865	5.239	57.4
21.06	-7.868	-10.688	5.7
21.07	-7.872	-22.655	-53.3
21.08	-7.882	-31.177	-79.4
21.09	-7.895	-36.889	-88.0
21.1	-7.909	-40.741	-113.8
21.11	-7.922	-44.066	-132.8
21.12	-7.932	-47.539	-110.7
21.13	-7.938	-50.128	-85.9
21.14	-7.939	-51.047	-87.0
21.15	-7.934	-51.138	-101.5
21.16	-7.928	-51.141	-120.1
21.17	-7.923	-51.138	-112.6
21.18	-7.921	-51.056	-80.9
21.19	-7.926	-50.067	-78.7
21.2	-7.933	-46.750	-91.2
21.21	-7.942	-41.170	-78.3
21.22	-7.950	-34.639	-70.6
21.23	-7.957	-28.072	-67.8
21.24	-7.963	-22.053	-64.5
21.25	-7.968	-16.886	-77.7
21.26	-7.973	-12.713	-90.0
21.27	-7.976	-9.800	-81.5
21.28	-7.980	-8.645	-70.8
21.29	-7.982	-9.584	-70.6
21.3	-7.986	-12.211	-71.1
21.31	-7.989	-15.520	-84.1
21.32	-7.994	-18.752	-71.7
21.33	-8.003	-21.828	-42.7
21.34	-8.014	-24.961	-46.8
21.35	-8.027	-28.064	-48.7
21.36	-8.041	-30.541	-30.3
21.37	-8.056	-32.086	0.7
21.38	-8.073	-33.166	34.9
21.39	-8.092	-34.288	16.6
21.4	-8.111	-35.445	-37.1
21.41	-8.127	-36.191	-54.9
21.42	-8.144	-36.294	-54.8
21.43	-8.159	-35.967	-68.8
21.44	-8.176	-35.391	-67.3
21.45	-8.195	-34.688	-45.7
21.46	-8.215	-33.917	-10.0
21.47	-8.232	-32.975	91.5
21.48	-8.248	-31.858	351.3
21.49	-8.266	-30.783	631.7
21.5	-8.286	-29.811	548.8
21.51	-8.304	-28.880	171.7
21.52	-8.320	-28.250	-60.3
21.53	-8.333	-28.198	-83.1
21.54	-8.342	-28.533	-59.6
21.55	-8.351	-28.748	-57.4
21.56	-8.358	-28.566	-84.7
21.57	-8.366	-27.744	-85.5
21.58	-8.370	-25.572	-44.6
21.59	-8.373	-20.852	-26.1
21.6	-8.375	-11.066	-26.2
21.61	-8.376	7.508	-13.3
21.62	-8.377	31.175	7.2
21.63	-8.377	46.811	27.1
21.64	-8.376	50.927	44.2
21.65	-8.374	51.128	69.6
21.66	-8.371	51.139	101.3
21.67	-8.368	51.139	110.8
21.68	-8.365	51.136	103.3
21.69	-8.361	51.113	102.8
21.7	-8.359	49.855	98.1
21.71	-8.357	41.833	85.8
21.72	-8.356	24.158	71.0
21.73	-8.356	3.767	39.0
21.74	-8.356	-12.902	2.9
21.75	-8.356	-25.263	-34.2
21.76	-8.357	-33.711	-71.0
21.77	-8.359	-38.744	-101.5
21.78	-8.361	-41.552	-112.8
21.79	-8.361	-43.717	-105.2
21.8	-8.361	-46.464	-109.5
21.81	-8.358	-49.320	-109.3
21.82	-8.355	-50.842	-99.0
21.83	-8.352	-51.131	-103.9
21.84	-8.351	-51.139	-102.3
21.85	-8.352	-51.139	-81.6
21.86	-8.353	-51.111	-69.1
21.87	-8.351	-50.475	-65.9
21.88	-8.351	-47.698	-64.2
21.89	-8.352	-42.483	-70.7
21.9	-8.354	-36.383	-79.6
21.91	-8.354	-30.280	-80.5
21.92	-8.354	-24.148	-70.5
21.93	-8.354	-18.178	-66.7
21.94	-8.356	-13.073	-53.3
21.95	-8.357	-9.469	-32.5
21.96	-8.360	-7.570	-39.8
21.97	-8.363	-7.508	-56.9
21.98	-8.366	-9.042	-56.8
21.99	-8.369	-11.731	-47.7
22.0	-8.371	-15.434	-33.1
22.01	-8.374	-19.827	-25.9
22.02	-8.377	-24.175	-10.5
22.03	-8.379	-27.863	31.3
22.04	-8.381	-30.764	27.4
22.05	-8.381	-33.111	-23.8
22.06	-8.382	-34.719	-53.8
22.07	-8.382	-34.898	-65.2
22.08	-8.384	-33.230	-56.9
22.09	-8.387	-29.931	-60.0
22.1	-8.392	-25.981	-57.9
22.11	-8.395	-23.359	-4.8
22.12	-8.393	-22.617	111.6
22.13	-8.387	-22.723	356.7
22.14	-8.383	-22.986	573.6
22.15	-8.381	-23.173	433.6
22.16	-8.379	-24.108	105.9
22.17	-8.379	-25.755	-40.1
22.18	-8.379	-26.538	-51.0
22.19	-8.375	-26.398	-54.7
22.2	-8.364	-26.144	-76.7
22.21	-8.354	-25.089	-87.7
22.22	-8.342	-23.075	-68.3
22.23	-8.326	-20.567	-46.1
22.24	-8.304	-16.484	-28.8
22.25	-8.286	-8.267	-36.4
22.26	-8.276	7.188	-41.9
22.27	-8.274	28.820	0.9
22.28	-8.275	45.489	54.9
22.29	-8.274	50.777	66.9
22.3	-8.268	51.120	59.9
22.31	-8.258	51.139	85.7
22.32	-8.243	51.139	118.1
22.33	-8.227	51.139	109.8
22.34	-8.210	51.123	101.7
22.35	-8.193	50.636	119.6
22.36	-8.176	45.602	120.0
22.37	-8.160	30.981	67.3
22.38	-8.144	10.586	7.0
22.39	-8.129	-7.989	-16.2
22.4	-8.115	-21.969	-48.9
22.41	-8.105	-30.888	-82.2
22.42	-8.098	-35.444	-97.4
22.43	-8.089	-37.408	-111.4
22.44	-8.080	-38.594	-106.8
22.45	-8.071	-40.294	-96.8
22.46	-8.060	-43.264	-106.3
22.47	-8.047	-47.108	-114.0
22.48	-8.032	-50.002	-95.5
22.49	-8.017	-50.980	-81.8
22.5	-8.005	-50.394	-84.6
22.51	-7.997	-47.989	-86.3
22.52	-7.992	-44.070	-82.9
22.53	-7.987	-39.511	-69.2
22.54	-7.983	-34.181	-58.8
22.55	-7.978	-28.616	-68.9
22.56	-7.971	-24.142	-72.8
22.57	-7.963	-19.041	-74.1
22.58	-7.955	-12.109	-80.3
22.59	-7.947	-6.266	-85.3
22.6	-7.939	-3.334	-80.3
22.61	-7.931	-2.870	-61.5
22.62	-7.923	-4.233	-56.5
22.63	-7.916	-6.725	-62.5
22.64	-7.909	-10.128	-52.2
22.65	-7.904	-14.742	-28.3
22.66	-7.900	-19.864	-11.8
22.67	-7.896	-24.181	1.7
22.68	-7.891	-27.366	-4.2
22.69	-7.885	-29.675	-39.2
22.7	-7.879	-31.345	-61.4
22.71	-7.871	-32.639	-62.4
22.72	-7.865	-33.734	-71.8
22.73	-7.861	-34.705	-87.8
22.74	-7.858	-35.205	-74.3
22.75	-7.856	-34.841	-27.6
22.76	-7.851	-33.889	47.5
22.77	-7.843	-32.877	260.5
22.78	-7.836	-32.200	548.6
22.79	-7.834	-31.839	502.0
22.8	-7.834	-31.383	165.8
22.81	-7.834	-30.788	-27.8
22.82	-7.834	-30.345	-75.1
22.83	-7.829	-30.072	-106.0
22.84	-7.820	-29.841	-91.2
22.85	-7.811	-29.644	-51.7
22.86	-7.804	-29.297	-41.2
22.87	-7.796	-28.441	-62.9
22.88	-7.787	-26.514	-76.2
22.89	-7.779	-20.205	-47.1
22.9	-7.776	-3.170	-4.7
22.91	-7.776	23.241	14.9
22.92	-7.778	43.841	17.1
22.93	-7.781	50.591	30.7
22.94	-7.781	51.113	59.2
22.95	-7.779	51.139	72.6
22.96	-7.776	51.139	91.7
22.97	-7.773	51.139	114.5
22.98	-7.769	51.122	115.1
22.99	-7.765	50.747	100.3
23.0	-7.762	46.225	86.1
23.01	-7.759	32.150	69.6
23.02	-7.757	11.852	23.5
23.03	-7.755	-6.623	-32.8
23.04	-7.755	-20.725	-51.4
23.05	-7.759	-30.877	-66.7
23.06	-7.763	-37.614	-97.7
23.07	-7.766	-41.906	-109.7
23.08	-7.768	-44.950	-111.0
23.09	-7.767	-47.655	-113.9
23.1	-7.765	-49.898	-102.1
23.11	-7.762	-50.961	-91.1
23.12	-7.759	-51.136	-103.9
23.13	-7.756	-51.141	-105.9
23.14	-7.754	-51.141	-92.8
23.15	-7.756	-51.138	-88.3
23.16	-7.760	-51.044	-76.9
23.17	-7.764	-49.934	-69.5
23.18	-7.768	-46.231	-83.0
23.19	-7.769	-40.008	-91.1
23.2	-7.769	-32.772	-85.4
23.21	-7.767	-25.573	-81.8
23.22	-7.765	-19.159	-75.3
23.23	-7.764	-14.003	-73.3
23.24	-7.763	-10.283	-80.3
23.25	-7.763	-8.330	-68.9
23.26	-7.764	-8.423	-61.5
23.27	-7.767	-10.273	-77.5
23.28	-7.769	-13.161	-68.2
23.29	-7.769	-16.477	-57.6
23.3	-7.769	-19.898	-63.9
23.31	-7.769	-23.288	-56.3
23.32	-7.770	-26.753	-52.7
23.33	-7.772	-30.350	-50.2
23.34	-7.774	-33.700	-34.9
23.35	-7.774	-36.319	-7.8
23.36	-7.774	-37.984	15.9
23.37	-7.773	-38.736	0.2
23.38	-7.774	-38.781	-40.0
23.39	-7.774	-38.366	-75.0
23.4	-7.777	-37.617	-85.8
23.41	-7.781	-36.688	-86.8
23.42	-7.783	-35.819	-82.8
23.43	-7.784	-35.050	-43.2
23.44	-7.782	-34.198	32.1
23.45	-7.779	-33.316	223.4
23.46	-7.780	-32.698	520.2
23.47	-7.786	-32.095	573.9
23.48	-7.791	-31.045	265.5
23.49	-7.792	-29.869	-13.7
23.5	-7.789	-29.166	-78.4
23.51	-7.784	-28.952	-78.8
23.52	-7.777	-28.872	-81.3
23.53	-7.776	-28.719	-69.2
23.54	-7.781	-28.241	-55.7
23.55	-7.786	-26.728	-60.5
23.56	-7.788	-22.795	-69.3
23.57	-7.788	-13.470	-56.9
23.58	-7.788	5.489	-22.2
23.59	-7.789	30.213	1.6
23.6	-7.791	46.620	16.8
23.61	-7.793	50.919	34.7
23.62	-7.793	51.127	49.7
23.63	-7.792	51.139	68.0
23.64	-7.791	51.139	88.2
23.65	-7.789	51.139	109.4
23.66	-7.788	51.131	116.7
23.67	-7.786	50.989	109.6
23.68	-7.784	48.031	106.9
23.69	-7.782	36.319	73.1
23.7	-7.783	16.564	23.8
23.71	-7.784	-3.067	-3.0
23.72	-7.788	-18.233	-34.6
23.73	-7.794	-29.011	-73.1
23.74	-7.801	-36.339	-95.2
23.75	-7.806	-41.198	-106.8
23.76	-7.808	-44.391	-113.2
23.77	-7.809	-47.070	-111.0
23.78	-7.808	-49.528	-111.0
23.79	-7.805	-50.858	-102.0
23.8	-7.799	-51.130	-87.4
23.81	-7.793	-51.141	-103.5
23.82	-7.790	-51.141	-102.8
23.83	-7.791	-51.139	-70.9
23.84	-7.794	-51.122	-78.1
23.85	-7.798	-50.600	-99.0
23.86	-7.801	-47.897	-78.5
23.87	-7.803	-42.186	-50.7
23.88	-7.804	-34.969	-61.5
23.89	-7.804	-27.638	-74.2
23.9	-7.803	-20.841	-78.3
23.91	-7.802	-15.394	-90.9
23.92	-7.801	-11.775	-75.7
23.93	-7.801	-10.086	-65.8
23.94	-7.801	-10.108	-82.5
23.95	-7.801	-11.303	-92.4
23.96	-7.801	-13.364	-82.6
23.97	-7.801	-16.192	-65.5
23.98	-7.803	-19.503	-57.1
23.99	-7.806	-23.039	-60.7
24.0	-7.811	-26.491	-80.1
24.01	-7.816	-29.473	-66.0
24.02	-7.820	-31.972	-33.2
24.03	-7.825	-34.063	-14.9
24.04	-7.831	-35.738	25.1
24.05	-7.836	-37.066	29.0
24.06	-7.841	-38.042	-22.6
24.07	-7.843	-38.692	-63.0
24.08	-7.842	-39.078	-64.5
24.09	-7.840	-39.167	-72.4
24.1	-7.839	-38.872	-92.2
24.11	-7.841	-38.248	-64.3
24.12	-7.843	-37.528	-13.9
24.13	-7.844	-36.859	85.3
24.14	-7.841	-36.212	346.6
24.15	-7.841	-35.580	605.2
24.16	-7.847	-35.031	502.8
24.17	-7.858	-34.384	156.0
24.18	-7.870	-33.319	-29.0
24.19	-7.881	-32.036	-66.7
24.2	-7.884	-30.948	-88.5
24.21	-7.878	-30.209	-83.9
24.22	-7.866	-29.839	-70.2
24.23	-7.853	-29.388	-56.5
24.24	-7.840	-27.902	-58.0
24.25	-7.833	-23.658	-61.6
24.26	-7.843	-13.258	-47.8
24.27	-7.872	7.042	-33.9
24.28	-7.899	31.895	-4.8
24.29	-7.913	47.284	33.3
24.3	-7.922	50.972	56.7
24.31	-7.932	51.131	75.7
24.32	-7.940	51.139	85.9
24.33	-7.947	51.139	93.1
24.34	-7.953	51.139	113.9
24.35	-7.958	51.127	131.7
24.36	-7.964	50.886	121.4
24.37	-7.973	46.980	87.9
24.38	-7.982	33.408	70.2
24.39	-7.990	12.491	48.2
24.4	-7.997	-7.119	-2.9
24.41	-8.004	-21.666	-58.4
24.42	-8.016	-31.481	-84.6
24.43	-8.030	-37.697	-83.7
24.44	-8.044	-41.623	-89.5
24.45	-8.057	-44.767	-111.6
24.46	-8.069	-47.955	-121.2
24.47	-8.079	-50.286	-110.7
24.48	-8.083	-51.070	-109.0
24.49	-8.084	-51.138	-103.4
24.5	-8.082	-51.141	-90.0
24.51	-8.081	-51.141	-91.7
24.52	-8.082	-51.139	-95.3
24.53	-8.086	-51.094	-97.3
24.54	-8.094	-50.250	-93.3
24.55	-8.102	-46.942	-86.1
24.56	-8.110	-40.995	-89.1
24.57	-8.117	-34.070	-90.7
24.58	-8.124	-27.255	-85.4
24.59	-8.130	-20.841	-72.8
24.6	-8.135	-15.328	-65.9
24.61	-8.139	-11.739	-81.3
24.62	-8.142	-10.588	-85.6
24.63	-8.143	-11.111	-78.8
24.64	-8.141	-12.431	-83.3
24.65	-8.139	-14.300	-76.3
24.66	-8.139	-16.744	-60.9
24.67	-8.140	-19.880	-65.5
24.68	-8.143	-23.472	-68.8
24.69	-8.146	-27.103	-54.5
24.7	-8.152	-30.648	-19.0
24.71	-8.161	-33.872	31.6
24.72	-8.171	-36.364	33.2
24.73	-8.182	-37.919	-37.9
24.74	-8.189	-38.669	-77.8
24.75	-8.193	-39.239	-58.9
24.76	-8.194	-39.923	-62.2
24.77	-8.194	-40.189	-80.7
24.78	-8.196	-39.669	-87.2
24.79	-8.199	-38.709	-49.4
24.8	-8.201	-37.777	51.2
24.81	-8.200	-37.061	257.3
24.82	-8.198	-36.753	568.4
24.83	-8.201	-36.703	612.3
24.84	-8.210	-36.316	268.1
24.85	-8.221	-35.438	-19.6
24.86	-8.231	-34.361	-99.5
24.87	-8.236	-33.223	-106.7
24.88	-8.231	-32.180	-82.3
24.89	-8.219	-31.548	-62.1
24.9	-8.201	-31.081	-69.9
24.91	-8.179	-30.052	-63.5
24.92	-8.155	-27.361	-39.3
24.93	-8.133	-20.336	-29.1
24.94	-8.119	-4.391	-10.0
24.95	-8.112	20.653	2.3
24.96	-8.111	42.125	16.4
24.97	-8.113	50.258	38.0
24.98	-8.116	51.114	48.3
24.99	-8.119	51.139	60.5
25.0	-8.122	51.139	85.9
25.01	-8.123	51.139	116.2
25.02	-8.124	51.134	120.6
25.03	-8.124	51.075	114.7
25.04	-8.124	49.247	114.2
25.05	-8.123	39.611	82.6
25.06	-8.121	20.300	35.4
25.07	-8.118	-0.878	-12.4
25.08	-8.117	-17.731	-57.0
25.09	-8.120	-29.728	-81.6
25.1	-8.128	-37.638	-96.7
25.11	-8.138	-42.609	-108.9
25.12	-8.148	-46.081	-112.3
25.13	-8.157	-48.866	-101.7
25.14	-8.165	-50.584	-89.5
25.15	-8.169	-51.100	-112.7
25.16	-8.168	-51.139	-129.9
25.17	-8.164	-51.141	-108.1
25.18	-8.160	-51.141	-89.1
25.19	-8.159	-51.139	-79.2
25.2	-8.162	-51.130	-77.5
25.21	-8.169	-50.745	-89.8
25.22	-8.179	-48.488	-97.3
25.23	-8.189	-43.398	-88.4
25.24	-8.197	-36.772	-87.0
25.25	-8.204	-29.961	-94.3
25.26	-8.211	-23.338	-82.3
25.27	-8.216	-17.477	-64.2
25.28	-8.221	-13.139	-65.7
25.29	-8.224	-10.461	-82.5
25.3	-8.227	-9.245	-91.5
25.31	-8.228	-9.372	-94.5
25.32	-8.230	-10.664	-88.2
25.33	-8.234	-13.209	-61.9
25.34	-8.241	-16.858	-46.7
25.35	-8.251	-20.963	-41.3
25.36	-8.266	-25.114	-21.5
25.37	-8.287	-28.861	-13.4
25.38	-8.315	-31.791	-7.3
25.39	-8.347	-33.964	6.6
25.4	-8.381	-35.711	-5.1
25.41	-8.415	-37.333	-33.1
25.42	-8.447	-38.791	-67.9
25.43	-8.478	-39.711	-85.3
25.44	-8.509	-39.936	-68.9
25.45	-8.539	-39.666	-60.6
25.46	-8.571	-39.106	-42.1
25.47	-8.601	-38.603	28.6
25.48	-8.629	-38.395	231.8
25.49	-8.655	-38.370	562.5
25.5	-8.683	-38.322	633.2
25.51	-8.708	-37.986	295.5
25.52	-8.728	-37.334	-2.3
25.53	-8.743	-36.581	-79.3
25.54	-8.752	-35.692	-89.6
25.55	-8.756	-34.677	-88.6
25.56	-8.759	-33.956	-81.2
25.57	-8.763	-33.481	-62.8
25.58	-8.766	-32.472	-54.6
25.59	-8.768	-29.953	-46.4
25.6	-8.771	-23.836	-21.1
25.61	-8.773	-9.597	-8.4
25.62	-8.776	14.998	-14.2
25.63	-8.779	38.922	6.3
25.64	-8.782	49.625	57.8
25.65	-8.783	51.111	62.2
25.66	-8.783	51.136	62.4
25.67	-8.782	51.139	109.6
25.68	-8.782	51.139	131.0
25.69	-8.779	51.136	132.8
25.7	-8.775	51.116	127.9
25.71	-8.772	49.809	107.1
25.72	-8.771	41.027	90.5
25.73	-8.770	21.073	60.5
25.74	-8.769	-2.570	25.8
25.75	-8.768	-21.930	-11.0
25.76	-8.768	-35.420	-59.7
25.77	-8.768	-43.620	-89.9
25.78	-8.768	-47.856	-95.3
25.79	-8.768	-49.772	-89.4
25.8	-8.771	-50.645	-91.5
25.81	-8.774	-51.033	-105.3
25.82	-8.776	-51.134	-83.3
25.83	-8.776	-51.141	-59.7
25.84	-8.775	-51.141	-68.8
25.85	-8.776	-51.141	-78.9
25.86	-8.778	-51.139	-90.8
25.87	-8.779	-51.125	-88.8
25.88	-8.779	-50.664	-72.8
25.89	-8.779	-48.050	-77.6
25.9	-8.779	-42.216	-82.1
25.91	-8.777	-34.566	-63.0
25.92	-8.776	-26.661	-38.7
25.93	-8.774	-19.150	-37.7
25.94	-8.773	-12.833	-56.5
25.95	-8.772	-8.358	-75.6
25.96	-8.771	-5.841	-75.9
25.97	-8.769	-5.209	-69.4
25.98	-8.767	-6.292	-65.2
25.99	-8.763	-8.662	-56.1
26.0	-8.757	-11.864	-50.4
26.01	-8.751	-15.747	-29.7
26.02	-8.746	-20.219	-8.2
26.03	-8.740	-24.763	-9.9
26.04	-8.735	-28.816	3.9
26.05	-8.728	-32.227	22.8
26.06	-8.716	-34.803	-5.3
26.07	-8.702	-36.459	-39.8
26.08	-8.684	-37.378	-47.0
26.09	-8.664	-37.541	-53.2
26.1	-8.644	-37.014	-73.2
26.11	-8.627	-36.280	-88.5
26.12	-8.615	-35.784	-42.1
26.13	-8.600	-35.436	43.9
26.14	-8.579	-34.947	195.8
26.15	-8.555	-34.456	478.2
26.16	-8.533	-34.050	591.6
26.17	-8.514	-33.383	310.0
26.18	-8.496	-32.409	3.3
26.19	-8.479	-31.398	-84.5
26.2	-8.460	-30.559	-88.6
26.21	-8.433	-29.922	-74.2
26.22	-8.404	-29.364	-63.9
26.23	-8.379	-29.002	-73.3
26.24	-8.356	-28.495	-61.7
26.25	-8.332	-26.800	-40.2
26.26	-8.309	-22.078	-34.8
26.27	-8.291	-10.141	-16.1
26.28	-8.276	12.503	-0.3
26.29	-8.262	36.872	6.3
26.3	-8.250	49.092	35.7
26.31	-8.236	51.095	59.9
26.32	-8.221	51.133	68.1
26.33	-8.205	51.139	91.3
26.34	-8.189	51.139	119.4
26.35	-8.174	51.138	126.1
26.36	-8.159	51.120	122.4
26.37	-8.144	50.177	110.8
26.38	-8.130	42.847	82.7
26.39	-8.116	24.652	50.0
26.4	-8.103	1.903	29.5
26.41	-8.089	-17.025	-4.3
26.42	-8.078	-30.172	-55.3
26.43	-8.068	-38.358	-100.0
26.44	-8.060	-43.042	-115.3
26.45	-8.051	-45.633	-109.9
26.46	-8.041	-47.519	-109.8
26.47	-8.032	-49.444	-114.1
26.48	-8.023	-50.758	-108.1
26.49	-8.014	-51.120	-82.2
26.5	-8.006	-51.139	-62.4
26.51	-7.998	-51.141	-73.4
26.52	-7.990	-51.141	-95.1
26.53	-7.983	-51.139	-88.7
26.54	-7.979	-51.095	-73.8
26.55	-7.976	-50.211	-69.7
26.56	-7.973	-46.539	-68.4
26.57	-7.969	-39.636	-79.9
26.58	-7.967	-31.331	-73.2
26.59	-7.964	-22.936	-60.8
26.6	-7.963	-14.870	-70.6
26.61	-7.963	-7.763	-77.9
26.62	-7.965	-2.478	-79.6
26.63	-7.966	0.147	-82.8
26.64	-7.968	-0.527	-84.7
26.65	-7.968	-3.898	-79.6
26.66	-7.968	-8.252	-65.9
26.67	-7.967	-12.428	-43.7
26.68	-7.966	-16.206	-25.6
26.69	-7.966	-19.911	-6.3
26.7	-7.968	-23.827	14.8
26.71	-7.968	-27.847	-25.6
26.72	-7.966	-31.603	-81.3
26.73	-7.964	-34.627	-84.1
26.74	-7.963	-36.509	-91.8
26.75	-7.964	-37.164	-97.6
26.76	-7.966	-37.181	-80.8
26.77	-7.969	-37.306	-45.3
26.78	-7.969	-37.580	21.4
26.79	-7.964	-37.816	150.7
26.8	-7.962	-38.228	424.9
26.81	-7.964	-39.020	585.9
26.82	-7.968	-39.813	341.0
26.83	-7.970	-39.891	20.7
26.84	-7.969	-39.106	-85.8
26.85	-7.964	-37.898	-104.7
26.86	-7.956	-36.553	-99.0
26.87	-7.950	-35.280	-91.5
26.88	-7.949	-34.286	-97.6
26.89	-7.951	-33.056	-85.2
26.9	-7.952	-30.280	-55.9
26.91	-7.954	-23.619	-41.0
26.92	-7.958	-8.791	-41.7
26.93	-7.963	15.959	-21.3
26.94	-7.968	39.483	9.8
26.95	-7.971	49.744	24.4
26.96	-7.973	51.109	31.9
26.97	-7.973	51.136	52.6
26.98	-7.973	51.139	87.5
26.99	-7.971	51.139	106.2
27.0	-7.969	51.136	94.7
27.01	-7.967	51.116	102.1
27.02	-7.964	49.850	114.4
27.03	-7.961	41.383	82.1
27.04	-7.959	22.303	42.6
27.05	-7.956	-0.011	4.1
27.06	-7.954	-18.131	-45.9
27.07	-7.954	-31.028	-77.9
27.08	-7.957	-39.420	-95.0
27.09	-7.960	-44.292	-113.3
27.1	-7.962	-47.133	-116.5
27.11	-7.963	-49.266	-113.4
27.12	-7.963	-50.666	-114.0
27.13	-7.961	-51.108	-119.6
27.14	-7.956	-51.139	-118.0
27.15	-7.949	-51.141	-103.0
27.16	-7.944	-51.141	-94.3
27.17	-7.942	-51.141	-107.3
27.18	-7.944	-51.138	-112.4
27.19	-7.948	-51.061	-101.7
27.2	-7.953	-49.888	-90.3
27.21	-7.956	-45.655	-81.2
27.22	-7.958	-38.456	-94.0
27.23	-7.958	-30.342	-115.5
27.24	-7.957	-22.709	-106.3
27.25	-7.956	-16.419	-78.6
27.26	-7.954	-12.100	-82.7
27.27	-7.952	-9.817	-96.4
27.28	-7.949	-9.370	-83.4
27.29	-7.945	-10.642	-70.9
27.3	-7.941	-13.281	-75.1
27.31	-7.939	-16.911	-86.0
27.32	-7.939	-21.236	-83.5
27.33	-7.941	-25.589	-60.8
27.34	-7.944	-29.517	-55.4
27.35	-7.949	-33.139	-49.9
27.36	-7.953	-36.647	-2.6
27.37	-7.956	-39.939	2.3
27.38	-7.958	-42.509	-33.9
27.39	-7.956	-43.931	-62.1
27.4	-7.953	-44.375	-88.3
27.41	-7.948	-44.114	-94.8
27.42	-7.946	-43.345	-91.3
27.43	-7.947	-42.730	-72.2
27.44	-7.948	-42.713	-18.9
27.45	-7.946	-42.953	95.7
27.46	-7.941	-43.059	364.0
27.47	-7.939	-42.783	620.9
27.48	-7.944	-42.055	476.9
27.49	-7.949	-41.103	107.6
27.5	-7.953	-40.175	-69.5
27.51	-7.953	-39.414	-97.2
27.52	-7.946	-38.713	-98.9
27.53	-7.933	-38.063	-92.8
27.54	-7.919	-37.656	-87.9
27.55	-7.907	-37.116	-72.5
27.56	-7.902	-35.441	-57.0
27.57	-7.910	-30.642	-73.3
27.58	-7.918	-18.467	-71.5
27.59	-7.918	5.367	-14.9
27.6	-7.918	32.861	27.3
27.61	-7.922	48.069	40.0
27.62	-7.926	51.038	46.2
27.63	-7.928	51.130	50.3
27.64	-7.928	51.139	73.0
27.65	-7.928	51.139	99.3
27.66	-7.928	51.127	104.6
27.67	-7.926	50.895	92.5
27.68	-7.924	46.716	94.0
27.69	-7.921	31.655	104.3
27.7	-7.917	8.323	72.3
27.71	-7.911	-12.997	17.6
27.72	-7.906	-28.609	-26.9
27.73	-7.902	-39.583	-70.8
27.74	-7.904	-46.123	-102.2
27.75	-7.909	-48.575	-122.6
27.76	-7.916	-49.422	-138.6
27.77	-7.924	-50.436	-141.6
27.78	-7.933	-51.050	-127.8
27.79	-7.939	-51.138	-120.6
27.8	-7.942	-51.141	-106.5
27.81	-7.939	-51.141	-73.7
27.82	-7.934	-51.139	-70.3
27.83	-7.929	-51.105	-87.2
27.84	-7.927	-50.169	-88.3
27.85	-7.928	-45.658	-93.3
27.86	-7.932	-36.952	-119.2
27.87	-7.938	-27.092	-134.7
27.88	-7.944	-18.116	-120.3
27.89	-7.951	-10.495	-84.0
27.9	-7.960	-4.416	-47.9
27.91	-7.969	0.267	-44.7
27.92	-7.979	2.952	-46.3
27.93	-7.987	2.592	-40.1
27.94	-7.993	-0.977	-56.6
27.95	-7.998	-6.663	-78.3
27.96	-8.002	-12.994	-64.0
27.97	-8.008	-19.098	-53.3
27.98	-8.016	-24.561	-56.9
27.99	-8.029	-29.139	-40.5
28.0	-8.046	-32.933	-37.8
28.01	-8.064	-36.442	-45.9
28.02	-8.083	-40.231	-26.1
28.03	-8.100	-44.730	10.8
28.04	-8.114	-48.881	38.8
28.05	-8.125	-50.834	31.6
28.06	-8.129	-51.102	-13.6
28.07	-8.127	-51.114	-58.5
28.08	-8.119	-51.136	-75.3
28.09	-8.109	-51.139	-76.3
28.1	-8.100	-51.131	-76.1
28.11	-8.096	-50.788	-59.9
28.12	-8.094	-48.920	-5.7
28.13	-8.091	-45.383	147.0
28.14	-8.086	-41.392	439.0
28.15	-8.081	-37.661	620.1
28.16	-8.079	-35.147	404.2
28.17	-8.079	-34.161	63.1
28.18	-8.076	-33.033	-69.5
28.19	-8.068	-30.895	-82.0
28.2	-8.053	-29.441	-75.3
28.21	-8.033	-29.883	-78.3
28.22	-8.011	-31.398	-93.8
28.23	-7.995	-32.603	-88.9
28.24	-7.996	-32.263	-61.6
28.25	-7.995	-28.648	-42.1
28.26	-7.982	-15.972	-33.4
28.27	-7.969	10.930	-22.0
28.28	-7.962	38.261	-9.0
28.29	-7.958	49.770	0.1
28.3	-7.954	51.108	28.9
28.31	-7.949	51.139	74.7
28.32	-7.942	51.139	92.2
28.33	-7.934	51.130	95.5
28.34	-7.927	50.961	107.5
28.35	-7.919	47.617	111.9
28.36	-7.910	34.908	103.3
28.37	-7.899	13.788	86.4
28.38	-7.889	-7.759	59.6
28.39	-7.881	-25.520	8.7
28.4	-7.874	-38.713	-44.8
28.41	-7.869	-46.820	-76.3
28.42	-7.869	-50.283	-92.8
28.43	-7.871	-50.777	-104.5
28.44	-7.875	-49.405	-114.2
28.45	-7.880	-47.439	-117.3
28.46	-7.885	-47.225	-117.8
28.47	-7.888	-48.998	-111.4
28.48	-7.886	-50.616	-97.3
28.49	-7.881	-51.111	-110.0
28.5	-7.873	-51.138	-123.2
28.51	-7.863	-51.113	-121.2
28.52	-7.856	-50.509	-114.7
28.53	-7.850	-47.828	-102.7
28.54	-7.846	-42.539	-93.0
28.55	-7.843	-35.623	-91.4
28.56	-7.841	-28.042	-94.7
28.57	-7.841	-20.967	-94.8
28.58	-7.843	-14.972	-101.4
28.59	-7.844	-9.858	-95.0
28.6	-7.846	-6.302	-87.5
28.61	-7.846	-5.209	-100.5
28.62	-7.844	-6.450	-97.2
28.63	-7.841	-8.988	-86.2
28.64	-7.839	-12.097	-83.8
28.65	-7.836	-15.416	-86.9
28.66	-7.836	-18.575	-89.5
28.67	-7.838	-22.748	-88.5
28.68	-7.840	-28.133	-71.9
28.69	-7.843	-33.091	-57.2
28.7	-7.847	-38.106	-51.1
28.71	-7.853	-44.041	-5.7
28.72	-7.859	-48.884	30.5
28.73	-7.865	-50.867	-6.2
28.74	-7.869	-51.136	-59.9
28.75	-7.867	-51.141	-83.4
28.76	-7.860	-51.141	-81.3
28.77	-7.851	-51.141	-62.4
28.78	-7.843	-51.141	-42.5
28.79	-7.835	-51.141	-48.3
28.8	-7.825	-51.141	-27.8
28.81	-7.811	-51.141	123.9
28.82	-7.799	-51.139	434.8
28.83	-7.791	-51.127	644.1
28.84	-7.779	-50.727	426.5
28.85	-7.762	-48.488	49.4
28.86	-7.744	-43.909	-90.4
28.87	-7.728	-39.327	-100.7
28.88	-7.708	-36.166	-104.6
28.89	-7.688	-32.973	-93.2
28.9	-7.668	-29.391	-82.2
28.91	-7.648	-24.913	-74.2
28.92	-7.631	-17.434	-78.5
28.93	-7.621	-7.852	-82.7
28.94	-7.612	7.595	-49.8
28.95	-7.605	29.803	-2.0
28.96	-7.601	45.883	9.3
28.97	-7.598	50.705	18.8
28.98	-7.596	51.120	58.4
28.99	-7.593	51.139	86.5
29.0	-7.591	51.139	124.3
29.01	-7.588	51.138	155.4
29.02	-7.582	51.123	154.2
29.03	-7.575	50.205	161.3
29.04	-7.568	43.298	164.2
29.05	-7.561	26.894	138.3
29.06	-7.554	7.348	122.0
29.07	-7.545	-9.434	105.2
29.08	-7.536	-23.906	62.9
29.09	-7.529	-36.444	36.1
29.1	-7.527	-45.423	14.0
29.11	-7.529	-48.573	-18.3
29.12	-7.534	-47.025	-26.7
29.13	-7.541	-44.944	-3.4
29.14	-7.549	-44.764	9.1
29.15	-7.554	-46.703	-10.3
29.16	-7.556	-49.411	-10.8
29.17	-7.553	-50.894	-4.4
29.18	-7.546	-51.134	-13.6
29.19	-7.537	-51.136	-0.3
29.2	-7.529	-51.058	8.8
29.21	-7.521	-49.739	-2.5
29.22	-7.513	-44.956	2.4
29.23	-7.503	-37.016	-7.9
29.24	-7.491	-28.072	-13.8
29.25	-7.478	-18.605	4.3
29.26	-7.463	-8.258	-4.4
29.27	-7.453	3.191	-3.8
29.28	-7.450	14.227	17.4
29.29	-7.451	21.475	13.8
29.3	-7.450	23.498	-3.8
29.31	-7.447	19.769	-21.2
29.32	-7.446	11.313	-18.8
29.33	-7.447	0.906	-2.0
29.34	-7.450	-10.541	6.5
29.35	-7.452	-21.297	7.2
29.36	-7.454	-29.814	2.8
29.37	-7.456	-36.753	6.4
29.38	-7.459	-42.272	33.3
29.39	-7.466	-45.611	75.5
29.4	-7.479	-46.878	75.6
29.41	-7.499	-46.381	31.5
29.42	-7.526	-44.584	3.1
29.43	-7.558	-43.163	-7.8
29.44	-7.594	-42.455	-13.9
29.45	-7.636	-41.278	-18.0
29.46	-7.681	-39.448	-15.1
29.47	-7.729	-37.847	26.6
29.48	-7.773	-36.003	114.8
29.49	-7.809	-33.922	308.8
29.5	-7.840	-32.847	626.1
29.51	-7.869	-31.873	692.4
29.52	-7.897	-30.491	354.8
29.53	-7.924	-28.691	60.8
29.54	-7.951	-25.075	-9.9
29.55	-7.972	-20.634	-18.9
29.56	-7.987	-18.047	-10.0
29.57	-7.998	-16.794	-2.0
29.58	-8.008	-15.200	-3.4
29.59	-8.018	-12.959	5.0
29.6	-8.032	-8.645	22.1
29.61	-8.049	2.128	40.5
29.62	-8.072	21.850	56.0
29.63	-8.099	41.270	64.7
29.64	-8.127	49.922	81.3
29.65	-8.152	51.113	114.2
29.66	-8.174	51.136	146.6
29.67	-8.189	51.139	169.9
29.68	-8.199	51.139	178.5
29.69	-8.207	51.139	177.8
29.7	-8.214	51.122	191.7
29.71	-8.219	50.406	202.7
29.72	-8.224	44.347	192.1
29.73	-8.229	28.966	168.9
29.74	-8.234	9.588	133.4
29.75	-8.240	-7.083	93.0
29.76	-8.244	-18.928	48.2
29.77	-8.249	-25.733	-6.1
29.78	-8.254	-29.414	-39.8
29.79	-8.257	-31.658	-39.4
29.8	-8.261	-32.325	-26.7
29.81	-8.264	-31.663	-22.5
29.82	-8.267	-32.306	-22.0
29.83	-8.266	-35.155	-18.4
29.84	-8.261	-37.995	-15.3
29.85	-8.258	-39.955	-13.9
29.86	-8.256	-40.477	-10.1
29.87	-8.254	-38.803	-4.4
29.88	-8.252	-35.552	-13.5
29.89	-8.251	-30.864	-23.9
29.9	-8.248	-24.695	-0.5
29.91	-8.245	-17.809	24.3
29.92	-8.243	-10.884	31.1
29.93	-8.241	-4.742	37.7
29.94	-8.239	-0.153	41.6
29.95	-8.237	2.783	40.1
29.96	-8.234	3.666	40.8
29.97	-8.231	2.422	41.6
29.98	-8.230	-0.211	32.5
29.99	-8.231	-3.967	33.0
30.0	-8.234	-8.542	52.4
30.01	-8.236	-13.170	72.4
30.02	-8.238	-17.725	89.4
30.03	-8.240	-22.298	104.3
30.04	-8.241	-26.253	137.4
30.05	-8.241	-29.169	153.6
30.06	-8.239	-31.367	115.7
30.07	-8.234	-33.114	81.2
30.08	-8.226	-33.756	76.4
30.09	-8.224	-32.984	62.4
30.1	-8.227	-32.255	55.8
30.11	-8.231	-31.981	67.3
30.12	-8.232	-31.306	96.1
30.13	-8.231	-30.853	189.3
30.14	-8.227	-31.080	388.3
30.15	-8.223	-30.784	664.9
30.16	-8.219	-29.430	723.3
30.17	-8.213	-28.269	407.1
30.18	-8.209	-28.070	104.6
30.19	-8.206	-28.358	48.3
30.2	-8.203	-28.225	78.8
30.21	-8.194	-26.177	83.5
30.22	-8.188	-22.945	74.8
30.23	-8.183	-21.406	78.4
30.24	-8.176	-21.125	97.1
30.25	-8.162	-19.289	107.6
30.26	-8.144	-12.998	112.1
30.27	-8.127	3.175	133.8
30.28	-8.113	27.731	158.3
30.29	-8.101	45.694	171.8
30.3	-8.086	50.847	187.7
30.31	-8.069	51.125	230.6
30.32	-8.048	51.139	275.1
30.33	-8.026	51.139	294.2
30.34	-8.005	51.136	309.8
30.35	-7.984	51.120	314.6
30.36	-7.962	50.078	302.9
30.37	-7.941	42.805	283.4
30.38	-7.920	25.969	259.9
30.39	-7.900	5.598	219.3
30.4	-7.879	-11.217	168.5
30.41	-7.857	-22.405	126.4
30.42	-7.837	-28.700	98.9
30.43	-7.820	-32.163	76.7
30.44	-7.805	-34.113	51.7
30.45	-7.791	-34.050	38.8
30.46	-7.777	-32.230	45.2
30.47	-7.765	-30.717	59.7
30.48	-7.751	-30.863	70.8
30.49	-7.735	-32.517	64.8
30.5	-7.717	-34.945	64.0
30.51	-7.699	-37.161	81.4
30.52	-7.681	-37.452	90.4
30.53	-7.664	-34.888	83.6
30.54	-7.649	-29.478	77.8
30.55	-7.634	-21.195	92.3
30.56	-7.619	-12.442	111.7
30.57	-7.604	-5.986	101.0
30.58	-7.591	-0.741	91.9
30.59	-7.578	5.275	106.5
30.6	-7.566	11.311	125.6
30.61	-7.556	17.191	146.3
30.62	-7.547	22.809	139.2
30.63	-7.539	24.894	123.3
30.64	-7.534	21.441	154.6
30.65	-7.529	13.372	178.3
30.66	-7.527	3.948	166.1
30.67	-7.523	-4.242	184.6
30.68	-7.519	-12.644	223.0
30.69	-7.513	-20.609	221.5
30.7	-7.507	-25.886	166.3
30.71	-7.503	-32.364	108.5
30.72	-7.501	-42.100	132.3
30.73	-7.501	-49.091	173.5
30.74	-7.504	-51.000	171.3
30.75	-7.508	-51.133	176.4
30.76	-7.508	-51.141	225.6
30.77	-7.505	-51.141	399.8
30.78	-7.501	-51.141	697.3
30.79	-7.499	-51.141	761.0
30.8	-7.498	-51.141	432.4
30.81	-7.499	-51.141	169.6
30.82	-7.500	-51.141	141.1
30.83	-7.499	-51.141	131.2
30.84	-7.496	-51.141	114.0
30.85	-7.494	-51.141	103.3
30.86	-7.495	-51.141	116.4
30.87	-7.496	-51.141	136.1
30.88	-7.494	-51.133	135.6
30.89	-7.492	-51.038	157.8
30.9	-7.491	-47.842	195.0
30.91	-7.490	-29.648	213.4
30.92	-7.489	6.877	229.0
30.93	-7.487	38.559	246.1
30.94	-7.484	49.942	262.8
30.95	-7.480	51.113	283.3
30.96	-7.474	51.139	312.6
30.97	-7.468	51.122	345.6
30.98	-7.460	50.497	356.0
30.99	-7.452	44.683	348.6
31.0	-7.444	28.825	334.5
31.01	-7.439	7.777	295.5
31.02	-7.437	-10.077	252.9
31.03	-7.434	-22.361	219.8
31.04	-7.431	-29.733	176.8
31.05	-7.429	-32.605	139.0
31.06	-7.428	-30.309	123.8
31.07	-7.426	-22.777	120.4
31.08	-7.422	-15.795	122.3
31.09	-7.417	-15.439	130.0
31.1	-7.411	-18.833	135.4
31.11	-7.404	-21.198	132.8
31.12	-7.394	-23.133	137.8
31.13	-7.384	-26.373	150.2
31.14	-7.376	-29.944	149.6
31.15	-7.369	-32.864	144.8
31.16	-7.367	-36.094	145.2
31.17	-7.365	-40.636	130.6
31.18	-7.362	-45.192	122.3
31.19	-7.356	-48.478	129.3
31.2	-7.350	-50.448	131.8
31.21	-7.343	-50.803	133.0
31.22	-7.335	-46.233	125.3
31.23	-7.327	-33.488	121.7
31.24	-7.317	-19.652	119.0
31.25	-7.308	-11.355	102.1
31.26	-7.299	-9.425	93.4
31.27	-7.292	-14.159	89.5
31.28	-7.286	-19.620	94.1
31.29	-7.282	-19.925	105.5
31.3	-7.279	-13.725	113.1
31.31	-7.278	-3.753	111.5
31.32	-7.277	3.856	101.8
31.33	-7.276	5.877	107.5
31.34	-7.276	2.613	127.2
31.35	-7.276	-3.981	149.9
31.36	-7.277	-11.120	162.5
31.37	-7.278	-16.814	131.2
31.38	-7.279	-20.284	81.7
31.39	-7.277	-21.441	52.0
31.4	-7.274	-21.406	36.8
31.41	-7.271	-20.509	22.2
31.42	-7.269	-18.547	23.3
31.43	-7.268	-16.794	72.6
31.44	-7.263	-13.581	162.3
31.45	-7.258	-2.795	367.5
31.46	-7.255	19.406	675.2
31.47	-7.259	41.247	689.4
31.48	-7.268	50.108	334.3
31.49	-7.276	51.117	41.1
31.5	-7.282	51.138	-47.6
31.51	-7.279	51.139	-39.5
31.52	-7.269	51.139	-23.7
31.53	-7.256	51.139	-42.3
31.54	-7.244	51.139	-54.1
31.55	-7.239	51.139	-41.7
31.56	-7.243	51.139	-7.7
31.57	-7.253	51.139	18.2
31.58	-7.262	51.139	18.3
31.59	-7.270	51.139	10.9
31.6	-7.280	51.139	26.3
31.61	-7.290	51.139	68.8
31.62	-7.301	51.139	86.2
31.63	-7.311	51.139	76.8
31.64	-7.322	51.139	91.9
31.65	-7.333	51.119	128.9
31.66	-7.345	50.436	147.9
31.67	-7.356	44.569	137.4
31.68	-7.368	29.120	119.3
31.69	-7.379	8.287	90.1
31.7	-7.388	-10.519	43.4
31.71	-7.396	-24.936	-1.4
31.72	-7.402	-37.033	-42.9
31.73	-7.409	-46.438	-80.9
31.74	-7.418	-50.530	-108.9
31.75	-7.423	-51.130	-130.0
31.76	-7.428	-51.139	-132.5
31.77	-7.429	-51.141	-130.1
31.78	-7.431	-51.141	-138.4
31.79	-7.431	-51.141	-138.9
31.8	-7.431	-51.141	-124.7
31.81	-7.431	-51.141	-112.5
31.82	-7.432	-51.141	-108.4
31.83	-7.432	-51.141	-106.4
31.84	-7.432	-51.141	-104.6
31.85	-7.432	-51.141	-108.8
31.86	-7.432	-51.141	-103.6
31.87	-7.431	-51.141	-100.1
31.88	-7.430	-51.138	-121.3
31.89	-7.429	-50.989	-126.1
31.9	-7.432	-50.117	-110.4
31.91	-7.434	-48.495	-116.1
31.92	-7.436	-46.522	-145.5
31.93	-7.436	-44.369	-158.4
31.94	-7.434	-43.575	-140.5
31.95	-7.431	-44.720	-136.7
31.96	-7.429	-45.956	-143.1
31.97	-7.424	-46.483	-152.3
31.98	-7.416	-47.297	-158.5
31.99	-7.406	-48.963	-163.9
32.0	-7.394	-50.484	-171.6
32.01	-7.378	-51.069	-149.0
32.02	-7.360	-51.139	-124.1
32.03	-7.348	-51.141	-130.3
32.04	-7.343	-51.141	-123.8
32.05	-7.342	-51.139	-88.6
32.06	-7.344	-51.109	-83.2
32.07	-7.346	-50.581	-129.4
32.08	-7.349	-48.681	-169.4
32.09	-7.351	-45.816	-179.1
32.1	-7.352	-43.598	-185.7
32.11	-7.355	-42.772	-198.4
32.12	-7.361	-42.164	-186.2
32.13	-7.368	-40.314	-132.0
32.14	-7.373	-37.577	-13.2
32.15	-7.374	-35.078	269.3
32.16	-7.376	-33.259	550.8
32.17	-7.384	-31.917	419.9
32.18	-7.401	-30.964	28.9
32.19	-7.424	-30.334	-175.4
32.2	-7.447	-29.784	-205.7
32.21	-7.461	-29.036	-215.9
32.22	-7.462	-27.555	-221.9
32.23	-7.457	-25.169	-210.6
32.24	-7.449	-22.216	-188.5
32.25	-7.444	-18.122	-177.8
32.26	-7.441	-10.020	-167.9
32.27	-7.441	7.513	-156.8
32.28	-7.446	31.534	-147.5
32.29	-7.455	47.223	-128.3
32.3	-7.469	50.978	-106.3
32.31	-7.486	51.131	-86.5
32.32	-7.505	51.139	-57.3
32.33	-7.527	51.139	-37.2
32.34	-7.551	51.139	-19.9
32.35	-7.576	51.127	5.5
32.36	-7.600	50.883	9.4
32.37	-7.621	46.508	-8.3
32.38	-7.639	30.722	-21.7
32.39	-7.657	5.833	-36.6
32.4	-7.676	-18.063	-73.9
32.41	-7.696	-36.203	-128.2
32.42	-7.720	-46.956	-172.2
32.43	-7.749	-50.675	-201.3
32.44	-7.782	-51.134	-224.4
32.45	-7.816	-51.139	-235.3
32.46	-7.847	-51.141	-236.9
32.47	-7.873	-51.141	-233.7
32.48	-7.894	-51.141	-223.6
32.49	-7.911	-51.141	-219.6
32.5	-7.926	-51.141	-217.8
32.51	-7.941	-51.141	-204.8
32.52	-7.959	-51.141	-195.9
32.53	-7.978	-51.141	-200.4
32.54	-7.999	-51.139	-199.5
32.55	-8.021	-51.133	-197.8
32.56	-8.044	-50.739	-191.4
32.57	-8.066	-48.263	-182.6
32.58	-8.086	-42.963	-186.4
32.59	-8.103	-37.145	-189.1
32.6	-8.117	-32.453	-186.1
32.61	-8.129	-29.038	-187.7
32.62	-8.141	-27.409	-186.4
32.63	-8.152	-26.136	-179.2
32.64	-8.166	-22.564	-175.8
32.65	-8.180	-18.147	-178.9
32.66	-8.196	-15.311	-175.1
32.67	-8.214	-12.650	-166.4
32.68	-8.231	-7.102	-163.0
32.69	-8.246	-2.027	-159.5
32.7	-8.259	-1.484	-150.9
32.71	-8.270	-2.333	-142.4
32.72	-8.278	-4.403	-139.3
32.73	-8.284	-5.670	-133.5
32.74	-8.287	-7.159	-115.4
32.75	-8.292	-14.767	-78.4
32.76	-8.299	-29.327	-33.1
32.77	-8.309	-44.016	-34.9
32.78	-8.321	-50.178	-86.3
32.79	-8.331	-50.603	-120.9
32.8	-8.341	-50.706	-119.3
32.81	-8.348	-51.017	-115.2
32.82	-8.355	-51.006	-118.2
32.83	-8.364	-47.772	-96.3
32.84	-8.372	-33.509	-19.5
32.85	-8.374	-15.317	136.9
32.86	-8.369	-15.620	428.8
32.87	-8.362	-28.911	652.5
32.88	-8.359	-31.564	454.1
32.89	-8.361	-32.183	73.4
32.9	-8.366	-42.138	-74.2
32.91	-8.367	-49.533	-86.3
32.92	-8.364	-50.752	-91.8
32.93	-8.359	-50.488	-71.7
32.94	-8.353	-49.452	-58.3
32.95	-8.341	-44.852	-57.3
32.96	-8.325	-33.877	-37.1
32.97	-8.308	-16.717	-8.4
32.98	-8.293	4.756	7.2
32.99	-8.283	28.438	18.1
33.0	-8.277	45.533	32.6
33.01	-8.274	50.813	60.3
33.02	-8.273	51.105	102.1
33.03	-8.270	50.806	120.6
33.04	-8.266	50.072	133.8
33.05	-8.261	49.914	167.1
33.06	-8.256	47.516	192.5
33.07	-8.254	36.998	197.2
33.08	-8.257	19.558	198.3
33.09	-8.263	0.152	200.2
33.1	-8.273	-14.881	179.2
33.11	-8.281	-16.470	131.0
33.12	-8.287	-6.591	78.1
33.13	-8.292	3.688	43.3
33.14	-8.297	13.856	30.4
33.15	-8.303	24.175	25.8
33.16	-8.307	30.209	24.9
33.17	-8.308	35.945	18.9
33.18	-8.307	40.952	21.5
33.19	-8.303	43.228	37.4
33.2	-8.296	45.266	46.7
33.21	-8.287	44.477	61.3
33.22	-8.278	42.048	81.8
33.23	-8.268	39.080	92.7
33.24	-8.256	33.520	100.5
33.25	-8.244	27.873	111.1
33.26	-8.229	25.025	122.8
33.27	-8.214	23.880	122.5
33.28	-8.196	22.308	117.7
33.29	-8.176	24.778	120.6
33.3	-8.154	35.334	136.3
33.31	-8.132	46.353	153.8
33.32	-8.109	50.677	154.3
33.33	-8.084	51.123	151.0
33.34	-8.059	51.139	157.4
33.35	-8.031	51.139	162.3
33.36	-8.002	51.139	169.5
33.37	-7.969	51.139	181.0
33.38	-7.936	51.138	178.3
33.39	-7.903	51.127	173.7
33.4	-7.874	50.320	181.4
33.41	-7.849	44.445	191.6
33.42	-7.828	31.584	206.5
33.43	-7.812	20.189	226.0
33.44	-7.800	16.322	265.8
33.45	-7.793	15.552	307.5
33.46	-7.789	12.472	302.3
33.47	-7.788	7.250	259.9
33.48	-7.791	3.339	226.8
33.49	-7.795	-2.148	207.6
33.5	-7.800	-12.817	192.3
33.51	-7.808	-23.892	184.0
33.52	-7.822	-31.598	198.0
33.53	-7.843	-35.850	254.5
33.54	-7.869	-36.341	386.3
33.55	-7.894	-34.295	657.5
33.56	-7.919	-32.609	880.4
33.57	-7.942	-33.616	704.2
33.58	-7.966	-38.102	332.6
33.59	-7.987	-42.683	169.3
33.6	-8.004	-46.425	153.0
33.61	-8.017	-49.891	150.3
33.62	-8.026	-51.080	149.8
33.63	-8.033	-51.136	143.5
33.64	-8.037	-51.141	150.2
33.65	-8.041	-51.141	167.7
33.66	-8.043	-51.141	181.4
33.67	-8.047	-51.141	190.5
33.68	-8.053	-51.141	205.3
33.69	-8.059	-51.141	218.6
33.7	-8.068	-51.131	228.8
33.71	-8.077	-50.958	249.9
33.72	-8.084	-49.159	276.1
33.73	-8.088	-45.575	301.8
33.74	-8.091	-42.464	318.5
33.75	-8.093	-39.866	318.6
33.76	-8.094	-38.086	321.2
33.77	-8.094	-38.827	323.8
33.78	-8.095	-39.738	303.4
33.79	-8.098	-38.866	261.6
33.8	-8.100	-38.233	209.4
33.81	-8.103	-38.398	161.0
33.82	-8.107	-37.428	122.7
33.83	-8.112	-34.106	90.0
33.84	-8.116	-29.491	74.6
33.85	-8.121	-23.505	70.8
33.86	-8.126	-13.978	70.1
33.87	-8.129	2.038	73.6
33.88	-8.131	21.909	80.7
33.89	-8.133	37.441	79.3
33.9	-8.135	46.381	73.8
33.91	-8.139	50.320	79.9
33.92	-8.142	51.108	88.4
33.93	-8.144	51.138	87.0
33.94	-8.146	51.139	82.3
33.95	-8.147	51.139	77.6
33.96	-8.146	51.139	71.6
33.97	-8.145	51.139	67.6
33.98	-8.144	51.139	70.5
33.99	-8.142	51.139	75.6
34.0	-8.137	51.139	79.1
34.01	-8.131	51.139	82.5
34.02	-8.125	51.139	84.4
34.03	-8.118	51.139	79.2
34.04	-8.112	51.139	75.9
34.05	-8.105	51.139	91.1
34.06	-8.098	51.139	108.6
34.07	-8.089	51.139	117.5
34.08	-8.079	51.139	146.5
34.09	-8.068	51.139	164.1
34.1	-8.054	51.139	128.6
34.11	-8.037	51.139	84.8
34.12	-8.018	51.139	60.4
34.13	-7.996	51.139	54.4
34.14	-7.973	51.139	55.7
34.15	-7.949	51.139	54.4
34.16	-7.923	51.139	96.6
34.17	-7.896	51.139	192.9
34.18	-7.864	51.139	385.1
34.19	-7.829	51.139	628.1
34.2	-7.793	51.139	608.1
34.21	-7.756	51.139	303.1
34.22	-7.719	51.139	86.0
34.23	-7.682	51.139	36.4
34.24	-7.643	51.139	48.1
34.25	-7.601	51.139	68.8
34.26	-7.557	51.139	76.5
34.27	-7.514	51.139	92.5
34.28	-7.470	51.139	87.9
34.29	-7.424	51.138	86.0
34.3	-7.378	51.128	107.0
34.31	-7.331	51.119	104.1
34.32	-7.288	51.127	109.6
34.33	-7.245	51.138	132.1
34.34	-7.204	51.139	144.0
34.35	-7.166	51.139	149.7
34.36	-7.130	51.139	163.1
34.37	-7.095	51.139	183.0
34.38	-7.061	51.139	201.2
34.39	-7.029	51.139	210.7
34.4	-6.997	51.139	202.5
34.41	-6.968	51.139	171.0
34.42	-6.939	51.119	135.2
34.43	-6.911	50.859	89.4
34.44	-6.884	42.750	45.8
34.45	-6.858	9.917	16.3
34.46	-6.834	-31.431	-12.9
34.47	-6.813	-49.413	-39.5
34.48	-6.793	-51.045	-54.3
34.49	-6.772	-51.141	-50.0
34.5	-6.752	-51.131	-48.6
34.51	-6.733	-51.017	-68.8
34.52	-6.717	-47.348	-84.1
34.53	-6.703	-28.272	-75.4
34.54	-6.690	7.172	-63.1
34.55	-6.679	37.253	-67.7
34.56	-6.669	49.205	-58.5
34.57	-6.660	51.013	-50.4
34.58	-6.653	49.898	-56.2
34.59	-6.646	45.953	-46.8
34.6	-6.640	41.478	-40.4
34.61	-6.634	41.084	-62.8
34.62	-6.628	45.219	-76.7
34.63	-6.623	49.525	-72.3
34.64	-6.618	51.033	-64.1
