Interval=	0.01 s
ExcelDateTime=	3.9777405109810919e+004	25/11/2008 9:43:21.487663
TimeFormat=	StartOfBlock
ChannelTitle=	Channel 1	Channel 2	Channel 3
Range=	20.000 mV	50.000 mV	1000.0 µV
0.0	-8.626	-42.377	-14.9
0.01	-8.621	-45.638	-69.4
0.02	-8.614	-48.931	-108.2
0.03	-8.606	-50.723	-112.8
0.04	-8.597	-51.098	-103.8
0.05	-8.588	-50.522	-101.0
0.06	-8.581	-47.841	-103.0
0.07	-8.578	-42.414	-95.4
0.08	-8.574	-35.484	-81.6
0.09	-8.571	-28.208	-88.8
0.1	-8.568	-21.148	-93.9
0.11	-8.564	-14.934	-80.7
0.12	-8.559	-10.098	-68.9
0.13	-8.553	-6.877	-70.6
0.14	-8.546	-5.203	-83.1
0.15	-8.538	-4.955	-80.4
0.16	-8.530	-6.211	-75.7
0.17	-8.522	-8.958	-77.8
0.18	-8.514	-12.555	-77.0
0.19	-8.507	-15.967	-74.8
0.2	-8.501	-18.920	-59.8
0.21	-8.495	-21.886	-37.9
0.22	-8.491	-24.772	-46.2
0.23	-8.488	-26.934	-53.4
0.24	-8.482	-28.286	3.7
0.25	-8.478	-29.214	49.4
0.26	-8.471	-29.723	-2.2
0.27	-8.464	-29.513	-62.0
0.28	-8.457	-28.864	-67.3
0.29	-8.451	-28.483	-62.4
0.3	-8.446	-28.263	-80.3
0.31	-8.442	-27.422	-89.8
0.32	-8.437	-26.056	-23.3
0.33	-8.429	-25.000	78.2
0.34	-8.417	-24.334	235.3
0.35	-8.408	-23.600	499.4
0.36	-8.404	-22.772	571.3
0.37	-8.399	-22.053	265.2
0.38	-8.391	-21.577	-26.8
0.39	-8.382	-21.448	-79.2
0.4	-8.374	-21.638	-72.1
0.41	-8.366	-21.980	-75.3
0.42	-8.357	-22.183	-57.2
0.43	-8.345	-21.917	-42.4
0.44	-8.328	-20.967	-41.6
0.45	-8.311	-18.966	-39.5
0.46	-8.300	-14.636	-26.5
0.47	-8.296	-4.683	-5.5
0.48	-8.295	14.342	9.7
0.49	-8.294	36.252	18.8
0.5	-8.292	48.538	42.4
0.51	-8.285	51.045	79.6
0.52	-8.276	51.131	104.8
0.53	-8.267	51.139	115.6
0.54	-8.258	51.134	133.0
0.55	-8.248	51.048	156.7
0.56	-8.238	48.852	150.3
0.57	-8.228	38.827	124.4
0.58	-8.219	20.302	105.3
0.59	-8.211	0.678	71.8
0.6	-8.202	-15.170	25.4
0.61	-8.193	-26.519	-25.5
0.62	-8.184	-33.359	-62.3
0.63	-8.178	-36.763	-80.7
0.64	-8.171	-38.503	-92.8
0.65	-8.164	-39.767	-112.3
0.66	-8.159	-41.036	-126.9
0.67	-8.154	-42.814	-107.5
0.68	-8.147	-45.573	-93.2
0.69	-8.138	-48.691	-93.0
0.7	-8.129	-50.617	-86.4
0.71	-8.121	-51.111	-88.0
0.72	-8.115	-50.858	-80.7
0.73	-8.112	-48.853	-75.5
0.74	-8.111	-43.684	-74.6
0.75	-8.111	-36.114	-65.8
0.76	-8.111	-27.742	-67.6
0.77	-8.110	-19.589	-63.5
0.78	-8.109	-12.534	-62.3
0.79	-8.108	-7.116	-63.3
0.8	-8.107	-3.323	-65.7
0.81	-8.106	-1.241	-71.6
0.82	-8.104	-1.205	-59.8
0.83	-8.103	-3.056	-49.7
0.84	-8.101	-6.167	-46.3
0.85	-8.101	-10.028	-48.9
0.86	-8.102	-14.169	-61.7
0.87	-8.104	-18.247	-72.6
0.88	-8.107	-21.975	-49.1
0.89	-8.109	-24.895	-11.0
0.9	-8.111	-26.913	5.8
0.91	-8.111	-28.261	15.4
0.92	-8.111	-29.120	19.0
0.93	-8.107	-29.719	-4.0
0.94	-8.106	-30.009	-26.8
0.95	-8.106	-29.614	-28.1
0.96	-8.107	-28.655	-40.8
0.97	-8.111	-27.720	-55.8
0.98	-8.114	-26.884	-58.3
0.99	-8.120	-25.819	-59.1
1.0	-8.124	-24.578	-14.1
1.01	-8.119	-23.542	123.3
1.02	-8.110	-22.875	374.9
1.03	-8.107	-22.294	583.3
1.04	-8.107	-21.570	425.2
1.05	-8.104	-20.933	84.7
1.06	-8.101	-20.744	-57.2
1.07	-8.103	-20.922	-68.0
1.08	-8.105	-21.150	-64.1
1.09	-8.101	-21.428	-61.2
1.1	-8.092	-21.647	-52.5
1.11	-8.082	-21.178	-46.1
1.12	-8.073	-19.588	-46.6
1.13	-8.068	-16.461	-26.8
1.14	-8.068	-9.095	-6.8
1.15	-8.072	7.339	-4.4
1.16	-8.078	30.245	-0.6
1.17	-8.082	46.344	15.4
1.18	-8.084	50.884	32.2
1.19	-8.082	51.127	63.1
1.2	-8.079	51.139	107.8
1.21	-8.075	51.138	132.1
1.22	-8.072	51.122	134.1
1.23	-8.069	50.227	116.9
1.24	-8.066	43.436	99.4
1.25	-8.063	26.836	94.1
1.26	-8.063	6.250	71.8
1.27	-8.063	-11.006	21.9
1.28	-8.064	-23.384	-30.3
1.29	-8.065	-31.394	-59.8
1.3	-8.066	-36.069	-86.8
1.31	-8.068	-38.623	-114.9
1.32	-8.072	-39.827	-115.8
1.33	-8.076	-40.445	-110.2
1.34	-8.078	-41.605	-99.2
1.35	-8.077	-43.931	-89.4
1.36	-8.074	-47.103	-104.1
1.37	-8.072	-49.816	-99.3
1.38	-8.070	-50.977	-78.9
1.39	-8.069	-51.102	-91.2
1.4	-8.071	-50.417	-94.6
1.41	-8.074	-47.611	-92.4
1.42	-8.079	-42.117	-104.3
1.43	-8.084	-34.878	-90.1
1.44	-8.088	-27.105	-61.8
1.45	-8.091	-19.802	-51.3
1.46	-8.092	-13.653	-69.8
1.47	-8.092	-9.009	-84.3
1.48	-8.092	-6.117	-72.5
1.49	-8.091	-5.155	-82.2
1.5	-8.091	-5.934	-94.5
1.51	-8.091	-7.994	-62.3
1.52	-8.092	-11.025	-35.3
1.53	-8.092	-14.714	-51.9
1.54	-8.094	-18.464	-80.5
1.55	-8.096	-21.742	-86.8
1.56	-8.098	-24.467	-71.5
1.57	-8.100	-26.831	-60.7
1.58	-8.102	-28.753	-54.3
1.59	-8.104	-29.939	-41.4
1.6	-8.107	-30.477	-29.3
1.61	-8.110	-30.744	-26.3
1.62	-8.113	-30.777	-22.7
1.63	-8.117	-30.364	-5.9
1.64	-8.121	-29.775	6.3
1.65	-8.125	-29.378	-7.8
1.66	-8.129	-28.966	-47.6
1.67	-8.134	-28.195	-66.7
1.68	-8.141	-27.105	-52.5
1.69	-8.147	-25.889	-63.5
1.7	-8.155	-24.720	-72.6
1.71	-8.163	-23.725	-39.5
1.72	-8.167	-22.805	46.3
1.73	-8.168	-21.794	270.5
1.74	-8.174	-20.856	557.3
1.75	-8.184	-20.103	529.6
1.76	-8.193	-19.309	181.2
1.77	-8.198	-18.681	-48.4
1.78	-8.203	-18.819	-77.7
1.79	-8.209	-19.605	-88.8
1.8	-8.213	-20.111	-101.8
1.81	-8.216	-19.839	-68.8
1.82	-8.216	-19.102	-39.3
1.83	-8.216	-17.961	-45.0
1.84	-8.220	-15.234	-55.7
1.85	-8.226	-7.991	-50.8
1.86	-8.236	7.761	-29.0
1.87	-8.247	29.855	-18.4
1.88	-8.259	46.000	3.8
1.89	-8.272	50.834	46.3
1.9	-8.281	51.123	73.0
1.91	-8.287	51.139	79.9
1.92	-8.292	51.139	79.4
1.93	-8.296	51.125	100.0
1.94	-8.298	50.520	127.0
1.95	-8.299	44.977	133.7
1.96	-8.301	29.884	112.4
1.97	-8.303	9.878	76.6
1.98	-8.307	-7.489	47.9
1.99	-8.312	-20.333	-25.8
2.0	-8.317	-29.194	-93.7
2.01	-8.322	-34.766	-100.2
2.02	-8.328	-37.720	-103.8
2.03	-8.334	-38.944	-108.2
2.04	-8.339	-39.584	-104.4
2.05	-8.342	-40.478	-115.0
2.06	-8.345	-42.050	-132.2
2.07	-8.346	-44.633	-126.5
2.08	-8.346	-47.884	-114.3
2.09	-8.344	-50.284	-120.3
2.1	-8.345	-51.013	-119.2
2.11	-8.346	-50.327	-100.6
2.12	-8.346	-47.748	-88.3
2.13	-8.348	-43.100	-92.6
2.14	-8.351	-37.184	-99.1
2.15	-8.356	-30.833	-92.7
2.16	-8.359	-24.656	-90.9
2.17	-8.363	-18.919	-100.4
2.18	-8.366	-13.853	-92.5
2.19	-8.369	-10.108	-77.0
2.2	-8.373	-8.270	-76.8
2.21	-8.375	-8.094	-101.8
2.22	-8.376	-8.853	-103.5
2.23	-8.377	-10.380	-61.9
2.24	-8.378	-12.967	-57.8
2.25	-8.379	-16.238	-85.3
2.26	-8.380	-19.306	-97.7
2.27	-8.382	-22.050	-93.2
2.28	-8.384	-24.763	-78.2
2.29	-8.387	-27.188	-72.3
2.3	-8.390	-28.944	-67.9
2.31	-8.393	-30.108	-60.4
2.32	-8.395	-30.928	-63.3
2.33	-8.398	-31.464	-76.6
2.34	-8.401	-31.711	-71.5
2.35	-8.402	-31.791	-54.8
2.36	-8.404	-31.523	-31.5
2.37	-8.406	-30.684	-4.6
2.38	-8.407	-29.781	6.3
2.39	-8.408	-29.253	10.6
2.4	-8.411	-28.634	-19.5
2.41	-8.413	-27.445	-59.8
2.42	-8.415	-25.914	-66.7
2.43	-8.418	-24.423	-66.1
2.44	-8.420	-23.113	-82.0
2.45	-8.423	-22.003	-81.6
2.46	-8.424	-21.077	-30.8
2.47	-8.419	-20.230	37.1
2.48	-8.411	-19.398	206.8
2.49	-8.407	-18.792	509.0
2.5	-8.411	-18.542	601.3
2.51	-8.418	-18.359	306.0
2.52	-8.422	-18.173	8.1
2.53	-8.422	-18.359	-73.3
2.54	-8.418	-18.816	-84.3
2.55	-8.411	-19.167	-86.7
2.56	-8.404	-19.441	-81.9
2.57	-8.396	-19.530	-78.5
2.58	-8.388	-18.930	-67.7
2.59	-8.383	-16.891	-47.1
2.6	-8.379	-11.384	-35.0
2.61	-8.375	1.723	-28.6
2.62	-8.374	23.261	-11.2
2.63	-8.374	42.514	7.8
2.64	-8.376	50.219	28.1
2.65	-8.377	51.117	42.8
2.66	-8.376	51.139	70.5
2.67	-8.374	51.139	102.8
2.68	-8.371	51.133	112.6
2.69	-8.367	51.017	133.5
2.7	-8.363	48.425	142.2
2.71	-8.357	37.502	124.5
2.72	-8.354	18.194	99.3
2.73	-8.351	-1.795	60.1
2.74	-8.348	-17.773	13.1
2.75	-8.346	-29.202	-36.4
2.76	-8.346	-36.350	-72.1
2.77	-8.347	-40.047	-102.7
2.78	-8.349	-41.342	-117.7
2.79	-8.348	-41.370	-123.6
2.8	-8.344	-41.225	-130.7
2.81	-8.341	-41.634	-121.6
2.82	-8.336	-42.902	-111.6
2.83	-8.328	-45.034	-104.7
2.84	-8.318	-47.508	-103.2
2.85	-8.308	-49.116	-113.2
2.86	-8.297	-48.775	-116.5
2.87	-8.290	-46.350	-99.8
2.88	-8.284	-42.338	-77.3
2.89	-8.278	-37.256	-87.6
2.9	-8.273	-31.675	-104.0
2.91	-8.266	-26.116	-94.8
2.92	-8.259	-20.688	-103.0
2.93	-8.251	-15.563	-105.9
2.94	-8.242	-11.400	-78.3
2.95	-8.231	-8.620	-66.6
2.96	-8.220	-7.120	-85.4
2.97	-8.207	-6.914	-92.6
2.98	-8.195	-8.119	-77.7
2.99	-8.183	-10.414	-84.8
3.0	-8.171	-13.275	-96.1
3.01	-8.161	-16.378	-87.4
3.02	-8.152	-19.480	-78.3
3.03	-8.144	-22.383	-79.0
3.04	-8.137	-24.966	-74.3
3.05	-8.131	-27.186	-68.7
3.06	-8.124	-29.016	-66.8
3.07	-8.119	-30.223	-57.4
3.08	-8.114	-30.731	-52.9
3.09	-8.110	-30.906	-41.2
3.1	-8.108	-31.027	10.5
3.11	-8.108	-30.938	50.6
3.12	-8.108	-30.461	14.4
3.13	-8.107	-29.834	-30.7
3.14	-8.104	-29.225	-57.6
3.15	-8.101	-28.305	-96.0
3.16	-8.099	-27.034	-94.8
3.17	-8.098	-26.017	-62.1
3.18	-8.096	-25.316	-21.6
3.19	-8.090	-24.273	40.9
3.2	-8.078	-22.941	205.3
3.21	-8.068	-22.077	509.1
3.22	-8.069	-21.647	607.6
3.23	-8.078	-20.992	310.2
3.24	-8.088	-20.222	26.8
3.25	-8.095	-19.902	-38.2
3.26	-8.098	-19.934	-62.1
3.27	-8.095	-19.975	-86.2
3.28	-8.085	-20.094	-74.9
3.29	-8.072	-20.119	-65.8
3.3	-8.061	-19.455	-53.9
3.31	-8.051	-17.767	-40.1
3.32	-8.043	-14.327	-48.5
3.33	-8.037	-6.239	-34.0
3.34	-8.037	10.664	4.5
3.35	-8.041	32.708	35.4
3.36	-8.049	47.197	53.8
3.37	-8.060	50.948	62.5
3.38	-8.072	51.128	69.8
3.39	-8.084	51.139	87.4
3.4	-8.095	51.139	129.7
3.41	-8.106	51.123	162.4
3.42	-8.116	50.420	160.0
3.43	-8.126	44.392	153.2
3.44	-8.137	28.400	119.3
3.45	-8.149	7.183	50.1
3.46	-8.161	-11.686	-2.9
3.47	-8.172	-26.003	-48.6
3.48	-8.183	-35.895	-80.7
3.49	-8.193	-41.911	-79.0
3.5	-8.203	-44.770	-90.9
3.51	-8.209	-45.217	-127.9
3.52	-8.211	-44.394	-146.0
3.53	-8.213	-43.797	-128.8
3.54	-8.215	-44.383	-115.4
3.55	-8.216	-45.998	-123.1
3.56	-8.216	-47.703	-115.7
3.57	-8.217	-48.708	-100.9
3.58	-8.219	-48.625	-91.8
3.59	-8.223	-46.981	-102.0
3.6	-8.227	-43.572	-121.8
3.61	-8.231	-38.653	-99.1
3.62	-8.234	-32.664	-76.3
3.63	-8.238	-26.353	-85.4
3.64	-8.241	-20.331	-82.0
3.65	-8.242	-14.802	-79.0
3.66	-8.242	-10.072	-86.3
3.67	-8.241	-6.569	-94.1
3.68	-8.238	-4.520	-97.6
3.69	-8.236	-3.950	-89.9
3.7	-8.234	-4.728	-78.4
3.71	-8.232	-6.675	-83.6
3.72	-8.231	-9.688	-84.0
3.73	-8.231	-13.381	-77.9
3.74	-8.231	-17.103	-87.0
3.75	-8.231	-20.483	-67.6
3.76	-8.232	-23.395	-43.3
3.77	-8.232	-25.713	-48.7
3.78	-8.231	-27.580	-41.8
3.79	-8.229	-29.142	-20.9
3.8	-8.228	-30.225	-2.1
3.81	-8.225	-30.697	21.8
3.82	-8.223	-30.584	24.7
3.83	-8.221	-30.041	-23.6
3.84	-8.219	-29.359	-59.6
3.85	-8.217	-28.714	-56.9
3.86	-8.216	-27.989	-68.6
3.87	-8.216	-27.019	-86.1
3.88	-8.219	-25.839	-53.3
3.89	-8.220	-24.659	27.5
3.9	-8.216	-23.648	148.4
3.91	-8.209	-22.625	399.8
3.92	-8.209	-21.433	622.8
3.93	-8.213	-20.428	449.1
3.94	-8.214	-19.806	84.8
3.95	-8.213	-19.419	-69.2
3.96	-8.212	-19.359	-69.1
3.97	-8.210	-19.723	-56.5
3.98	-8.207	-20.242	-49.8
3.99	-8.203	-20.469	-37.9
4.0	-8.194	-20.202	-26.4
4.01	-8.186	-19.456	-28.6
4.02	-8.183	-17.773	-33.8
4.03	-8.184	-13.208	-23.9
4.04	-8.188	-1.616	12.3
4.05	-8.193	19.216	51.3
4.06	-8.198	40.066	54.9
4.07	-8.201	49.706	61.0
4.08	-8.201	51.116	81.3
4.09	-8.200	51.136	110.4
4.1	-8.199	51.139	146.7
4.11	-8.199	51.134	163.0
4.12	-8.199	51.095	168.1
4.13	-8.200	49.567	153.5
4.14	-8.202	40.698	128.6
4.15	-8.205	21.873	100.8
4.16	-8.209	0.067	50.5
4.17	-8.214	-18.384	-2.7
4.18	-8.218	-32.233	-39.5
4.19	-8.223	-41.523	-62.8
4.2	-8.229	-46.797	-80.1
4.21	-8.234	-48.778	-91.2
4.22	-8.238	-48.345	-104.5
4.23	-8.241	-46.728	-116.5
4.24	-8.242	-45.303	-94.3
4.25	-8.241	-45.048	-79.7
4.26	-8.238	-46.111	-78.7
4.27	-8.234	-47.706	-79.5
4.28	-8.232	-48.481	-98.4
4.29	-8.232	-47.272	-107.1
4.3	-8.233	-43.986	-93.1
4.31	-8.231	-39.370	-76.2
4.32	-8.229	-33.861	-62.0
4.33	-8.228	-27.481	-64.5
4.34	-8.228	-20.527	-70.3
4.35	-8.227	-13.675	-58.0
4.36	-8.227	-7.703	-52.4
4.37	-8.226	-3.127	-65.0
4.38	-8.226	-0.150	-76.7
4.39	-8.225	1.247	-77.9
4.4	-8.223	1.111	-72.6
4.41	-8.219	-0.588	-58.8
4.42	-8.217	-3.767	-42.4
4.43	-8.216	-8.031	-45.5
4.44	-8.216	-12.631	-46.8
4.45	-8.216	-16.831	-20.3
4.46	-8.217	-20.331	14.3
4.47	-8.216	-23.228	27.4
4.48	-8.216	-25.636	-5.7
4.49	-8.216	-27.553	-58.2
4.5	-8.215	-28.923	-77.2
4.51	-8.215	-29.677	-70.2
4.52	-8.217	-29.831	-70.0
4.53	-8.223	-29.445	-66.8
4.54	-8.228	-28.641	-32.3
4.55	-8.228	-27.695	35.1
4.56	-8.223	-26.831	204.3
4.57	-8.219	-26.034	475.7
4.58	-8.220	-25.084	532.4
4.59	-8.219	-23.850	234.5
4.6	-8.215	-22.816	-23.0
4.61	-8.212	-22.536	-66.3
4.62	-8.210	-22.634	-76.8
4.63	-8.207	-22.495	-74.8
4.64	-8.202	-22.220	-44.7
4.65	-8.193	-22.023	-34.6
4.66	-8.183	-21.591	-43.8
4.67	-8.176	-20.319	-46.1
4.68	-8.173	-17.502	-41.2
4.69	-8.175	-11.217	-29.7
4.7	-8.179	2.627	3.4
4.71	-8.183	24.480	44.9
4.72	-8.185	43.255	58.5
4.73	-8.184	50.369	58.5
4.74	-8.179	51.117	69.5
4.75	-8.170	51.139	80.6
4.76	-8.161	51.139	112.1
4.77	-8.152	51.133	154.7
4.78	-8.147	51.014	169.9
4.79	-8.143	48.302	132.0
4.8	-8.141	36.794	75.8
4.81	-8.140	16.455	26.5
4.82	-8.139	-4.517	-9.8
4.83	-8.138	-21.406	-19.5
4.84	-8.137	-33.933	-41.8
4.85	-8.139	-41.973	-81.1
4.86	-8.145	-45.759	-111.0
4.87	-8.151	-46.523	-116.8
4.88	-8.153	-45.847	-105.1
4.89	-8.153	-44.775	-107.3
4.9	-8.153	-44.009	-92.9
4.91	-8.151	-44.389	-80.1
4.92	-8.148	-46.298	-80.9
4.93	-8.146	-48.636	-70.7
4.94	-8.144	-49.394	-84.1
4.95	-8.144	-47.650	-92.7
4.96	-8.146	-44.178	-75.4
4.97	-8.151	-39.655	-78.5
4.98	-8.158	-33.764	-91.4
4.99	-8.165	-26.700	-68.4
5.0	-8.171	-19.566	-40.0
5.01	-8.176	-13.011	-50.9
5.02	-8.181	-7.091	-69.2
5.03	-8.186	-2.156	-73.0
5.04	-8.192	1.048	-81.9
5.05	-8.197	2.064	-76.3
5.06	-8.203	0.991	-50.9
5.07	-8.208	-1.698	-39.5
5.08	-8.214	-5.394	-45.4
5.09	-8.222	-9.591	-38.1
5.1	-8.231	-13.944	4.2
5.11	-8.239	-18.178	28.5
5.12	-8.248	-22.002	5.6
5.13	-8.256	-25.169	-41.0
5.14	-8.265	-27.589	-69.3
5.15	-8.274	-29.184	-78.9
5.16	-8.284	-29.967	-82.3
5.17	-8.292	-30.255	-54.4
5.18	-8.300	-30.223	-23.4
5.19	-8.306	-29.656	-4.0
5.2	-8.308	-28.692	125.4
5.21	-8.309	-27.808	422.3
5.22	-8.319	-27.080	560.9
5.23	-8.330	-26.309	309.5
5.24	-8.339	-25.381	27.0
5.25	-8.346	-24.475	-58.0
5.26	-8.352	-24.066	-81.8
5.27	-8.356	-24.208	-93.0
5.28	-8.358	-24.319	-91.3
5.29	-8.358	-23.959	-68.2
5.3	-8.357	-23.119	-35.8
5.31	-8.356	-21.370	-46.3
5.32	-8.360	-17.636	-50.8
5.33	-8.368	-9.822	-19.2
5.34	-8.379	6.077	-1.2
5.35	-8.390	28.647	1.0
5.36	-8.402	45.531	28.5
5.37	-8.412	50.772	72.9
5.38	-8.422	51.120	80.7
5.39	-8.431	51.139	70.7
5.4	-8.438	51.139	105.8
5.41	-8.444	51.123	150.2
5.42	-8.450	50.611	142.0
5.43	-8.456	45.391	110.3
5.44	-8.461	30.350	90.8
5.45	-8.467	9.625	50.1
5.46	-8.473	-8.963	-7.7
5.47	-8.479	-23.325	-34.3
5.48	-8.488	-33.716	-65.9
5.49	-8.498	-40.277	-107.3
5.5	-8.508	-43.511	-120.4
5.51	-8.514	-44.308	-121.9
5.52	-8.519	-43.678	-113.9
5.53	-8.525	-42.842	-114.9
5.54	-8.531	-42.981	-113.3
5.55	-8.536	-44.481	-115.3
5.56	-8.539	-46.700	-130.6
5.57	-8.542	-48.402	-112.8
5.58	-8.544	-48.614	-94.0
5.59	-8.548	-47.030	-91.8
5.6	-8.554	-43.777	-80.4
5.61	-8.561	-39.181	-85.6
5.62	-8.567	-33.680	-90.7
5.63	-8.574	-27.750	-89.6
5.64	-8.581	-21.761	-84.8
5.65	-8.587	-16.136	-82.9
5.66	-8.592	-11.428	-90.5
5.67	-8.594	-8.014	-90.0
5.68	-8.597	-5.908	-85.3
5.69	-8.598	-5.009	-76.6
5.7	-8.600	-5.523	-62.3
5.71	-8.601	-7.675	-55.8
5.72	-8.603	-10.809	-77.9
5.73	-8.606	-13.942	-82.5
5.74	-8.609	-16.966	-53.7
5.75	-8.613	-20.009	-23.9
5.76	-8.616	-22.811	7.8
5.77	-8.619	-25.219	25.0
5.78	-8.621	-27.156	4.8
5.79	-8.624	-28.414	-50.9
5.8	-8.626	-29.103	-89.0
5.81	-8.628	-29.670	-80.6
5.82	-8.631	-30.203	-66.9
5.83	-8.634	-30.180	-80.8
5.84	-8.635	-29.373	-66.8
5.85	-8.633	-28.519	2.7
5.86	-8.625	-28.095	145.0
5.87	-8.620	-27.561	411.8
5.88	-8.624	-26.548	597.6
5.89	-8.634	-25.533	412.2
5.9	-8.643	-24.956	75.3
5.91	-8.648	-24.611	-71.4
5.92	-8.651	-24.225	-88.4
5.93	-8.647	-23.934	-78.6
5.94	-8.640	-23.836	-54.8
5.95	-8.632	-23.575	-60.4
5.96	-8.626	-22.595	-63.3
5.97	-8.621	-20.541	-42.4
5.98	-8.619	-16.450	-41.2
5.99	-8.616	-7.031	-28.1
6.0	-8.607	11.672	-4.8
6.01	-8.598	34.317	16.5
6.02	-8.589	47.909	50.4
6.03	-8.578	51.009	56.3
6.04	-8.566	51.133	62.1
6.05	-8.553	51.139	91.5
6.06	-8.538	51.138	103.2
6.07	-8.523	51.123	108.5
6.08	-8.507	50.200	129.6
6.09	-8.489	43.447	141.7
6.1	-8.473	27.348	124.5
6.11	-8.458	7.500	82.4
6.12	-8.445	-9.747	21.5
6.13	-8.431	-23.000	-52.9
6.14	-8.418	-32.108	-101.3
6.15	-8.409	-37.595	-95.6
6.16	-8.403	-40.433	-93.1
6.17	-8.395	-41.414	-114.6
6.18	-8.384	-41.497	-118.2
6.19	-8.374	-41.978	-115.0
6.2	-8.365	-43.633	-122.8
6.21	-8.354	-46.066	-124.2
6.22	-8.344	-48.369	-99.6
6.23	-8.333	-49.741	-79.6
6.24	-8.326	-49.444	-95.5
6.25	-8.319	-47.100	-114.4
6.26	-8.315	-43.009	-96.9
6.27	-8.313	-37.945	-84.1
6.28	-8.311	-32.458	-86.7
6.29	-8.311	-26.566	-88.1
6.3	-8.311	-20.547	-81.0
6.31	-8.310	-15.150	-62.5
6.32	-8.308	-10.848	-85.2
6.33	-8.305	-7.772	-97.9
6.34	-8.302	-6.077	-58.7
6.35	-8.299	-5.813	-55.7
6.36	-8.297	-6.756	-65.6
6.37	-8.297	-8.613	-65.0
6.38	-8.299	-11.233	-67.1
6.39	-8.302	-14.394	-51.8
6.4	-8.309	-17.594	-31.6
6.41	-8.320	-20.417	14.3
6.42	-8.334	-22.981	34.8
6.43	-8.350	-25.447	-19.3
6.44	-8.364	-27.355	-75.3
6.45	-8.376	-28.367	-91.4
6.46	-8.387	-28.948	-72.3
6.47	-8.396	-29.430	-59.8
6.48	-8.402	-29.486	-68.9
6.49	-8.404	-29.086	-42.0
6.5	-8.399	-28.622	59.7
6.51	-8.391	-28.145	259.9
6.52	-8.386	-27.527	538.8
6.53	-8.387	-26.917	572.2
6.54	-8.389	-26.456	233.9
6.55	-8.387	-25.998	-36.3
6.56	-8.383	-25.555	-85.4
6.57	-8.377	-25.344	-76.2
6.58	-8.371	-25.386	-53.9
6.59	-8.363	-25.453	-55.8
6.6	-8.354	-25.163	-63.5
6.61	-8.342	-23.961	-49.2
6.62	-8.332	-21.244	-41.0
6.63	-8.324	-15.614	-37.2
6.64	-8.319	-3.433	0.4
6.65	-8.316	17.795	36.9
6.66	-8.311	39.338	43.2
6.67	-8.305	49.559	60.4
6.68	-8.299	51.111	78.6
6.69	-8.292	51.134	80.8
6.7	-8.284	51.139	118.4
6.71	-8.276	51.134	164.6
6.72	-8.267	51.064	165.3
6.73	-8.256	49.098	153.7
6.74	-8.244	39.497	136.7
6.75	-8.233	20.931	100.9
6.76	-8.224	0.592	61.3
6.77	-8.218	-16.111	11.3
6.78	-8.213	-28.194	-44.4
6.79	-8.208	-35.777	-82.3
6.8	-8.204	-39.786	-98.4
6.81	-8.199	-41.388	-102.7
6.82	-8.192	-41.664	-109.8
6.83	-8.186	-41.731	-120.1
6.84	-8.179	-42.522	-124.8
6.85	-8.171	-44.411	-121.2
6.86	-8.161	-47.070	-107.2
6.87	-8.150	-49.494	-89.8
6.88	-8.140	-50.469	-89.6
6.89	-8.133	-49.228	-103.7
6.9	-8.126	-45.706	-100.6
6.91	-8.122	-40.564	-82.4
6.92	-8.117	-34.508	-70.1
6.93	-8.114	-27.620	-79.1
6.94	-8.109	-20.291	-89.2
6.95	-8.105	-13.745	-85.2
6.96	-8.100	-8.722	-77.4
6.97	-8.094	-4.967	-70.6
6.98	-8.088	-2.456	-66.5
6.99	-8.080	-1.752	-56.3
7.0	-8.072	-3.027	-54.1
7.01	-8.066	-5.766	-65.3
7.02	-8.059	-9.322	-50.1
7.03	-8.053	-13.178	3.8
7.04	-8.047	-16.955	42.5
7.05	-8.040	-20.380	14.4
7.06	-8.033	-23.216	-41.3
7.07	-8.024	-25.331	-79.6
7.08	-8.017	-26.853	-89.0
7.09	-8.011	-27.955	-89.4
7.1	-8.006	-28.586	-77.1
7.11	-8.002	-28.684	-31.3
7.12	-7.995	-28.352	36.3
7.13	-7.981	-27.750	169.9
7.14	-7.968	-27.167	417.2
7.15	-7.961	-26.672	545.9
7.16	-7.954	-25.989	302.9
7.17	-7.942	-25.214	-4.4
7.18	-7.926	-24.714	-66.8
7.19	-7.906	-24.509	-52.2
7.2	-7.883	-24.453	-77.2
7.21	-7.859	-24.323	-74.8
7.22	-7.832	-23.875	-62.3
7.23	-7.803	-22.895	-59.2
7.24	-7.773	-21.145	-47.4
7.25	-7.748	-17.761	-39.3
7.26	-7.728	-9.822	-23.3
7.27	-7.711	6.914	-16.3
7.28	-7.696	29.817	-6.7
7.29	-7.679	46.116	14.1
7.3	-7.658	50.855	52.8
7.31	-7.633	51.125	110.1
7.32	-7.606	51.139	138.2
7.33	-7.579	51.138	142.2
7.34	-7.551	51.122	143.7
7.35	-7.522	50.250	140.8
7.36	-7.494	43.559	126.9
7.37	-7.465	27.095	99.4
7.38	-7.438	6.539	69.4
7.39	-7.409	-10.978	28.1
7.4	-7.378	-23.944	-24.1
7.41	-7.341	-32.433	-62.6
7.42	-7.301	-37.002	-76.0
7.43	-7.256	-39.042	-90.9
7.44	-7.211	-39.894	-113.4
7.45	-7.167	-40.397	-132.3
7.46	-7.128	-41.456	-133.2
7.47	-7.093	-43.892	-131.1
7.48	-7.060	-47.345	-128.0
7.49	-7.032	-50.048	-116.3
7.5	-7.013	-51.022	-103.7
7.51	-7.001	-50.797	-94.6
7.52	-6.993	-48.938	-92.3
7.53	-6.987	-44.572	-85.0
7.54	-6.982	-38.113	-66.6
7.55	-6.979	-30.423	-39.4
7.56	-6.978	-22.439	-22.7
7.57	-6.980	-15.020	-14.3
7.58	-6.984	-8.803	-22.3
7.59	-6.984	-4.186	-32.3
7.6	-6.976	-1.358	-20.0
7.61	-6.960	-0.739	-19.8
7.62	-6.942	-2.391	-13.1
7.63	-6.921	-5.553	1.0
7.64	-6.899	-9.511	2.2
7.65	-6.878	-13.806	6.5
7.66	-6.857	-17.887	23.9
7.67	-6.839	-21.559	22.6
7.68	-6.822	-24.795	-9.1
7.69	-6.805	-27.202	-51.0
7.7	-6.787	-28.656	-92.2
7.71	-6.769	-29.386	-98.6
7.72	-6.753	-29.525	-91.8
7.73	-6.739	-29.339	-91.4
7.74	-6.728	-29.044	-38.0
7.75	-6.712	-28.608	41.4
7.76	-6.689	-28.034	182.4
7.77	-6.670	-27.364	445.0
7.78	-6.654	-26.611	520.6
7.79	-6.639	-25.970	231.6
7.8	-6.625	-25.625	-27.5
7.81	-6.616	-25.144	-71.5
7.82	-6.609	-24.247	-63.4
7.83	-6.604	-23.644	-42.4
7.84	-6.595	-23.677	-32.6
7.85	-6.582	-23.303	-44.5
7.86	-6.567	-21.445	-31.9
7.87	-6.554	-18.186	-12.0
7.88	-6.548	-13.052	4.9
7.89	-6.547	-2.366	21.3
7.9	-6.549	17.512	26.5
7.91	-6.553	38.848	36.1
7.92	-6.556	49.427	49.2
7.93	-6.556	51.108	64.0
7.94	-6.556	51.134	98.3
7.95	-6.556	51.139	129.3
7.96	-6.556	51.134	156.1
7.97	-6.554	51.052	181.3
7.98	-6.551	48.858	176.5
7.99	-6.547	38.613	142.3
8.0	-6.543	19.617	88.3
8.01	-6.541	-0.080	40.2
8.02	-6.540	-15.434	12.8
8.03	-6.543	-26.348	-4.9
8.04	-6.547	-33.266	-18.8
8.05	-6.554	-37.036	-45.5
8.06	-6.567	-38.856	-64.6
8.07	-6.584	-39.878	-77.2
8.08	-6.598	-41.147	-82.0
8.09	-6.609	-43.391	-62.4
8.1	-6.617	-46.569	-45.3
8.11	-6.626	-49.486	-59.3
8.12	-6.637	-50.883	-73.5
8.13	-6.648	-51.128	-60.9
8.14	-6.663	-50.894	-65.3
8.15	-6.682	-48.997	-78.5
8.16	-6.703	-44.034	-53.8
8.17	-6.726	-36.880	-40.0
8.18	-6.749	-28.834	-69.6
8.19	-6.771	-20.419	-71.8
8.2	-6.794	-12.848	-34.9
8.21	-6.817	-7.364	-29.1
8.22	-6.841	-4.197	-60.3
8.23	-6.863	-2.930	-71.3
8.24	-6.885	-3.206	-54.3
8.25	-6.906	-5.102	-41.5
8.26	-6.929	-8.552	-40.9
8.27	-6.953	-12.758	-59.8
8.28	-6.979	-16.736	-60.3
8.29	-7.009	-20.159	-47.7
8.3	-7.042	-23.178	-53.8
8.31	-7.075	-25.648	-46.6
8.32	-7.106	-27.308	-26.4
8.33	-7.135	-28.353	10.7
8.34	-7.163	-29.275	34.7
8.35	-7.187	-30.111	-4.4
8.36	-7.210	-30.328	-66.4
8.37	-7.231	-29.767	-94.4
8.38	-7.252	-28.870	-77.8
8.39	-7.273	-27.964	-71.5
8.4	-7.296	-27.008	-61.8
8.41	-7.319	-25.955	-18.3
8.42	-7.338	-25.056	36.7
8.43	-7.352	-24.497	210.2
8.44	-7.372	-24.094	485.1
8.45	-7.396	-23.600	497.5
8.46	-7.416	-23.072	199.9
8.47	-7.431	-22.688	-34.6
8.48	-7.444	-22.363	-92.4
8.49	-7.455	-22.231	-82.9
8.5	-7.463	-22.652	-72.4
8.51	-7.469	-23.153	-94.1
8.52	-7.471	-22.673	-109.9
8.53	-7.471	-20.759	-78.6
8.54	-7.474	-17.142	-42.6
8.55	-7.479	-9.467	-42.7
8.56	-7.488	6.934	-39.7
8.57	-7.498	29.877	-18.8
8.58	-7.508	46.211	-6.1
8.59	-7.517	50.873	1.9
8.6	-7.524	51.125	17.0
8.61	-7.528	51.139	49.0
8.62	-7.531	51.138	98.4
8.63	-7.532	51.123	115.4
8.64	-7.534	50.394	98.9
8.65	-7.536	44.450	94.9
8.66	-7.538	29.213	78.4
8.67	-7.541	9.555	28.6
8.68	-7.543	-7.494	-11.1
8.69	-7.548	-20.230	-35.8
8.7	-7.555	-29.159	-64.9
8.71	-7.564	-34.875	-91.1
8.72	-7.571	-37.967	-112.6
8.73	-7.578	-39.484	-125.9
8.74	-7.584	-40.759	-130.6
8.75	-7.589	-42.677	-138.1
8.76	-7.593	-45.498	-140.0
8.77	-7.595	-48.609	-109.1
8.78	-7.596	-50.578	-82.8
8.79	-7.596	-51.109	-103.4
8.8	-7.597	-51.122	-123.1
8.81	-7.598	-50.675	-122.8
8.82	-7.599	-48.358	-102.0
8.83	-7.601	-43.284	-85.1
8.84	-7.603	-36.394	-94.6
8.85	-7.604	-28.953	-97.1
8.86	-7.607	-21.928	-97.1
8.87	-7.609	-16.075	-103.4
8.88	-7.611	-11.747	-92.9
8.89	-7.614	-9.025	-73.7
8.9	-7.616	-7.788	-73.4
8.91	-7.620	-7.928	-89.1
8.92	-7.624	-9.369	-86.8
8.93	-7.628	-11.808	-84.4
8.94	-7.633	-14.886	-83.2
8.95	-7.638	-18.330	-85.5
8.96	-7.644	-21.708	-94.8
8.97	-7.652	-24.478	-67.0
8.98	-7.661	-26.577	-47.0
8.99	-7.669	-28.403	-67.1
9.0	-7.678	-30.022	-72.9
9.01	-7.686	-31.025	-79.9
9.02	-7.694	-31.402	-87.8
9.03	-7.703	-31.631	-69.1
9.04	-7.710	-31.775	-57.9
9.05	-7.716	-31.472	-51.2
9.06	-7.723	-30.767	-50.1
9.07	-7.728	-30.081	-56.4
9.08	-7.733	-29.420	-43.8
9.09	-7.739	-28.534	-60.0
9.1	-7.746	-27.506	-64.4
9.11	-7.753	-26.550	-35.1
9.12	-7.759	-25.691	-33.4
9.13	-7.766	-24.786	-3.4
9.14	-7.773	-23.827	32.2
9.15	-7.778	-23.044	-0.6
9.16	-7.784	-22.344	-46.3
9.17	-7.788	-21.433	-80.0
9.18	-7.794	-20.570	-94.3
9.19	-7.800	-20.150	-85.5
9.2	-7.805	-19.795	-61.9
9.21	-7.804	-18.958	-3.3
9.22	-7.798	-18.102	95.0
9.23	-7.789	-17.991	310.4
9.24	-7.789	-18.244	568.6
9.25	-7.798	-18.125	520.4
9.26	-7.808	-17.961	199.0
9.27	-7.814	-18.420	-21.9
9.28	-7.816	-19.223	-92.2
9.29	-7.813	-19.853	-100.8
9.3	-7.807	-20.531	-65.0
9.31	-7.802	-21.364	-59.3
9.32	-7.799	-21.650	-78.5
9.33	-7.798	-20.450	-66.8
9.34	-7.798	-16.363	-54.6
9.35	-7.795	-5.647	-51.3
9.36	-7.796	15.148	-28.3
9.37	-7.798	37.766	-0.7
9.38	-7.802	49.184	14.9
9.39	-7.805	51.094	25.2
9.4	-7.808	51.133	46.2
9.41	-7.809	51.139	73.5
9.42	-7.809	51.138	96.8
9.43	-7.810	51.123	117.1
9.44	-7.810	50.266	135.0
9.45	-7.808	43.750	129.0
9.46	-7.805	27.892	107.7
9.47	-7.802	8.392	86.5
9.48	-7.801	-8.037	54.0
9.49	-7.803	-20.394	17.4
9.5	-7.809	-29.052	-38.7
9.51	-7.816	-34.198	-97.8
9.52	-7.824	-36.594	-113.8
9.53	-7.831	-37.670	-112.5
9.54	-7.835	-38.928	-116.7
9.55	-7.838	-41.175	-131.2
9.56	-7.839	-44.038	-122.4
9.57	-7.841	-47.033	-95.3
9.58	-7.842	-49.606	-104.1
9.59	-7.843	-50.892	-126.6
9.6	-7.845	-50.944	-128.0
9.61	-7.849	-49.563	-97.0
9.62	-7.855	-46.034	-68.4
9.63	-7.862	-40.883	-82.2
9.64	-7.869	-34.847	-118.8
9.65	-7.878	-28.345	-103.7
9.66	-7.886	-22.241	-52.6
9.67	-7.894	-17.183	-53.1
9.68	-7.900	-13.052	-77.7
9.69	-7.904	-9.775	-86.4
9.7	-7.909	-8.033	-77.8
9.71	-7.913	-8.252	-83.7
9.72	-7.918	-9.717	-111.7
9.73	-7.923	-11.431	-98.0
9.74	-7.930	-13.320	-58.5
9.75	-7.939	-16.045	-42.7
9.76	-7.949	-19.528	-48.4
9.77	-7.961	-22.730	-89.8
9.78	-7.976	-25.084	-97.2
9.79	-7.996	-26.991	-66.8
9.8	-8.020	-28.777	-68.4
9.81	-8.048	-30.061	-77.9
9.82	-8.078	-30.594	-66.2
9.83	-8.106	-30.809	-37.8
9.84	-8.130	-31.050	-29.0
9.85	-8.149	-31.105	-50.7
9.86	-8.161	-30.703	-53.1
9.87	-8.169	-29.948	-19.1
9.88	-8.173	-29.134	23.6
9.89	-8.175	-28.545	38.9
9.9	-8.176	-28.250	3.6
9.91	-8.177	-27.941	-47.6
9.92	-8.178	-27.372	-87.2
9.93	-8.178	-26.670	-89.8
9.94	-8.178	-25.855	-62.4
9.95	-8.177	-24.708	-41.9
9.96	-8.172	-23.428	5.8
9.97	-8.164	-22.667	133.5
9.98	-8.154	-22.367	405.5
9.99	-8.151	-21.688	626.1
10.0	-8.151	-20.467	469.2
10.01	-8.149	-19.573	128.1
10.02	-8.143	-19.516	-44.4
10.03	-8.135	-19.648	-86.2
10.04	-8.126	-19.400	-84.2
10.05	-8.118	-19.308	-60.1
10.06	-8.109	-19.813	-44.9
10.07	-8.097	-20.091	-38.6
10.08	-8.083	-19.072	-37.9
10.09	-8.073	-16.223	-39.9
10.1	-8.069	-9.831	-24.6
10.11	-8.069	4.277	-4.1
10.12	-8.071	26.139	14.3
10.13	-8.074	44.167	43.4
10.14	-8.075	50.538	65.1
10.15	-8.074	51.114	91.6
10.16	-8.071	51.139	111.3
10.17	-8.066	51.139	125.1
10.18	-8.059	51.130	156.8
10.19	-8.051	50.947	172.2
10.2	-8.044	47.556	160.6
10.21	-8.037	35.053	143.5
10.22	-8.032	14.869	117.4
10.23	-8.028	-5.013	69.7
10.24	-8.026	-20.572	4.4
10.25	-8.024	-31.261	-59.9
10.26	-8.023	-37.503	-81.7
10.27	-8.023	-40.308	-73.0
10.28	-8.022	-40.867	-88.2
10.29	-8.020	-40.527	-108.9
10.3	-8.018	-40.364	-110.4
10.31	-8.015	-40.955	-111.7
10.32	-8.012	-42.613	-102.3
10.33	-8.008	-45.306	-94.2
10.34	-8.002	-48.200	-90.1
10.35	-7.998	-49.792	-93.8
10.36	-7.995	-48.911	-100.2
10.37	-7.994	-45.550	-89.3
10.38	-7.994	-40.495	-70.0
10.39	-7.994	-34.373	-62.9
10.4	-7.994	-27.625	-65.8
10.41	-7.995	-20.856	-65.8
10.42	-7.996	-14.584	-71.9
10.43	-7.996	-9.122	-77.0
10.44	-7.994	-4.984	-70.4
10.45	-7.991	-2.777	-64.1
10.46	-7.985	-2.566	-78.4
10.47	-7.979	-3.948	-81.2
10.48	-7.973	-6.547	-53.0
10.49	-7.970	-10.095	-40.9
10.5	-7.968	-14.252	-49.2
10.51	-7.965	-18.417	-70.7
10.52	-7.962	-22.064	-83.3
10.53	-7.959	-25.114	-59.3
10.54	-7.958	-27.483	-25.6
10.55	-7.959	-29.042	-22.9
10.56	-7.959	-30.064	-14.6
10.57	-7.956	-30.797	24.4
10.58	-7.951	-31.102	32.0
10.59	-7.945	-30.891	-10.4
10.6	-7.941	-30.384	-39.6
10.61	-7.938	-29.695	-57.1
10.62	-7.933	-28.711	-72.2
10.63	-7.928	-27.517	-62.3
10.64	-7.924	-26.316	-47.0
10.65	-7.923	-25.031	-27.6
10.66	-7.921	-23.594	34.0
10.67	-7.915	-22.231	216.4
10.68	-7.911	-21.141	480.9
10.69	-7.913	-20.316	521.6
10.7	-7.911	-19.758	230.8
10.71	-7.902	-19.567	-24.9
10.72	-7.895	-19.820	-61.3
10.73	-7.892	-20.311	-51.8
10.74	-7.891	-20.720	-56.1
10.75	-7.888	-21.213	-46.3
10.76	-7.881	-21.822	-48.7
10.77	-7.871	-21.767	-67.7
10.78	-7.861	-20.405	-56.3
10.79	-7.859	-17.427	-16.2
10.8	-7.863	-10.922	11.4
10.81	-7.869	3.478	15.1
10.82	-7.876	25.700	10.5
10.83	-7.881	44.000	31.3
10.84	-7.884	50.509	64.1
10.85	-7.885	51.116	86.4
10.86	-7.884	51.139	115.5
10.87	-7.883	51.139	140.9
10.88	-7.881	51.125	154.4
10.89	-7.879	50.850	161.0
10.9	-7.876	46.786	153.2
10.91	-7.875	32.969	120.2
10.92	-7.876	11.673	76.0
10.93	-7.876	-8.697	24.3
10.94	-7.877	-24.252	-23.2
10.95	-7.877	-34.670	-45.0
10.96	-7.879	-40.559	-58.4
10.97	-7.884	-43.153	-86.4
10.98	-7.889	-43.825	-106.6
10.99	-7.891	-43.400	-110.1
11.0	-7.890	-42.494	-104.7
11.01	-7.888	-42.408	-95.6
11.02	-7.885	-44.281	-88.9
11.03	-7.880	-47.503	-81.4
11.04	-7.874	-50.052	-78.2
11.05	-7.869	-50.569	-80.8
11.06	-7.864	-48.856	-82.6
11.07	-7.861	-45.050	-77.3
11.08	-7.860	-39.381	-77.3
11.09	-7.859	-32.212	-75.7
11.1	-7.859	-24.342	-51.1
11.11	-7.856	-16.509	-37.6
11.12	-7.851	-9.138	-50.2
11.13	-7.844	-3.034	-63.5
11.14	-7.839	1.005	-69.3
11.15	-7.835	2.820	-80.5
11.16	-7.831	2.502	-69.8
11.17	-7.828	0.244	-42.3
11.18	-7.824	-3.552	-41.2
11.19	-7.822	-8.403	-39.3
11.2	-7.821	-13.681	-27.9
11.21	-7.821	-18.670	-38.2
11.22	-7.822	-22.986	-43.9
11.23	-7.824	-26.616	-15.5
11.24	-7.826	-29.511	21.6
11.25	-7.829	-31.431	19.4
11.26	-7.832	-32.286	-13.0
11.27	-7.835	-32.261	-39.1
11.28	-7.838	-31.636	-68.9
11.29	-7.842	-30.706	-82.8
11.3	-7.846	-29.683	-70.3
11.31	-7.854	-28.567	-46.0
11.32	-7.863	-27.295	-18.2
11.33	-7.869	-26.014	34.9
11.34	-7.871	-24.916	233.3
11.35	-7.877	-23.831	516.6
11.36	-7.891	-22.564	510.8
11.37	-7.902	-21.506	183.8
11.38	-7.910	-21.106	-35.4
11.39	-7.918	-21.064	-81.8
11.4	-7.927	-20.970	-97.3
11.41	-7.936	-21.236	-69.5
11.42	-7.942	-22.098	-49.7
11.43	-7.944	-22.494	-58.6
11.44	-7.946	-21.498	-52.4
11.45	-7.947	-19.488	-36.4
11.46	-7.955	-15.784	-26.2
11.47	-7.967	-6.409	-36.3
11.48	-7.981	12.588	-31.7
11.49	-7.996	35.064	11.2
11.5	-8.011	48.148	38.2
11.51	-8.025	51.023	55.5
11.52	-8.037	51.133	89.8
11.53	-8.046	51.139	117.7
11.54	-8.056	51.134	117.0
11.55	-8.064	51.102	110.1
11.56	-8.071	49.695	119.4
11.57	-8.078	41.223	111.8
11.58	-8.084	22.894	89.6
11.59	-8.092	1.570	58.9
11.6	-8.099	-16.042	-4.9
11.61	-8.109	-28.575	-71.3
11.62	-8.121	-36.533	-101.7
11.63	-8.134	-41.039	-111.8
11.64	-8.146	-43.066	-119.9
11.65	-8.155	-43.186	-120.7
11.66	-8.162	-42.275	-118.3
11.67	-8.169	-41.789	-112.9
11.68	-8.176	-42.752	-116.0
11.69	-8.183	-44.945	-128.2
11.7	-8.188	-47.381	-117.2
11.71	-8.191	-49.166	-107.0
11.72	-8.194	-49.663	-101.7
11.73	-8.196	-48.356	-97.9
11.74	-8.198	-45.036	-117.0
11.75	-8.201	-40.020	-113.5
11.76	-8.205	-34.003	-76.9
11.77	-8.211	-27.745	-67.8
11.78	-8.216	-21.739	-85.3
11.79	-8.221	-16.188	-96.7
11.8	-8.225	-11.405	-105.0
11.81	-8.229	-7.928	-108.9
11.82	-8.234	-6.142	-96.3
11.83	-8.238	-5.877	-77.4
11.84	-8.241	-6.752	-70.6
11.85	-8.245	-8.889	-80.4
11.86	-8.248	-12.230	-86.0
11.87	-8.251	-16.017	-97.8
11.88	-8.254	-19.667	-103.7
11.89	-8.256	-23.045	-82.1
11.9	-8.259	-25.997	-67.6
11.91	-8.262	-28.305	-69.0
11.92	-8.267	-29.972	-72.4
11.93	-8.271	-31.145	-70.5
11.94	-8.274	-31.888	-62.1
11.95	-8.277	-32.233	-47.5
11.96	-8.278	-32.238	-39.9
11.97	-8.279	-31.953	-27.8
11.98	-8.281	-31.481	-7.0
11.99	-8.283	-30.897	-10.4
12.0	-8.286	-30.152	-28.8
12.01	-8.288	-29.255	-41.9
12.02	-8.291	-28.306	-47.6
12.03	-8.295	-27.391	-72.7
12.04	-8.300	-26.591	-97.0
12.05	-8.305	-25.869	-72.9
12.06	-8.306	-25.077	-21.4
12.07	-8.301	-24.139	95.1
12.08	-8.297	-23.041	379.2
12.09	-8.302	-21.859	623.7
12.1	-8.311	-20.928	472.4
12.11	-8.319	-20.500	99.7
12.12	-8.322	-20.375	-100.6
12.13	-8.322	-20.339	-114.7
12.14	-8.318	-20.406	-79.2
12.15	-8.315	-20.667	-64.8
12.16	-8.317	-21.011	-70.6
12.17	-8.321	-20.797	-64.9
12.18	-8.324	-19.300	-51.7
12.19	-8.327	-15.530	-50.9
12.2	-8.331	-7.128	-44.3
12.21	-8.337	9.489	-19.7
12.22	-8.344	31.572	2.9
12.23	-8.351	46.758	14.1
12.24	-8.358	50.916	42.8
12.25	-8.364	51.128	70.1
12.26	-8.369	51.139	71.8
12.27	-8.373	51.139	93.8
12.28	-8.375	51.123	137.0
12.29	-8.376	50.811	148.1
12.3	-8.374	46.600	136.7
12.31	-8.373	32.803	126.7
12.32	-8.371	12.008	91.5
12.33	-8.370	-7.869	30.3
12.34	-8.369	-23.536	-12.5
12.35	-8.370	-34.466	-50.1
12.36	-8.375	-40.844	-102.3
12.37	-8.384	-43.802	-116.5
12.38	-8.391	-44.520	-100.8
12.39	-8.394	-43.766	-122.7
12.4	-8.397	-42.559	-131.2
12.41	-8.398	-42.180	-98.2
12.42	-8.398	-43.288	-100.5
12.43	-8.396	-45.369	-119.0
12.44	-8.393	-47.222	-111.6
12.45	-8.389	-48.086	-95.8
12.46	-8.387	-47.748	-83.9
12.47	-8.387	-46.027	-101.8
12.48	-8.388	-42.666	-100.6
12.49	-8.391	-37.633	-71.2
12.5	-8.393	-31.761	-73.0
12.51	-8.396	-26.230	-81.4
12.52	-8.398	-21.164	-101.6
12.53	-8.400	-16.156	-125.1
12.54	-8.401	-11.591	-93.3
12.55	-8.401	-8.350	-51.7
12.56	-8.400	-6.769	-52.4
12.57	-8.399	-6.506	-78.2
12.58	-8.399	-7.381	-93.6
12.59	-8.398	-9.444	-93.1
12.6	-8.398	-12.319	-87.1
12.61	-8.398	-15.506	-65.0
12.62	-8.398	-18.847	-53.8
12.63	-8.399	-22.092	-69.6
12.64	-8.400	-24.733	-81.0
12.65	-8.402	-26.734	-75.7
12.66	-8.405	-28.489	-67.7
12.67	-8.409	-29.945	-77.5
12.68	-8.414	-30.872	-77.7
12.69	-8.421	-31.408	-41.7
12.7	-8.429	-31.589	-15.7
12.71	-8.441	-31.348	-3.0
12.72	-8.453	-30.941	34.3
12.73	-8.466	-30.527	35.5
12.74	-8.478	-30.000	-38.8
12.75	-8.486	-29.367	-82.4
12.76	-8.492	-28.736	-63.8
12.77	-8.496	-27.997	-58.4
12.78	-8.498	-27.020	-58.2
12.79	-8.500	-26.005	-46.8
12.8	-8.499	-25.023	-14.7
12.81	-8.492	-23.984	99.8
12.82	-8.489	-22.933	391.8
12.83	-8.496	-21.955	648.6
12.84	-8.509	-21.023	475.8
12.85	-8.523	-20.158	98.9
12.86	-8.532	-19.680	-55.5
12.87	-8.536	-19.589	-60.2
12.88	-8.537	-19.306	-77.7
12.89	-8.534	-18.883	-86.8
12.9	-8.528	-18.970	-63.5
12.91	-8.522	-19.189	-60.4
12.92	-8.516	-18.067	-52.6
12.93	-8.511	-14.719	-33.0
12.94	-8.508	-7.728	-13.5
12.95	-8.508	6.822	2.6
12.96	-8.510	28.323	-9.3
12.97	-8.513	45.150	5.2
12.98	-8.516	50.692	46.2
12.99	-8.516	51.117	72.0
13.0	-8.514	51.139	91.7
13.01	-8.512	51.139	118.8
13.02	-8.509	51.133	141.7
13.03	-8.504	51.025	145.0
13.04	-8.498	48.511	140.0
13.05	-8.492	37.541	132.9
13.06	-8.487	17.477	105.9
13.07	-8.482	-4.034	45.8
13.08	-8.478	-21.766	-14.9
13.09	-8.474	-34.858	-58.2
13.1	-8.473	-43.298	-85.4
13.11	-8.474	-47.666	-93.8
13.12	-8.473	-49.069	-95.6
13.13	-8.469	-48.566	-99.9
13.14	-8.466	-47.133	-110.8
13.15	-8.464	-45.922	-118.7
13.16	-8.461	-45.756	-111.3
13.17	-8.457	-46.606	-108.1
13.18	-8.451	-47.675	-113.0
13.19	-8.446	-47.863	-92.0
13.2	-8.441	-46.481	-73.4
13.21	-8.437	-43.538	-85.7
13.22	-8.435	-39.427	-94.3
13.23	-8.434	-34.458	-90.6
13.24	-8.434	-28.831	-87.3
13.25	-8.433	-22.938	-89.8
13.26	-8.432	-17.244	-87.2
13.27	-8.428	-12.152	-85.7
13.28	-8.422	-8.078	-83.2
13.29	-8.416	-5.280	-84.4
13.3	-8.409	-3.867	-79.6
13.31	-8.402	-4.039	-50.8
13.32	-8.394	-5.741	-55.5
13.33	-8.386	-8.431	-81.4
13.34	-8.377	-11.641	-79.3
13.35	-8.367	-15.167	-80.6
13.36	-8.355	-18.703	-79.2
13.37	-8.343	-21.953	-62.8
13.38	-8.332	-24.783	-49.9
13.39	-8.322	-27.108	-32.9
13.4	-8.313	-28.942	-23.8
13.41	-8.306	-30.342	-14.5
13.42	-8.298	-31.294	14.2
13.43	-8.291	-31.809	15.9
13.44	-8.283	-31.938	-14.2
13.45	-8.274	-31.686	-56.8
13.46	-8.265	-30.997	-88.1
13.47	-8.258	-29.966	-81.9
13.48	-8.252	-28.850	-55.0
13.49	-8.249	-27.639	-37.3
13.5	-8.243	-26.292	-6.1
13.51	-8.231	-25.094	127.8
13.52	-8.218	-24.017	400.1
13.53	-8.212	-22.669	606.4
13.54	-8.207	-21.113	432.8
13.55	-8.199	-19.855	76.5
13.56	-8.189	-19.017	-65.6
13.57	-8.179	-18.448	-67.0
13.58	-8.172	-18.317	-58.4
13.59	-8.167	-18.836	-50.3
13.6	-8.158	-19.591	-56.7
13.61	-8.143	-19.630	-39.8
13.62	-8.126	-18.575	1.6
13.63	-8.114	-16.838	5.8
13.64	-8.106	-13.228	-21.8
13.65	-8.102	-3.177	-23.1
13.66	-8.099	16.759	14.1
13.67	-8.096	38.358	59.6
13.68	-8.089	49.255	75.2
13.69	-8.081	51.094	83.1
13.7	-8.071	51.133	125.6
13.71	-8.059	51.139	162.6
13.72	-8.049	51.138	168.2
13.73	-8.042	51.122	148.2
13.74	-8.037	50.211	146.6
13.75	-8.032	43.230	165.2
13.76	-8.025	25.963	124.3
13.77	-8.019	4.053	45.7
13.78	-8.011	-15.356	2.2
13.79	-8.003	-30.664	-29.4
13.8	-7.998	-41.492	-67.4
13.81	-7.997	-47.725	-82.4
13.82	-7.998	-50.319	-88.9
13.83	-7.996	-50.534	-107.4
13.84	-7.991	-49.109	-104.4
13.85	-7.986	-47.133	-84.4
13.86	-7.979	-46.228	-83.6
13.87	-7.970	-46.845	-97.8
13.88	-7.963	-47.881	-97.8
13.89	-7.956	-48.166	-75.1
13.9	-7.953	-47.202	-65.7
13.91	-7.951	-44.595	-80.8
13.92	-7.949	-40.081	-83.5
13.93	-7.948	-34.194	-63.7
13.94	-7.946	-27.844	-52.1
13.95	-7.943	-21.295	-70.9
13.96	-7.937	-14.473	-73.2
13.97	-7.926	-8.031	-52.1
13.98	-7.914	-2.875	-54.1
13.99	-7.901	0.969	-60.8
14.0	-7.890	3.392	-57.5
14.01	-7.879	3.606	-51.2
14.02	-7.869	1.778	-55.8
14.03	-7.861	-0.998	-73.1
14.04	-7.855	-4.434	-49.7
14.05	-7.851	-8.681	-10.0
14.06	-7.849	-13.180	-8.4
14.07	-7.850	-17.136	14.9
14.08	-7.852	-20.392	34.8
14.09	-7.854	-23.283	-16.3
14.1	-7.857	-25.773	-61.4
14.11	-7.859	-27.228	-69.9
14.12	-7.863	-27.617	-66.0
14.13	-7.869	-27.878	-49.5
14.14	-7.877	-28.359	-50.8
14.15	-7.887	-28.434	-44.7
14.16	-7.893	-27.884	36.1
14.17	-7.894	-27.338	236.0
14.18	-7.897	-27.097	490.0
14.19	-7.906	-26.695	503.2
14.2	-7.914	-25.850	208.9
14.21	-7.919	-25.148	-23.7
14.22	-7.924	-25.222	-77.4
14.23	-7.932	-25.683	-76.2
14.24	-7.939	-25.923	-60.7
14.25	-7.946	-25.880	-57.8
14.26	-7.951	-25.352	-58.3
14.27	-7.954	-24.125	-62.6
14.28	-7.956	-22.264	-47.1
14.29	-7.963	-18.908	-24.3
14.3	-7.974	-10.864	-15.5
14.31	-7.990	6.206	13.7
14.32	-8.007	29.491	43.2
14.33	-8.023	46.028	43.0
14.34	-8.037	50.847	42.8
14.35	-8.049	51.123	69.4
14.36	-8.059	51.139	109.5
14.37	-8.069	51.139	133.6
14.38	-8.079	51.125	129.5
14.39	-8.088	50.850	122.5
14.4	-8.098	46.784	125.1
14.41	-8.107	32.827	102.4
14.42	-8.120	10.989	42.4
14.43	-8.131	-10.111	-11.6
14.44	-8.139	-26.084	-38.2
14.45	-8.147	-37.009	-63.4
14.46	-8.158	-44.247	-79.6
14.47	-8.171	-48.478	-108.4
14.48	-8.182	-49.461	-146.5
14.49	-8.191	-47.766	-135.0
14.5	-8.200	-45.561	-97.9
14.51	-8.209	-44.831	-91.5
14.52	-8.217	-45.778	-121.7
14.53	-8.223	-47.191	-111.3
14.54	-8.227	-47.827	-72.6
14.55	-8.231	-47.419	-70.2
14.56	-8.236	-45.997	-79.3
14.57	-8.242	-43.061	-110.7
14.58	-8.250	-38.320	-122.8
14.59	-8.258	-32.481	-78.3
14.6	-8.268	-26.542	-47.1
14.61	-8.277	-20.891	-61.3
14.62	-8.286	-15.391	-83.2
14.63	-8.294	-10.170	-83.2
14.64	-8.303	-5.931	-73.3
14.65	-8.311	-3.348	-73.8
14.66	-8.318	-2.619	-86.7
14.67	-8.324	-3.461	-78.7
14.68	-8.329	-5.455	-68.1
14.69	-8.334	-8.336	-76.9
14.7	-8.339	-11.828	-60.4
14.71	-8.346	-15.528	-35.1
14.72	-8.353	-19.031	-20.7
14.73	-8.359	-22.109	5.3
14.74	-8.366	-24.698	5.7
14.75	-8.373	-26.828	-54.4
14.76	-8.380	-28.513	-94.3
14.77	-8.387	-29.659	-98.1
14.78	-8.395	-30.236	-93.8
14.79	-8.404	-30.334	-61.2
14.8	-8.410	-30.122	-50.8
14.81	-8.412	-29.736	-41.7
14.82	-8.408	-29.133	52.4
14.83	-8.402	-28.277	276.1
14.84	-8.404	-27.373	533.1
14.85	-8.412	-26.627	487.0
14.86	-8.421	-25.922	160.5
14.87	-8.426	-25.252	-55.0
14.88	-8.427	-24.941	-105.2
14.89	-8.426	-24.938	-112.3
14.9	-8.423	-24.878	-93.7
14.91	-8.422	-24.744	-78.1
14.92	-8.423	-24.486	-75.5
14.93	-8.424	-23.555	-60.0
14.94	-8.424	-21.095	-44.5
14.95	-8.424	-15.198	-53.3
14.96	-8.428	-1.863	-62.0
14.97	-8.433	20.295	-33.3
14.98	-8.438	41.033	20.2
14.99	-8.443	49.942	41.1
15.0	-8.446	51.114	55.7
15.01	-8.450	51.136	83.9
15.02	-8.453	51.139	78.7
15.03	-8.454	51.134	82.8
15.04	-8.453	51.077	117.0
15.05	-8.453	49.342	131.7
15.06	-8.451	40.275	112.5
15.07	-8.450	21.928	76.7
15.08	-8.449	1.208	20.8
15.09	-8.449	-16.152	-44.3
15.1	-8.449	-29.278	-68.1
15.11	-8.454	-38.327	-80.5
15.12	-8.462	-43.609	-108.4
15.13	-8.467	-45.645	-123.6
15.14	-8.471	-45.422	-139.5
15.15	-8.473	-44.438	-152.7
15.16	-8.476	-44.061	-142.2
15.17	-8.478	-44.919	-124.1
15.18	-8.476	-46.681	-98.3
15.19	-8.471	-48.420	-96.0
15.2	-8.467	-49.291	-106.6
15.21	-8.463	-48.641	-95.3
15.22	-8.461	-46.142	-103.8
15.23	-8.460	-42.220	-127.1
15.24	-8.459	-37.508	-126.8
15.25	-8.460	-32.128	-110.3
15.26	-8.460	-26.270	-80.5
15.27	-8.460	-20.469	-66.0
15.28	-8.459	-15.148	-91.9
15.29	-8.458	-10.736	-113.2
15.3	-8.456	-7.567	-107.5
15.31	-8.455	-5.650	-101.3
15.32	-8.453	-5.098	-85.0
15.33	-8.452	-6.173	-58.2
15.34	-8.451	-8.430	-73.8
15.35	-8.451	-10.955	-104.3
15.36	-8.452	-13.636	-86.4
15.37	-8.453	-16.761	-63.1
15.38	-8.454	-20.055	-73.7
15.39	-8.456	-23.030	-52.5
15.4	-8.457	-25.398	16.8
15.41	-8.459	-27.050	36.2
15.42	-8.461	-28.206	-26.1
15.43	-8.461	-29.211	-77.9
15.44	-8.462	-29.981	-100.7
15.45	-8.463	-30.195	-115.6
15.46	-8.464	-29.950	-90.7
15.47	-8.464	-29.669	-59.6
15.48	-8.461	-29.330	-24.3
15.49	-8.451	-28.458	80.6
15.5	-8.441	-27.253	365.1
15.51	-8.440	-26.447	637.0
15.52	-8.448	-25.936	474.1
15.53	-8.458	-25.219	78.1
15.54	-8.466	-24.420	-79.5
15.55	-8.471	-23.841	-80.1
15.56	-8.469	-23.377	-90.2
15.57	-8.460	-22.933	-79.5
15.58	-8.448	-22.748	-56.8
15.59	-8.438	-22.567	-67.0
15.6	-8.431	-21.278	-85.3
15.61	-8.429	-17.831	-60.0
15.62	-8.429	-10.361	-25.9
15.63	-8.429	5.367	-12.4
15.64	-8.431	28.231	-7.5
15.65	-8.432	45.467	23.1
15.66	-8.434	50.780	55.7
15.67	-8.438	51.120	53.9
15.68	-8.441	51.139	85.2
15.69	-8.441	51.139	129.2
15.7	-8.439	51.131	134.6
15.71	-8.438	50.980	119.8
15.72	-8.435	47.903	114.8
15.73	-8.433	35.962	119.2
15.74	-8.431	15.973	76.1
15.75	-8.430	-4.111	28.3
15.76	-8.429	-20.147	7.3
15.77	-8.431	-31.864	-47.8
15.78	-8.437	-39.370	-108.8
15.79	-8.446	-43.272	-141.3
15.8	-8.454	-44.570	-145.1
15.81	-8.458	-44.219	-131.6
15.82	-8.460	-43.450	-125.9
15.83	-8.461	-43.486	-111.3
15.84	-8.459	-44.719	-125.1
15.85	-8.454	-46.695	-151.4
15.86	-8.447	-48.364	-113.7
15.87	-8.441	-48.491	-90.8
15.88	-8.438	-46.652	-117.7
15.89	-8.438	-43.411	-111.8
15.9	-8.440	-39.342	-86.6
15.91	-8.444	-34.536	-92.8
15.92	-8.446	-29.061	-98.9
15.93	-8.449	-23.416	-89.3
15.94	-8.449	-18.086	-75.2
15.95	-8.449	-13.150	-75.3
15.96	-8.446	-8.939	-86.6
15.97	-8.444	-6.264	-85.9
15.98	-8.439	-5.373	-85.8
15.99	-8.434	-5.625	-100.3
16.0	-8.430	-6.688	-108.8
16.01	-8.427	-8.681	-80.5
16.02	-8.426	-11.450	-63.7
16.03	-8.427	-14.664	-74.3
16.04	-8.429	-17.948	-45.7
16.05	-8.432	-20.841	-32.3
16.06	-8.437	-23.061	-34.0
16.07	-8.443	-24.875	1.8
16.08	-8.448	-26.608	-14.4
16.09	-8.453	-28.039	-78.2
16.1	-8.454	-28.941	-86.7
16.11	-8.454	-29.466	-67.5
16.12	-8.454	-29.683	-72.8
16.13	-8.453	-29.388	-82.4
16.14	-8.451	-28.613	-65.3
16.15	-8.446	-27.881	3.5
16.16	-8.437	-27.498	149.9
16.17	-8.430	-27.103	415.2
16.18	-8.434	-26.311	602.2
16.19	-8.444	-25.220	401.5
16.2	-8.455	-24.211	67.2
16.21	-8.464	-23.650	-65.3
16.22	-8.470	-23.580	-97.6
16.23	-8.470	-23.730	-107.6
16.24	-8.464	-23.920	-85.3
16.25	-8.454	-24.020	-63.9
16.26	-8.444	-23.480	-63.0
16.27	-8.435	-21.219	-62.2
16.28	-8.429	-16.192	-49.3
16.29	-8.431	-6.286	-31.9
16.3	-8.442	12.125	-15.8
16.31	-8.461	34.484	-6.6
16.32	-8.484	47.975	20.1
16.33	-8.507	51.014	59.1
16.34	-8.527	51.131	69.1
16.35	-8.546	51.139	65.8
16.36	-8.561	51.138	114.3
16.37	-8.572	51.122	174.8
16.38	-8.579	50.278	168.4
16.39	-8.582	43.683	139.4
16.4	-8.582	27.214	112.7
16.41	-8.581	6.245	78.9
16.42	-8.578	-12.175	39.7
16.43	-8.576	-26.381	-24.8
16.44	-8.576	-36.291	-87.6
16.45	-8.579	-42.070	-117.3
16.46	-8.581	-44.523	-123.8
16.47	-8.579	-44.984	-126.6
16.48	-8.575	-44.534	-125.7
16.49	-8.570	-43.897	-117.2
16.5	-8.564	-44.136	-117.4
16.51	-8.558	-45.886	-113.1
16.52	-8.550	-48.128	-116.6
16.53	-8.543	-49.125	-134.2
16.54	-8.536	-47.916	-122.9
16.55	-8.531	-44.775	-97.2
16.56	-8.527	-40.572	-90.4
16.57	-8.525	-35.741	-85.4
16.58	-8.526	-30.270	-98.3
16.59	-8.527	-24.308	-109.8
16.6	-8.528	-18.286	-90.0
16.61	-8.528	-12.764	-85.0
16.62	-8.526	-8.270	-91.8
16.63	-8.523	-5.198	-75.0
16.64	-8.517	-3.698	-67.6
16.65	-8.511	-3.609	-86.3
16.66	-8.504	-4.631	-94.0
16.67	-8.498	-6.673	-91.8
16.68	-8.492	-9.645	-80.8
16.69	-8.488	-13.064	-67.3
16.7	-8.485	-16.438	-64.4
16.71	-8.484	-19.684	-55.8
16.72	-8.484	-22.773	-41.0
16.73	-8.483	-25.253	-26.7
16.74	-8.482	-26.723	4.8
16.75	-8.479	-27.445	25.9
16.76	-8.475	-27.988	-9.0
16.77	-8.471	-28.623	-58.6
16.78	-8.466	-29.039	-79.8
16.79	-8.463	-28.566	-93.9
16.8	-8.460	-27.309	-81.9
16.81	-8.459	-26.342	-46.0
16.82	-8.459	-26.030	-26.7
16.83	-8.454	-25.475	14.2
16.84	-8.444	-24.267	198.6
16.85	-8.440	-23.294	516.8
16.86	-8.443	-22.995	591.2
16.87	-8.447	-22.552	268.2
16.88	-8.446	-21.516	-5.2
16.89	-8.444	-20.648	-44.6
16.9	-8.441	-20.705	-52.8
16.91	-8.434	-21.386	-83.4
16.92	-8.422	-21.788	-85.9
16.93	-8.408	-21.434	-63.2
16.94	-8.393	-20.473	-54.3
16.95	-8.379	-18.744	-51.8
16.96	-8.367	-14.334	-24.8
16.97	-8.358	-3.052	4.5
16.98	-8.353	17.669	20.6
16.99	-8.352	39.134	22.4
17.0	-8.351	49.500	24.3
17.01	-8.351	51.109	52.9
17.02	-8.347	51.134	97.3
17.03	-8.341	51.139	136.9
17.04	-8.336	51.134	145.9
17.05	-8.330	51.094	143.9
17.06	-8.325	49.547	145.7
17.07	-8.321	40.666	141.5
17.08	-8.318	22.055	129.8
17.09	-8.316	0.914	79.4
17.1	-8.315	-16.477	11.2
17.11	-8.314	-29.088	-41.9
17.12	-8.313	-37.127	-79.5
17.13	-8.314	-41.148	-96.2
17.14	-8.315	-42.219	-102.1
17.15	-8.315	-41.905	-111.6
17.16	-8.313	-41.453	-134.3
17.17	-8.310	-41.314	-145.4
17.18	-8.308	-41.952	-121.3
17.19	-8.305	-44.066	-100.7
17.2	-8.300	-47.225	-107.8
17.21	-8.296	-49.586	-123.7
17.22	-8.292	-49.591	-123.4
17.23	-8.291	-47.172	-106.7
17.24	-8.291	-43.042	-100.7
17.25	-8.293	-37.553	-110.0
17.26	-8.296	-30.883	-106.6
17.27	-8.300	-23.581	-89.3
17.28	-8.306	-16.556	-84.7
17.29	-8.311	-10.708	-92.0
17.3	-8.316	-6.305	-92.2
17.31	-8.319	-3.252	-82.4
17.32	-8.323	-1.803	-66.8
17.33	-8.326	-2.245	-74.8
17.34	-8.328	-4.331	-87.0
17.35	-8.330	-7.581	-81.4
17.36	-8.332	-11.552	-63.6
17.37	-8.335	-15.791	-40.0
17.38	-8.338	-19.917	-16.8
17.39	-8.340	-23.614	18.4
17.4	-8.342	-26.520	19.9
17.41	-8.344	-28.570	-31.1
17.42	-8.346	-30.039	-77.3
17.43	-8.349	-30.850	-83.9
17.44	-8.354	-30.814	-84.3
17.45	-8.359	-30.255	-76.8
17.46	-8.364	-29.583	-59.6
17.47	-8.366	-28.930	-46.8
17.48	-8.361	-28.423	39.8
17.49	-8.354	-28.027	265.1
17.5	-8.354	-27.472	549.1
17.51	-8.363	-26.775	572.4
17.52	-8.371	-26.197	259.8
17.53	-8.376	-25.811	-15.8
17.54	-8.379	-25.445	-86.2
17.55	-8.380	-25.116	-70.4
17.56	-8.379	-25.094	-67.1
17.57	-8.377	-25.113	-75.9
17.58	-8.373	-24.439	-70.6
17.59	-8.367	-22.786	-55.7
17.6	-8.364	-19.856	-34.4
17.61	-8.365	-13.995	-25.2
17.62	-8.368	-1.205	-15.2
17.63	-8.373	20.428	7.5
17.64	-8.377	41.016	20.3
17.65	-8.382	49.936	38.8
17.66	-8.385	51.114	66.5
17.67	-8.387	51.136	92.6
17.68	-8.387	51.139	126.3
17.69	-8.388	51.134	143.6
17.7	-8.389	51.055	132.1
17.71	-8.390	48.972	144.8
17.72	-8.392	39.263	161.8
17.73	-8.394	20.958	110.6
17.74	-8.396	1.391	35.1
17.75	-8.398	-14.230	-16.1
17.76	-8.401	-25.592	-50.5
17.77	-8.404	-33.291	-71.2
17.78	-8.410	-37.755	-100.8
17.79	-8.416	-39.675	-127.4
17.8	-8.419	-40.272	-123.6
17.81	-8.419	-40.811	-118.5
17.82	-8.421	-42.184	-127.3
17.83	-8.421	-44.558	-123.4
17.84	-8.421	-47.416	-110.3
17.85	-8.418	-49.788	-103.1
17.86	-8.416	-50.906	-101.0
17.87	-8.416	-50.825	-110.7
17.88	-8.416	-49.069	-125.7
17.89	-8.418	-44.950	-108.5
17.9	-8.421	-39.336	-91.5
17.91	-8.423	-33.384	-84.4
17.92	-8.426	-27.239	-77.1
17.93	-8.429	-20.820	-101.2
17.94	-8.433	-14.731	-98.8
17.95	-8.436	-9.930	-82.8
17.96	-8.438	-6.869	-87.0
17.97	-8.441	-5.398	-94.5
17.98	-8.442	-5.288	-97.7
17.99	-8.441	-6.578	-93.4
18.0	-8.440	-9.277	-77.5
18.01	-8.438	-13.005	-63.3
18.02	-8.436	-17.217	-64.7
18.03	-8.434	-21.416	-68.3
18.04	-8.431	-25.025	-67.4
18.05	-8.430	-27.580	-58.3
18.06	-8.429	-29.173	-55.5
18.07	-8.431	-30.323	-60.9
18.08	-8.434	-31.055	-60.0
18.09	-8.438	-30.939	-54.2
18.1	-8.442	-30.203	-16.8
18.11	-8.446	-29.570	29.2
18.12	-8.449	-29.192	12.8
18.13	-8.450	-28.825	-31.5
18.14	-8.449	-28.434	-43.4
18.15	-8.446	-27.916	-58.9
18.16	-8.444	-27.097	-95.9
18.17	-8.444	-26.150	-108.5
18.18	-8.443	-25.259	-80.9
18.19	-8.439	-24.370	-16.0
18.2	-8.429	-23.359	145.7
18.21	-8.424	-22.158	447.9
18.22	-8.429	-20.978	647.0
18.23	-8.441	-20.034	452.7
18.24	-8.453	-19.300	95.0
18.25	-8.459	-19.075	-69.2
18.26	-8.459	-19.720	-83.5
18.27	-8.451	-20.702	-76.1
18.28	-8.437	-21.220	-82.0
18.29	-8.424	-21.241	-83.2
18.3	-8.414	-20.781	-52.7
18.31	-8.411	-19.091	-48.5
18.32	-8.411	-14.078	-65.3
18.33	-8.410	-1.336	-41.6
18.34	-8.411	20.834	-7.7
18.35	-8.414	41.511	12.0
18.36	-8.418	50.075	37.7
18.37	-8.423	51.116	50.0
18.38	-8.428	51.138	65.0
18.39	-8.431	51.139	100.0
18.4	-8.433	51.136	118.3
18.41	-8.434	51.116	125.1
18.42	-8.434	49.936	138.3
18.43	-8.434	42.284	143.3
18.44	-8.433	25.267	121.6
18.45	-8.434	5.244	85.9
18.46	-8.434	-11.536	47.8
18.47	-8.437	-23.964	-8.8
18.48	-8.441	-32.278	-61.2
18.49	-8.447	-37.053	-87.9
18.5	-8.457	-39.231	-108.3
18.51	-8.467	-40.058	-130.3
18.52	-8.474	-40.616	-126.3
18.53	-8.481	-41.495	-104.7
18.54	-8.486	-43.070	-108.3
18.55	-8.489	-45.544	-116.5
18.56	-8.488	-48.341	-113.0
18.57	-8.486	-50.306	-111.2
18.58	-8.482	-50.877	-98.5
18.59	-8.482	-49.852	-90.5
18.6	-8.484	-46.878	-95.8
18.61	-8.489	-42.345	-96.7
18.62	-8.494	-36.727	-95.8
18.63	-8.500	-30.195	-95.8
18.64	-8.504	-23.592	-94.3
18.65	-8.508	-17.602	-104.3
18.66	-8.509	-12.780	-133.9
18.67	-8.511	-9.531	-132.6
18.68	-8.511	-7.575	-79.1
18.69	-8.509	-6.739	-71.1
18.7	-8.506	-7.092	-111.1
18.71	-8.501	-8.764	-103.7
18.72	-8.494	-11.497	-83.7
18.73	-8.487	-14.600	-102.5
18.74	-8.479	-17.739	-90.6
18.75	-8.473	-20.847	-63.5
18.76	-8.467	-23.558	-92.2
18.77	-8.464	-25.605	-91.3
18.78	-8.459	-27.355	-58.4
18.79	-8.454	-29.042	-53.1
18.8	-8.447	-30.119	-37.7
18.81	-8.441	-30.458	-15.6
18.82	-8.434	-30.763	-0.8
18.83	-8.428	-31.275	-11.6
18.84	-8.421	-31.616	-56.9
18.85	-8.414	-31.492	-92.7
18.86	-8.404	-30.833	-82.3
18.87	-8.395	-29.706	-65.2
18.88	-8.387	-28.256	-68.2
18.89	-8.378	-26.844	-54.7
18.9	-8.364	-25.836	-6.2
18.91	-8.342	-25.166	112.9
18.92	-8.321	-24.470	412.6
18.93	-8.308	-23.609	674.7
18.94	-8.303	-22.761	482.9
18.95	-8.301	-21.944	76.8
18.96	-8.299	-21.253	-106.7
18.97	-8.293	-21.191	-106.7
18.98	-8.285	-21.795	-85.0
18.99	-8.277	-22.388	-105.0
19.0	-8.274	-22.259	-102.2
19.01	-8.274	-21.138	-52.9
19.02	-8.277	-18.900	-23.7
19.03	-8.281	-14.056	-22.6
19.04	-8.285	-2.591	-29.5
19.05	-8.289	18.063	-18.8
19.06	-8.292	39.298	2.6
19.07	-8.291	49.517	6.7
19.08	-8.286	51.109	28.2
19.09	-8.277	51.134	68.8
19.1	-8.265	51.139	89.7
19.11	-8.250	51.136	107.8
19.12	-8.231	51.120	134.3
19.13	-8.207	50.017	151.6
19.14	-8.183	42.517	151.7
19.15	-8.160	25.386	124.6
19.16	-8.139	5.058	82.6
19.17	-8.119	-11.811	35.6
19.18	-8.098	-24.306	-25.3
19.19	-8.078	-32.925	-75.5
19.2	-8.056	-38.034	-104.6
19.21	-8.034	-40.270	-110.6
19.22	-8.011	-40.825	-122.3
19.23	-7.986	-40.847	-153.3
19.24	-7.961	-41.200	-142.5
19.25	-7.936	-42.583	-120.6
19.26	-7.909	-45.166	-121.8
19.27	-7.881	-48.236	-123.8
19.28	-7.853	-50.375	-121.3
19.29	-7.826	-50.845	-120.2
19.3	-7.802	-49.642	-119.0
19.31	-7.778	-46.513	-112.1
19.32	-7.756	-41.411	-111.0
19.33	-7.736	-34.800	-98.1
19.34	-7.718	-27.655	-79.3
19.35	-7.703	-20.939	-81.0
19.36	-7.689	-14.958	-90.8
19.37	-7.674	-9.767	-90.4
19.38	-7.658	-5.806	-74.8
19.39	-7.641	-3.595	-60.8
19.4	-7.624	-3.013	-71.8
19.41	-7.607	-3.780	-82.6
19.42	-7.591	-6.031	-69.8
19.43	-7.576	-9.458	-60.7
19.44	-7.563	-13.169	-56.1
19.45	-7.554	-16.845	-37.3
19.46	-7.543	-20.588	-27.8
19.47	-7.530	-24.050	-44.9
19.48	-7.511	-26.728	-49.1
19.49	-7.487	-28.552	-28.2
19.5	-7.458	-29.786	14.1
19.51	-7.429	-30.677	47.7
19.52	-7.401	-31.183	6.1
19.53	-7.369	-31.017	-42.1
19.54	-7.334	-30.205	-46.8
19.55	-7.299	-29.186	-72.8
19.56	-7.262	-28.272	-118.1
19.57	-7.226	-27.369	-125.2
19.58	-7.188	-26.247	-69.2
19.59	-7.143	-24.980	24.9
19.6	-7.091	-23.741	209.0
19.61	-7.042	-22.647	482.8
19.62	-6.996	-21.850	529.2
19.63	-6.944	-21.244	232.2
19.64	-6.889	-20.691	-35.2
19.65	-6.834	-20.336	-98.9
19.66	-6.779	-20.355	-88.8
19.67	-6.723	-20.711	-90.5
19.68	-6.663	-20.967	-95.4
19.69	-6.596	-20.642	-78.5
19.7	-6.523	-19.778	-65.5
19.71	-6.449	-18.319	-66.1
19.72	-6.378	-14.583	-45.1
19.73	-6.310	-4.527	-23.3
19.74	-6.243	15.180	-14.7
19.75	-6.173	37.211	7.7
19.76	-6.099	48.914	27.8
19.77	-6.024	51.072	44.9
19.78	-5.949	51.131	73.7
19.79	-5.871	51.139	93.4
19.8	-5.789	51.138	105.5
19.81	-5.705	51.122	107.1
19.82	-5.617	50.266	107.6
19.83	-5.526	43.494	116.2
19.84	-5.431	26.488	86.8
19.85	-5.336	5.014	29.9
19.86	-5.241	-13.113	-20.9
19.87	-5.145	-26.008	-63.7
19.88	-5.045	-34.208	-98.9
19.89	-4.942	-38.667	-126.3
19.9	-4.836	-40.352	-142.9
19.91	-4.726	-40.392	-154.0
19.92	-4.614	-40.052	-140.8
19.93	-4.500	-40.366	-125.9
19.94	-4.382	-41.925	-133.4
19.95	-4.260	-44.767	-138.3
19.96	-4.134	-48.095	-149.5
19.97	-4.003	-50.359	-160.9
19.98	-3.865	-51.017	-154.7
19.99	-3.723	-50.269	-132.7
20.0	-3.575	-47.183	-114.5
20.01	-3.422	-41.425	-98.4
20.02	-3.266	-34.277	-81.2
20.03	-3.116	-26.681	-101.1
20.04	-2.974	-18.988	-137.7
20.05	-2.841	-11.995	-137.8
20.06	-2.716	-6.550	-114.0
20.07	-2.598	-2.797	-122.5
20.08	-2.484	-0.805	-152.5
20.09	-2.373	-0.853	-129.6
20.1	-2.263	-2.819	-95.0
20.11	-2.156	-6.189	-79.3
20.12	-2.051	-10.370	-28.7
20.13	-1.947	-14.648	15.4
20.14	-1.842	-18.637	29.8
20.15	-1.738	-22.475	36.0
20.16	-1.634	-25.939	36.7
20.17	-1.533	-28.403	38.4
20.18	-1.436	-29.663	38.8
20.19	-1.344	-30.270	16.8
20.2	-1.256	-30.753	-16.9
20.21	-1.168	-30.827	-38.9
20.22	-1.079	-30.264	-56.7
20.23	-0.996	-29.580	-70.1
20.24	-0.921	-28.944	-50.4
20.25	-0.845	-27.964	15.5
20.26	-0.764	-26.713	120.8
20.27	-0.685	-25.556	335.2
20.28	-0.619	-24.572	564.3
20.29	-0.567	-23.742	481.3
20.3	-0.526	-23.048	179.6
20.31	-0.498	-22.353	8.4
20.32	-0.479	-21.752	-26.2
20.33	-0.461	-21.538	-16.0
20.34	-0.435	-21.627	-7.3
20.35	-0.398	-21.613	-14.3
20.36	-0.346	-21.102	19.6
20.37	-0.279	-19.755	83.0
20.38	-0.200	-17.183	109.1
20.39	-0.118	-12.075	107.8
20.4	-0.035	-0.609	105.4
20.41	0.048	19.934	95.3
20.42	0.134	40.500	56.8
20.43	0.226	49.819	10.9
20.44	0.322	51.114	1.2
20.45	0.419	51.136	-5.4
20.46	0.512	51.139	-5.0
20.47	0.594	51.134	47.2
20.48	0.667	51.108	96.9
20.49	0.733	49.766	80.3
20.5	0.799	41.378	45.5
20.51	0.868	22.781	45.0
20.52	0.940	0.841	23.9
20.53	1.016	-17.098	-27.1
20.54	1.094	-29.375	-27.0
20.55	1.174	-36.756	-26.4
20.56	1.253	-40.619	-53.1
20.57	1.325	-42.205	-58.0
20.58	1.391	-42.592	-78.2
20.59	1.456	-42.775	-108.9
20.6	1.526	-43.508	-119.1
20.61	1.598	-45.214	-123.6
20.62	1.670	-47.844	-124.8
20.63	1.740	-50.133	-107.5
20.64	1.805	-51.031	-81.7
20.65	1.863	-51.050	-56.6
20.66	1.911	-50.041	-45.3
20.67	1.946	-46.597	-74.4
20.68	1.974	-40.456	-100.7
20.69	2.002	-32.748	-85.2
20.7	2.033	-24.706	-51.0
20.71	2.066	-17.206	-21.4
20.72	2.099	-10.656	-18.7
20.73	2.134	-5.484	-27.7
20.74	2.168	-2.264	-23.7
20.75	2.203	-1.098	-9.6
20.76	2.238	-1.728	-5.4
20.77	2.271	-4.053	-20.6
20.78	2.301	-7.756	-24.9
20.79	2.324	-12.109	-37.5
20.8	2.341	-16.577	-56.6
20.81	2.358	-20.761	-56.4
20.82	2.380	-24.197	-50.4
20.83	2.407	-26.727	-27.0
20.84	2.433	-28.492	13.1
20.85	2.455	-29.716	41.5
20.86	2.473	-30.583	43.1
20.87	2.487	-31.023	17.5
20.88	2.492	-30.873	-18.5
20.89	2.489	-30.345	-60.9
20.9	2.484	-29.792	-79.3
20.91	2.476	-29.138	-70.3
20.92	2.462	-28.256	-59.2
20.93	2.446	-27.403	-22.6
20.94	2.429	-26.666	36.8
20.95	2.416	-25.836	171.5
20.96	2.402	-24.855	454.0
20.97	2.381	-23.672	638.3
20.98	2.360	-22.406	439.6
20.99	2.341	-21.672	122.9
21.0	2.325	-21.653	-18.3
21.01	2.311	-21.734	-59.3
21.02	2.300	-21.595	-49.8
21.03	2.291	-21.520	-18.2
21.04	2.286	-21.541	-15.8
21.05	2.283	-21.056	-28.3
21.06	2.279	-19.438	-30.1
21.07	2.273	-15.864	-36.1
21.08	2.261	-7.358	-29.6
21.09	2.245	10.398	-4.6
21.1	2.226	33.064	4.9
21.11	2.203	47.441	12.7
21.12	2.179	50.973	24.4
21.13	2.156	51.131	51.3
21.14	2.134	51.139	86.2
21.15	2.110	51.139	99.2
21.16	2.086	51.123	124.5
21.17	2.060	50.397	141.3
21.18	2.036	44.228	122.1
21.19	2.011	27.966	114.6
21.2	1.983	6.703	90.8
21.21	1.954	-11.509	32.2
21.22	1.923	-24.414	-12.8
21.23	1.887	-32.663	-54.3
21.24	1.849	-37.486	-82.3
21.25	1.808	-40.038	-98.7
21.26	1.764	-41.184	-122.4
21.27	1.719	-41.692	-114.7
21.28	1.676	-42.355	-98.3
21.29	1.635	-43.881	-96.3
21.3	1.597	-46.463	-82.3
21.31	1.560	-49.189	-64.7
21.32	1.522	-50.748	-71.1
21.33	1.478	-51.064	-85.0
21.34	1.431	-50.297	-73.7
21.35	1.383	-47.513	-59.3
21.36	1.332	-42.550	-63.2
21.37	1.278	-36.433	-74.1
21.38	1.221	-29.870	-80.7
21.39	1.164	-23.203	-94.2
21.4	1.107	-16.911	-77.3
21.41	1.050	-11.644	-46.8
21.42	0.994	-7.922	-56.7
21.43	0.937	-5.930	-69.1
21.44	0.880	-5.583	-47.1
21.45	0.823	-6.744	-23.7
21.46	0.766	-9.219	-40.6
21.47	0.711	-12.453	-41.9
21.48	0.654	-15.850	-37.6
21.49	0.597	-19.238	-47.5
21.5	0.540	-22.578	-39.8
21.51	0.483	-25.453	-57.1
21.52	0.427	-27.511	-78.2
21.53	0.373	-29.052	-62.7
21.54	0.320	-30.267	-46.8
21.55	0.267	-30.831	-66.3
21.56	0.214	-30.817	-78.1
21.57	0.160	-30.850	-49.5
21.58	0.106	-30.905	-44.3
21.59	0.052	-30.428	-55.2
21.6	-0.002	-29.483	-24.2
21.61	-0.056	-28.561	-9.7
21.62	-0.109	-27.875	-15.4
21.63	-0.161	-27.328	-0.8
21.64	-0.212	-26.667	6.6
21.65	-0.261	-25.758	-21.3
21.66	-0.309	-24.867	-58.9
21.67	-0.357	-24.252	-62.1
21.68	-0.406	-23.700	-70.2
21.69	-0.456	-22.923	-88.5
21.7	-0.504	-21.941	-54.7
21.71	-0.547	-20.978	11.9
21.72	-0.584	-20.242	126.4
21.73	-0.622	-19.823	379.6
21.74	-0.667	-19.581	590.5
21.75	-0.718	-19.242	441.5
21.76	-0.766	-18.816	105.0
21.77	-0.811	-18.681	-76.4
21.78	-0.851	-19.133	-110.9
21.79	-0.888	-20.047	-85.8
21.8	-0.922	-21.142	-62.7
21.81	-0.957	-22.073	-69.2
21.82	-0.993	-22.134	-68.3
21.83	-1.028	-20.644	-55.6
21.84	-1.065	-16.516	-50.4
21.85	-1.106	-6.406	-43.4
21.86	-1.149	13.255	-21.6
21.87	-1.194	35.859	-8.8
21.88	-1.236	48.475	16.2
21.89	-1.276	51.042	46.5
21.9	-1.314	51.131	60.7
21.91	-1.349	51.138	83.5
21.92	-1.384	51.084	104.7
21.93	-1.419	49.103	136.3
21.94	-1.454	34.823	172.8
21.95	-1.488	6.016	158.8
21.96	-1.520	-16.927	107.8
21.97	-1.553	-26.750	52.0
21.98	-1.588	-34.763	21.0
21.99	-1.624	-42.375	-0.1
22.0	-1.659	-47.288	-50.8
22.01	-1.694	-49.989	-91.7
22.02	-1.730	-50.917	-113.6
22.03	-1.766	-51.116	-123.0
22.04	-1.799	-51.139	-105.3
22.05	-1.832	-51.141	-103.6
22.06	-1.864	-51.141	-131.1
22.07	-1.895	-51.141	-129.4
22.08	-1.923	-51.141	-113.1
22.09	-1.950	-51.139	-119.1
22.1	-1.976	-51.134	-111.4
22.11	-2.004	-50.830	-86.8
22.12	-2.036	-48.891	-87.9
22.13	-2.069	-44.386	-99.8
22.14	-2.102	-38.484	-107.7
22.15	-2.133	-32.594	-104.6
22.16	-2.164	-27.025	-85.1
22.17	-2.192	-21.816	-80.0
22.18	-2.221	-17.291	-80.8
22.19	-2.249	-13.948	-76.9
22.2	-2.277	-12.022	-80.4
22.21	-2.306	-11.350	-87.2
22.22	-2.336	-11.666	-82.8
22.23	-2.365	-12.806	-67.1
22.24	-2.394	-14.681	-69.2
22.25	-2.424	-17.103	-90.1
22.26	-2.456	-19.800	-88.6
22.27	-2.487	-22.508	-78.9
22.28	-2.518	-24.941	-73.3
22.29	-2.547	-26.894	-51.3
22.3	-2.578	-28.395	-49.5
22.31	-2.607	-29.538	-77.3
22.32	-2.636	-30.211	-96.9
22.33	-2.666	-30.316	-84.5
22.34	-2.695	-30.059	-55.7
22.35	-2.724	-29.652	-48.1
22.36	-2.752	-29.027	-53.8
22.37	-2.781	-28.250	-41.1
22.38	-2.809	-27.580	-18.4
22.39	-2.839	-26.977	9.7
22.4	-2.869	-26.330	30.3
22.41	-2.901	-25.778	-5.0
22.42	-2.931	-25.259	-51.9
22.43	-2.959	-24.478	-66.7
22.44	-2.988	-23.438	-60.3
22.45	-3.016	-22.331	-50.1
22.46	-3.046	-21.259	-65.8
22.47	-3.073	-20.278	-62.2
22.48	-3.095	-19.403	16.0
22.49	-3.112	-18.653	197.3
22.5	-3.131	-18.033	488.6
22.51	-3.161	-17.488	632.3
22.52	-3.198	-17.094	377.9
22.53	-3.232	-17.019	37.0
22.54	-3.264	-17.259	-70.7
22.55	-3.291	-17.672	-82.9
22.56	-3.312	-18.113	-83.6
22.57	-3.329	-18.494	-57.9
22.58	-3.345	-18.778	-45.0
22.59	-3.363	-18.806	-42.7
22.6	-3.386	-18.008	-53.2
22.61	-3.413	-15.136	-49.4
22.62	-3.438	-7.539	-10.3
22.63	-3.461	8.189	14.1
22.64	-3.488	29.703	14.8
22.65	-3.515	45.633	30.8
22.66	-3.542	50.727	53.8
22.67	-3.567	51.120	66.2
22.68	-3.591	51.136	98.4
22.69	-3.614	51.122	140.6
22.7	-3.637	50.163	152.5
22.71	-3.659	43.692	146.9
22.72	-3.680	28.719	139.7
22.73	-3.702	10.164	114.3
22.74	-3.724	-6.328	91.8
22.75	-3.748	-19.155	70.0
22.76	-3.771	-28.302	14.7
22.77	-3.796	-34.350	-47.3
22.78	-3.823	-37.870	-106.9
22.79	-3.851	-39.378	-140.1
22.8	-3.879	-39.702	-122.5
22.81	-3.904	-39.708	-111.2
22.82	-3.927	-39.977	-125.1
22.83	-3.949	-41.013	-132.6
22.84	-3.970	-42.903	-121.7
22.85	-3.987	-45.044	-121.7
22.86	-4.001	-46.420	-121.3
22.87	-4.016	-46.191	-103.2
22.88	-4.034	-44.266	-92.6
22.89	-4.054	-41.028	-83.3
22.9	-4.078	-36.816	-93.5
22.91	-4.103	-32.103	-110.8
22.92	-4.128	-27.502	-90.8
22.93	-4.152	-23.227	-64.2
22.94	-4.176	-19.289	-73.2
22.95	-4.197	-15.997	-89.3
22.96	-4.219	-13.628	-92.4
22.97	-4.241	-12.202	-103.1
22.98	-4.263	-11.867	-93.2
22.99	-4.285	-12.825	-63.8
23.0	-4.308	-14.738	-75.0
23.01	-4.333	-16.936	-103.0
23.02	-4.357	-19.177	-94.6
23.03	-4.381	-21.413	-65.8
23.04	-4.404	-23.400	-62.3
23.05	-4.427	-24.989	-75.3
23.06	-4.448	-26.256	-67.7
23.07	-4.469	-27.242	-61.5
23.08	-4.491	-27.819	-66.8
23.09	-4.512	-27.995	-77.2
23.1	-4.532	-27.991	-58.0
23.11	-4.553	-27.891	-25.5
23.12	-4.574	-27.566	-28.2
23.13	-4.598	-27.003	-7.2
23.14	-4.622	-26.458	28.4
23.15	-4.646	-26.003	1.0
23.16	-4.668	-25.431	-51.2
23.17	-4.686	-24.811	-79.0
23.18	-4.704	-24.309	-74.2
23.19	-4.723	-23.702	-71.4
23.2	-4.743	-22.848	-85.5
23.21	-4.762	-22.120	-38.5
23.22	-4.775	-21.702	69.2
23.23	-4.782	-21.245	256.5
23.24	-4.793	-20.597	555.1
23.25	-4.813	-20.073	620.4
23.26	-4.839	-19.805	292.8
23.27	-4.866	-19.605	-6.7
23.28	-4.893	-19.563	-81.8
23.29	-4.915	-19.833	-71.8
23.3	-4.929	-20.113	-64.3
23.31	-4.935	-20.080	-83.1
23.32	-4.937	-19.695	-68.9
23.33	-4.938	-18.945	-47.2
23.34	-4.942	-17.666	-41.1
23.35	-4.949	-14.863	-16.6
23.36	-4.962	-7.900	-11.8
23.37	-4.978	6.130	1.6
23.38	-4.997	25.977	19.5
23.39	-5.014	42.936	36.0
23.4	-5.031	50.116	66.1
23.41	-5.047	51.120	96.0
23.42	-5.062	51.106	123.3
23.43	-5.077	50.097	149.2
23.44	-5.092	44.120	179.2
23.45	-5.106	30.870	175.4
23.46	-5.119	14.566	130.3
23.47	-5.133	-0.253	107.1
23.48	-5.148	-12.464	99.0
23.49	-5.163	-22.019	49.5
23.5	-5.176	-28.972	-29.6
23.51	-5.191	-33.409	-95.1
23.52	-5.208	-35.631	-108.9
23.53	-5.229	-36.278	-106.1
23.54	-5.249	-36.092	-122.1
23.55	-5.267	-35.641	-129.4
23.56	-5.284	-35.413	-125.5
23.57	-5.300	-35.805	-107.7
23.58	-5.314	-36.775	-113.7
23.59	-5.325	-37.659	-141.5
23.6	-5.334	-37.700	-128.3
23.61	-5.344	-36.550	-101.2
23.62	-5.355	-34.159	-86.6
23.63	-5.369	-31.044	-85.7
23.64	-5.385	-27.880	-100.6
23.65	-5.402	-24.706	-107.1
23.66	-5.419	-21.469	-101.4
23.67	-5.434	-18.445	-86.5
23.68	-5.449	-15.930	-67.3
23.69	-5.462	-13.916	-68.5
23.7	-5.474	-12.472	-88.5
23.71	-5.486	-11.948	-90.2
23.72	-5.498	-12.317	-77.4
23.73	-5.509	-13.238	-84.7
23.74	-5.521	-14.489	-79.1
23.75	-5.532	-15.934	-68.2
23.76	-5.544	-17.539	-86.7
23.77	-5.558	-19.272	-101.3
23.78	-5.570	-20.989	-84.7
23.79	-5.583	-22.478	-62.1
23.8	-5.596	-23.542	-70.6
23.81	-5.610	-24.181	-79.8
23.82	-5.623	-24.539	-62.0
23.83	-5.637	-24.598	-52.0
23.84	-5.649	-24.291	-52.5
23.85	-5.664	-23.864	-32.3
23.86	-5.679	-23.553	0.4
23.87	-5.697	-23.131	13.5
23.88	-5.716	-22.472	6.3
23.89	-5.735	-21.822	-6.5
23.9	-5.751	-21.306	-38.3
23.91	-5.764	-20.883	-69.1
23.92	-5.777	-20.433	-80.2
23.93	-5.790	-19.884	-86.3
23.94	-5.803	-19.377	-60.0
23.95	-5.813	-18.994	7.1
23.96	-5.817	-18.637	115.7
23.97	-5.821	-18.214	371.8
23.98	-5.832	-17.773	648.7
23.99	-5.854	-17.386	537.6
24.0	-5.879	-16.955	149.2
24.01	-5.905	-16.552	-69.6
24.02	-5.930	-16.550	-78.1
24.03	-5.951	-16.977	-58.3
24.04	-5.966	-17.392	-77.4
24.05	-5.977	-17.470	-68.2
24.06	-5.986	-17.139	-39.5
24.07	-5.994	-16.353	-45.2
24.08	-6.004	-14.786	-50.3
24.09	-6.016	-11.128	-25.7
24.1	-6.031	-2.822	4.2
24.11	-6.046	11.717	8.7
24.12	-6.060	29.770	20.8
24.13	-6.074	44.108	53.4
24.14	-6.086	50.170	84.4
24.15	-6.096	50.748	108.6
24.16	-6.103	47.702	130.2
24.17	-6.110	39.158	141.9
24.18	-6.116	26.256	154.0
24.19	-6.123	12.331	182.4
24.2	-6.128	-0.620	180.2
24.21	-6.134	-11.638	116.3
24.22	-6.139	-20.208	50.4
24.23	-6.144	-26.322	9.4
24.24	-6.148	-30.291	-44.1
24.25	-6.154	-32.306	-89.7
24.26	-6.161	-32.675	-112.0
24.27	-6.168	-32.036	-109.1
24.28	-6.173	-31.008	-107.9
24.29	-6.176	-29.998	-129.5
24.3	-6.179	-29.433	-129.9
24.31	-6.182	-29.702	-117.1
24.32	-6.184	-30.603	-113.1
24.33	-6.184	-31.358	-97.4
24.34	-6.184	-31.313	-103.5
24.35	-6.184	-30.250	-117.2
24.36	-6.188	-28.205	-96.8
24.37	-6.194	-25.409	-83.1
24.38	-6.202	-22.294	-78.8
24.39	-6.210	-19.136	-89.8
24.4	-6.218	-15.998	-90.5
24.41	-6.226	-13.083	-81.3
24.42	-6.231	-10.639	-82.1
24.43	-6.236	-8.839	-71.0
24.44	-6.240	-7.881	-71.4
24.45	-6.244	-7.933	-81.5
24.46	-6.248	-8.884	-90.0
24.47	-6.251	-10.253	-86.0
24.48	-6.255	-11.769	-73.8
24.49	-6.259	-13.617	-63.3
24.5	-6.263	-15.670	-55.8
24.51	-6.266	-17.431	-82.3
24.52	-6.271	-18.764	-90.3
24.53	-6.277	-19.800	-44.6
24.54	-6.284	-20.466	-23.8
24.55	-6.291	-20.744	-22.7
24.56	-6.297	-20.936	15.1
24.57	-6.300	-21.120	35.5
24.58	-6.301	-20.975	-12.3
24.59	-6.303	-20.370	-65.1
24.6	-6.304	-19.666	-65.5
24.61	-6.304	-19.102	-57.4
24.62	-6.306	-18.505	-72.3
24.63	-6.312	-17.880	-58.5
24.64	-6.321	-17.391	-28.0
24.65	-6.328	-16.936	-6.3
24.66	-6.328	-16.433	138.5
24.67	-6.328	-16.016	445.9
24.68	-6.332	-15.717	600.9
24.69	-6.338	-15.384	364.3
24.7	-6.341	-15.066	40.7
24.71	-6.343	-15.014	-66.1
24.72	-6.344	-15.220	-58.8
24.73	-6.348	-15.508	-51.0
24.74	-6.349	-15.727	-60.1
24.75	-6.347	-15.655	-59.6
24.76	-6.340	-15.211	-46.7
24.77	-6.334	-14.498	-36.8
24.78	-6.332	-13.331	-20.8
24.79	-6.335	-10.467	-3.8
24.8	-6.342	-3.361	24.9
24.81	-6.349	9.697	45.4
24.82	-6.354	26.422	51.5
24.83	-6.357	40.995	68.3
24.84	-6.359	48.783	99.0
24.85	-6.359	49.647	117.7
24.86	-6.359	44.809	142.4
24.87	-6.361	35.019	184.7
24.88	-6.362	22.420	195.2
24.89	-6.365	9.388	169.4
24.9	-6.367	-2.633	142.1
24.91	-6.370	-12.744	101.2
24.92	-6.374	-20.523	35.5
24.93	-6.378	-25.986	-5.8
24.94	-6.381	-29.313	-37.6
24.95	-6.383	-30.713	-80.5
24.96	-6.386	-30.531	-97.1
24.97	-6.392	-29.395	-93.3
24.98	-6.397	-28.005	-91.8
24.99	-6.400	-26.788	-115.3
25.0	-6.402	-25.998	-133.3
25.01	-6.401	-25.909	-103.8
25.02	-6.398	-26.486	-86.3
25.03	-6.393	-27.177	-111.0
25.04	-6.389	-27.198	-114.5
25.05	-6.385	-26.034	-91.1
25.06	-6.386	-23.870	-69.3
25.07	-6.389	-21.250	-53.1
25.08	-6.394	-18.375	-54.7
25.09	-6.397	-15.286	-69.3
25.1	-6.400	-12.283	-84.3
25.11	-6.404	-9.645	-92.3
25.12	-6.409	-7.520	-89.3
25.13	-6.414	-6.130	-67.4
25.14	-6.415	-5.553	-51.0
25.15	-6.414	-5.653	-50.0
25.16	-6.412	-6.467	-44.1
25.17	-6.411	-8.042	-56.1
25.18	-6.412	-10.066	-67.3
25.19	-6.414	-12.145	-43.6
25.2	-6.418	-14.100	-20.2
25.21	-6.420	-15.870	-2.9
25.22	-6.422	-17.333	15.5
25.23	-6.423	-18.342	-0.1
25.24	-6.423	-18.866	-34.0
25.25	-6.423	-18.997	-64.1
25.26	-6.422	-18.858	-77.8
25.27	-6.421	-18.431	-79.5
25.28	-6.424	-17.858	-76.3
25.29	-6.431	-17.508	-41.3
25.3	-6.436	-17.373	-7.8
25.31	-6.433	-17.128	113.2
25.32	-6.429	-16.681	405.3
25.33	-6.432	-16.203	558.8
25.34	-6.436	-15.844	337.6
25.35	-6.437	-15.625	52.0
25.36	-6.440	-15.545	-60.3
25.37	-6.444	-15.581	-91.8
25.38	-6.447	-15.698	-65.5
25.39	-6.449	-15.770	-30.0
25.4	-6.445	-15.489	-45.4
25.41	-6.438	-14.753	-48.7
25.42	-6.431	-13.803	-27.0
25.43	-6.429	-12.611	-26.4
25.44	-6.434	-10.106	-27.8
25.45	-6.442	-3.850	-5.4
25.46	-6.453	8.328	21.8
25.47	-6.463	24.859	33.8
25.48	-6.470	39.975	50.3
25.49	-6.476	48.458	76.3
25.5	-6.478	49.823	98.9
25.51	-6.481	45.120	134.9
25.52	-6.484	35.017	149.9
25.53	-6.487	22.045	138.1
25.54	-6.490	8.959	137.3
25.55	-6.492	-2.658	111.6
25.56	-6.495	-12.002	63.8
25.57	-6.498	-18.861	32.0
25.58	-6.500	-23.336	-13.9
25.59	-6.501	-25.745	-67.9
25.6	-6.504	-26.631	-81.3
25.61	-6.514	-26.575	-86.2
25.62	-6.529	-25.889	-97.2
25.63	-6.544	-24.861	-88.7
25.64	-6.555	-23.961	-89.5
25.65	-6.564	-23.559	-113.0
25.66	-6.569	-23.764	-110.5
25.67	-6.573	-24.463	-80.1
25.68	-6.577	-25.175	-69.0
25.69	-6.583	-25.194	-77.2
25.7	-6.593	-24.173	-88.0
25.71	-6.606	-22.108	-87.7
25.72	-6.621	-18.850	-85.4
25.73	-6.638	-14.794	-78.4
25.74	-6.656	-11.041	-59.5
25.75	-6.674	-8.233	-56.1
25.76	-6.692	-6.094	-59.8
25.77	-6.711	-4.223	-62.4
25.78	-6.728	-3.017	-78.6
25.79	-6.744	-2.942	-84.8
25.8	-6.761	-3.848	-68.3
25.81	-6.777	-5.441	-61.8
25.82	-6.794	-7.373	-61.2
25.83	-6.811	-9.330	-42.0
25.84	-6.829	-11.253	-17.8
25.85	-6.847	-13.136	-13.4
25.86	-6.865	-14.713	-29.2
25.87	-6.883	-15.711	-27.6
25.88	-6.900	-16.231	-20.2
25.89	-6.916	-16.541	-36.8
25.9	-6.932	-16.688	-72.2
25.91	-6.949	-16.584	-98.0
25.92	-6.966	-16.264	-76.4
25.93	-6.986	-15.833	-63.5
25.94	-7.008	-15.377	-50.4
25.95	-7.024	-15.023	33.4
25.96	-7.038	-14.884	237.8
25.97	-7.056	-14.883	510.4
25.98	-7.078	-14.781	513.2
25.99	-7.099	-14.428	197.6
26.0	-7.118	-13.975	-35.0
26.01	-7.137	-13.811	-87.3
26.02	-7.156	-13.963	-82.5
26.03	-7.173	-14.061	-80.8
26.04	-7.184	-13.942	-94.9
26.05	-7.192	-13.502	-72.0
26.06	-7.199	-12.567	-42.0
26.07	-7.208	-11.219	-37.0
26.08	-7.220	-8.878	-50.3
26.09	-7.237	-3.173	-55.2
26.1	-7.256	8.231	-9.3
26.11	-7.276	23.906	39.9
26.12	-7.295	38.561	38.1
26.13	-7.311	47.245	33.2
26.14	-7.324	48.272	67.1
26.15	-7.334	42.419	107.4
26.16	-7.343	31.813	120.2
26.17	-7.351	19.442	109.2
26.18	-7.358	7.683	123.7
26.19	-7.367	-2.539	150.8
26.2	-7.379	-10.930	110.0
26.21	-7.392	-17.158	29.4
26.22	-7.404	-21.209	-22.0
26.23	-7.418	-23.606	-36.5
26.24	-7.431	-24.819	-46.7
26.25	-7.446	-25.023	-79.3
26.26	-7.460	-24.500	-79.8
26.27	-7.473	-23.761	-55.5
26.28	-7.485	-23.192	-66.9
26.29	-7.496	-22.920	-89.8
26.3	-7.506	-23.113	-86.2
26.31	-7.514	-23.841	-76.9
26.32	-7.521	-24.613	-87.9
26.33	-7.529	-24.689	-84.6
26.34	-7.536	-23.780	-48.0
26.35	-7.545	-22.097	-32.7
26.36	-7.556	-19.841	-55.1
26.37	-7.566	-17.152	-61.7
26.38	-7.577	-14.334	-62.1
26.39	-7.588	-11.570	-79.3
26.4	-7.598	-8.931	-84.8
26.41	-7.609	-6.752	-66.6
26.42	-7.620	-5.411	-38.6
26.43	-7.629	-4.880	-54.9
26.44	-7.637	-4.927	-91.7
26.45	-7.643	-5.583	-86.2
26.46	-7.648	-6.948	-81.5
26.47	-7.653	-8.808	-90.9
26.48	-7.660	-10.720	-78.5
26.49	-7.668	-12.469	-55.4
26.5	-7.674	-14.203	-56.7
26.51	-7.682	-15.809	-77.3
26.52	-7.689	-16.792	-94.5
26.53	-7.696	-17.144	-80.4
26.54	-7.704	-17.383	-57.7
26.55	-7.712	-17.689	-58.7
26.56	-7.719	-17.777	-46.8
26.57	-7.726	-17.589	-3.1
26.58	-7.733	-17.402	21.7
26.59	-7.740	-17.136	-29.0
26.6	-7.746	-16.530	-93.9
26.61	-7.753	-15.844	-93.5
26.62	-7.761	-15.444	-77.1
26.63	-7.769	-15.216	-99.2
26.64	-7.777	-14.773	-100.3
26.65	-7.782	-14.113	-43.4
26.66	-7.783	-13.508	30.3
26.67	-7.782	-13.033	191.6
26.68	-7.786	-12.725	475.3
26.69	-7.797	-12.552	566.9
26.7	-7.811	-12.436	268.4
26.71	-7.823	-12.434	-33.8
26.72	-7.834	-12.609	-105.1
26.73	-7.839	-12.952	-89.2
26.74	-7.839	-13.256	-72.8
26.75	-7.838	-13.238	-91.4
26.76	-7.839	-12.863	-99.9
26.77	-7.843	-12.184	-80.3
26.78	-7.848	-10.758	-65.3
26.79	-7.853	-6.891	-41.0
26.8	-7.861	2.013	-17.9
26.81	-7.871	16.755	-8.5
26.82	-7.881	33.639	3.9
26.83	-7.891	45.856	25.9
26.84	-7.899	50.072	48.5
26.85	-7.905	47.613	55.5
26.86	-7.908	39.683	75.5
26.87	-7.910	28.113	114.7
26.88	-7.910	15.902	134.4
26.89	-7.909	5.013	136.6
26.9	-7.907	-3.863	127.8
26.91	-7.908	-10.817	102.0
26.92	-7.910	-16.081	47.3
26.93	-7.913	-19.730	-13.0
26.94	-7.916	-21.853	-50.8
26.95	-7.922	-22.795	-80.7
26.96	-7.929	-23.002	-102.9
26.97	-7.936	-22.728	-129.7
26.98	-7.942	-22.195	-144.9
26.99	-7.946	-21.766	-139.0
27.0	-7.950	-21.752	-139.5
27.01	-7.953	-22.214	-123.4
27.02	-7.954	-22.972	-109.9
27.03	-7.954	-23.597	-121.2
27.04	-7.954	-23.559	-112.5
27.05	-7.953	-22.623	-94.5
27.06	-7.954	-20.908	-110.1
27.07	-7.958	-18.619	-120.2
27.08	-7.964	-16.000	-96.9
27.09	-7.971	-13.339	-81.3
27.1	-7.976	-10.858	-84.2
27.11	-7.981	-8.686	-85.7
27.12	-7.986	-6.977	-71.7
27.13	-7.990	-5.903	-73.4
27.14	-7.993	-5.561	-99.6
27.15	-7.996	-5.839	-104.6
27.16	-7.998	-6.369	-99.5
27.17	-8.000	-7.059	-87.6
27.18	-8.002	-8.253	-63.7
27.19	-8.005	-9.919	-71.1
27.2	-8.009	-11.588	-89.2
27.21	-8.013	-12.986	-90.3
27.22	-8.019	-14.120	-90.5
27.23	-8.024	-15.063	-96.3
27.24	-8.030	-15.847	-86.5
27.25	-8.034	-16.556	-56.6
27.26	-8.037	-17.278	-43.0
27.27	-8.039	-17.856	-37.8
27.28	-8.041	-18.069	-29.7
27.29	-8.044	-17.948	-9.2
27.3	-8.047	-17.728	22.8
27.31	-8.050	-17.473	11.7
27.32	-8.052	-17.055	-38.2
27.33	-8.054	-16.509	-70.8
27.34	-8.054	-15.952	-70.5
27.35	-8.057	-15.348	-72.9
27.36	-8.061	-14.684	-78.1
27.37	-8.064	-14.095	-36.5
27.38	-8.063	-13.673	7.4
27.39	-8.056	-13.369	108.0
27.4	-8.048	-13.181	384.4
27.41	-8.050	-13.061	626.5
27.42	-8.060	-12.841	488.4
27.43	-8.071	-12.450	138.7
27.44	-8.081	-11.944	-43.3
27.45	-8.089	-11.648	-97.2
27.46	-8.089	-11.895	-96.2
27.47	-8.082	-12.469	-62.2
27.48	-8.074	-12.884	-53.5
27.49	-8.066	-12.816	-53.4
27.5	-8.061	-12.073	-56.2
27.51	-8.061	-10.117	-53.3
27.52	-8.063	-5.134	-35.7
27.53	-8.064	5.289	-6.3
27.54	-8.067	21.073	30.6
27.55	-8.072	37.417	54.1
27.56	-8.076	47.686	41.8
27.57	-8.079	50.642	43.6
27.58	-8.081	48.842	95.0
27.59	-8.083	42.247	129.8
27.6	-8.084	31.631	142.0
27.61	-8.084	19.964	161.0
27.62	-8.084	9.098	172.5
27.63	-8.083	-0.228	142.7
27.64	-8.082	-7.748	81.4
27.65	-8.083	-13.444	41.5
27.66	-8.084	-17.367	1.2
27.67	-8.087	-19.736	-46.7
27.68	-8.091	-20.925	-77.8
27.69	-8.096	-21.258	-103.1
27.7	-8.101	-21.044	-130.9
27.71	-8.104	-20.666	-132.8
27.72	-8.106	-20.481	-114.5
27.73	-8.108	-20.808	-127.1
27.74	-8.108	-21.684	-141.0
27.75	-8.106	-22.647	-126.9
27.76	-8.103	-23.031	-126.7
27.77	-8.101	-22.434	-130.1
27.78	-8.101	-20.878	-102.1
27.79	-8.104	-18.680	-90.8
27.8	-8.109	-16.169	-93.3
27.81	-8.116	-13.514	-96.6
27.82	-8.123	-10.838	-106.1
27.83	-8.128	-8.402	-75.2
27.84	-8.131	-6.472	-53.9
27.85	-8.133	-5.094	-57.5
27.86	-8.133	-4.453	-60.4
27.87	-8.132	-4.723	-84.9
27.88	-8.131	-5.514	-104.6
27.89	-8.129	-6.467	-92.8
27.9	-8.129	-7.769	-60.0
27.91	-8.129	-9.377	-60.1
27.92	-8.129	-10.858	-91.4
27.93	-8.129	-12.220	-87.1
27.94	-8.130	-13.356	-55.9
27.95	-8.131	-12.831	-56.0
27.96	-8.133	-10.780	-79.7
27.97	-8.136	-9.963	-73.8
27.98	-8.138	-11.005	-52.6
27.99	-8.141	-12.608	-43.5
28.0	-8.143	-14.030	-34.7
28.01	-8.147	-14.786	7.0
28.02	-8.151	-14.883	50.1
28.03	-8.156	-14.777	18.6
28.04	-8.159	-14.916	-52.0
28.05	-8.161	-15.334	-98.5
28.06	-8.162	-15.700	-103.7
28.07	-8.164	-15.747	-72.3
28.08	-8.166	-15.614	-38.1
28.09	-8.168	-15.541	-19.2
28.1	-8.164	-15.752	46.7
28.11	-8.156	-16.095	258.6
28.12	-8.152	-15.477	553.6
28.13	-8.158	-13.498	598.7
28.14	-8.168	-11.759	281.8
28.15	-8.179	-11.589	0.4
28.16	-8.188	-12.464	-78.5
28.17	-8.193	-13.264	-83.7
28.18	-8.189	-13.681	-76.1
28.19	-8.178	-13.881	-82.0
28.2	-8.162	-13.647	-67.1
28.21	-8.146	-12.800	-44.6
28.22	-8.133	-11.248	-24.5
28.23	-8.122	-8.058	-22.8
28.24	-8.115	-0.828	-37.2
28.25	-8.113	12.477	-22.2
28.26	-8.114	29.784	12.9
28.27	-8.117	43.978	57.9
28.28	-8.120	50.120	88.1
28.29	-8.122	51.020	96.4
28.3	-8.124	49.517	101.8
28.31	-8.126	43.739	124.9
28.32	-8.129	33.548	161.8
28.33	-8.132	21.802	163.2
28.34	-8.134	10.495	146.3
28.35	-8.136	0.647	117.9
28.36	-8.138	-7.113	73.7
28.37	-8.140	-12.844	36.6
28.38	-8.142	-16.805	-23.5
28.39	-8.145	-18.988	-96.0
28.4	-8.151	-19.713	-118.9
28.41	-8.161	-19.819	-103.6
28.42	-8.170	-19.880	-108.8
28.43	-8.178	-19.981	-137.4
28.44	-8.186	-20.308	-131.6
28.45	-8.194	-21.273	-104.7
28.46	-8.201	-22.798	-115.4
28.47	-8.207	-24.109	-128.4
28.48	-8.214	-24.495	-122.6
28.49	-8.221	-23.813	-100.7
28.5	-8.232	-22.239	-71.5
28.51	-8.247	-19.958	-87.1
28.52	-8.265	-17.195	-121.6
28.53	-8.285	-14.181	-110.5
28.54	-8.304	-11.172	-90.3
28.55	-8.322	-8.534	-98.0
28.56	-8.336	-6.461	-87.0
28.57	-8.346	-4.911	-69.5
28.58	-8.353	-3.991	-89.9
28.59	-8.357	-3.947	-117.1
28.6	-8.359	-4.763	-108.5
28.61	-8.361	-6.186	-88.7
28.62	-8.361	-8.037	-87.0
28.63	-8.362	-10.144	-85.3
28.64	-8.362	-12.200	-89.4
28.65	-8.363	-14.047	-88.0
28.66	-8.364	-15.795	-88.5
28.67	-8.364	-17.386	-103.4
28.68	-8.363	-18.563	-73.8
28.69	-8.360	-19.347	-21.6
28.7	-8.355	-20.005	-2.2
28.71	-8.348	-20.505	8.4
28.72	-8.340	-20.680	-11.0
28.73	-8.332	-20.538	-36.3
28.74	-8.326	-20.095	-64.3
28.75	-8.319	-19.175	-112.9
28.76	-8.314	-17.830	-99.3
28.77	-8.309	-16.603	-65.1
28.78	-8.303	-15.663	-52.1
28.79	-8.297	-14.919	-19.7
28.8	-8.287	-14.622	74.1
28.81	-8.277	-14.795	318.5
28.82	-8.274	-15.056	596.6
28.83	-8.276	-14.988	525.5
28.84	-8.277	-14.634	154.2
28.85	-8.275	-14.448	-54.7
28.86	-8.271	-14.553	-79.6
28.87	-8.265	-14.806	-97.0
28.88	-8.259	-15.141	-92.3
28.89	-8.252	-15.022	-78.2
28.9	-8.241	-13.959	-66.1
28.91	-8.228	-12.647	-43.0
28.92	-8.219	-11.503	-39.6
28.93	-8.214	-9.147	-47.8
28.94	-8.214	-2.267	-30.5
28.95	-8.216	11.864	-3.5
28.96	-8.216	30.502	23.4
28.97	-8.216	44.972	68.1
28.98	-8.213	50.473	98.7
28.99	-8.208	51.120	110.2
29.0	-8.201	51.031	127.0
29.01	-8.194	49.209	142.7
29.02	-8.186	42.125	143.7
29.03	-8.178	29.444	143.2
29.04	-8.169	14.842	147.3
29.05	-8.162	1.175	122.3
29.06	-8.155	-9.934	69.4
29.07	-8.148	-17.573	4.9
29.08	-8.141	-21.863	-61.4
29.09	-8.137	-23.442	-95.9
29.1	-8.137	-22.978	-100.2
29.11	-8.139	-21.481	-120.3
29.12	-8.139	-20.411	-151.4
29.13	-8.136	-20.294	-147.4
29.14	-8.132	-20.761	-131.9
29.15	-8.128	-21.673	-137.3
29.16	-8.123	-22.833	-128.2
29.17	-8.116	-24.061	-110.5
29.18	-8.109	-24.603	-113.3
29.19	-8.103	-23.334	-118.3
29.2	-8.098	-20.803	-107.5
29.21	-8.095	-18.834	-93.2
29.22	-8.094	-18.061	-80.1
29.23	-8.094	-16.873	-74.6
29.24	-8.094	-13.795	-87.2
29.25	-8.093	-9.664	-82.5
29.26	-8.091	-6.186	-76.5
29.27	-8.086	-3.984	-92.2
29.28	-8.081	-2.770	-91.0
29.29	-8.075	-2.797	-82.5
29.3	-8.068	-5.141	-88.2
29.31	-8.061	-9.731	-79.3
29.32	-8.054	-14.067	-53.8
29.33	-8.049	-16.342	-44.1
29.34	-8.044	-16.914	-33.5
29.35	-8.041	-17.120	-23.7
29.36	-8.037	-17.927	-17.0
29.37	-8.034	-18.873	-6.3
29.38	-8.031	-19.439	-27.8
29.39	-8.030	-19.553	-60.4
29.4	-8.029	-19.273	-74.8
29.41	-8.027	-18.716	-78.0
29.42	-8.023	-17.980	-82.3
29.43	-8.023	-17.073	-79.0
29.44	-8.023	-15.503	-48.4
29.45	-8.020	-13.048	-12.3
29.46	-8.010	-11.541	142.3
29.47	-7.999	-12.700	467.0
29.48	-7.994	-14.953	603.2
29.49	-7.990	-16.342	328.7
29.5	-7.984	-16.934	19.0
29.51	-7.979	-17.277	-67.3
29.52	-7.973	-17.648	-92.1
29.53	-7.967	-18.020	-105.5
29.54	-7.960	-18.225	-75.1
29.55	-7.949	-18.133	-52.4
29.56	-7.932	-17.653	-55.6
29.57	-7.913	-16.698	-43.9
29.58	-7.900	-14.997	-27.6
29.59	-7.894	-11.309	-28.9
29.6	-7.894	-2.894	-20.9
29.61	-7.896	12.356	9.9
29.62	-7.896	31.394	42.1
29.63	-7.892	45.519	66.4
29.64	-7.886	50.575	98.3
29.65	-7.879	51.127	130.7
29.66	-7.874	51.130	124.8
29.67	-7.869	50.564	105.3
29.68	-7.866	46.423	135.0
29.69	-7.865	36.184	165.7
29.7	-7.863	22.544	141.7
29.71	-7.860	9.334	89.3
29.72	-7.858	-1.983	29.1
29.73	-7.856	-10.852	-38.3
29.74	-7.853	-17.125	-82.8
29.75	-7.851	-20.966	-96.6
29.76	-7.853	-22.827	-108.5
29.77	-7.854	-23.373	-96.5
29.78	-7.854	-23.280	-70.1
29.79	-7.856	-23.145	-79.3
29.8	-7.856	-23.450	-108.8
29.81	-7.854	-24.436	-114.3
29.82	-7.851	-25.877	-93.2
29.83	-7.848	-27.303	-89.9
29.84	-7.846	-28.047	-108.2
29.85	-7.846	-27.473	-102.3
29.86	-7.848	-25.597	-67.6
29.87	-7.849	-22.667	-50.1
29.88	-7.851	-18.963	-65.8
29.89	-7.852	-14.839	-68.9
29.9	-7.852	-10.591	-59.5
29.91	-7.852	-6.584	-83.8
29.92	-7.853	-3.131	-93.4
29.93	-7.855	-0.450	-63.1
29.94	-7.857	1.192	-65.7
29.95	-7.858	1.505	-75.2
29.96	-7.858	0.498	-60.9
29.97	-7.859	-1.552	-51.4
29.98	-7.859	-4.414	-51.6
29.99	-7.861	-7.717	-55.7
30.0	-7.861	-10.997	-26.8
30.01	-7.859	-13.998	28.5
30.02	-7.855	-16.447	25.0
30.03	-7.851	-18.134	-31.8
30.04	-7.848	-19.234	-74.6
30.05	-7.845	-19.978	-86.2
30.06	-7.846	-20.398	-89.3
30.07	-7.850	-20.488	-95.0
30.08	-7.859	-20.294	-67.4
30.09	-7.869	-19.977	-16.6
30.1	-7.874	-19.745	47.8
30.11	-7.873	-19.628	251.0
30.12	-7.875	-19.514	514.8
30.13	-7.881	-19.344	474.5
30.14	-7.885	-19.088	154.8
30.15	-7.885	-18.722	-58.9
30.16	-7.888	-18.300	-90.2
30.17	-7.893	-17.998	-79.2
30.18	-7.895	-17.844	-73.5
30.19	-7.893	-17.613	-73.0
30.2	-7.887	-16.986	-56.8
30.21	-7.882	-15.864	-47.8
30.22	-7.879	-14.230	-52.3
30.23	-7.880	-11.014	-42.2
30.24	-7.885	-3.422	-22.8
30.25	-7.894	11.255	10.2
30.26	-7.905	30.663	17.0
30.27	-7.914	45.414	12.4
30.28	-7.919	50.603	48.4
30.29	-7.919	51.125	93.1
30.3	-7.918	51.134	102.2
30.31	-7.918	51.059	100.1
30.32	-7.917	49.344	116.6
30.33	-7.918	41.928	128.9
30.34	-7.918	28.248	120.5
30.35	-7.921	13.020	88.3
30.36	-7.923	-0.369	38.6
30.37	-7.925	-11.055	-12.8
30.38	-7.927	-18.764	-54.7
30.39	-7.929	-23.642	-93.5
30.4	-7.934	-26.145	-115.0
30.41	-7.941	-26.956	-106.4
30.42	-7.949	-26.936	-94.3
30.43	-7.955	-26.902	-97.8
30.44	-7.958	-27.439	-119.9
30.45	-7.959	-28.755	-118.3
30.46	-7.958	-30.550	-93.4
30.47	-7.957	-32.170	-75.7
30.48	-7.957	-32.909	-75.1
30.49	-7.959	-32.369	-99.2
30.5	-7.964	-30.528	-104.1
30.51	-7.970	-27.545	-81.8
30.52	-7.978	-23.606	-68.0
30.53	-7.984	-19.088	-72.8
30.54	-7.991	-14.553	-81.3
30.55	-7.996	-10.373	-75.6
30.56	-8.001	-6.738	-65.3
30.57	-8.006	-3.942	-61.7
30.58	-8.011	-2.239	-74.6
30.59	-8.018	-1.698	-83.9
30.6	-8.025	-2.288	-72.1
30.61	-8.033	-3.827	-75.6
30.62	-8.042	-5.952	-73.3
30.63	-8.051	-8.363	-46.4
30.64	-8.061	-10.914	-32.5
30.65	-8.071	-13.416	-34.1
30.66	-8.081	-15.592	-36.3
30.67	-8.092	-17.309	-4.7
30.68	-8.103	-18.611	14.1
30.69	-8.112	-19.500	-36.2
30.7	-8.119	-19.941	-80.9
30.71	-8.126	-20.014	-70.1
30.72	-8.134	-19.827	-62.4
30.73	-8.142	-19.444	-81.0
30.74	-8.149	-19.017	-69.7
30.75	-8.157	-18.639	-20.9
30.76	-8.159	-18.256	44.7
30.77	-8.159	-17.997	225.5
30.78	-8.167	-17.797	515.0
30.79	-8.183	-17.292	536.8
30.8	-8.199	-16.634	206.1
30.81	-8.213	-16.231	-51.1
30.82	-8.223	-16.102	-96.3
30.83	-8.230	-16.216	-76.1
30.84	-8.233	-16.664	-67.8
30.85	-8.234	-17.262	-73.8
30.86	-8.234	-17.614	-53.3
30.87	-8.234	-17.483	-23.5
30.88	-8.232	-16.356	-22.8
30.89	-8.234	-12.338	-43.3
30.9	-8.240	-2.375	-46.1
30.91	-8.250	15.278	-21.5
30.92	-8.261	35.453	11.2
30.93	-8.271	47.847	38.1
30.94	-8.280	50.981	48.6
30.95	-8.287	51.131	69.1
30.96	-8.291	51.134	108.5
30.97	-8.293	51.047	121.6
30.98	-8.292	49.264	96.4
30.99	-8.290	42.123	93.8
31.0	-8.289	28.875	112.7
31.01	-8.291	13.247	99.3
31.02	-8.294	-0.800	47.6
31.03	-8.299	-11.620	-3.7
31.04	-8.306	-19.556	-46.4
31.05	-8.313	-24.806	-97.9
31.06	-8.321	-26.627	-136.8
31.07	-8.329	-25.544	-129.5
31.08	-8.335	-24.339	-89.7
31.09	-8.339	-24.270	-92.2
31.1	-8.342	-25.302	-120.1
31.11	-8.344	-27.519	-115.3
31.12	-8.344	-29.973	-120.3
31.13	-8.344	-32.078	-126.8
31.14	-8.344	-33.155	-100.8
31.15	-8.346	-32.352	-74.3
31.16	-8.349	-30.469	-90.0
31.17	-8.354	-28.348	-100.6
31.18	-8.359	-25.422	-74.6
31.19	-8.365	-21.669	-76.8
31.2	-8.370	-17.245	-93.6
31.21	-8.375	-10.847	-95.4
31.22	-8.379	-0.348	-101.0
31.23	-8.382	15.195	-90.4
31.24	-8.384	33.002	-69.9
31.25	-8.387	45.977	-79.3
31.26	-8.389	50.628	-90.0
31.27	-8.392	51.127	-74.8
31.28	-8.395	51.139	-74.8
31.29	-8.398	51.139	-91.9
31.3	-8.401	51.139	-88.5
31.31	-8.405	51.139	-76.4
31.32	-8.409	51.139	-70.7
31.33	-8.413	51.133	-51.2
31.34	-8.416	51.034	-33.9
31.35	-8.419	49.263	-33.3
31.36	-8.422	42.750	-8.1
31.37	-8.425	31.548	-0.5
31.38	-8.428	18.367	-37.9
31.39	-8.431	4.983	-58.1
31.4	-8.433	-6.803	-72.7
31.41	-8.436	-16.284	-83.8
31.42	-8.441	-24.488	-80.8
31.43	-8.446	-31.194	-71.3
31.44	-8.449	-35.472	-21.1
31.45	-8.449	-38.144	66.4
31.46	-8.446	-40.384	252.8
31.47	-8.451	-42.381	535.4
31.48	-8.467	-44.264	534.6
31.49	-8.484	-46.155	188.6
31.5	-8.500	-47.750	-53.2
31.51	-8.514	-48.867	-89.5
31.52	-8.523	-49.647	-72.8
31.53	-8.528	-50.298	-65.6
31.54	-8.533	-50.578	-75.0
31.55	-8.537	-50.222	-67.2
31.56	-8.546	-49.645	-61.7
31.57	-8.557	-48.492	-61.0
31.58	-8.569	-44.525	-55.5
31.59	-8.582	-34.738	-21.6
31.6	-8.594	-17.609	17.4
31.61	-8.607	4.161	16.2
31.62	-8.620	24.933	26.8
31.63	-8.631	40.286	60.2
31.64	-8.638	48.397	86.7
31.65	-8.643	50.425	105.4
31.66	-8.644	48.128	115.9
31.67	-8.643	41.800	136.6
31.68	-8.640	32.652	137.8
31.69	-8.636	23.020	109.3
31.7	-8.632	14.341	96.1
31.71	-8.629	6.659	65.2
31.72	-8.629	-0.092	-20.1
31.73	-8.632	-5.022	-84.8
31.74	-8.639	-7.559	-90.9
31.75	-8.649	-8.181	-92.8
31.76	-8.657	-8.069	-118.7
31.77	-8.661	-8.630	-157.4
31.78	-8.661	-10.092	-152.6
31.79	-8.658	-12.081	-110.6
31.8	-8.652	-14.697	-99.1
31.81	-8.644	-17.753	-125.8
31.82	-8.634	-20.481	-136.3
31.83	-8.624	-22.270	-98.2
31.84	-8.615	-22.884	-78.9
31.85	-8.608	-21.452	-116.5
31.86	-8.603	-17.800	-142.6
31.87	-8.599	-13.661	-122.1
31.88	-8.596	-10.145	-84.2
31.89	-8.591	-7.530	-66.8
31.9	-8.586	-5.889	-85.2
31.91	-8.579	-4.413	-113.7
31.92	-8.571	-3.339	-113.7
31.93	-8.563	-3.769	-99.9
31.94	-8.554	-5.067	-100.0
31.95	-8.544	-6.873	-91.8
31.96	-8.534	-10.958	-91.3
31.97	-8.526	-17.323	-107.5
31.98	-8.521	-22.998	-97.7
31.99	-8.517	-26.567	-86.5
32.0	-8.515	-28.861	-89.1
32.01	-8.514	-30.550	-72.4
32.02	-8.513	-30.675	-77.8
32.03	-8.512	-27.491	-101.6
32.04	-8.512	-23.388	-80.7
32.05	-8.512	-22.227	-23.0
32.06	-8.512	-23.014	21.2
32.07	-8.513	-24.039	37.1
32.08	-8.515	-25.702	6.7
32.09	-8.517	-27.772	-51.6
32.1	-8.518	-29.450	-95.0
32.11	-8.518	-30.756	-92.8
32.12	-8.519	-32.055	-72.6
32.13	-8.521	-32.806	-76.8
32.14	-8.524	-32.123	-52.3
32.15	-8.524	-29.580	9.0
32.16	-8.519	-26.114	137.7
32.17	-8.514	-23.284	420.3
32.18	-8.518	-21.822	618.8
32.19	-8.531	-21.969	418.7
32.2	-8.544	-23.672	73.2
32.21	-8.558	-26.719	-56.9
32.22	-8.568	-30.967	-55.6
32.23	-8.571	-36.570	-70.2
32.24	-8.564	-42.491	-85.5
32.25	-8.551	-47.070	-79.4
32.26	-8.537	-49.875	-62.9
32.27	-8.526	-50.873	-48.4
32.28	-8.521	-49.458	-34.9
32.29	-8.516	-42.564	-13.9
32.3	-8.511	-26.172	-0.0
32.31	-8.507	-0.542	-4.9
32.32	-8.506	26.925	2.6
32.33	-8.507	44.906	47.7
32.34	-8.509	50.606	88.6
32.35	-8.511	51.122	102.9
32.36	-8.511	51.116	128.9
32.37	-8.512	50.267	154.7
32.38	-8.512	44.983	151.8
32.39	-8.513	32.317	144.8
32.4	-8.514	14.753	127.3
32.41	-8.518	-2.989	83.4
32.42	-8.522	-16.856	20.7
32.43	-8.527	-24.934	-18.9
32.44	-8.533	-29.027	-35.1
32.45	-8.542	-31.881	-83.0
32.46	-8.553	-34.844	-134.3
32.47	-8.563	-38.097	-135.4
32.48	-8.570	-41.209	-126.8
32.49	-8.576	-44.184	-125.8
32.5	-8.581	-47.333	-109.4
32.51	-8.582	-49.889	-105.9
32.52	-8.581	-50.656	-118.2
32.53	-8.578	-49.338	-116.4
32.54	-8.575	-46.533	-101.5
