Interval=	0.01 s
ExcelDateTime=	3.9777416324660226e+004	25/11/2008 9:59:30.450644
TimeFormat=	StartOfBlock
ChannelTitle=	Channel 1	Channel 2	Channel 3
Range=	20.000 mV	50.000 mV	1000.0 µV
0.0	-8.049	6.484	0.5
0.01	-8.046	33.941	-16.2
0.02	-8.043	48.569	-30.2
0.03	-8.039	51.081	7.2
0.04	-8.037	51.131	59.3
0.05	-8.036	51.139	84.0
0.06	-8.034	51.139	100.7
0.07	-8.031	51.139	111.9
0.08	-8.029	51.130	136.9
0.09	-8.027	50.966	148.4
0.1	-8.026	47.498	121.9
0.11	-8.026	33.611	95.5
0.12	-8.026	10.359	62.8
0.13	-8.026	-11.905	13.6
0.14	-8.027	-27.886	-47.1
0.15	-8.029	-38.252	-96.8
0.16	-8.032	-44.288	-106.1
0.17	-8.033	-47.255	-114.0
0.18	-8.033	-48.878	-135.0
0.19	-8.033	-50.219	-145.1
0.2	-8.033	-50.983	-147.6
0.21	-8.033	-51.136	-125.3
0.22	-8.033	-51.141	-99.4
0.23	-8.033	-51.141	-106.0
0.24	-8.033	-51.141	-119.2
0.25	-8.034	-51.139	-111.2
0.26	-8.037	-51.131	-95.4
0.27	-8.040	-50.613	-102.3
0.28	-8.043	-47.027	-113.8
0.29	-8.046	-38.561	-95.4
0.3	-8.050	-27.873	-73.2
0.31	-8.054	-18.105	-88.2
0.32	-8.059	-10.409	-101.9
0.33	-8.068	-5.583	-85.9
0.34	-8.079	-3.805	-97.1
0.35	-8.094	-4.678	-96.8
0.36	-8.111	-7.803	-77.3
0.37	-8.131	-12.673	-92.8
0.38	-8.149	-18.700	-87.5
0.39	-8.167	-25.228	-66.9
0.4	-8.184	-31.433	-72.0
0.41	-8.199	-36.962	-63.2
0.42	-8.213	-42.005	-40.1
0.43	-8.226	-46.477	-6.4
0.44	-8.239	-49.611	25.6
0.45	-8.249	-50.916	0.4
0.46	-8.258	-51.134	-59.6
0.47	-8.264	-51.141	-77.4
0.48	-8.268	-51.141	-71.3
0.49	-8.272	-51.141	-90.7
0.5	-8.277	-51.141	-89.5
0.51	-8.285	-51.139	-48.3
0.52	-8.293	-51.078	6.3
0.53	-8.298	-50.598	140.9
0.54	-8.304	-49.330	422.0
0.55	-8.313	-47.403	617.5
0.56	-8.324	-45.197	406.6
0.57	-8.336	-42.973	58.8
0.58	-8.349	-40.911	-67.2
0.59	-8.363	-39.252	-77.2
0.6	-8.376	-38.169	-53.2
0.61	-8.389	-37.617	-46.5
0.62	-8.401	-37.344	-78.5
0.63	-8.412	-36.642	-84.1
0.64	-8.423	-34.478	-44.2
0.65	-8.434	-30.225	8.1
0.66	-8.449	-21.888	20.3
0.67	-8.465	-3.489	11.5
0.68	-8.483	24.164	32.6
0.69	-8.500	44.792	62.3
0.7	-8.515	50.800	72.9
0.71	-8.527	51.122	100.6
0.72	-8.538	51.139	144.9
0.73	-8.546	51.139	172.1
0.74	-8.554	51.139	188.9
0.75	-8.563	51.133	200.7
0.76	-8.572	51.005	187.4
0.77	-8.582	47.827	157.1
0.78	-8.592	33.770	113.6
0.79	-8.603	8.747	72.1
0.8	-8.611	-16.383	29.8
0.81	-8.620	-35.105	-26.5
0.82	-8.631	-46.275	-62.8
0.83	-8.640	-50.464	-83.6
0.84	-8.648	-51.122	-101.7
0.85	-8.654	-51.139	-113.9
0.86	-8.661	-51.141	-109.0
0.87	-8.664	-51.141	-89.2
0.88	-8.666	-51.141	-75.5
0.89	-8.668	-51.141	-65.3
0.9	-8.668	-51.141	-74.0
0.91	-8.670	-51.141	-85.7
0.92	-8.674	-51.131	-79.3
0.93	-8.681	-50.931	-80.1
0.94	-8.691	-48.381	-90.6
0.95	-8.703	-39.983	-80.8
0.96	-8.714	-26.834	-48.9
0.97	-8.724	-13.478	-42.7
0.98	-8.732	-2.405	-66.4
0.99	-8.739	5.461	-76.6
1.0	-8.749	9.473	-61.0
1.01	-8.759	9.331	-47.6
1.02	-8.771	5.548	-41.4
1.03	-8.783	-1.064	-29.2
1.04	-8.796	-9.689	-24.3
1.05	-8.809	-19.030	-19.7
1.06	-8.822	-27.931	14.8
1.07	-8.834	-35.920	32.2
1.08	-8.846	-42.422	-8.5
1.09	-8.855	-46.917	-48.8
1.1	-8.863	-49.666	-48.8
1.11	-8.871	-50.905	-39.2
1.12	-8.879	-51.134	-61.6
1.13	-8.889	-51.139	-71.8
1.14	-8.901	-51.141	-44.2
1.15	-8.909	-51.125	-1.0
1.16	-8.911	-50.864	128.8
1.17	-8.914	-49.917	374.4
1.18	-8.920	-48.489	510.8
1.19	-8.926	-47.248	309.7
1.2	-8.931	-46.092	24.6
1.21	-8.940	-44.536	-54.1
1.22	-8.953	-42.977	-46.3
1.23	-8.968	-42.058	-47.8
1.24	-8.981	-41.519	-39.3
1.25	-8.992	-40.647	-31.9
1.26	-9.002	-38.781	-31.1
1.27	-9.013	-35.733	-32.3
1.28	-9.026	-31.550	-12.2
1.29	-9.043	-24.527	23.7
1.3	-9.063	-9.323	36.5
1.31	-9.085	16.681	32.0
1.32	-9.104	40.577	43.1
1.33	-9.121	50.070	76.0
1.34	-9.135	51.108	109.6
1.35	-9.144	51.139	132.0
1.36	-9.151	51.139	130.0
1.37	-9.158	51.139	135.7
1.38	-9.166	51.133	169.1
1.39	-9.172	51.003	191.2
1.4	-9.177	47.917	170.5
1.41	-9.178	34.497	93.1
1.42	-9.176	10.875	26.0
1.43	-9.168	-12.673	-6.5
1.44	-9.158	-30.581	-44.1
1.45	-9.151	-42.673	-66.7
1.46	-9.144	-48.948	-76.8
1.47	-9.136	-50.897	-78.2
1.48	-9.127	-51.136	-69.1
1.49	-9.116	-51.141	-70.6
1.5	-9.103	-51.141	-82.9
1.51	-9.089	-51.141	-76.6
1.52	-9.075	-51.141	-74.6
1.53	-9.063	-51.141	-85.8
1.54	-9.053	-51.141	-72.4
1.55	-9.043	-51.130	-52.6
1.56	-9.033	-50.881	-63.3
1.57	-9.024	-47.825	-83.3
1.58	-9.015	-37.944	-74.4
1.59	-9.006	-22.825	-77.9
1.6	-8.995	-8.105	-83.5
1.61	-8.985	3.353	-47.8
1.62	-8.974	10.828	-32.6
1.63	-8.962	14.017	-62.3
1.64	-8.949	12.920	-90.7
1.65	-8.934	8.008	-95.1
1.66	-8.918	0.294	-58.8
1.67	-8.901	-8.903	-27.4
1.68	-8.883	-18.366	-32.3
1.69	-8.864	-27.356	-17.4
1.7	-8.846	-35.459	11.3
1.71	-8.827	-42.030	-8.7
1.72	-8.808	-46.617	-70.2
1.73	-8.789	-49.427	-107.1
1.74	-8.774	-50.758	-89.0
1.75	-8.761	-51.031	-65.2
1.76	-8.751	-50.686	-77.3
1.77	-8.741	-49.880	-66.2
1.78	-8.728	-48.698	-21.8
1.79	-8.710	-47.197	102.8
1.8	-8.693	-45.628	358.6
1.81	-8.678	-44.109	467.2
1.82	-8.662	-42.441	233.7
1.83	-8.646	-40.641	-20.8
1.84	-8.632	-38.948	-72.2
1.85	-8.619	-37.611	-66.2
1.86	-8.605	-36.748	-61.7
1.87	-8.589	-36.300	-64.1
1.88	-8.572	-35.788	-81.2
1.89	-8.554	-34.264	-57.4
1.9	-8.535	-31.538	-29.9
1.91	-8.518	-27.245	-28.1
1.92	-8.501	-17.877	-39.4
1.93	-8.485	2.203	-37.3
1.94	-8.471	28.953	8.4
1.95	-8.457	46.520	32.6
1.96	-8.446	50.930	33.5
1.97	-8.434	51.128	60.4
1.98	-8.426	51.139	93.3
1.99	-8.419	51.139	117.9
2.0	-8.412	51.133	106.6
2.01	-8.408	51.084	86.1
2.02	-8.402	49.322	107.8
2.03	-8.397	39.466	92.2
2.04	-8.389	19.336	31.1
2.05	-8.381	-2.594	13.2
2.06	-8.373	-19.617	-12.9
2.07	-8.364	-31.500	-73.1
2.08	-8.359	-39.194	-112.1
2.09	-8.356	-43.620	-136.2
2.1	-8.353	-46.119	-148.1
2.11	-8.350	-48.177	-139.7
2.12	-8.347	-50.036	-116.7
2.13	-8.342	-50.975	-85.0
2.14	-8.338	-51.136	-68.8
2.15	-8.333	-51.141	-84.0
2.16	-8.329	-51.141	-112.3
2.17	-8.325	-51.139	-124.9
2.18	-8.322	-51.128	-110.4
2.19	-8.321	-50.528	-90.9
2.2	-8.319	-46.575	-80.9
2.21	-8.317	-37.363	-72.8
2.22	-8.315	-25.734	-73.7
2.23	-8.314	-15.120	-81.6
2.24	-8.313	-6.911	-86.8
2.25	-8.312	-2.142	-73.8
2.26	-8.313	-0.877	-58.1
2.27	-8.313	-2.275	-74.0
2.28	-8.314	-6.170	-91.4
2.29	-8.316	-12.292	-88.5
2.3	-8.318	-19.242	-90.6
2.31	-8.319	-25.625	-94.8
2.32	-8.321	-31.022	-70.6
2.33	-8.322	-36.003	-40.2
2.34	-8.324	-40.811	-45.8
2.35	-8.325	-44.523	-52.6
2.36	-8.327	-46.711	-48.2
2.37	-8.328	-48.155	-44.0
2.38	-8.329	-49.200	-14.0
2.39	-8.330	-49.553	11.1
2.4	-8.329	-49.209	-0.3
2.41	-8.328	-48.350	-42.7
2.42	-8.326	-47.180	-72.2
2.43	-8.326	-45.788	-71.9
2.44	-8.326	-44.141	-71.6
2.45	-8.327	-42.333	-70.0
2.46	-8.329	-40.550	-45.9
2.47	-8.329	-38.944	3.3
2.48	-8.324	-37.327	138.3
2.49	-8.320	-35.336	441.3
2.5	-8.320	-33.377	603.4
2.51	-8.319	-32.044	345.8
2.52	-8.318	-31.145	27.3
2.53	-8.318	-30.339	-71.3
2.54	-8.316	-29.558	-75.3
2.55	-8.313	-29.081	-79.3
2.56	-8.306	-29.270	-69.6
2.57	-8.296	-29.364	-63.2
2.58	-8.285	-27.900	-78.9
2.59	-8.274	-24.480	-62.0
2.6	-8.263	-18.517	-22.3
2.61	-8.254	-5.259	-7.8
2.62	-8.246	18.761	-23.8
2.63	-8.238	41.303	-14.8
2.64	-8.230	50.177	27.5
2.65	-8.221	51.108	49.2
2.66	-8.211	51.139	63.3
2.67	-8.202	51.139	78.3
2.68	-8.193	51.139	92.5
2.69	-8.183	51.123	112.3
2.7	-8.174	50.813	128.2
2.71	-8.166	46.608	125.2
2.72	-8.158	33.019	96.3
2.73	-8.153	13.223	58.8
2.74	-8.149	-4.503	16.3
2.75	-8.144	-17.528	-39.6
2.76	-8.141	-26.367	-101.0
2.77	-8.138	-31.633	-145.6
2.78	-8.136	-34.514	-127.8
2.79	-8.133	-36.581	-102.5
2.8	-8.132	-39.144	-143.3
2.81	-8.131	-42.992	-154.7
2.82	-8.131	-47.428	-114.0
2.83	-8.130	-50.309	-105.0
2.84	-8.129	-51.097	-120.0
2.85	-8.128	-51.138	-129.3
2.86	-8.127	-51.128	-138.0
2.87	-8.126	-50.622	-123.4
2.88	-8.125	-47.459	-86.8
2.89	-8.124	-40.119	-80.9
2.9	-8.124	-30.575	-109.6
2.91	-8.124	-21.425	-119.5
2.92	-8.124	-13.811	-104.9
2.93	-8.124	-8.298	-92.6
2.94	-8.122	-5.338	-101.0
2.95	-8.119	-5.000	-103.3
2.96	-8.117	-6.747	-83.8
2.97	-8.114	-10.152	-93.2
2.98	-8.113	-14.834	-109.8
2.99	-8.110	-20.061	-104.6
3.0	-8.108	-25.267	-93.5
3.01	-8.106	-30.144	-95.4
3.02	-8.105	-34.328	-103.4
3.03	-8.103	-37.589	-81.3
3.04	-8.102	-40.091	-62.1
3.05	-8.101	-41.928	-83.5
3.06	-8.102	-42.948	-101.3
3.07	-8.102	-43.267	-70.7
3.08	-8.103	-43.284	-36.8
3.09	-8.103	-43.227	-21.7
3.1	-8.103	-43.000	10.2
3.11	-8.103	-42.534	7.8
3.12	-8.102	-41.944	-51.1
3.13	-8.101	-41.313	-84.7
3.14	-8.099	-40.534	-72.6
3.15	-8.098	-39.239	-77.0
3.16	-8.098	-37.356	-97.0
3.17	-8.096	-35.522	-68.1
3.18	-8.093	-34.097	-11.4
3.19	-8.087	-32.802	108.4
3.2	-8.082	-31.513	412.3
3.21	-8.082	-30.331	657.5
3.22	-8.084	-29.309	461.1
3.23	-8.086	-28.561	74.1
3.24	-8.088	-28.070	-84.5
3.25	-8.089	-27.839	-82.0
3.26	-8.089	-28.159	-67.5
3.27	-8.088	-28.873	-78.3
3.28	-8.086	-29.128	-79.1
3.29	-8.084	-28.202	-57.7
3.3	-8.082	-25.620	-57.2
3.31	-8.081	-20.131	-41.9
3.32	-8.079	-7.513	-1.9
3.33	-8.078	15.745	16.1
3.34	-8.078	39.205	3.8
3.35	-8.080	49.703	19.3
3.36	-8.084	51.108	56.7
3.37	-8.091	51.136	66.7
3.38	-8.099	51.139	86.4
3.39	-8.111	51.139	133.0
3.4	-8.126	51.125	161.0
3.41	-8.143	50.625	158.8
3.42	-8.162	45.734	154.3
3.43	-8.180	32.000	148.3
3.44	-8.197	13.428	95.8
3.45	-8.215	-2.884	21.0
3.46	-8.231	-14.923	-27.9
3.47	-8.248	-23.219	-60.0
3.48	-8.264	-28.841	-84.0
3.49	-8.281	-32.688	-110.8
3.5	-8.298	-35.459	-124.0
3.51	-8.314	-38.272	-128.1
3.52	-8.331	-42.336	-136.2
3.53	-8.346	-47.106	-137.1
3.54	-8.361	-50.231	-121.5
3.55	-8.376	-51.091	-95.5
3.56	-8.391	-51.138	-105.9
3.57	-8.405	-51.136	-120.9
3.58	-8.421	-50.894	-102.9
3.59	-8.437	-48.691	-94.9
3.6	-8.453	-42.431	-99.7
3.61	-8.466	-33.248	-88.1
3.62	-8.479	-23.834	-86.8
3.63	-8.491	-15.513	-102.5
3.64	-8.501	-9.059	-100.8
3.65	-8.511	-5.127	-84.5
3.66	-8.518	-3.856	-61.5
3.67	-8.523	-4.866	-51.6
3.68	-8.527	-7.714	-62.8
3.69	-8.530	-11.845	-76.8
3.7	-8.532	-16.603	-85.2
3.71	-8.533	-21.598	-88.3
3.72	-8.534	-26.234	-71.3
3.73	-8.534	-30.045	-44.1
3.74	-8.533	-33.209	-24.5
3.75	-8.529	-35.747	1.9
3.76	-8.524	-37.536	34.1
3.77	-8.517	-38.606	26.2
3.78	-8.508	-38.964	-38.0
3.79	-8.498	-38.789	-69.7
3.8	-8.487	-38.195	-48.7
3.81	-8.478	-37.117	-50.7
3.82	-8.473	-35.748	-90.4
3.83	-8.474	-34.427	-74.8
3.84	-8.477	-33.169	-1.3
3.85	-8.479	-31.789	67.7
3.86	-8.478	-30.419	271.0
3.87	-8.483	-29.295	567.8
3.88	-8.494	-28.398	540.5
3.89	-8.504	-27.683	173.8
3.9	-8.514	-27.203	-91.5
3.91	-8.523	-26.989	-109.4
3.92	-8.533	-27.133	-58.5
3.93	-8.540	-27.700	-60.2
3.94	-8.543	-28.514	-65.4
3.95	-8.546	-28.933	-34.1
3.96	-8.549	-28.383	-25.0
3.97	-8.553	-26.734	-54.6
3.98	-8.558	-22.944	-54.1
3.99	-8.564	-13.059	-11.7
4.0	-8.574	7.903	13.7
4.01	-8.585	33.377	27.8
4.02	-8.598	48.019	64.2
4.03	-8.613	51.028	90.1
4.04	-8.627	51.130	98.9
4.05	-8.642	51.139	133.8
4.06	-8.656	51.138	161.2
4.07	-8.670	51.123	154.2
4.08	-8.684	50.197	153.4
4.09	-8.699	43.419	151.8
4.1	-8.714	27.303	128.5
4.11	-8.728	7.669	75.2
4.12	-8.741	-8.944	12.6
4.13	-8.752	-20.984	-40.8
4.14	-8.764	-28.492	-94.8
4.15	-8.776	-32.752	-121.3
4.16	-8.789	-35.295	-128.3
4.17	-8.801	-37.319	-123.7
4.18	-8.814	-40.059	-94.7
4.19	-8.827	-44.188	-79.7
4.2	-8.840	-48.433	-105.0
4.21	-8.853	-50.684	-117.5
4.22	-8.865	-51.125	-99.1
4.23	-8.876	-51.136	-91.0
4.24	-8.890	-51.070	-89.8
4.25	-8.906	-49.650	-89.2
4.26	-8.924	-43.791	-101.3
4.27	-8.944	-33.055	-96.8
4.28	-8.966	-20.988	-77.8
4.29	-8.986	-10.395	-72.8
4.3	-9.005	-2.244	-57.7
4.31	-9.021	2.914	-50.0
4.32	-9.036	4.802	-67.7
4.33	-9.051	3.641	-74.4
4.34	-9.066	-0.105	-70.9
4.35	-9.080	-5.781	-65.0
4.36	-9.092	-12.373	-54.4
4.37	-9.103	-18.836	-57.5
4.38	-9.114	-24.655	-55.9
4.39	-9.128	-29.692	-31.5
4.4	-9.141	-33.795	-7.7
4.41	-9.154	-36.892	19.4
4.42	-9.165	-39.078	41.1
4.43	-9.174	-40.466	16.5
4.44	-9.182	-41.120	-45.2
4.45	-9.187	-41.073	-68.3
4.46	-9.190	-40.381	-58.4
4.47	-9.191	-39.216	-62.4
4.48	-9.193	-37.803	-62.0
4.49	-9.194	-36.200	-50.2
4.5	-9.189	-34.423	-10.8
4.51	-9.170	-32.739	111.9
4.52	-9.149	-31.427	357.6
4.53	-9.129	-30.455	523.7
4.54	-9.104	-29.597	340.6
4.55	-9.079	-28.678	54.1
4.56	-9.061	-27.738	-47.5
4.57	-9.049	-26.892	-92.2
4.58	-9.042	-26.186	-81.5
4.59	-9.031	-25.605	-11.3
4.6	-9.017	-24.916	-13.3
4.61	-9.000	-23.505	-32.7
4.62	-8.984	-20.986	-26.5
4.63	-8.967	-17.505	-24.6
4.64	-8.953	-11.559	-32.7
4.65	-8.938	2.091	-11.3
4.66	-8.924	24.752	25.4
4.67	-8.908	43.886	28.1
4.68	-8.889	50.555	49.1
4.69	-8.867	51.113	68.1
4.7	-8.844	51.139	84.2
4.71	-8.821	51.139	128.3
4.72	-8.797	51.134	144.2
4.73	-8.775	51.050	137.4
4.74	-8.752	48.867	135.9
4.75	-8.731	38.841	99.4
4.76	-8.709	20.517	42.7
4.77	-8.687	1.911	13.5
4.78	-8.664	-12.083	-14.6
4.79	-8.641	-21.755	-60.9
4.8	-8.623	-27.997	-88.7
4.81	-8.607	-31.613	-104.2
4.82	-8.595	-33.608	-123.3
4.83	-8.582	-35.247	-110.1
4.84	-8.568	-37.803	-107.6
4.85	-8.553	-42.033	-124.4
4.86	-8.537	-46.966	-97.8
4.87	-8.521	-50.181	-85.1
4.88	-8.504	-51.083	-95.4
4.89	-8.489	-51.122	-118.5
4.9	-8.478	-50.558	-143.7
4.91	-8.468	-47.084	-102.8
4.92	-8.460	-39.098	-55.5
4.93	-8.453	-28.563	-60.5
4.94	-8.445	-17.917	-87.3
4.95	-8.436	-8.553	-84.0
4.96	-8.428	-1.702	-90.0
4.97	-8.419	2.236	-114.6
4.98	-8.410	3.433	-103.8
4.99	-8.399	1.855	-78.1
5.0	-8.389	-2.275	-64.6
5.01	-8.378	-8.008	-73.5
5.02	-8.367	-14.398	-90.2
5.03	-8.359	-20.745	-99.6
5.04	-8.352	-26.413	-85.6
5.05	-8.347	-31.311	-63.2
5.06	-8.344	-35.420	-36.1
5.07	-8.342	-38.384	-12.1
5.08	-8.339	-40.205	-16.1
5.09	-8.336	-41.267	-30.6
5.1	-8.333	-41.778	-44.1
5.11	-8.330	-41.742	-60.8
5.12	-8.328	-41.220	-85.9
5.13	-8.326	-40.309	-87.0
5.14	-8.324	-39.141	-81.7
5.15	-8.326	-37.953	-90.6
5.16	-8.328	-36.853	-73.3
5.17	-8.327	-35.827	-18.5
5.18	-8.321	-34.920	132.0
5.19	-8.316	-34.064	424.9
5.2	-8.313	-33.219	548.2
5.21	-8.309	-32.545	286.9
5.22	-8.306	-31.953	-11.3
5.23	-8.303	-31.166	-101.5
5.24	-8.299	-30.352	-97.8
5.25	-8.294	-29.938	-104.0
5.26	-8.286	-29.758	-92.0
5.27	-8.276	-29.059	-63.5
5.28	-8.264	-27.286	-53.8
5.29	-8.252	-24.402	-53.9
5.3	-8.241	-19.870	-46.8
5.31	-8.234	-10.067	-24.7
5.32	-8.229	10.055	-33.9
5.33	-8.225	34.353	-42.0
5.34	-8.222	48.233	10.2
5.35	-8.218	51.038	56.6
5.36	-8.214	51.130	68.7
5.37	-8.207	51.139	87.6
5.38	-8.200	51.139	113.6
5.39	-8.193	51.127	113.4
5.4	-8.187	50.891	94.4
5.41	-8.181	47.342	98.9
5.42	-8.175	35.419	102.5
5.43	-8.170	17.494	63.1
5.44	-8.165	0.959	-0.0
5.45	-8.159	-11.325	-61.6
5.46	-8.154	-19.627	-104.9
5.47	-8.148	-24.825	-117.1
5.48	-8.142	-28.086	-127.5
5.49	-8.136	-30.383	-159.8
5.5	-8.129	-32.633	-157.0
5.51	-8.123	-35.994	-119.2
5.52	-8.117	-41.163	-105.5
5.53	-8.111	-46.814	-115.1
5.54	-8.106	-50.236	-129.8
5.55	-8.101	-51.095	-134.0
5.56	-8.096	-51.095	-126.5
5.57	-8.091	-50.158	-117.4
5.58	-8.086	-45.984	-108.5
5.59	-8.082	-37.802	-89.7
5.6	-8.079	-27.997	-86.3
5.61	-8.076	-18.839	-99.0
5.62	-8.074	-11.075	-115.8
5.63	-8.072	-4.972	-126.3
5.64	-8.071	-1.034	-109.1
5.65	-8.069	0.092	-79.4
5.66	-8.068	-1.666	-79.0
5.67	-8.066	-5.231	-105.2
5.68	-8.064	-9.545	-99.8
5.69	-8.062	-14.513	-102.0
5.7	-8.060	-19.950	-126.7
5.71	-8.057	-25.159	-111.3
5.72	-8.054	-29.492	-80.6
5.73	-8.051	-32.777	-69.7
5.74	-8.047	-35.192	-99.1
5.75	-8.045	-36.903	-127.3
5.76	-8.044	-38.116	-91.2
5.77	-8.042	-38.927	-78.2
5.78	-8.041	-39.284	-101.5
5.79	-8.039	-39.308	-89.0
5.8	-8.039	-39.136	-78.5
5.81	-8.038	-38.841	-74.9
5.82	-8.039	-38.423	-59.1
5.83	-8.039	-37.863	-62.5
5.84	-8.040	-37.219	-64.1
5.85	-8.040	-36.422	-42.4
5.86	-8.041	-35.450	-6.5
5.87	-8.041	-34.417	8.9
5.88	-8.042	-33.420	-18.7
5.89	-8.043	-32.453	-44.6
5.9	-8.043	-31.409	-61.7
5.91	-8.043	-30.231	-83.3
5.92	-8.044	-28.973	-97.4
5.93	-8.044	-27.745	-86.1
5.94	-8.044	-26.605	-43.1
5.95	-8.039	-25.584	52.8
5.96	-8.034	-24.709	300.8
5.97	-8.032	-24.008	610.7
5.98	-8.034	-23.552	566.4
5.99	-8.036	-23.395	203.6
6.0	-8.038	-23.669	-15.3
6.01	-8.039	-24.495	-71.4
6.02	-8.039	-25.594	-91.7
6.03	-8.038	-26.692	-83.8
6.04	-8.037	-27.766	-85.1
6.05	-8.034	-28.106	-83.7
6.06	-8.031	-26.673	-71.7
6.07	-8.028	-22.528	-43.8
6.08	-8.025	-12.431	-13.8
6.09	-8.023	8.583	-15.4
6.1	-8.022	33.958	-16.3
6.11	-8.022	48.258	7.8
6.12	-8.022	51.045	25.4
6.13	-8.021	51.130	55.2
6.14	-8.021	51.139	93.6
6.15	-8.021	51.139	105.6
6.16	-8.020	51.134	124.8
6.17	-8.019	51.080	161.2
6.18	-8.019	49.484	174.4
6.19	-8.021	41.411	137.1
6.2	-8.023	25.767	90.6
6.21	-8.026	9.141	72.7
6.22	-8.029	-3.891	29.2
6.23	-8.033	-13.119	-40.4
6.24	-8.037	-18.972	-91.7
6.25	-8.041	-22.417	-116.3
6.26	-8.044	-24.738	-119.3
6.27	-8.046	-26.988	-129.1
6.28	-8.049	-30.008	-146.1
6.29	-8.051	-34.542	-122.0
6.3	-8.052	-40.805	-100.9
6.31	-8.053	-46.975	-121.0
6.32	-8.053	-50.344	-126.1
6.33	-8.056	-51.092	-117.3
6.34	-8.059	-50.664	-108.9
6.35	-8.066	-48.042	-105.1
6.36	-8.076	-42.141	-111.5
6.37	-8.088	-34.169	-104.6
6.38	-8.101	-25.630	-91.4
6.39	-8.116	-17.566	-90.0
6.4	-8.133	-10.936	-95.9
6.41	-8.148	-6.172	-94.8
6.42	-8.163	-3.386	-101.2
6.43	-8.177	-2.739	-110.3
6.44	-8.190	-4.206	-81.8
6.45	-8.203	-7.395	-62.9
6.46	-8.216	-11.564	-91.7
6.47	-8.229	-16.114	-108.9
6.48	-8.242	-21.002	-90.4
6.49	-8.255	-25.930	-73.3
6.5	-8.268	-30.266	-68.7
6.51	-8.280	-33.816	-63.6
6.52	-8.291	-36.738	-65.7
6.53	-8.300	-39.125	-57.7
6.54	-8.309	-40.898	-33.3
6.55	-8.318	-42.025	9.0
6.56	-8.326	-42.778	34.8
6.57	-8.333	-43.297	-12.3
6.58	-8.339	-43.344	-70.1
6.59	-8.344	-42.913	-92.9
6.6	-8.350	-42.130	-89.3
6.61	-8.357	-41.005	-69.7
6.62	-8.367	-39.647	-51.3
6.63	-8.377	-38.192	-27.2
6.64	-8.384	-36.634	38.6
6.65	-8.387	-34.848	269.6
6.66	-8.394	-32.883	605.9
6.67	-8.401	-31.020	587.5
6.68	-8.406	-29.367	176.8
6.69	-8.410	-27.931	-63.2
6.7	-8.414	-27.000	-52.4
6.71	-8.418	-26.742	-61.9
6.72	-8.420	-26.983	-76.8
6.73	-8.419	-27.259	-58.1
6.74	-8.416	-27.094	-56.6
6.75	-8.410	-26.117	-46.9
6.76	-8.402	-23.900	-34.9
6.77	-8.393	-19.477	-25.6
6.78	-8.383	-9.522	3.1
6.79	-8.374	10.705	14.9
6.8	-8.369	34.906	27.0
6.81	-8.366	48.445	53.6
6.82	-8.367	51.053	81.7
6.83	-8.371	51.130	107.5
6.84	-8.377	51.139	125.4
6.85	-8.384	51.139	154.8
6.86	-8.391	51.134	177.6
6.87	-8.398	51.108	180.0
6.88	-8.406	49.798	161.9
6.89	-8.413	41.667	122.6
6.9	-8.420	23.980	80.2
6.91	-8.426	3.759	21.4
6.92	-8.431	-12.389	-44.9
6.93	-8.436	-23.638	-81.4
6.94	-8.441	-30.659	-100.5
6.95	-8.447	-34.319	-132.4
6.96	-8.452	-35.800	-134.0
6.97	-8.459	-36.825	-101.9
6.98	-8.466	-39.038	-106.3
6.99	-8.474	-43.003	-118.7
7.0	-8.484	-47.553	-112.6
7.01	-8.495	-50.386	-118.1
7.02	-8.508	-51.103	-118.8
7.03	-8.523	-51.114	-114.2
7.04	-8.541	-50.431	-98.1
7.05	-8.560	-46.842	-72.7
7.06	-8.579	-39.164	-88.9
7.07	-8.597	-29.125	-110.8
7.08	-8.615	-18.806	-85.1
7.09	-8.633	-9.606	-78.1
7.1	-8.649	-2.403	-83.1
7.11	-8.664	2.025	-62.3
7.12	-8.679	3.334	-59.9
7.13	-8.693	2.345	-71.2
7.14	-8.706	-0.495	-86.8
7.15	-8.718	-5.347	-95.2
7.16	-8.729	-11.533	-78.8
7.17	-8.741	-17.975	-59.7
7.18	-8.755	-23.917	-37.1
7.19	-8.769	-28.889	-13.6
7.2	-8.783	-33.109	5.4
7.21	-8.795	-36.681	30.3
7.22	-8.808	-39.080	11.4
7.23	-8.823	-40.277	-35.7
7.24	-8.841	-40.817	-62.6
7.25	-8.859	-40.820	-79.2
7.26	-8.878	-40.202	-72.0
7.27	-8.901	-39.342	-64.8
7.28	-8.928	-38.391	-60.4
7.29	-8.954	-37.198	-28.0
7.3	-8.973	-35.958	76.5
7.31	-8.989	-34.959	320.4
7.32	-9.008	-34.328	552.8
7.33	-9.024	-33.950	438.8
7.34	-9.038	-33.502	95.4
7.35	-9.051	-32.962	-61.6
7.36	-9.066	-32.627	-48.1
7.37	-9.082	-32.550	-43.2
7.38	-9.098	-32.592	-48.2
7.39	-9.111	-32.491	-38.3
7.4	-9.121	-31.775	-26.7
7.41	-9.130	-30.047	-27.4
7.42	-9.140	-27.211	-19.3
7.43	-9.150	-22.820	7.7
7.44	-9.161	-13.625	12.7
7.45	-9.171	6.080	-4.9
7.46	-9.180	31.606	17.6
7.47	-9.186	47.391	63.3
7.48	-9.188	50.989	88.2
7.49	-9.184	51.131	118.6
7.5	-9.176	51.139	138.9
7.51	-9.164	51.139	130.3
7.52	-9.149	51.139	139.5
7.53	-9.133	51.130	162.1
7.54	-9.117	50.956	159.8
7.55	-9.103	47.542	118.5
7.56	-9.088	34.656	61.6
7.57	-9.075	13.942	23.9
7.58	-9.064	-5.297	-45.5
7.59	-9.059	-18.781	-111.8
7.6	-9.058	-27.475	-76.7
7.61	-9.058	-32.880	-42.2
7.62	-9.052	-35.925	-74.0
7.63	-9.039	-37.667	-103.9
7.64	-9.021	-39.770	-103.3
7.65	-8.999	-43.438	-99.8
7.66	-8.978	-47.791	-96.2
7.67	-8.957	-50.467	-76.1
7.68	-8.939	-51.111	-69.6
7.69	-8.923	-51.134	-71.9
7.7	-8.910	-51.031	-84.4
7.71	-8.897	-49.341	-94.6
7.72	-8.882	-43.172	-77.7
7.73	-8.863	-32.709	-57.3
7.74	-8.840	-21.020	-47.9
7.75	-8.814	-9.869	-57.3
7.76	-8.787	-0.395	-80.4
7.77	-8.759	6.117	-82.2
7.78	-8.733	9.255	-71.2
7.79	-8.709	9.286	-75.6
7.8	-8.687	6.463	-59.7
7.81	-8.666	1.258	-39.2
7.82	-8.648	-5.334	-49.0
7.83	-8.631	-12.323	-35.8
7.84	-8.617	-19.269	-14.2
7.85	-8.604	-25.825	-3.5
7.86	-8.591	-31.267	5.8
7.87	-8.576	-35.217	-35.6
7.88	-8.560	-38.016	-72.8
7.89	-8.543	-39.859	-69.5
7.9	-8.527	-40.688	-57.0
7.91	-8.512	-40.694	-62.6
7.92	-8.499	-40.163	-92.4
7.93	-8.488	-39.389	-78.7
7.94	-8.474	-38.692	-22.7
7.95	-8.456	-38.097	98.9
7.96	-8.438	-37.461	362.5
7.97	-8.424	-36.844	526.1
7.98	-8.412	-36.267	310.0
7.99	-8.400	-35.519	20.7
8.0	-8.391	-34.602	-71.1
8.01	-8.381	-33.827	-100.9
8.02	-8.371	-33.428	-93.5
8.03	-8.356	-33.295	-60.3
8.04	-8.339	-32.877	-71.5
8.05	-8.321	-31.595	-75.4
8.06	-8.303	-29.309	-38.0
8.07	-8.288	-25.789	-12.8
8.08	-8.277	-18.666	-24.3
8.09	-8.269	-2.358	-37.5
8.1	-8.264	23.250	-19.5
8.11	-8.260	43.834	14.5
8.12	-8.256	50.614	20.8
8.13	-8.252	51.113	10.3
8.14	-8.247	51.139	61.0
8.15	-8.242	51.139	129.6
8.16	-8.237	51.139	137.0
8.17	-8.233	51.128	124.7
8.18	-8.230	50.931	120.7
8.19	-8.228	47.241	91.1
8.2	-8.226	33.752	41.1
8.21	-8.224	12.433	-12.4
8.22	-8.222	-7.794	-48.3
8.23	-8.221	-22.980	-65.9
8.24	-8.221	-33.161	-118.8
8.25	-8.223	-39.114	-133.4
8.26	-8.224	-42.194	-110.6
8.27	-8.224	-43.975	-136.4
8.28	-8.225	-45.944	-133.9
8.29	-8.224	-48.544	-101.6
8.3	-8.225	-50.506	-99.5
8.31	-8.226	-51.103	-114.3
8.32	-8.228	-51.139	-121.4
8.33	-8.230	-51.141	-110.0
8.34	-8.233	-51.136	-93.7
8.35	-8.236	-51.038	-83.0
8.36	-8.239	-49.427	-86.6
8.37	-8.241	-43.583	-83.9
8.38	-8.241	-33.795	-88.2
8.39	-8.240	-23.244	-111.7
8.4	-8.239	-13.927	-107.5
8.41	-8.236	-6.602	-69.3
8.42	-8.235	-1.853	-50.6
8.43	-8.234	-0.089	-66.7
8.44	-8.231	-1.125	-73.8
8.45	-8.226	-4.309	-68.4
8.46	-8.222	-9.072	-70.8
8.47	-8.217	-14.931	-91.0
8.48	-8.214	-21.041	-109.1
8.49	-8.213	-26.663	-77.7
8.5	-8.211	-31.678	-48.1
8.51	-8.207	-35.955	-55.3
8.52	-8.203	-39.316	-64.2
8.53	-8.199	-41.858	-58.5
8.54	-8.197	-43.806	-38.6
8.55	-8.194	-45.331	-22.2
8.56	-8.192	-46.067	-19.4
8.57	-8.190	-45.663	-10.8
8.58	-8.188	-44.750	8.5
8.59	-8.185	-44.069	-20.2
8.6	-8.181	-43.014	-87.4
8.61	-8.176	-40.553	-107.8
8.62	-8.172	-37.336	-77.1
8.63	-8.167	-34.881	-59.0
8.64	-8.163	-33.442	-47.8
8.65	-8.160	-32.156	-0.4
8.66	-8.154	-30.375	38.5
8.67	-8.145	-28.569	210.6
8.68	-8.140	-27.570	553.4
8.69	-8.137	-27.225	570.5
8.7	-8.134	-26.947	213.3
8.71	-8.131	-26.559	-17.2
8.72	-8.127	-26.330	-61.3
8.73	-8.123	-26.734	-82.0
8.74	-8.118	-27.869	-92.1
8.75	-8.114	-29.213	-72.8
8.76	-8.109	-29.798	-51.0
8.77	-8.104	-28.670	-48.0
8.78	-8.099	-24.994	-36.8
8.79	-8.094	-16.253	-22.5
8.8	-8.091	2.950	-29.6
8.81	-8.089	29.198	-24.3
8.82	-8.089	46.583	24.2
8.83	-8.088	50.934	51.0
8.84	-8.086	51.128	52.7
8.85	-8.086	51.139	83.9
8.86	-8.084	51.139	116.9
8.87	-8.081	51.139	136.0
8.88	-8.079	51.131	146.0
8.89	-8.078	50.981	136.6
8.9	-8.076	47.913	137.9
8.91	-8.075	35.823	119.8
8.92	-8.074	15.598	46.8
8.93	-8.073	-4.158	-11.3
8.94	-8.073	-18.755	-26.9
8.95	-8.074	-28.280	-42.3
8.96	-8.076	-33.958	-79.4
8.97	-8.077	-37.066	-125.1
8.98	-8.076	-38.778	-137.0
8.99	-8.076	-40.645	-117.3
9.0	-8.076	-44.102	-101.0
9.01	-8.076	-48.247	-113.1
9.02	-8.076	-50.622	-122.3
9.03	-8.076	-51.120	-102.8
9.04	-8.076	-51.139	-99.8
9.05	-8.076	-51.134	-96.6
9.06	-8.076	-51.009	-85.7
9.07	-8.076	-49.417	-79.4
9.08	-8.077	-44.142	-78.2
9.09	-8.076	-35.769	-90.7
9.1	-8.076	-27.008	-94.5
9.11	-8.075	-19.272	-80.9
9.12	-8.074	-12.997	-72.6
9.13	-8.072	-8.542	-81.9
9.14	-8.071	-6.309	-72.9
9.15	-8.070	-6.381	-68.5
9.16	-8.070	-8.300	-84.0
9.17	-8.070	-11.547	-80.5
9.18	-8.070	-15.803	-87.0
9.19	-8.070	-20.722	-81.6
9.2	-8.071	-25.738	-60.0
9.21	-8.071	-30.381	-72.9
9.22	-8.072	-34.531	-76.8
9.23	-8.073	-38.178	-46.4
9.24	-8.074	-41.244	-7.9
9.25	-8.075	-43.664	23.8
9.26	-8.077	-45.389	37.1
9.27	-8.079	-46.391	4.9
9.28	-8.083	-46.761	-47.2
9.29	-8.087	-46.638	-69.6
9.3	-8.092	-46.059	-83.0
9.31	-8.099	-44.952	-76.0
9.32	-8.106	-43.422	-55.9
9.33	-8.116	-41.856	-45.1
9.34	-8.127	-40.497	-2.0
9.35	-8.138	-39.305	124.6
9.36	-8.153	-38.166	421.4
9.37	-8.175	-37.030	678.0
9.38	-8.201	-35.991	485.2
9.39	-8.227	-35.053	91.1
9.4	-8.252	-34.081	-53.1
9.41	-8.273	-33.242	-49.4
9.42	-8.288	-32.958	-54.3
9.43	-8.299	-33.281	-73.1
9.44	-8.306	-33.791	-70.8
9.45	-8.309	-33.769	-34.1
9.46	-8.309	-32.483	-18.3
9.47	-8.309	-29.245	-14.2
9.48	-8.309	-21.592	-4.4
9.49	-8.312	-3.830	0.2
9.5	-8.318	23.255	17.8
9.51	-8.325	44.159	54.1
9.52	-8.334	50.694	62.1
9.53	-8.342	51.116	75.0
9.54	-8.351	51.139	133.4
9.55	-8.357	51.139	157.9
9.56	-8.366	51.139	156.1
9.57	-8.375	51.134	175.8
9.58	-8.386	51.023	172.7
9.59	-8.397	48.314	135.6
9.6	-8.409	36.298	95.1
9.61	-8.420	14.677	43.8
9.62	-8.431	-7.509	-8.1
9.63	-8.439	-24.706	-46.1
9.64	-8.451	-36.473	-78.9
9.65	-8.463	-43.177	-93.9
9.66	-8.476	-46.003	-106.8
9.67	-8.489	-46.947	-132.7
9.68	-8.500	-47.906	-134.9
9.69	-8.509	-49.480	-113.2
9.7	-8.516	-50.734	-93.2
9.71	-8.523	-51.117	-78.4
9.72	-8.530	-51.139	-93.2
9.73	-8.537	-51.139	-110.3
9.74	-8.544	-51.134	-99.0
9.75	-8.552	-50.755	-87.3
9.76	-8.559	-47.848	-77.7
9.77	-8.566	-40.341	-78.2
9.78	-8.571	-29.747	-85.7
9.79	-8.574	-18.855	-83.4
9.8	-8.576	-9.214	-89.9
9.81	-8.577	-1.686	-93.4
9.82	-8.576	3.266	-70.9
9.83	-8.573	5.397	-59.0
9.84	-8.569	4.802	-62.1
9.85	-8.561	1.852	-67.1
9.86	-8.553	-2.914	-79.2
9.87	-8.541	-8.728	-77.4
9.88	-8.529	-14.811	-51.1
9.89	-8.518	-20.683	-3.8
9.9	-8.509	-26.023	36.9
9.91	-8.502	-30.564	32.7
9.92	-8.498	-34.172	-10.7
9.93	-8.497	-36.783	-79.0
9.94	-8.500	-38.358	-114.6
9.95	-8.509	-39.023	-96.3
9.96	-8.524	-39.139	-86.2
9.97	-8.542	-38.992	-54.8
9.98	-8.556	-38.598	0.2
9.99	-8.563	-38.009	70.7
10.0	-8.566	-37.405	288.8
10.01	-8.570	-36.905	562.0
10.02	-8.576	-36.477	464.2
10.03	-8.578	-36.044	94.6
10.04	-8.581	-35.731	-68.1
10.05	-8.586	-35.688	-53.6
10.06	-8.593	-35.984	-43.6
10.07	-8.599	-36.706	-64.0
10.08	-8.605	-37.622	-68.2
10.09	-8.613	-38.172	-51.3
10.1	-8.622	-37.717	-48.5
10.11	-8.633	-35.778	-34.8
10.12	-8.646	-31.448	-7.8
10.13	-8.661	-21.159	4.0
10.14	-8.678	0.744	5.9
10.15	-8.694	29.005	20.0
10.16	-8.711	46.755	44.3
10.17	-8.728	50.956	75.4
10.18	-8.744	51.130	102.9
10.19	-8.759	51.139	127.3
10.2	-8.773	51.139	155.3
10.21	-8.785	51.139	171.0
10.22	-8.796	51.123	161.7
10.23	-8.808	50.816	143.4
10.24	-8.818	46.214	113.1
10.25	-8.829	30.548	49.2
10.26	-8.839	6.609	-12.2
10.27	-8.851	-15.389	-52.6
10.28	-8.867	-30.777	-102.0
10.29	-8.886	-40.141	-116.9
10.3	-8.902	-45.259	-89.8
10.31	-8.918	-47.947	-91.3
10.32	-8.935	-49.663	-112.8
10.33	-8.951	-50.747	-115.2
10.34	-8.966	-51.108	-112.3
10.35	-8.982	-51.139	-119.3
10.36	-8.998	-51.141	-109.9
10.37	-9.014	-51.141	-100.3
10.38	-9.034	-51.138	-104.3
10.39	-9.053	-51.080	-73.4
10.4	-9.068	-49.781	-48.8
10.41	-9.080	-44.131	-67.5
10.42	-9.088	-33.427	-83.9
10.43	-9.094	-20.856	-85.2
10.44	-9.098	-9.166	-76.5
10.45	-9.099	0.347	-68.8
10.46	-9.103	7.022	-56.4
10.47	-9.107	10.305	-61.2
10.48	-9.113	9.809	-68.9
10.49	-9.117	6.245	-52.2
10.5	-9.121	0.730	-48.3
10.51	-9.126	-5.953	-48.2
10.52	-9.130	-13.014	-29.8
10.53	-9.133	-19.948	5.3
10.54	-9.133	-26.292	24.3
10.55	-9.129	-31.469	-3.3
10.56	-9.124	-35.445	-61.3
10.57	-9.114	-38.428	-97.0
10.58	-9.102	-40.231	-67.4
10.59	-9.088	-40.894	-38.0
10.6	-9.076	-41.094	-43.1
10.61	-9.064	-41.052	-26.7
10.62	-9.046	-40.594	22.3
10.63	-9.024	-39.792	158.3
10.64	-9.008	-38.714	392.4
10.65	-8.999	-37.366	443.3
10.66	-8.991	-35.780	200.0
10.67	-8.984	-34.047	-11.3
10.68	-8.979	-32.428	-47.4
10.69	-8.971	-31.245	-31.1
10.7	-8.958	-30.600	-48.5
10.71	-8.938	-30.327	-64.0
10.72	-8.912	-29.791	-56.0
10.73	-8.888	-28.147	-66.6
10.74	-8.865	-25.359	-54.1
10.75	-8.846	-21.127	-8.6
10.76	-8.828	-12.947	19.1
10.77	-8.809	4.545	-0.0
10.78	-8.791	29.267	-7.9
10.79	-8.773	46.383	25.7
10.8	-8.752	50.909	54.1
10.81	-8.729	51.127	64.3
10.82	-8.706	51.139	64.0
10.83	-8.681	51.139	85.0
10.84	-8.656	51.139	119.7
10.85	-8.633	51.133	118.6
10.86	-8.611	51.005	105.6
10.87	-8.591	48.061	92.3
10.88	-8.572	35.489	49.0
10.89	-8.553	13.519	-17.2
10.9	-8.534	-8.203	-77.5
10.91	-8.516	-24.058	-104.8
10.92	-8.502	-34.308	-100.2
10.93	-8.488	-40.356	-100.6
10.94	-8.475	-43.695	-115.6
10.95	-8.461	-46.005	-115.5
10.96	-8.448	-48.442	-111.1
10.97	-8.435	-50.375	-113.7
10.98	-8.423	-51.072	-118.8
10.99	-8.411	-51.138	-129.9
11.0	-8.402	-51.141	-136.3
11.01	-8.396	-51.139	-117.9
11.02	-8.391	-51.122	-83.2
11.03	-8.386	-50.422	-72.7
11.04	-8.383	-46.158	-98.3
11.05	-8.378	-36.647	-112.2
11.06	-8.373	-24.784	-102.1
11.07	-8.367	-13.550	-120.8
11.08	-8.360	-4.169	-126.3
11.09	-8.352	2.402	-92.2
11.1	-8.344	5.558	-76.8
11.11	-8.335	4.963	-73.8
11.12	-8.326	1.027	-68.0
11.13	-8.318	-5.094	-61.6
11.14	-8.311	-12.348	-57.6
11.15	-8.304	-19.930	-44.4
11.16	-8.298	-27.083	-28.3
11.17	-8.293	-33.263	-29.2
11.18	-8.287	-38.256	-48.3
11.19	-8.282	-42.134	-68.7
11.2	-8.279	-44.925	-87.0
11.21	-8.277	-46.520	-106.5
11.22	-8.279	-47.023	-110.8
11.23	-8.281	-46.863	-94.1
11.24	-8.282	-46.448	-39.4
11.25	-8.279	-45.769	52.5
11.26	-8.274	-44.559	268.3
11.27	-8.274	-43.103	502.5
11.28	-8.274	-41.972	393.3
11.29	-8.271	-41.108	66.3
11.3	-8.271	-40.166	-78.5
11.31	-8.269	-39.214	-79.3
11.32	-8.268	-38.588	-96.9
11.33	-8.264	-38.266	-116.3
11.34	-8.256	-37.677	-100.1
11.35	-8.248	-36.203	-69.1
11.36	-8.238	-33.566	-50.0
11.37	-8.229	-29.470	-39.5
11.38	-8.221	-21.978	-31.3
11.39	-8.215	-5.586	-15.6
11.4	-8.210	20.803	-6.6
11.41	-8.206	42.844	-15.3
11.42	-8.202	50.478	4.0
11.43	-8.197	51.108	51.7
11.44	-8.193	51.139	83.2
11.45	-8.187	51.139	108.1
11.46	-8.181	51.139	130.0
11.47	-8.176	51.133	128.9
11.48	-8.171	51.069	111.9
11.49	-8.166	49.083	85.1
11.5	-8.161	38.773	40.9
11.51	-8.156	18.628	-15.8
11.52	-8.151	-2.592	-82.5
11.53	-8.146	-18.448	-113.9
11.54	-8.142	-28.845	-99.7
11.55	-8.138	-35.300	-93.6
11.56	-8.134	-39.291	-113.3
11.57	-8.131	-42.180	-140.9
11.58	-8.126	-45.598	-158.5
11.59	-8.121	-49.130	-151.6
11.6	-8.115	-50.873	-117.5
11.61	-8.109	-51.136	-110.6
11.62	-8.104	-51.141	-116.9
11.63	-8.098	-51.141	-112.0
11.64	-8.092	-51.133	-118.5
11.65	-8.088	-50.802	-112.6
11.66	-8.083	-47.713	-104.8
11.67	-8.080	-39.123	-106.5
11.68	-8.076	-27.342	-104.3
11.69	-8.072	-16.458	-98.8
11.7	-8.069	-7.638	-85.7
11.71	-8.064	-1.280	-78.1
11.72	-8.059	2.027	-117.7
11.73	-8.055	2.120	-143.8
11.74	-8.051	-0.659	-94.5
11.75	-8.046	-5.581	-59.5
11.76	-8.043	-11.817	-66.3
11.77	-8.041	-18.523	-96.9
11.78	-8.041	-24.936	-109.5
11.79	-8.040	-30.672	-74.7
11.8	-8.039	-35.519	-67.0
11.81	-8.039	-39.288	-78.2
11.82	-8.038	-41.983	-33.0
11.83	-8.037	-43.842	15.3
11.84	-8.036	-45.080	-12.0
11.85	-8.035	-45.669	-69.5
11.86	-8.034	-45.566	-100.4
11.87	-8.033	-44.981	-91.2
11.88	-8.033	-44.095	-101.9
11.89	-8.033	-42.913	-112.9
11.9	-8.033	-41.633	-52.2
11.91	-8.031	-40.547	7.3
11.92	-8.027	-39.530	118.0
11.93	-8.024	-38.284	419.4
11.94	-8.026	-36.909	615.1
11.95	-8.028	-35.728	365.1
11.96	-8.029	-34.758	17.1
11.97	-8.029	-33.877	-101.2
11.98	-8.028	-33.277	-98.5
11.99	-8.027	-33.177	-81.8
12.0	-8.026	-33.311	-91.3
12.01	-8.026	-32.837	-77.2
12.02	-8.024	-30.983	-38.3
12.03	-8.021	-27.313	-44.3
12.04	-8.018	-20.216	-59.1
12.05	-8.016	-5.086	-35.7
12.06	-8.014	19.742	-13.2
12.07	-8.013	41.794	5.6
12.08	-8.012	50.241	32.3
12.09	-8.009	51.108	39.2
12.1	-8.007	51.139	49.7
12.11	-8.004	51.139	97.6
12.12	-8.001	51.139	129.8
12.13	-7.999	51.136	116.3
12.14	-7.997	51.117	130.4
12.15	-7.996	49.931	150.3
12.16	-7.996	42.128	99.9
12.17	-7.997	24.916	37.3
12.18	-7.998	5.355	9.9
12.19	-7.999	-10.061	-30.8
12.2	-8.001	-20.939	-85.8
12.21	-8.005	-28.386	-118.6
12.22	-8.008	-33.606	-121.9
12.23	-8.011	-37.917	-133.0
12.24	-8.014	-42.700	-133.0
12.25	-8.019	-47.597	-110.6
12.26	-8.025	-50.452	-123.6
12.27	-8.031	-51.113	-138.3
12.28	-8.037	-51.139	-125.2
12.29	-8.043	-51.141	-97.3
12.3	-8.053	-51.139	-99.1
12.31	-8.064	-51.125	-123.7
12.32	-8.080	-50.544	-93.0
12.33	-8.098	-47.038	-74.3
12.34	-8.119	-39.213	-99.7
12.35	-8.139	-29.542	-100.3
12.36	-8.159	-21.045	-81.5
12.37	-8.176	-14.939	-72.8
12.38	-8.192	-11.356	-94.2
12.39	-8.205	-10.130	-105.8
12.4	-8.217	-11.183	-83.7
12.41	-8.230	-14.191	-66.9
12.42	-8.242	-18.500	-75.5
12.43	-8.254	-23.464	-84.9
12.44	-8.268	-28.650	-63.8
12.45	-8.280	-33.758	-45.8
12.46	-8.292	-38.473	-52.4
12.47	-8.304	-42.552	-63.8
12.48	-8.314	-45.973	-17.3
12.49	-8.326	-48.717	48.0
12.5	-8.340	-50.431	17.8
12.51	-8.354	-51.050	-41.7
12.52	-8.366	-51.125	-67.6
12.53	-8.377	-50.900	-87.9
12.54	-8.388	-49.977	-98.9
12.55	-8.401	-48.233	-86.3
12.56	-8.415	-46.239	-32.4
12.57	-8.429	-44.481	22.6
12.58	-8.439	-42.833	124.8
12.59	-8.447	-41.011	396.8
12.6	-8.460	-39.167	602.7
12.61	-8.473	-37.631	417.6
12.62	-8.485	-36.425	81.9
12.63	-8.497	-35.386	-56.4
12.64	-8.508	-34.586	-72.8
12.65	-8.518	-34.248	-65.2
12.66	-8.524	-34.388	-51.9
12.67	-8.529	-34.575	-54.1
12.68	-8.529	-33.970	-37.5
12.69	-8.526	-32.059	-27.8
12.7	-8.523	-28.503	-30.6
12.71	-8.518	-21.139	-12.3
12.72	-8.514	-4.402	0.0
12.73	-8.510	22.098	17.5
12.74	-8.503	43.541	59.8
12.75	-8.493	50.603	84.6
12.76	-8.481	51.113	94.5
12.77	-8.469	51.139	106.4
12.78	-8.457	51.139	140.8
12.79	-8.449	51.139	174.9
12.8	-8.444	51.125	173.8
12.81	-8.440	50.859	164.8
12.82	-8.439	46.611	139.1
12.83	-8.441	32.070	99.2
12.84	-8.446	10.173	49.5
12.85	-8.453	-9.631	3.4
12.86	-8.463	-23.727	-35.7
12.87	-8.478	-32.766	-107.5
12.88	-8.496	-38.214	-133.1
12.89	-8.512	-41.758	-90.5
12.9	-8.526	-44.892	-103.9
12.91	-8.538	-48.150	-125.6
12.92	-8.549	-50.409	-89.9
12.93	-8.562	-51.095	-73.3
12.94	-8.574	-51.138	-113.5
12.95	-8.587	-51.141	-130.6
12.96	-8.599	-51.141	-85.9
12.97	-8.613	-51.133	-71.6
12.98	-8.627	-50.913	-101.2
12.99	-8.644	-48.513	-109.2
13.0	-8.661	-41.239	-83.0
13.01	-8.677	-30.672	-62.3
13.02	-8.692	-20.809	-60.6
13.03	-8.706	-13.206	-59.7
13.04	-8.721	-8.394	-60.0
13.05	-8.736	-6.798	-74.0
13.06	-8.752	-7.789	-75.2
13.07	-8.769	-10.658	-55.8
13.08	-8.786	-15.400	-41.5
13.09	-8.802	-21.708	-40.5
13.1	-8.817	-28.523	-34.4
13.11	-8.832	-34.561	-10.6
13.12	-8.846	-39.153	6.8
13.13	-8.857	-42.781	12.2
13.14	-8.869	-45.792	-2.9
13.15	-8.878	-47.641	-49.8
13.16	-8.888	-48.180	-73.3
13.17	-8.899	-48.005	-61.3
13.18	-8.911	-47.623	-58.8
13.19	-8.928	-47.252	-60.7
13.2	-8.946	-46.670	-30.8
13.21	-8.961	-45.708	40.7
13.22	-8.969	-44.684	205.8
13.23	-8.979	-43.536	461.6
13.24	-8.991	-42.123	500.3
13.25	-9.001	-40.942	208.1
13.26	-9.009	-40.248	-20.2
13.27	-9.018	-39.888	-42.6
13.28	-9.027	-39.869	-34.7
13.29	-9.037	-40.005	-39.8
13.3	-9.043	-39.875	-50.2
13.31	-9.045	-38.966	-66.7
13.32	-9.046	-36.748	-43.4
13.33	-9.046	-33.377	-2.3
13.34	-9.047	-28.873	-12.0
13.35	-9.048	-20.492	3.3
13.36	-9.052	-2.347	52.3
13.37	-9.055	24.405	58.4
13.38	-9.057	44.584	50.4
13.39	-9.058	50.744	65.9
13.4	-9.058	51.119	103.2
13.41	-9.056	51.139	134.5
13.42	-9.053	51.139	150.0
13.43	-9.050	51.130	149.6
13.44	-9.048	50.970	157.6
13.45	-9.044	47.691	176.2
13.46	-9.039	34.855	151.7
13.47	-9.031	13.714	74.9
13.48	-9.018	-6.505	-3.5
13.49	-9.001	-21.277	-51.5
13.5	-8.984	-30.845	-68.4
13.51	-8.971	-36.617	-62.6
13.52	-8.960	-40.455	-59.5
13.53	-8.950	-43.369	-64.3
13.54	-8.941	-46.102	-74.8
13.55	-8.932	-48.911	-105.3
13.56	-8.922	-50.681	-115.0
13.57	-8.912	-51.120	-81.1
13.58	-8.899	-51.139	-69.5
13.59	-8.884	-51.141	-73.0
13.6	-8.871	-51.133	-65.5
13.61	-8.859	-50.759	-69.9
13.62	-8.849	-47.603	-72.4
13.63	-8.838	-39.122	-72.8
13.64	-8.827	-27.509	-56.5
13.65	-8.815	-16.914	-30.0
13.66	-8.801	-9.184	-40.3
13.67	-8.785	-4.722	-61.1
13.68	-8.767	-3.469	-50.5
13.69	-8.749	-5.261	-49.0
13.7	-8.731	-9.602	-62.8
13.71	-8.711	-15.372	-57.5
13.72	-8.692	-21.548	-46.8
13.73	-8.672	-27.675	-40.5
13.74	-8.652	-33.220	-28.7
13.75	-8.633	-37.548	-12.5
13.76	-8.614	-40.745	27.2
13.77	-8.597	-43.142	48.4
13.78	-8.582	-44.534	-7.3
13.79	-8.566	-44.958	-61.7
13.8	-8.552	-44.734	-64.9
13.81	-8.537	-44.094	-62.1
13.82	-8.524	-43.183	-88.2
13.83	-8.511	-41.928	-84.2
13.84	-8.498	-40.581	-41.8
13.85	-8.481	-39.506	15.1
13.86	-8.459	-38.614	168.8
13.87	-8.439	-37.863	413.8
13.88	-8.424	-37.188	498.7
13.89	-8.408	-36.570	247.7
13.9	-8.393	-35.895	-17.3
13.91	-8.379	-34.894	-74.8
13.92	-8.367	-33.989	-70.8
13.93	-8.354	-33.408	-69.0
13.94	-8.339	-32.728	-67.8
13.95	-8.322	-31.644	-49.4
13.96	-8.304	-29.819	-38.3
13.97	-8.285	-27.267	-38.5
13.98	-8.268	-23.311	-38.6
13.99	-8.252	-14.402	-45.8
14.0	-8.240	4.494	-14.4
14.01	-8.229	29.625	14.1
14.02	-8.219	46.464	21.0
14.03	-8.211	50.909	42.4
14.04	-8.203	51.127	63.8
14.05	-8.196	51.139	70.6
14.06	-8.188	51.134	98.4
14.07	-8.181	51.044	147.6
14.08	-8.172	48.773	148.3
14.09	-8.164	38.659	116.1
14.1	-8.156	20.388	95.0
14.11	-8.149	1.484	60.5
14.12	-8.143	-13.500	-8.5
14.13	-8.138	-24.464	-67.0
14.14	-8.134	-31.970	-80.6
14.15	-8.133	-36.623	-102.1
14.16	-8.132	-39.375	-120.0
14.17	-8.132	-41.427	-106.9
14.18	-8.132	-43.722	-101.2
14.19	-8.131	-46.794	-107.9
14.2	-8.131	-49.666	-120.7
14.21	-8.131	-50.958	-125.8
14.22	-8.130	-51.138	-117.1
14.23	-8.130	-51.139	-107.2
14.24	-8.131	-51.111	-84.8
14.25	-8.132	-50.322	-79.2
14.26	-8.133	-46.380	-85.3
14.27	-8.134	-38.363	-75.1
14.28	-8.135	-28.936	-90.9
14.29	-8.136	-20.564	-114.9
14.3	-8.135	-14.106	-91.9
14.31	-8.133	-10.075	-61.4
14.32	-8.131	-8.709	-61.6
14.33	-8.127	-9.753	-65.3
14.34	-8.123	-12.516	-78.4
14.35	-8.119	-16.373	-92.2
14.36	-8.115	-20.914	-92.3
14.37	-8.112	-25.480	-89.6
14.38	-8.109	-29.463	-90.4
14.39	-8.106	-32.859	-80.4
14.4	-8.103	-35.692	-53.8
14.41	-8.100	-37.767	-59.3
14.42	-8.098	-39.136	-71.4
14.43	-8.096	-39.972	-63.4
14.44	-8.094	-40.269	-76.2
14.45	-8.091	-40.072	-75.1
14.46	-8.088	-39.684	-55.3
14.47	-8.084	-39.211	-60.0
14.48	-8.080	-38.444	-60.6
14.49	-8.076	-37.359	-48.7
14.5	-8.072	-36.200	-48.5
14.51	-8.068	-35.195	-53.7
14.52	-8.063	-34.223	-36.0
14.53	-8.059	-33.139	8.2
14.54	-8.055	-32.172	27.5
14.55	-8.051	-31.361	-1.0
14.56	-8.046	-30.508	-42.7
14.57	-8.041	-29.372	-65.3
14.58	-8.038	-27.641	-55.3
14.59	-8.036	-25.609	-58.7
14.6	-8.036	-23.973	-85.5
14.61	-8.036	-22.773	-56.5
14.62	-8.031	-21.805	46.9
14.63	-8.026	-21.186	283.8
14.64	-8.024	-20.933	575.8
14.65	-8.025	-20.848	554.9
14.66	-8.027	-20.961	226.5
14.67	-8.030	-21.420	-2.8
14.68	-8.032	-22.309	-66.7
14.69	-8.031	-23.452	-105.5
14.7	-8.030	-24.438	-105.9
14.71	-8.028	-25.133	-66.4
14.72	-8.025	-25.348	-39.9
14.73	-8.022	-24.336	-39.0
14.74	-8.018	-20.723	-44.0
14.75	-8.015	-11.294	-24.9
14.76	-8.012	8.323	-0.6
14.77	-8.011	32.752	8.6
14.78	-8.009	47.603	10.6
14.79	-8.008	50.998	10.0
14.8	-8.006	51.133	44.6
14.81	-8.003	51.139	103.6
14.82	-7.999	51.125	123.0
14.83	-7.996	50.805	114.5
14.84	-7.994	46.914	140.0
14.85	-7.992	34.833	156.1
14.86	-7.991	17.525	131.3
14.87	-7.990	1.875	93.7
14.88	-7.991	-9.975	58.8
14.89	-7.993	-18.372	26.9
14.9	-7.995	-24.055	-23.6
14.91	-7.998	-27.872	-77.5
14.92	-8.002	-30.159	-112.8
14.93	-8.005	-31.439	-130.8
14.94	-8.008	-32.983	-138.9
14.95	-8.009	-35.625	-129.1
14.96	-8.012	-39.422	-131.8
14.97	-8.014	-44.042	-140.6
14.98	-8.014	-48.228	-111.3
14.99	-8.014	-50.411	-89.6
15.0	-8.015	-49.998	-88.7
15.01	-8.015	-46.864	-100.8
15.02	-8.016	-41.183	-115.0
15.03	-8.017	-34.055	-105.1
15.04	-8.019	-26.905	-101.7
15.05	-8.020	-20.586	-105.3
15.06	-8.022	-15.458	-84.5
15.07	-8.023	-11.797	-80.6
15.08	-8.024	-9.834	-95.2
15.09	-8.024	-9.659	-81.1
15.1	-8.024	-10.972	-73.9
15.11	-8.023	-13.238	-77.2
15.12	-8.023	-16.133	-83.3
15.13	-8.021	-19.388	-100.5
15.14	-8.021	-22.614	-100.5
15.15	-8.021	-25.566	-83.6
15.16	-8.022	-28.272	-64.6
15.17	-8.023	-30.573	-63.0
15.18	-8.024	-32.183	-79.0
15.19	-8.026	-33.228	-80.7
15.2	-8.028	-33.992	-70.1
15.21	-8.031	-34.589	-78.8
15.22	-8.034	-34.884	-81.8
15.23	-8.037	-34.772	-39.1
15.24	-8.042	-34.491	-6.4
15.25	-8.047	-34.181	-26.6
15.26	-8.056	-33.664	-3.3
15.27	-8.067	-32.783	26.7
15.28	-8.083	-31.705	-19.9
15.29	-8.103	-30.708	-44.3
15.3	-8.128	-29.734	-44.6
15.31	-8.156	-28.625	-56.2
15.32	-8.186	-27.439	-60.3
15.33	-8.217	-26.348	-63.8
15.34	-8.249	-25.461	-50.1
15.35	-8.278	-24.631	13.0
15.36	-8.300	-23.819	205.9
15.37	-8.319	-23.273	527.8
15.38	-8.338	-23.092	662.6
15.39	-8.354	-23.177	376.9
15.4	-8.369	-23.572	30.9
15.41	-8.384	-24.405	-70.7
15.42	-8.401	-25.517	-79.5
15.43	-8.418	-26.600	-86.9
15.44	-8.434	-27.509	-65.1
15.45	-8.448	-28.000	-60.4
15.46	-8.457	-27.609	-59.0
15.47	-8.463	-26.047	-29.4
15.48	-8.466	-22.597	-24.3
15.49	-8.471	-14.172	-18.4
15.5	-8.477	4.325	4.9
15.51	-8.485	29.417	14.4
15.52	-8.494	46.389	38.5
15.53	-8.502	50.903	76.5
15.54	-8.511	51.127	95.6
15.55	-8.517	51.139	110.1
15.56	-8.521	51.127	129.0
15.57	-8.523	50.870	155.1
15.58	-8.524	47.175	171.5
15.59	-8.524	34.823	150.9
15.6	-8.524	16.281	126.0
15.61	-8.521	-0.725	87.5
15.62	-8.516	-13.319	46.3
15.63	-8.506	-22.083	-7.6
15.64	-8.494	-27.634	-97.0
15.65	-8.482	-30.242	-113.1
15.66	-8.472	-30.717	-87.8
15.67	-8.464	-30.450	-117.0
15.68	-8.459	-30.470	-130.7
15.69	-8.458	-31.428	-121.2
15.7	-8.459	-33.902	-126.4
15.71	-8.463	-37.811	-129.8
15.72	-8.468	-41.794	-124.1
15.73	-8.476	-43.964	-100.4
15.74	-8.484	-43.227	-92.3
15.75	-8.494	-39.605	-93.9
15.76	-8.506	-33.584	-73.4
15.77	-8.518	-25.905	-75.2
15.78	-8.529	-17.792	-96.7
15.79	-8.537	-10.483	-104.6
15.8	-8.547	-4.723	-85.8
15.81	-8.557	-0.986	-64.1
15.82	-8.566	0.419	-72.1
15.83	-8.573	-0.452	-72.3
15.84	-8.581	-3.205	-53.2
15.85	-8.589	-7.313	-46.5
15.86	-8.598	-12.084	-67.8
15.87	-8.608	-16.844	-88.6
15.88	-8.619	-21.331	-86.5
15.89	-8.632	-25.413	-72.5
15.9	-8.645	-28.650	-42.7
15.91	-8.659	-30.823	-18.9
15.92	-8.674	-32.325	-22.0
15.93	-8.691	-33.233	-16.0
15.94	-8.708	-33.372	8.5
15.95	-8.724	-32.980	18.3
15.96	-8.739	-32.406	-2.6
15.97	-8.754	-31.858	-48.9
15.98	-8.768	-31.105	-58.4
15.99	-8.784	-30.325	-35.1
16.0	-8.800	-29.906	-45.4
16.01	-8.817	-29.473	-48.6
16.02	-8.833	-28.766	-14.6
16.03	-8.843	-27.828	59.7
16.04	-8.849	-26.653	292.4
16.05	-8.858	-25.456	569.3
16.06	-8.868	-24.305	485.9
16.07	-8.876	-23.048	148.2
16.08	-8.883	-21.975	-26.8
16.09	-8.892	-21.570	-37.5
16.1	-8.902	-21.814	-36.3
16.11	-8.912	-22.191	-48.7
16.12	-8.918	-22.309	-53.5
16.13	-8.922	-21.570	-51.0
16.14	-8.927	-20.120	-30.3
16.15	-8.934	-18.858	-23.3
16.16	-8.946	-16.123	-24.2
16.17	-8.960	-7.941	18.4
16.18	-8.976	9.039	47.6
16.19	-8.990	31.289	47.8
16.2	-9.003	46.614	63.9
16.21	-9.013	50.903	84.0
16.22	-9.019	51.128	109.3
16.23	-9.024	51.139	130.0
16.24	-9.031	51.131	126.5
16.25	-9.039	50.991	151.3
16.26	-9.048	48.170	184.3
16.27	-9.058	37.331	169.7
16.28	-9.068	19.434	131.1
16.29	-9.075	2.005	74.9
16.3	-9.079	-11.056	1.6
16.31	-9.079	-19.838	-52.6
16.32	-9.078	-25.011	-66.5
16.33	-9.075	-27.605	-79.9
16.34	-9.070	-28.664	-102.8
16.35	-9.060	-28.703	-99.7
16.36	-9.049	-28.709	-79.8
16.37	-9.034	-30.130	-79.7
16.38	-9.016	-33.313	-98.5
16.39	-8.997	-37.517	-111.4
16.4	-8.979	-41.709	-97.7
16.41	-8.962	-44.359	-83.0
16.42	-8.950	-43.820	-95.2
16.43	-8.942	-39.503	-83.4
16.44	-8.938	-31.997	-57.9
16.45	-8.933	-22.588	-59.1
16.46	-8.926	-12.823	-59.8
16.47	-8.914	-3.811	-67.5
16.48	-8.901	3.516	-92.4
16.49	-8.886	8.188	-91.8
16.5	-8.873	10.192	-53.7
16.51	-8.861	9.648	-31.1
16.52	-8.851	6.442	-50.3
16.53	-8.839	1.534	-81.2
16.54	-8.826	-3.975	-71.1
16.55	-8.811	-9.733	-45.1
16.56	-8.794	-15.447	-47.7
16.57	-8.775	-20.677	-56.9
16.58	-8.754	-25.017	-46.3
16.59	-8.730	-28.347	-27.9
16.6	-8.704	-30.836	-6.2
16.61	-8.679	-32.536	19.0
16.62	-8.656	-33.439	1.7
16.63	-8.635	-33.750	-39.3
16.64	-8.616	-33.520	-68.4
16.65	-8.599	-32.673	-85.0
16.66	-8.586	-31.456	-100.0
16.67	-8.576	-30.009	-104.7
16.68	-8.565	-28.298	-58.0
16.69	-8.549	-26.694	5.4
16.7	-8.529	-25.408	152.1
16.71	-8.512	-24.123	441.7
16.72	-8.498	-22.959	532.4
16.73	-8.484	-22.313	235.9
16.74	-8.471	-21.875	-48.2
16.75	-8.458	-21.222	-93.5
16.76	-8.446	-20.698	-81.1
16.77	-8.433	-20.702	-103.3
16.78	-8.416	-20.959	-84.8
16.79	-8.398	-20.828	-41.3
16.8	-8.377	-19.917	-42.7
16.81	-8.358	-18.283	-62.1
16.82	-8.341	-15.317	-55.6
16.83	-8.323	-8.298	-25.8
16.84	-8.308	7.309	-27.3
16.85	-8.293	29.686	-38.8
16.86	-8.278	46.038	5.0
16.87	-8.265	50.850	58.5
16.88	-8.251	51.123	76.8
16.89	-8.239	51.139	74.3
16.9	-8.227	51.136	82.5
16.91	-8.216	51.117	103.8
16.92	-8.207	50.066	111.9
16.93	-8.198	43.405	110.8
16.94	-8.191	28.873	85.0
16.95	-8.184	12.219	39.3
16.96	-8.177	-1.291	-12.2
16.97	-8.171	-10.969	-75.7
16.98	-8.166	-17.183	-114.2
16.99	-8.164	-20.703	-119.5
17.0	-8.164	-22.538	-115.9
17.01	-8.163	-23.459	-123.9
17.02	-8.162	-24.269	-124.4
17.03	-8.161	-26.086	-109.9
17.04	-8.159	-29.544	-115.8
17.05	-8.158	-34.177	-135.4
17.06	-8.157	-38.886	-136.8
17.07	-8.158	-42.288	-130.0
17.08	-8.159	-43.156	-126.1
17.09	-8.160	-41.073	-108.2
17.1	-8.162	-36.395	-96.1
17.11	-8.164	-29.955	-92.8
17.12	-8.164	-22.647	-93.7
17.13	-8.165	-15.228	-105.7
17.14	-8.165	-8.528	-96.8
17.15	-8.165	-3.283	-83.3
17.16	-8.165	0.106	-86.4
17.17	-8.164	1.336	-103.3
17.18	-8.163	0.431	-107.8
17.19	-8.161	-2.220	-84.2
17.2	-8.159	-6.222	-79.4
17.21	-8.158	-10.948	-93.1
17.22	-8.156	-15.603	-77.8
17.23	-8.155	-19.861	-69.1
17.24	-8.154	-23.778	-89.3
17.25	-8.153	-27.036	-94.0
17.26	-8.151	-29.333	-81.8
17.27	-8.149	-30.980	-80.8
17.28	-8.147	-32.280	-79.6
17.29	-8.145	-33.128	-64.5
17.3	-8.144	-33.477	-47.8
17.31	-8.141	-33.531	-20.7
17.32	-8.137	-33.334	-4.9
17.33	-8.134	-32.805	-12.4
17.34	-8.128	-32.163	-6.0
17.35	-8.122	-31.416	-20.8
17.36	-8.116	-30.348	-67.0
17.37	-8.109	-29.278	-94.0
17.38	-8.103	-28.408	-94.7
17.39	-8.097	-27.452	-80.3
17.4	-8.092	-26.064	-55.5
17.41	-8.088	-24.394	-15.8
17.42	-8.079	-22.975	59.3
17.43	-8.069	-21.581	272.4
17.44	-8.064	-20.022	560.0
17.45	-8.061	-18.731	508.3
17.46	-8.059	-17.648	138.1
17.47	-8.059	-16.864	-68.8
17.48	-8.058	-16.823	-72.6
17.49	-8.057	-17.484	-65.7
17.5	-8.056	-18.658	-92.8
17.51	-8.054	-19.884	-106.8
17.52	-8.050	-20.416	-62.7
17.53	-8.046	-19.766	-30.2
17.54	-8.043	-17.205	-49.9
17.55	-8.042	-10.242	-50.5
17.56	-8.041	5.788	-6.3
17.57	-8.039	28.989	16.3
17.58	-8.037	45.905	14.7
17.59	-8.035	50.847	16.4
17.6	-8.033	51.123	43.8
17.61	-8.029	51.139	96.5
17.62	-8.026	51.139	118.3
17.63	-8.022	51.133	119.1
17.64	-8.018	51.020	137.6
17.65	-8.015	48.689	164.2
17.66	-8.012	39.448	159.7
17.67	-8.010	23.927	115.2
17.68	-8.008	8.695	41.4
17.69	-8.007	-2.736	-41.3
17.7	-8.007	-10.555	-64.9
17.71	-8.009	-15.561	-69.7
17.72	-8.011	-18.445	-102.6
17.73	-8.013	-19.850	-127.7
17.74	-8.013	-20.658	-137.8
17.75	-8.014	-22.155	-135.2
17.76	-8.014	-25.331	-140.8
17.77	-8.015	-30.005	-131.6
17.78	-8.016	-35.080	-108.2
17.79	-8.016	-39.389	-102.1
17.8	-8.016	-41.883	-97.0
17.81	-8.016	-41.502	-100.7
17.82	-8.018	-38.128	-120.2
17.83	-8.019	-32.900	-123.4
17.84	-8.020	-26.877	-100.2
17.85	-8.021	-20.577	-82.7
17.86	-8.021	-14.411	-93.8
17.87	-8.021	-9.055	-101.5
17.88	-8.021	-5.244	-93.3
17.89	-8.021	-3.106	-79.9
17.9	-8.022	-2.614	-89.1
17.91	-8.023	-3.736	-120.0
17.92	-8.024	-6.058	-101.3
17.93	-8.024	-9.209	-68.9
17.94	-8.026	-13.011	-74.1
17.95	-8.028	-17.123	-88.9
17.96	-8.031	-21.072	-79.0
17.97	-8.035	-24.663	-67.9
17.98	-8.041	-27.884	-95.3
17.99	-8.049	-30.517	-104.7
18.0	-8.059	-32.116	-73.3
18.01	-8.072	-32.673	-62.2
18.02	-8.088	-33.158	-67.3
18.03	-8.107	-33.811	-57.8
18.04	-8.131	-33.913	-30.2
18.05	-8.158	-33.975	16.7
18.06	-8.186	-34.839	40.1
18.07	-8.214	-35.830	-8.1
18.08	-8.244	-35.955	-59.3
18.09	-8.271	-35.434	-61.0
18.1	-8.297	-34.923	-67.2
18.11	-8.320	-34.341	-79.8
18.12	-8.342	-33.545	-77.8
18.13	-8.362	-32.798	-39.0
18.14	-8.378	-32.189	53.3
18.15	-8.389	-31.639	243.0
18.16	-8.399	-31.000	537.2
18.17	-8.413	-30.181	602.8
18.18	-8.426	-29.381	296.2
18.19	-8.440	-28.869	19.8
18.2	-8.453	-28.634	-61.0
18.21	-8.464	-28.450	-74.7
18.22	-8.472	-28.425	-65.2
18.23	-8.477	-28.808	-51.2
18.24	-8.480	-29.163	-49.1
18.25	-8.481	-28.528	-62.9
18.26	-8.481	-26.333	-45.7
18.27	-8.482	-21.908	-8.1
18.28	-8.485	-11.925	-4.5
18.29	-8.491	8.564	4.8
18.3	-8.497	33.539	29.2
18.31	-8.502	48.016	39.9
18.32	-8.506	51.025	75.5
18.33	-8.507	51.130	108.7
18.34	-8.504	51.139	120.6
18.35	-8.498	51.139	143.7
18.36	-8.491	51.136	170.2
18.37	-8.484	51.119	183.5
18.38	-8.476	50.028	162.4
18.39	-8.470	42.844	113.5
18.4	-8.466	26.891	78.7
18.41	-8.465	8.425	46.1
18.42	-8.467	-6.567	-17.7
18.43	-8.471	-17.155	-66.8
18.44	-8.478	-23.666	-88.0
18.45	-8.486	-26.741	-108.1
18.46	-8.494	-27.448	-127.5
18.47	-8.501	-27.281	-127.8
18.48	-8.509	-27.633	-107.4
18.49	-8.516	-29.555	-118.3
18.5	-8.522	-33.494	-129.4
18.51	-8.527	-38.788	-108.6
18.52	-8.532	-43.567	-92.8
18.53	-8.537	-45.834	-95.3
18.54	-8.541	-44.817	-99.2
18.55	-8.546	-40.834	-91.6
18.56	-8.548	-34.648	-83.8
18.57	-8.548	-27.217	-76.5
18.58	-8.546	-19.225	-76.4
18.59	-8.539	-11.259	-90.2
18.6	-8.530	-4.186	-103.3
18.61	-8.521	1.217	-103.3
18.62	-8.514	4.359	-79.1
18.63	-8.512	4.939	-55.7
18.64	-8.515	3.333	-55.0
18.65	-8.521	0.284	-67.1
18.66	-8.529	-3.823	-88.6
18.67	-8.537	-8.825	-73.8
18.68	-8.546	-14.200	-57.2
18.69	-8.555	-19.247	-60.9
18.7	-8.568	-23.589	-45.0
18.71	-8.582	-27.302	-27.3
18.72	-8.595	-30.356	8.5
18.73	-8.606	-32.559	18.7
18.74	-8.617	-34.081	-16.8
18.75	-8.626	-35.230	-43.0
18.76	-8.635	-36.017	-66.8
18.77	-8.644	-36.363	-89.9
18.78	-8.655	-36.438	-92.8
18.79	-8.668	-36.545	-77.6
18.8	-8.682	-36.773	-48.8
18.81	-8.692	-37.000	-8.8
18.82	-8.694	-36.962	114.2
18.83	-8.694	-36.639	397.8
18.84	-8.698	-36.114	581.5
18.85	-8.700	-35.569	366.8
18.86	-8.701	-35.084	40.4
18.87	-8.703	-34.103	-87.6
18.88	-8.709	-32.589	-90.3
18.89	-8.717	-31.170	-59.3
18.9	-8.726	-30.506	-55.0
18.91	-8.731	-30.639	-57.7
18.92	-8.736	-30.188	-43.4
18.93	-8.741	-28.239	-32.8
18.94	-8.748	-25.175	-41.2
18.95	-8.758	-19.980	-53.5
18.96	-8.771	-8.119	-12.8
18.97	-8.786	14.244	42.6
18.98	-8.803	37.920	55.8
18.99	-8.819	49.367	56.2
19.0	-8.834	51.108	71.9
19.01	-8.848	51.134	108.6
19.02	-8.861	51.139	143.0
19.03	-8.873	51.139	143.7
19.04	-8.884	51.134	147.0
19.05	-8.894	51.105	153.3
19.06	-8.907	49.731	134.3
19.07	-8.920	41.416	96.0
19.08	-8.933	23.730	38.9
19.09	-8.945	3.659	-6.0
19.1	-8.956	-12.688	-36.1
19.11	-8.968	-24.117	-70.8
19.12	-8.979	-30.905	-94.7
19.13	-8.988	-34.342	-110.2
19.14	-8.993	-35.761	-109.7
19.15	-8.998	-36.413	-88.0
19.16	-9.000	-37.800	-79.7
19.17	-9.000	-41.003	-100.5
19.18	-8.998	-45.686	-109.7
19.19	-8.991	-49.538	-91.8
19.2	-8.984	-50.978	-76.7
19.21	-8.976	-50.992	-73.5
19.22	-8.971	-49.325	-83.5
19.23	-8.966	-43.709	-80.4
19.24	-8.963	-34.127	-58.3
19.25	-8.960	-22.802	-49.6
19.26	-8.954	-11.409	-49.0
19.27	-8.944	-0.941	-56.0
19.28	-8.928	7.647	-65.5
19.29	-8.909	13.395	-75.6
19.3	-8.890	15.969	-81.4
19.31	-8.871	15.531	-60.3
19.32	-8.855	12.333	-47.1
19.33	-8.842	7.023	-55.4
19.34	-8.829	0.417	-49.7
19.35	-8.817	-6.833	-44.9
19.36	-8.804	-14.027	-44.7
19.37	-8.790	-20.547	-37.0
19.38	-8.773	-26.134	-31.9
19.39	-8.756	-30.794	-2.7
19.4	-8.736	-34.594	19.6
19.41	-8.716	-37.480	-8.4
19.42	-8.695	-39.289	-47.6
19.43	-8.676	-40.161	-55.3
19.44	-8.659	-40.436	-46.0
19.45	-8.644	-40.227	-72.7
19.46	-8.633	-39.508	-87.9
19.47	-8.623	-38.438	-42.2
19.48	-8.609	-37.245	33.3
19.49	-8.591	-35.870	205.7
19.5	-8.578	-34.225	477.2
19.51	-8.568	-32.584	482.2
19.52	-8.556	-31.197	163.3
19.53	-8.544	-29.991	-47.0
19.54	-8.533	-29.022	-71.5
19.55	-8.521	-28.495	-68.7
19.56	-8.507	-28.389	-84.3
19.57	-8.490	-28.441	-86.3
19.58	-8.471	-28.209	-63.2
19.59	-8.451	-27.125	-58.3
19.6	-8.431	-24.586	-54.5
19.61	-8.412	-19.781	-32.7
19.62	-8.396	-9.806	-9.9
19.63	-8.381	10.053	5.6
19.64	-8.366	34.184	13.6
19.65	-8.351	48.144	10.7
19.66	-8.335	51.031	31.3
19.67	-8.318	51.130	81.4
19.68	-8.299	51.139	111.7
19.69	-8.282	51.139	115.7
19.7	-8.264	51.138	112.2
19.71	-8.248	51.122	99.6
19.72	-8.234	50.377	89.2
19.73	-8.221	44.169	87.7
19.74	-8.209	28.228	49.7
19.75	-8.196	7.945	-17.3
19.76	-8.184	-9.248	-53.7
19.77	-8.174	-21.678	-85.5
19.78	-8.166	-29.655	-117.8
19.79	-8.159	-33.906	-117.2
19.8	-8.152	-35.758	-132.5
19.81	-8.146	-36.781	-143.7
19.82	-8.142	-38.472	-103.0
19.83	-8.137	-41.834	-85.9
19.84	-8.134	-46.377	-113.5
19.85	-8.132	-49.839	-128.8
19.86	-8.130	-51.027	-117.0
19.87	-8.128	-51.131	-115.4
19.88	-8.127	-50.822	-109.1
19.89	-8.126	-48.520	-77.8
19.9	-8.126	-42.608	-70.9
19.91	-8.126	-34.081	-87.7
19.92	-8.127	-24.836	-108.0
19.93	-8.127	-16.020	-104.1
19.94	-8.127	-8.670	-72.4
19.95	-8.127	-3.589	-78.6
19.96	-8.127	-1.014	-94.1
19.97	-8.126	-0.794	-71.8
19.98	-8.126	-2.898	-60.8
19.99	-8.127	-7.034	-69.8
20.0	-8.127	-12.347	-82.2
20.01	-8.128	-18.089	-90.3
20.02	-8.130	-23.902	-64.0
20.03	-8.133	-29.459	-44.5
20.04	-8.137	-34.325	-59.4
20.05	-8.141	-38.225	-70.4
20.06	-8.144	-41.128	-64.3
20.07	-8.148	-43.138	-40.7
20.08	-8.152	-44.214	1.6
20.09	-8.155	-44.383	22.6
20.1	-8.157	-43.997	-23.7
20.11	-8.158	-43.178	-92.8
20.12	-8.159	-41.978	-101.3
20.13	-8.159	-40.738	-64.4
20.14	-8.161	-39.519	-53.8
20.15	-8.162	-38.142	-64.2
20.16	-8.164	-36.734	-31.1
20.17	-8.162	-35.464	30.8
20.18	-8.157	-34.203	204.3
20.19	-8.154	-32.992	532.8
20.2	-8.156	-32.011	590.9
20.21	-8.157	-31.170	246.4
20.22	-8.157	-30.320	-31.9
20.23	-8.157	-29.520	-84.4
20.24	-8.156	-29.094	-75.0
20.25	-8.153	-29.109	-75.4
20.26	-8.149	-29.255	-68.1
20.27	-8.144	-29.155	-58.4
20.28	-8.137	-28.228	-44.8
20.29	-8.129	-25.866	-26.4
20.3	-8.122	-20.903	-27.4
20.31	-8.118	-9.491	-30.5
20.32	-8.115	12.572	-17.9
20.33	-8.112	36.877	11.1
20.34	-8.107	49.131	41.1
20.35	-8.102	51.102	55.1
20.36	-8.096	51.133	55.8
20.37	-8.088	51.139	83.9
20.38	-8.081	51.139	124.4
20.39	-8.076	51.138	149.0
20.4	-8.071	51.122	159.2
20.41	-8.069	50.361	135.4
20.42	-8.068	43.975	91.2
20.43	-8.069	27.445	41.7
20.44	-8.070	6.322	-2.2
20.45	-8.071	-11.505	-43.1
20.46	-8.073	-24.333	-84.3
20.47	-8.076	-32.494	-103.6
20.48	-8.077	-36.452	-107.2
20.49	-8.078	-37.533	-120.2
20.5	-8.079	-37.761	-131.0
20.51	-8.081	-38.955	-122.9
20.52	-8.082	-42.058	-117.8
20.53	-8.083	-46.456	-111.1
20.54	-8.084	-49.847	-111.0
20.55	-8.084	-51.023	-124.9
20.56	-8.083	-51.127	-102.0
20.57	-8.082	-50.728	-72.4
20.58	-8.082	-48.134	-87.5
20.59	-8.082	-41.955	-115.9
20.6	-8.082	-33.519	-115.1
20.61	-8.082	-24.614	-95.8
20.62	-8.083	-16.198	-77.0
20.63	-8.083	-9.145	-64.8
20.64	-8.083	-4.067	-77.6
20.65	-8.082	-1.288	-97.8
20.66	-8.081	-0.878	-91.3
20.67	-8.079	-2.620	-85.4
20.68	-8.078	-6.000	-98.0
20.69	-8.076	-10.447	-100.2
20.7	-8.076	-15.583	-84.8
20.71	-8.076	-21.022	-66.2
20.72	-8.076	-26.188	-67.9
20.73	-8.077	-30.614	-92.5
20.74	-8.078	-34.281	-85.7
20.75	-8.078	-37.325	-42.3
20.76	-8.078	-39.775	-31.3
20.77	-8.078	-41.647	-21.3
20.78	-8.077	-42.975	21.9
20.79	-8.076	-43.748	6.8
20.8	-8.076	-43.920	-51.9
20.81	-8.076	-43.639	-81.1
20.82	-8.076	-42.972	-82.1
20.83	-8.077	-41.722	-74.1
20.84	-8.079	-40.036	-74.3
20.85	-8.082	-38.409	-52.3
20.86	-8.082	-37.114	12.3
20.87	-8.078	-35.916	137.5
20.88	-8.075	-34.497	411.5
20.89	-8.077	-33.180	628.0
20.9	-8.081	-32.358	428.5
20.91	-8.086	-31.759	69.4
20.92	-8.091	-31.128	-71.0
20.93	-8.096	-30.677	-78.0
20.94	-8.100	-30.481	-66.9
20.95	-8.101	-30.570	-59.0
20.96	-8.100	-30.947	-82.6
20.97	-8.098	-30.653	-88.0
20.98	-8.096	-28.459	-40.6
20.99	-8.095	-23.744	-7.0
21.0	-8.098	-13.950	-7.6
21.01	-8.106	6.027	-16.8
21.02	-8.119	31.545	2.1
21.03	-8.137	47.345	39.7
21.04	-8.159	50.986	55.5
21.05	-8.182	51.131	84.8
21.06	-8.204	51.139	113.5
21.07	-8.224	51.139	139.1
21.08	-8.242	51.139	152.8
21.09	-8.258	51.120	151.2
21.1	-8.271	50.592	162.9
21.11	-8.283	45.058	130.6
21.12	-8.293	28.969	81.5
21.13	-8.304	6.814	48.4
21.14	-8.314	-12.764	7.6
21.15	-8.325	-27.108	-43.8
21.16	-8.338	-36.373	-104.4
21.17	-8.350	-41.419	-135.7
21.18	-8.362	-43.652	-128.4
21.19	-8.373	-44.591	-115.5
21.2	-8.385	-45.836	-106.5
21.21	-8.396	-48.114	-116.9
21.22	-8.406	-50.230	-127.3
21.23	-8.415	-51.052	-109.3
21.24	-8.425	-51.138	-84.8
21.25	-8.434	-51.138	-74.4
21.26	-8.445	-51.080	-92.5
21.27	-8.456	-49.925	-101.7
21.28	-8.468	-45.344	-84.7
21.29	-8.480	-37.170	-95.3
21.3	-8.491	-27.753	-101.6
21.31	-8.500	-18.658	-83.0
21.32	-8.509	-10.692	-77.6
21.33	-8.516	-4.541	-65.9
21.34	-8.523	-0.722	-68.1
21.35	-8.529	0.528	-84.1
21.36	-8.534	-0.467	-73.6
21.37	-8.539	-3.267	-76.1
21.38	-8.544	-7.594	-76.3
21.39	-8.547	-12.925	-65.4
21.4	-8.549	-18.436	-43.4
21.41	-8.551	-23.622	-2.0
21.42	-8.549	-28.392	7.9
21.43	-8.546	-32.438	7.6
21.44	-8.543	-35.395	-9.7
21.45	-8.539	-37.470	-52.7
21.46	-8.536	-39.061	-83.4
21.47	-8.534	-39.956	-99.3
21.48	-8.535	-39.948	-71.8
21.49	-8.537	-39.445	-36.0
21.5	-8.541	-38.723	-35.1
21.51	-8.541	-37.700	-5.3
21.52	-8.535	-36.517	147.2
21.53	-8.531	-35.337	437.7
21.54	-8.532	-34.180	563.8
21.55	-8.534	-33.217	301.9
21.56	-8.536	-32.447	17.6
21.57	-8.540	-31.802	-64.9
21.58	-8.546	-31.338	-72.0
21.59	-8.552	-31.058	-48.7
21.6	-8.553	-31.108	-50.7
21.61	-8.552	-31.286	-65.8
21.62	-8.550	-30.805	-52.9
21.63	-8.548	-29.173	-34.4
21.64	-8.549	-26.050	-13.4
21.65	-8.553	-19.520	-19.1
21.66	-8.558	-4.580	-14.6
21.67	-8.564	20.234	41.4
21.68	-8.571	42.045	65.2
21.69	-8.577	50.277	63.2
21.7	-8.583	51.111	90.5
21.71	-8.590	51.139	107.1
21.72	-8.598	51.139	139.0
21.73	-8.608	51.139	173.3
21.74	-8.620	51.133	166.8
21.75	-8.634	51.042	159.5
21.76	-8.646	48.628	137.4
21.77	-8.658	37.183	81.7
21.78	-8.668	15.841	4.3
21.79	-8.678	-6.256	-60.4
21.8	-8.689	-23.481	-65.9
21.81	-8.705	-35.534	-59.5
21.82	-8.719	-42.436	-70.8
21.83	-8.732	-45.455	-85.2
21.84	-8.741	-46.775	-109.4
21.85	-8.749	-48.333	-128.2
21.86	-8.755	-50.144	-131.8
21.87	-8.761	-51.023	-121.1
21.88	-8.768	-51.138	-105.9
21.89	-8.776	-51.141	-97.8
21.9	-8.784	-51.139	-103.8
21.91	-8.794	-51.127	-87.3
21.92	-8.804	-50.583	-48.4
21.93	-8.814	-47.111	-57.1
21.94	-8.825	-38.877	-85.8
21.95	-8.836	-27.888	-84.9
21.96	-8.845	-16.934	-58.3
21.97	-8.854	-7.094	-58.4
21.98	-8.863	0.892	-105.5
21.99	-8.871	6.247	-90.8
22.0	-8.878	8.331	-35.2
22.01	-8.885	6.678	-23.4
22.02	-8.891	2.092	-32.8
22.03	-8.898	-3.802	-44.6
22.04	-8.904	-10.391	-49.0
22.05	-8.909	-17.353	-47.1
22.06	-8.912	-23.808	-32.6
22.07	-8.913	-29.281	17.0
22.08	-8.912	-33.808	53.9
22.09	-8.908	-37.339	8.2
22.1	-8.904	-39.789	-46.9
22.11	-8.901	-41.269	-66.1
22.12	-8.899	-42.067	-72.6
22.13	-8.899	-42.280	-51.3
22.14	-8.903	-41.869	-32.6
22.15	-8.908	-40.964	-22.9
22.16	-8.904	-39.852	10.5
22.17	-8.892	-38.877	161.2
22.18	-8.881	-38.069	426.2
22.19	-8.871	-37.219	474.4
22.2	-8.858	-36.247	208.8
22.21	-8.848	-35.166	-11.0
22.22	-8.842	-34.181	-47.7
22.23	-8.838	-33.462	-37.6
22.24	-8.829	-32.856	-34.3
22.25	-8.814	-32.248	-50.8
22.26	-8.795	-31.347	-66.3
22.27	-8.777	-29.425	-22.4
22.28	-8.760	-26.150	7.8
22.29	-8.745	-21.361	-8.4
22.3	-8.732	-12.784	9.2
22.31	-8.723	4.847	12.5
22.32	-8.716	29.394	4.1
22.33	-8.711	46.380	38.4
22.34	-8.706	50.906	73.9
22.35	-8.699	51.127	94.0
22.36	-8.691	51.139	98.2
22.37	-8.682	51.139	125.5
22.38	-8.673	51.139	156.8
22.39	-8.664	51.134	148.1
22.4	-8.654	51.033	141.1
22.41	-8.644	48.422	120.5
22.42	-8.632	36.416	61.3
22.43	-8.620	14.361	0.1
22.44	-8.606	-8.294	-34.7
22.45	-8.595	-25.520	-71.3
22.46	-8.588	-37.130	-99.6
22.47	-8.581	-43.808	-94.8
22.48	-8.574	-46.736	-86.7
22.49	-8.566	-47.759	-112.5
22.5	-8.557	-48.755	-131.2
22.51	-8.546	-50.106	-102.6
22.52	-8.535	-50.950	-81.7
22.53	-8.524	-51.133	-90.8
22.54	-8.514	-51.141	-104.1
22.55	-8.504	-51.139	-99.8
22.56	-8.494	-51.123	-80.9
22.57	-8.486	-50.488	-76.0
22.58	-8.478	-46.564	-88.9
22.59	-8.467	-37.452	-84.9
22.6	-8.456	-25.459	-80.2
22.61	-8.443	-13.698	-89.3
22.62	-8.429	-3.644	-81.0
22.63	-8.415	3.830	-69.5
22.64	-8.399	8.084	-59.5
22.65	-8.382	8.819	-57.1
22.66	-8.366	6.341	-64.2
22.67	-8.349	1.498	-76.3
22.68	-8.334	-4.791	-83.7
22.69	-8.321	-11.834	-69.3
22.7	-8.308	-18.959	-42.3
22.71	-8.297	-25.391	-27.1
22.72	-8.286	-30.722	-19.5
22.73	-8.276	-34.970	-1.8
22.74	-8.264	-38.239	-16.3
22.75	-8.252	-40.666	-68.3
22.76	-8.242	-42.139	-97.3
22.77	-8.232	-42.520	-98.5
22.78	-8.224	-42.192	-107.0
22.79	-8.218	-41.567	-96.8
22.8	-8.214	-40.742	-48.0
22.81	-8.206	-39.895	20.6
22.82	-8.196	-39.161	211.5
22.83	-8.186	-38.442	498.1
22.84	-8.180	-37.814	486.1
22.85	-8.174	-37.375	145.7
22.86	-8.169	-36.842	-80.1
22.87	-8.164	-35.991	-101.0
22.88	-8.159	-35.056	-74.9
22.89	-8.153	-34.509	-74.5
22.9	-8.146	-34.369	-95.3
22.91	-8.137	-33.878	-102.1
22.92	-8.127	-32.253	-75.3
22.93	-8.119	-29.145	-49.7
22.94	-8.111	-23.397	-53.7
22.95	-8.105	-10.620	-42.4
22.96	-8.101	13.106	-9.7
22.97	-8.099	37.788	15.3
22.98	-8.098	49.416	30.9
22.99	-8.098	51.111	37.5
23.0	-8.097	51.134	53.8
23.01	-8.096	51.139	84.4
23.02	-8.094	51.139	102.3
23.03	-8.091	51.136	113.4
23.04	-8.089	51.120	107.4
23.05	-8.088	50.061	96.1
23.06	-8.086	42.286	91.8
23.07	-8.086	23.731	49.2
23.08	-8.085	1.289	-29.1
23.09	-8.085	-16.977	-82.2
23.1	-8.086	-29.741	-98.1
23.11	-8.088	-37.794	-116.7
23.12	-8.090	-42.084	-133.8
23.13	-8.092	-44.050	-145.9
23.14	-8.093	-45.670	-131.0
23.15	-8.094	-48.091	-99.8
23.16	-8.094	-50.252	-102.7
23.17	-8.093	-51.061	-99.0
23.18	-8.092	-51.138	-88.2
23.19	-8.091	-51.141	-111.5
23.2	-8.091	-51.138	-123.2
23.21	-8.091	-51.088	-118.2
23.22	-8.091	-49.988	-102.1
23.23	-8.092	-45.227	-72.6
23.24	-8.092	-36.166	-70.3
23.25	-8.092	-25.561	-80.6
23.26	-8.092	-15.920	-94.8
23.27	-8.091	-8.412	-94.1
23.28	-8.090	-3.536	-77.8
23.29	-8.089	-1.270	-90.3
23.3	-8.087	-1.420	-111.2
23.31	-8.085	-3.813	-91.7
23.32	-8.082	-8.059	-70.2
23.33	-8.081	-13.436	-72.7
23.34	-8.081	-19.130	-70.9
23.35	-8.081	-24.695	-80.0
23.36	-8.082	-29.855	-70.0
23.37	-8.085	-34.170	-54.9
23.38	-8.089	-37.567	-66.4
23.39	-8.092	-40.367	-69.0
23.4	-8.097	-42.342	-46.0
23.41	-8.101	-43.273	-4.1
23.42	-8.105	-43.502	27.5
23.43	-8.108	-43.191	10.9
23.44	-8.111	-42.548	-38.9
23.45	-8.113	-41.602	-69.1
23.46	-8.114	-40.047	-82.2
23.47	-8.117	-38.144	-77.7
23.48	-8.119	-36.492	-69.3
23.49	-8.123	-35.211	-69.8
23.5	-8.126	-33.916	-34.4
23.51	-8.124	-32.519	68.8
23.52	-8.121	-31.469	332.0
23.53	-8.122	-30.798	600.0
23.54	-8.124	-30.105	487.5
23.55	-8.125	-29.400	150.0
23.56	-8.126	-28.977	-33.2
23.57	-8.127	-28.848	-88.7
23.58	-8.126	-28.778	-93.4
23.59	-8.126	-28.863	-84.7
23.6	-8.124	-29.286	-79.5
23.61	-8.123	-29.259	-55.0
23.62	-8.119	-27.528	-42.5
23.63	-8.116	-23.000	-54.6
23.64	-8.113	-12.773	-56.1
23.65	-8.111	7.917	3.4
23.66	-8.109	33.239	39.1
23.67	-8.108	47.967	16.7
23.68	-8.107	51.023	22.4
23.69	-8.107	51.130	45.8
23.7	-8.106	51.139	73.7
23.71	-8.105	51.139	110.7
23.72	-8.104	51.139	146.1
23.73	-8.103	51.125	173.4
23.74	-8.103	50.873	165.8
23.75	-8.103	46.858	134.4
23.76	-8.104	33.188	99.8
23.77	-8.105	12.656	49.3
23.78	-8.106	-5.948	-22.0
23.79	-8.108	-19.211	-92.3
23.8	-8.111	-27.694	-103.9
23.81	-8.114	-32.781	-91.4
23.82	-8.116	-35.866	-103.0
23.83	-8.117	-38.214	-118.0
23.84	-8.119	-41.323	-129.6
23.85	-8.121	-45.734	-132.6
23.86	-8.124	-49.508	-119.0
23.87	-8.125	-50.975	-118.0
23.88	-8.127	-51.136	-124.1
23.89	-8.128	-51.141	-97.0
23.9	-8.131	-51.134	-71.7
23.91	-8.134	-50.845	-82.9
23.92	-8.138	-48.356	-115.3
23.93	-8.144	-41.608	-112.4
23.94	-8.150	-32.217	-70.5
23.95	-8.156	-23.092	-62.8
23.96	-8.163	-15.247	-91.2
23.97	-8.169	-9.181	-95.3
23.98	-8.176	-5.602	-79.3
23.99	-8.184	-4.728	-71.9
24.0	-8.194	-6.170	-73.7
24.01	-8.206	-9.422	-86.7
24.02	-8.219	-13.942	-81.1
24.03	-8.231	-19.255	-65.9
24.04	-8.242	-24.911	-67.1
24.05	-8.250	-30.391	-89.0
24.06	-8.255	-35.317	-105.0
24.07	-8.256	-39.586	-59.1
24.08	-8.254	-43.359	7.8
24.09	-8.249	-46.631	14.2
24.1	-8.242	-49.023	-30.6
24.11	-8.236	-50.386	-69.5
24.12	-8.229	-50.975	-95.7
24.13	-8.223	-50.989	-113.6
24.14	-8.216	-50.392	-114.7
24.15	-8.208	-49.202	-93.1
24.16	-8.201	-47.672	-58.2
24.17	-8.191	-46.027	20.8
24.18	-8.178	-44.261	253.4
24.19	-8.171	-42.281	553.2
24.2	-8.168	-40.222	543.2
24.21	-8.166	-38.291	188.7
24.22	-8.168	-36.441	-49.0
24.23	-8.174	-34.708	-90.0
24.24	-8.181	-33.272	-108.0
24.25	-8.189	-32.358	-88.3
24.26	-8.199	-31.969	-62.1
24.27	-8.207	-31.464	-38.3
24.28	-8.216	-30.073	-28.9
24.29	-8.223	-27.331	-30.3
24.3	-8.232	-22.328	-10.3
24.31	-8.244	-11.564	4.4
24.32	-8.257	9.805	28.7
24.33	-8.271	34.855	61.5
24.34	-8.286	48.538	88.7
24.35	-8.298	51.064	125.0
24.36	-8.308	51.131	143.2
24.37	-8.316	51.139	139.1
24.38	-8.323	51.139	158.3
24.39	-8.330	51.139	202.9
24.4	-8.336	51.123	215.6
24.41	-8.340	50.806	180.9
24.42	-8.342	46.175	133.6
24.43	-8.343	30.770	79.1
24.44	-8.341	7.975	30.6
24.45	-8.334	-12.428	-20.4
24.46	-8.323	-26.727	-65.2
24.47	-8.311	-35.325	-87.6
24.48	-8.294	-39.555	-100.2
24.49	-8.276	-41.450	-89.4
24.5	-8.259	-43.056	-87.0
24.51	-8.244	-45.688	-114.9
24.52	-8.230	-48.834	-122.9
24.53	-8.217	-50.708	-105.1
24.54	-8.204	-51.123	-92.5
24.55	-8.193	-51.139	-97.4
24.56	-8.182	-51.133	-110.1
24.57	-8.174	-50.914	-97.9
24.58	-8.169	-48.519	-81.4
24.59	-8.166	-41.086	-76.2
24.6	-8.163	-29.620	-81.5
24.61	-8.161	-17.633	-88.7
24.62	-8.156	-7.073	-71.2
24.63	-8.150	1.034	-70.9
24.64	-8.142	6.073	-82.0
24.65	-8.132	7.827	-70.4
24.66	-8.121	6.225	-53.7
24.67	-8.110	1.519	-41.6
24.68	-8.101	-5.303	-50.9
24.69	-8.092	-12.956	-50.7
24.7	-8.085	-20.702	-27.8
24.71	-8.079	-28.038	-15.9
24.72	-8.075	-34.394	-11.1
24.73	-8.072	-39.411	-29.3
24.74	-8.073	-42.956	-62.5
24.75	-8.077	-45.164	-77.7
24.76	-8.086	-46.350	-90.0
24.77	-8.101	-46.689	-93.3
24.78	-8.124	-46.398	-69.3
24.79	-8.155	-45.847	-46.5
24.8	-8.186	-45.127	-20.0
24.81	-8.207	-44.075	114.6
24.82	-8.224	-42.741	410.5
24.83	-8.239	-41.595	562.2
24.84	-8.253	-40.838	305.3
24.85	-8.269	-40.272	10.4
24.86	-8.289	-39.897	-62.7
24.87	-8.311	-39.736	-87.8
24.88	-8.335	-39.789	-93.5
24.89	-8.363	-40.023	-54.1
24.9	-8.389	-40.014	-28.8
24.91	-8.412	-39.102	-29.1
24.92	-8.434	-36.844	-28.2
24.93	-8.456	-32.837	-13.9
24.94	-8.478	-25.020	-5.5
24.95	-8.501	-7.964	3.5
24.96	-8.523	19.291	48.6
24.97	-8.544	42.247	84.6
24.98	-8.564	50.392	91.9
24.99	-8.582	51.106	94.8
25.0	-8.598	51.139	123.5
25.01	-8.614	51.139	166.9
25.02	-8.630	51.139	167.1
25.03	-8.645	51.134	161.0
25.04	-8.661	51.098	159.3
25.05	-8.679	49.538	113.0
25.06	-8.698	40.050	58.1
25.07	-8.716	19.420	27.7
25.08	-8.731	-3.758	-7.6
25.09	-8.747	-20.963	-58.3
25.1	-8.764	-31.977	-99.2
25.11	-8.783	-38.913	-100.7
25.12	-8.799	-43.048	-93.3
25.13	-8.816	-45.856	-108.6
25.14	-8.830	-48.448	-131.2
25.15	-8.844	-50.363	-122.5
25.16	-8.857	-51.063	-82.3
25.17	-8.869	-51.139	-77.4
25.18	-8.879	-51.141	-95.6
25.19	-8.889	-51.141	-99.7
25.2	-8.899	-51.136	-88.9
25.21	-8.907	-51.042	-74.2
25.22	-8.914	-49.177	-67.3
25.23	-8.922	-41.905	-61.4
25.24	-8.930	-29.241	-59.4
25.25	-8.935	-15.491	-60.1
25.26	-8.938	-3.683	-68.3
25.27	-8.937	4.967	-73.3
25.28	-8.929	9.806	-68.1
25.29	-8.917	10.719	-54.9
25.3	-8.900	8.108	-34.9
25.31	-8.881	2.744	-37.8
25.32	-8.862	-4.292	-44.3
25.33	-8.844	-12.144	-14.4
25.34	-8.828	-20.180	9.8
25.35	-8.816	-27.364	8.6
25.36	-8.806	-32.809	3.4
25.37	-8.798	-36.559	-20.8
25.38	-8.790	-39.184	-39.2
25.39	-8.779	-40.881	-43.4
25.4	-8.768	-41.366	-58.3
25.41	-8.756	-40.708	-73.0
25.42	-8.749	-39.534	-69.7
25.43	-8.744	-38.298	-50.8
25.44	-8.731	-37.073	19.4
25.45	-8.716	-35.852	226.0
25.46	-8.703	-34.952	466.9
25.47	-8.688	-34.770	442.9
25.48	-8.670	-35.025	155.8
25.49	-8.651	-35.325	-34.2
25.5	-8.632	-35.800	-67.1
25.51	-8.614	-36.567	-68.0
25.52	-8.592	-37.386	-56.2
25.53	-8.566	-37.836	-59.2
25.54	-8.539	-37.356	-56.6
25.55	-8.511	-35.452	-40.4
25.56	-8.486	-31.967	-35.3
25.57	-8.466	-25.880	-27.4
25.58	-8.449	-12.955	-1.7
25.59	-8.435	11.153	11.8
25.6	-8.421	36.842	21.4
25.61	-8.405	49.252	36.4
25.62	-8.389	51.108	39.8
25.63	-8.371	51.134	57.1
25.64	-8.354	51.139	90.4
25.65	-8.336	51.139	121.1
25.66	-8.318	51.139	122.3
25.67	-8.299	51.122	110.1
25.68	-8.281	50.413	131.1
25.69	-8.263	43.983	109.4
25.7	-8.244	26.908	21.1
25.71	-8.226	5.156	-46.3
25.72	-8.209	-12.666	-83.4
25.73	-8.195	-24.992	-101.4
25.74	-8.185	-32.858	-101.1
25.75	-8.178	-37.513	-111.0
25.76	-8.171	-40.431	-116.2
25.77	-8.162	-43.392	-90.4
25.78	-8.151	-47.191	-104.6
25.79	-8.141	-50.131	-140.6
25.8	-8.129	-51.072	-131.8
25.81	-8.117	-51.138	-113.0
25.82	-8.104	-51.141	-87.4
25.83	-8.092	-51.139	-78.3
25.84	-8.082	-51.133	-88.5
25.85	-8.074	-50.617	-87.1
25.86	-8.067	-46.811	-95.6
25.87	-8.059	-37.506	-103.7
25.88	-8.051	-25.477	-85.9
25.89	-8.041	-14.444	-66.3
25.9	-8.032	-5.877	-82.2
25.91	-8.023	-0.503	-102.1
25.92	-8.013	1.444	-98.6
25.93	-8.004	0.206	-89.2
25.94	-7.995	-3.753	-78.4
25.95	-7.987	-9.733	-71.3
25.96	-7.979	-16.755	-64.0
25.97	-7.974	-23.959	-61.7
25.98	-7.969	-30.611	-51.8
25.99	-7.965	-36.197	-20.2
26.0	-7.960	-40.655	3.0
26.01	-7.955	-44.017	-32.3
26.02	-7.949	-46.319	-83.8
26.03	-7.944	-47.617	-94.6
26.04	-7.940	-47.975	-87.9
26.05	-7.938	-47.597	-77.5
26.06	-7.938	-46.811	-85.1
26.07	-7.938	-45.869	-75.0
26.08	-7.937	-44.769	-12.9
26.09	-7.933	-43.444	120.4
26.1	-7.929	-42.081	391.7
26.11	-7.930	-40.845	552.0
26.12	-7.932	-39.698	341.4
26.13	-7.934	-38.759	48.0
26.14	-7.937	-38.087	-71.5
26.15	-7.940	-37.611	-105.0
26.16	-7.942	-37.458	-108.4
26.17	-7.943	-37.605	-92.9
26.18	-7.943	-37.520	-90.2
26.19	-7.943	-36.388	-76.7
26.2	-7.941	-33.541	-55.9
26.21	-7.940	-28.117	-38.4
26.22	-7.939	-16.522	-19.1
26.23	-7.939	6.463	-12.0
26.24	-7.941	33.453	-4.5
26.25	-7.943	48.272	4.3
26.26	-7.946	51.052	21.4
26.27	-7.949	51.130	55.9
26.28	-7.950	51.139	99.7
26.29	-7.951	51.139	122.9
26.3	-7.951	51.139	114.7
26.31	-7.951	51.120	117.6
26.32	-7.953	50.731	133.5
26.33	-7.955	45.878	110.1
26.34	-7.958	30.808	31.9
26.35	-7.960	9.484	-33.8
26.36	-7.961	-9.259	-56.5
26.37	-7.962	-22.888	-82.9
26.38	-7.963	-31.945	-109.6
26.39	-7.966	-37.247	-130.5
26.4	-7.968	-40.295	-144.1
26.41	-7.968	-43.036	-122.7
26.42	-7.968	-46.656	-106.8
26.43	-7.968	-49.814	-137.9
26.44	-7.969	-51.016	-142.2
26.45	-7.971	-51.136	-110.7
26.46	-7.973	-51.141	-90.9
26.47	-7.974	-51.141	-86.5
26.48	-7.975	-51.134	-99.6
26.49	-7.976	-51.019	-102.4
26.5	-7.976	-49.222	-97.7
26.51	-7.977	-42.839	-94.1
26.52	-7.978	-32.380	-115.8
26.53	-7.980	-21.397	-139.7
26.54	-7.982	-12.022	-104.9
26.55	-7.985	-5.517	-73.9
26.56	-7.987	-2.569	-84.1
26.57	-7.988	-2.534	-74.8
26.58	-7.989	-4.669	-79.6
26.59	-7.991	-8.705	-113.3
26.6	-7.993	-14.330	-90.6
26.61	-7.995	-20.928	-58.9
26.62	-7.997	-27.478	-94.2
26.63	-8.001	-33.244	-120.4
26.64	-8.004	-38.011	-89.6
26.65	-8.007	-41.808	-71.2
26.66	-8.011	-44.905	-71.5
26.67	-8.014	-47.192	-64.0
26.68	-8.018	-48.444	-57.7
26.69	-8.022	-48.938	-22.6
26.7	-8.026	-48.970	22.6
26.71	-8.031	-48.767	2.3
26.72	-8.034	-48.367	-47.8
26.73	-8.036	-47.514	-64.8
26.74	-8.038	-46.270	-81.3
26.75	-8.041	-44.742	-90.2
26.76	-8.044	-42.852	-81.2
26.77	-8.047	-40.809	-73.0
26.78	-8.049	-38.817	-25.4
26.79	-8.048	-36.919	102.9
26.8	-8.047	-35.189	366.0
26.81	-8.051	-33.556	608.4
26.82	-8.055	-32.108	476.8
26.83	-8.058	-31.131	122.9
26.84	-8.061	-30.623	-42.2
26.85	-8.062	-30.559	-75.4
26.86	-8.061	-30.923	-93.0
26.87	-8.060	-31.527	-70.2
26.88	-8.059	-32.066	-76.5
26.89	-8.058	-31.659	-87.4
26.9	-8.056	-29.050	-60.6
26.91	-8.054	-22.495	-47.8
26.92	-8.054	-7.775	-18.2
26.93	-8.054	17.275	5.9
26.94	-8.056	40.559	7.6
26.95	-8.058	50.028	25.3
26.96	-8.061	51.111	36.5
26.97	-8.064	51.139	67.3
26.98	-8.068	51.139	108.7
26.99	-8.072	51.139	133.8
27.0	-8.078	51.139	149.9
27.01	-8.086	51.122	163.6
27.02	-8.096	50.569	165.5
27.03	-8.109	45.105	127.8
27.04	-8.126	29.839	72.3
27.05	-8.147	9.639	19.2
27.06	-8.168	-7.431	-20.9
27.07	-8.190	-19.745	-46.7
27.08	-8.212	-28.155	-74.1
27.09	-8.232	-33.661	-100.5
27.1	-8.251	-37.897	-127.2
27.11	-8.269	-42.306	-139.8
27.12	-8.286	-46.933	-128.3
27.13	-8.301	-50.098	-123.4
27.14	-8.314	-51.070	-141.5
27.15	-8.324	-51.138	-143.8
27.16	-8.333	-51.141	-111.3
27.17	-8.342	-51.141	-90.2
27.18	-8.351	-51.139	-77.5
27.19	-8.362	-51.131	-77.4
27.2	-8.373	-50.603	-96.9
27.21	-8.383	-47.005	-91.2
27.22	-8.394	-38.544	-85.6
27.23	-8.405	-27.886	-98.4
27.24	-8.416	-18.427	-99.9
27.25	-8.424	-11.578	-92.4
27.26	-8.431	-7.659	-76.3
27.27	-8.438	-6.363	-70.1
27.28	-8.443	-7.578	-70.0
27.29	-8.449	-11.108	-66.8
27.3	-8.457	-16.116	-79.8
27.31	-8.467	-21.684	-62.4
27.32	-8.476	-27.356	-32.7
27.33	-8.486	-32.803	-40.3
27.34	-8.493	-37.500	-39.7
27.35	-8.499	-41.313	4.8
27.36	-8.504	-44.411	20.4
27.37	-8.507	-46.788	-20.2
27.38	-8.508	-48.414	-42.3
27.39	-8.508	-49.138	-59.1
27.4	-8.506	-48.900	-87.5
27.41	-8.505	-47.944	-92.1
27.42	-8.502	-46.673	-63.3
27.43	-8.498	-45.409	-17.8
27.44	-8.486	-43.880	60.7
27.45	-8.467	-41.905	285.4
27.46	-8.453	-39.919	572.0
27.47	-8.443	-38.092	520.0
27.48	-8.434	-36.247	167.8
27.49	-8.429	-34.477	-32.1
27.5	-8.428	-33.113	-53.6
27.51	-8.428	-32.283	-57.5
27.52	-8.428	-31.769	-57.9
27.53	-8.424	-31.292	-58.9
27.54	-8.418	-30.416	-45.5
27.55	-8.410	-28.466	-29.0
27.56	-8.401	-25.092	-23.9
27.57	-8.393	-19.036	-21.2
27.58	-8.386	-5.716	-3.0
27.59	-8.384	17.841	24.9
27.6	-8.384	40.455	41.3
27.61	-8.387	49.963	63.9
27.62	-8.391	51.111	73.3
27.63	-8.393	51.139	97.9
27.64	-8.392	51.139	163.9
27.65	-8.391	51.139	170.8
27.66	-8.389	51.134	152.6
27.67	-8.389	51.023	179.2
27.68	-8.391	48.288	174.0
27.69	-8.395	36.136	123.0
27.7	-8.402	14.591	53.8
27.71	-8.413	-6.638	-12.3
27.72	-8.425	-22.263	-64.3
27.73	-8.441	-32.847	-95.7
27.74	-8.460	-38.256	-89.8
27.75	-8.478	-39.792	-100.5
27.76	-8.491	-41.858	-127.8
27.77	-8.501	-45.850	-117.2
27.78	-8.512	-49.328	-105.0
27.79	-8.523	-50.867	-112.0
27.8	-8.534	-51.133	-104.8
27.81	-8.544	-51.139	-98.9
27.82	-8.556	-51.141	-91.7
27.83	-8.569	-51.141	-84.6
27.84	-8.582	-51.133	-100.5
27.85	-8.598	-50.794	-114.9
27.86	-8.613	-47.830	-105.4
27.87	-8.627	-40.200	-82.1
27.88	-8.639	-30.180	-82.0
27.89	-8.652	-20.981	-83.7
27.9	-8.665	-14.295	-72.0
27.91	-8.679	-10.872	-70.3
27.92	-8.691	-10.344	-67.6
27.93	-8.703	-12.417	-61.8
27.94	-8.714	-16.583	-56.5
27.95	-8.726	-22.105	-36.9
27.96	-8.737	-28.448	-13.9
27.97	-8.749	-34.358	-1.8
27.98	-8.761	-38.823	11.8
27.99	-8.774	-42.194	-18.9
28.0	-8.788	-44.922	-68.3
28.01	-8.802	-47.342	-63.3
28.02	-8.816	-49.342	-53.3
28.03	-8.829	-50.413	-68.1
28.04	-8.843	-50.795	-71.0
28.05	-8.860	-51.013	-47.6
28.06	-8.874	-51.045	-10.8
28.07	-8.883	-50.572	108.5
28.08	-8.893	-49.302	387.4
28.09	-8.906	-47.623	548.7
28.1	-8.915	-46.248	318.8
28.11	-8.923	-45.211	15.7
28.12	-8.934	-44.253	-58.2
28.13	-8.947	-43.295	-48.1
28.14	-8.960	-42.570	-61.7
28.15	-8.971	-42.313	-72.3
28.16	-8.977	-41.800	-55.7
28.17	-8.979	-39.972	-12.3
28.18	-8.980	-36.931	-0.2
28.19	-8.981	-33.087	-25.4
28.2	-8.981	-25.888	-32.6
28.21	-8.981	-9.255	14.1
28.22	-8.977	17.828	47.3
28.23	-8.970	41.331	32.2
28.24	-8.961	50.202	50.2
28.25	-8.951	51.108	86.5
28.26	-8.939	51.139	115.2
28.27	-8.929	51.139	150.2
28.28	-8.921	51.134	165.1
28.29	-8.918	51.103	165.0
28.3	-8.914	49.552	150.7
28.31	-8.910	40.131	101.1
28.32	-8.901	20.359	50.1
28.33	-8.889	-1.259	13.9
28.34	-8.872	-17.927	-29.1
28.35	-8.853	-29.461	-60.2
28.36	-8.834	-36.962	-78.5
28.37	-8.818	-41.692	-65.7
28.38	-8.803	-44.714	-70.2
28.39	-8.786	-47.067	-123.9
28.4	-8.766	-49.289	-123.5
28.41	-8.746	-50.728	-87.6
28.42	-8.724	-51.119	-79.4
28.43	-8.702	-51.139	-87.8
28.44	-8.678	-51.141	-96.3
28.45	-8.654	-51.141	-99.5
28.46	-8.631	-51.133	-94.9
28.47	-8.606	-50.964	-96.8
28.48	-8.579	-48.870	-92.5
28.49	-8.549	-42.123	-66.4
28.5	-8.514	-31.905	-65.7
28.51	-8.478	-22.091	-86.0
28.52	-8.440	-14.578	-102.5
28.53	-8.402	-10.056	-113.9
28.54	-8.367	-8.919	-94.0
28.55	-8.334	-10.617	-81.8
28.56	-8.304	-14.277	-74.0
28.57	-8.274	-19.369	-51.3
28.58	-8.246	-25.103	-69.0
28.59	-8.219	-30.655	-72.5
28.6	-8.194	-35.591	-35.8
28.61	-8.170	-39.647	-42.2
28.62	-8.146	-42.823	-87.5
28.63	-8.124	-45.134	-101.0
28.64	-8.103	-46.413	-95.3
28.65	-8.084	-46.775	-109.4
28.66	-8.069	-46.619	-124.3
28.67	-8.056	-46.138	-88.0
28.68	-8.043	-45.339	-22.7
28.69	-8.027	-44.344	90.3
28.7	-8.012	-43.308	347.9
28.71	-8.006	-42.345	506.8
28.72	-8.002	-41.520	317.8
28.73	-8.003	-40.784	32.1
28.74	-8.009	-40.102	-66.8
28.75	-8.022	-39.530	-67.2
28.76	-8.036	-39.053	-76.7
28.77	-8.048	-38.480	-54.1
28.78	-8.055	-37.513	-37.2
28.79	-8.059	-35.758	-34.4
28.8	-8.062	-32.894	-26.8
28.81	-8.063	-28.589	-1.1
28.82	-8.063	-20.534	33.1
28.83	-8.065	-3.469	31.6
28.84	-8.067	22.402	32.6
28.85	-8.069	43.286	53.4
28.86	-8.071	50.489	77.3
28.87	-8.073	51.111	97.6
28.88	-8.074	51.139	120.8
28.89	-8.073	51.133	141.4
28.9	-8.072	51.011	140.5
28.91	-8.069	48.358	139.6
28.92	-8.066	37.381	146.2
28.93	-8.061	18.330	123.5
28.94	-8.055	-0.941	46.6
28.95	-8.049	-16.006	-17.5
28.96	-8.042	-26.967	-46.9
28.97	-8.035	-34.416	-79.4
28.98	-8.028	-38.945	-99.5
28.99	-8.023	-41.522	-110.6
29.0	-8.016	-43.261	-120.9
29.01	-8.009	-45.153	-126.8
29.02	-8.000	-47.709	-122.6
29.03	-7.991	-50.023	-125.3
29.04	-7.982	-51.009	-133.2
29.05	-7.974	-51.138	-121.3
29.06	-7.967	-51.141	-118.6
29.07	-7.959	-51.136	-121.0
29.08	-7.953	-51.031	-111.4
29.09	-7.950	-49.652	-106.9
29.1	-7.948	-44.977	-101.1
29.11	-7.947	-37.392	-110.1
29.12	-7.945	-29.372	-116.8
29.13	-7.942	-22.631	-113.6
29.14	-7.937	-17.975	-117.8
29.15	-7.931	-15.520	-103.0
29.16	-7.924	-15.069	-75.6
29.17	-7.917	-16.480	-69.7
29.18	-7.911	-19.353	-83.9
29.19	-7.904	-23.042	-98.5
29.2	-7.898	-26.942	-101.8
29.21	-7.893	-30.638	-87.6
29.22	-7.889	-33.878	-76.1
29.23	-7.884	-36.475	-52.9
29.24	-7.879	-38.431	-38.7
29.25	-7.874	-39.688	-56.0
29.26	-7.868	-40.144	-56.5
29.27	-7.860	-40.075	-38.3
29.28	-7.852	-39.750	-8.4
29.29	-7.843	-39.291	17.0
29.3	-7.833	-38.703	-11.8
29.31	-7.824	-37.927	-36.3
29.32	-7.816	-37.116	-32.9
29.33	-7.812	-36.356	-51.7
29.34	-7.809	-35.481	-85.7
29.35	-7.808	-34.422	-99.9
29.36	-7.808	-33.420	-56.3
29.37	-7.806	-32.595	20.0
29.38	-7.799	-31.825	171.2
29.39	-7.793	-31.070	471.1
29.4	-7.790	-30.261	628.1
29.41	-7.787	-29.500	366.7
29.42	-7.784	-28.992	53.8
29.43	-7.782	-28.567	-54.3
29.44	-7.779	-28.247	-93.9
29.45	-7.775	-28.313	-93.1
29.46	-7.768	-28.361	-86.5
29.47	-7.759	-27.792	-92.6
29.48	-7.749	-26.442	-63.7
29.49	-7.737	-23.970	-27.8
29.5	-7.728	-18.881	-12.8
29.51	-7.719	-7.267	-5.8
29.52	-7.711	14.342	-5.6
29.53	-7.704	37.573	-11.8
29.54	-7.698	49.198	-8.5
29.55	-7.692	51.097	37.2
29.56	-7.685	51.133	83.9
29.57	-7.677	51.128	96.1
29.58	-7.668	50.923	121.6
29.59	-7.660	47.403	146.2
29.6	-7.652	34.988	144.2
29.61	-7.644	15.878	134.3
29.62	-7.636	-1.850	102.7
29.63	-7.628	-15.156	62.4
29.64	-7.620	-24.594	16.4
29.65	-7.611	-30.902	-43.6
29.66	-7.602	-34.809	-83.5
29.67	-7.594	-36.873	-97.4
29.68	-7.587	-37.719	-107.8
29.69	-7.578	-38.278	-134.1
29.7	-7.568	-39.411	-168.3
29.71	-7.560	-41.588	-151.1
29.72	-7.553	-44.864	-107.5
29.73	-7.547	-48.341	-111.9
29.74	-7.543	-50.472	-123.2
29.75	-7.542	-50.586	-109.0
29.76	-7.543	-48.442	-101.0
29.77	-7.544	-43.773	-114.4
29.78	-7.545	-37.175	-134.5
29.79	-7.546	-29.842	-124.3
29.8	-7.549	-22.892	-80.4
29.81	-7.553	-17.167	-62.0
29.82	-7.559	-13.155	-68.3
29.83	-7.564	-10.950	-73.9
29.84	-7.568	-10.403	-86.9
29.85	-7.572	-11.405	-71.2
29.86	-7.577	-13.753	-58.6
29.87	-7.582	-16.973	-67.3
29.88	-7.588	-20.441	-51.9
29.89	-7.594	-23.713	-42.4
29.9	-7.601	-26.719	-63.8
29.91	-7.608	-29.297	-82.3
29.92	-7.616	-31.255	-60.4
29.93	-7.623	-32.761	-43.0
29.94	-7.628	-33.792	-41.6
29.95	-7.634	-34.252	-4.9
29.96	-7.639	-34.445	22.0
29.97	-7.644	-34.438	29.1
29.98	-7.650	-34.013	19.7
29.99	-7.656	-33.273	-9.5
30.0	-7.663	-32.498	-38.8
30.01	-7.670	-31.759	-69.2
30.02	-7.678	-30.963	-65.8
30.03	-7.688	-30.025	-71.6
30.04	-7.698	-28.963	-94.6
30.05	-7.711	-27.966	-47.3
30.06	-7.723	-27.081	69.6
30.07	-7.736	-26.258	304.9
30.08	-7.753	-25.609	601.7
30.09	-7.776	-25.048	582.6
30.1	-7.800	-24.503	235.1
30.11	-7.823	-24.256	-7.3
30.12	-7.846	-24.342	-46.1
30.13	-7.867	-24.542	-49.5
30.14	-7.886	-24.666	-55.9
30.15	-7.905	-24.572	-56.5
30.16	-7.923	-24.172	-54.2
30.17	-7.938	-23.273	-44.2
30.18	-7.954	-21.291	-23.8
30.19	-7.971	-16.353	-18.7
30.2	-7.989	-4.484	-29.3
30.21	-8.009	16.723	-3.5
30.22	-8.030	38.611	44.1
30.23	-8.054	49.341	71.3
30.24	-8.078	51.098	77.7
30.25	-8.102	51.130	98.3
30.26	-8.125	51.055	133.4
30.27	-8.148	48.961	147.1
30.28	-8.169	39.322	163.6
30.29	-8.189	21.464	183.9
30.3	-8.209	2.722	164.8
30.31	-8.228	-12.080	117.9
30.32	-8.246	-22.683	64.4
30.33	-8.265	-29.702	21.8
30.34	-8.284	-33.827	-22.2
30.35	-8.302	-35.663	-69.9
30.36	-8.319	-35.983	-90.5
30.37	-8.334	-35.669	-107.7
30.38	-8.349	-35.509	-131.3
30.39	-8.363	-36.102	-114.0
30.4	-8.374	-37.881	-81.2
30.41	-8.383	-40.889	-97.2
30.42	-8.391	-44.081	-123.5
30.43	-8.399	-45.788	-117.3
30.44	-8.406	-45.050	-99.6
