Interval=	0.01 s
ExcelDateTime=	3.9777423564359393e+004	25/11/2008 10:09:55.960652
TimeFormat=	StartOfBlock
ChannelTitle=	Channel 1	Channel 2	Channel 3
Range=	20.000 mV	50.000 mV	1000.0 µV
0.0	-8.554	-10.722	13.5
0.01	-8.529	-10.647	0.1
0.02	-8.505	-10.605	-29.2
0.03	-8.486	-10.686	-47.9
0.04	-8.470	-10.792	-67.1
0.05	-8.451	-10.820	-42.5
0.06	-8.429	-10.822	-40.8
0.07	-8.410	-10.863	-72.8
0.08	-8.398	-10.852	-55.8
0.09	-8.387	-10.691	-23.8
0.1	-8.378	-10.166	-17.8
0.11	-8.369	-8.705	-25.4
0.12	-8.364	-5.522	-21.4
0.13	-8.364	-0.269	3.6
0.14	-8.367	6.247	40.8
0.15	-8.373	12.448	70.1
0.16	-8.379	17.008	79.7
0.17	-8.383	19.186	111.6
0.18	-8.387	18.706	157.3
0.19	-8.393	15.742	163.7
0.2	-8.402	11.056	162.4
0.21	-8.419	5.756	173.5
0.22	-8.445	0.678	161.0
0.23	-8.477	-3.719	139.3
0.24	-8.509	-7.198	75.0
0.25	-8.541	-9.723	-11.2
0.26	-8.572	-11.373	-50.2
0.27	-8.601	-12.334	-76.3
0.28	-8.635	-12.791	-103.7
0.29	-8.675	-12.805	-143.0
0.3	-8.717	-12.575	-146.4
0.31	-8.757	-12.464	-113.2
0.32	-8.798	-12.720	-112.4
0.33	-8.842	-13.511	-114.7
0.34	-8.889	-14.834	-112.3
0.35	-8.936	-16.295	-107.5
0.36	-8.984	-17.325	-104.7
0.37	-9.032	-17.553	-113.8
0.38	-9.069	-16.967	-122.8
0.39	-9.096	-15.670	-116.8
0.4	-9.121	-13.834	-73.3
0.41	-9.152	-11.844	-58.1
0.42	-9.186	-10.022	-101.6
0.43	-9.221	-8.445	-100.5
0.44	-9.254	-7.166	-73.5
0.45	-9.287	-6.295	-84.8
0.46	-9.321	-5.917	-74.9
0.47	-9.357	-5.981	-61.8
0.48	-9.394	-6.395	-68.0
0.49	-9.433	-7.122	-72.9
0.5	-9.474	-8.111	-98.3
0.51	-9.514	-9.175	-93.0
0.52	-9.551	-10.155	-59.4
0.53	-9.586	-11.245	-53.9
0.54	-9.618	-12.544	-62.8
0.55	-9.651	-13.475	-66.9
0.56	-9.682	-13.683	-64.8
0.57	-9.712	-13.603	-67.8
0.58	-9.740	-13.552	-68.8
0.59	-9.769	-13.659	-64.3
0.6	-9.797	-14.073	-56.0
0.61	-9.821	-14.480	-16.9
0.62	-9.841	-14.345	45.5
0.63	-9.859	-13.756	64.1
0.64	-9.879	-13.194	-4.1
0.65	-9.898	-12.717	-74.6
0.66	-9.916	-12.198	-71.9
0.67	-9.934	-11.838	-48.8
0.68	-9.954	-11.891	-63.0
0.69	-9.976	-12.197	-77.3
0.7	-9.996	-12.248	-33.1
0.71	-10.013	-11.875	67.6
0.72	-10.031	-11.456	272.1
0.73	-10.053	-11.269	535.3
0.74	-10.073	-11.241	563.9
0.75	-10.088	-11.311	261.7
0.76	-10.103	-11.394	-20.7
0.77	-10.119	-11.294	-76.5
0.78	-10.135	-11.092	-51.6
0.79	-10.147	-11.158	-48.5
0.8	-10.156	-11.556	-65.2
0.81	-10.168	-11.967	-62.5
0.82	-10.180	-12.114	-25.0
0.83	-10.191	-11.933	-18.0
0.84	-10.198	-11.303	-42.2
0.85	-10.201	-9.755	-45.4
0.86	-10.204	-6.506	-17.2
0.87	-10.207	-1.142	22.7
0.88	-10.208	5.656	50.6
0.89	-10.206	12.750	83.8
0.9	-10.200	18.783	102.0
0.91	-10.192	22.373	86.8
0.92	-10.183	23.092	100.3
0.93	-10.174	21.000	138.8
0.94	-10.164	16.488	162.0
0.95	-10.154	10.627	179.3
0.96	-10.141	4.597	174.9
0.97	-10.128	-0.700	108.4
0.98	-10.114	-4.802	3.7
0.99	-10.101	-7.898	-43.7
1.0	-10.088	-10.223	-50.4
1.01	-10.075	-11.688	-74.9
1.02	-10.063	-12.459	-91.0
1.03	-10.049	-12.892	-95.5
1.04	-10.029	-13.086	-110.8
1.05	-9.996	-13.141	-120.3
1.06	-9.956	-13.378	-110.6
1.07	-9.911	-14.048	-117.5
1.08	-9.868	-15.127	-120.7
1.09	-9.828	-16.327	-91.3
1.1	-9.789	-17.294	-80.7
1.11	-9.752	-17.836	-114.0
1.12	-9.719	-17.783	-117.3
1.13	-9.684	-16.892	-83.6
1.14	-9.644	-15.159	-94.3
1.15	-9.603	-12.825	-87.3
1.16	-9.558	-10.236	-62.3
1.17	-9.508	-7.852	-81.8
1.18	-9.456	-6.038	-88.0
1.19	-9.406	-4.984	-69.9
1.2	-9.360	-4.719	-62.9
1.21	-9.315	-5.022	-75.9
1.22	-9.269	-5.645	-86.8
1.23	-9.223	-6.456	-73.8
1.24	-9.179	-7.400	-61.9
1.25	-9.135	-8.463	-71.7
1.26	-9.089	-9.575	-80.0
1.27	-9.042	-10.617	-83.3
1.28	-8.993	-11.500	-67.9
1.29	-8.943	-12.188	-45.6
1.3	-8.892	-12.695	-43.1
1.31	-8.843	-13.055	-29.0
1.32	-8.798	-13.280	6.1
1.33	-8.754	-13.350	37.6
1.34	-8.707	-13.345	20.0
1.35	-8.658	-13.353	-34.8
1.36	-8.606	-13.330	-81.4
1.37	-8.553	-13.178	-92.9
1.38	-8.499	-12.788	-68.6
1.39	-8.446	-12.200	-41.0
1.4	-8.394	-11.703	-43.3
1.41	-8.342	-11.422	-55.3
1.42	-8.289	-11.169	2.6
1.43	-8.239	-10.880	212.8
1.44	-8.198	-10.750	504.2
1.45	-8.168	-10.823	551.3
1.46	-8.140	-10.881	286.8
1.47	-8.114	-10.775	40.1
1.48	-8.089	-10.597	-43.1
1.49	-8.067	-10.522	-86.3
1.5	-8.044	-10.539	-117.1
1.51	-8.022	-10.533	-79.3
1.52	-8.002	-10.417	-56.6
1.53	-7.987	-10.216	-65.8
1.54	-7.971	-9.986	-59.9
1.55	-7.956	-9.455	-44.2
1.56	-7.940	-7.823	-28.6
1.57	-7.926	-4.066	-33.7
1.58	-7.914	2.086	-20.3
1.59	-7.902	9.537	20.8
1.6	-7.889	16.627	42.6
1.61	-7.874	22.061	55.8
1.62	-7.859	24.963	74.1
1.63	-7.846	24.864	94.8
1.64	-7.833	21.961	125.4
1.65	-7.821	16.877	140.6
1.66	-7.809	10.555	139.5
1.67	-7.800	4.169	118.8
1.68	-7.793	-1.464	81.7
1.69	-7.786	-6.075	46.7
1.7	-7.780	-9.567	-21.8
1.71	-7.775	-11.870	-86.8
1.72	-7.771	-13.098	-99.2
1.73	-7.771	-13.547	-110.4
1.74	-7.774	-13.558	-144.0
1.75	-7.774	-13.550	-151.7
1.76	-7.770	-13.859	-121.8
1.77	-7.764	-14.533	-103.7
1.78	-7.759	-15.481	-115.3
1.79	-7.755	-16.661	-118.8
1.8	-7.751	-17.928	-112.1
1.81	-7.747	-18.953	-134.5
1.82	-7.744	-19.441	-134.9
1.83	-7.742	-19.269	-99.2
1.84	-7.740	-18.398	-85.5
1.85	-7.737	-16.898	-103.8
1.86	-7.734	-14.981	-109.1
1.87	-7.731	-12.939	-88.3
1.88	-7.727	-11.036	-94.2
1.89	-7.724	-9.431	-111.9
1.9	-7.721	-8.139	-105.4
1.91	-7.719	-7.130	-75.4
1.92	-7.716	-6.591	-75.7
1.93	-7.713	-6.758	-90.4
1.94	-7.711	-7.600	-82.0
1.95	-7.709	-8.855	-77.4
1.96	-7.708	-10.273	-71.3
1.97	-7.707	-11.664	-92.1
1.98	-7.708	-12.800	-105.0
1.99	-7.708	-13.584	-73.0
2.0	-7.708	-14.145	-81.8
2.01	-7.708	-14.613	-99.5
2.02	-7.707	-15.038	-90.7
2.03	-7.704	-15.397	-88.4
2.04	-7.702	-15.569	-70.4
2.05	-7.699	-15.491	-71.4
2.06	-7.696	-15.275	-83.2
2.07	-7.692	-15.048	-80.3
2.08	-7.689	-14.806	-58.4
2.09	-7.684	-14.547	-20.1
2.1	-7.680	-14.361	-7.4
2.11	-7.673	-14.291	8.9
2.12	-7.663	-14.239	0.9
2.13	-7.654	-14.063	-34.8
2.14	-7.645	-13.673	-46.5
2.15	-7.637	-13.111	-75.2
2.16	-7.629	-12.500	-108.7
2.17	-7.621	-12.030	-105.0
2.18	-7.612	-11.798	-60.7
2.19	-7.599	-11.588	-7.4
2.2	-7.581	-11.389	91.9
2.21	-7.566	-11.428	374.5
2.22	-7.557	-11.548	649.4
2.23	-7.550	-11.619	506.4
2.24	-7.541	-11.769	123.5
2.25	-7.534	-12.006	-65.6
2.26	-7.527	-12.430	-95.3
2.27	-7.516	-13.011	-85.3
2.28	-7.504	-13.456	-83.6
2.29	-7.493	-13.695	-101.1
2.3	-7.484	-13.731	-87.1
2.31	-7.474	-13.425	-63.8
2.32	-7.463	-12.569	-35.0
2.33	-7.454	-10.498	-8.5
2.34	-7.446	-6.188	-15.8
2.35	-7.436	0.684	-20.0
2.36	-7.427	9.217	-7.9
2.37	-7.416	17.708	11.9
2.38	-7.406	24.489	62.4
2.39	-7.396	28.478	96.5
2.4	-7.386	29.191	102.8
2.41	-7.378	26.661	136.6
2.42	-7.369	21.459	151.4
2.43	-7.361	14.761	133.2
2.44	-7.353	7.872	133.3
2.45	-7.346	1.609	139.7
2.46	-7.341	-3.702	115.6
2.47	-7.336	-7.925	34.2
2.48	-7.330	-10.969	-40.8
2.49	-7.325	-12.898	-83.0
2.5	-7.321	-13.945	-124.6
2.51	-7.320	-14.297	-148.2
2.52	-7.320	-14.245	-151.0
2.53	-7.317	-14.192	-114.0
2.54	-7.314	-14.411	-92.3
2.55	-7.311	-15.053	-114.2
2.56	-7.309	-16.128	-124.7
2.57	-7.305	-17.394	-137.8
2.58	-7.301	-18.394	-152.9
2.59	-7.298	-18.788	-123.1
2.6	-7.296	-18.570	-108.0
2.61	-7.297	-17.838	-106.8
2.62	-7.298	-16.652	-80.7
2.63	-7.300	-15.164	-83.8
2.64	-7.300	-13.588	-115.8
2.65	-7.298	-12.042	-133.9
2.66	-7.296	-10.577	-113.3
2.67	-7.293	-9.339	-80.3
2.68	-7.290	-8.542	-78.3
2.69	-7.289	-8.173	-82.3
2.7	-7.288	-8.134	-80.3
2.71	-7.288	-8.461	-101.4
2.72	-7.288	-9.230	-113.5
2.73	-7.289	-10.391	-114.5
2.74	-7.290	-11.684	-106.1
2.75	-7.291	-12.777	-72.8
2.76	-7.291	-13.575	-64.3
2.77	-7.292	-14.259	-84.1
2.78	-7.293	-14.938	-100.3
2.79	-7.293	-15.500	-96.2
2.8	-7.294	-15.938	-63.9
2.81	-7.295	-16.323	-52.5
2.82	-7.296	-16.633	-80.5
2.83	-7.298	-16.753	-76.3
2.84	-7.301	-16.594	-31.3
2.85	-7.308	-16.172	-4.4
2.86	-7.316	-15.664	15.7
2.87	-7.326	-15.338	16.7
2.88	-7.338	-15.272	-27.2
2.89	-7.353	-15.341	-70.2
2.9	-7.372	-15.391	-83.6
2.91	-7.398	-15.183	-69.8
2.92	-7.434	-14.639	-68.1
2.93	-7.484	-14.030	-75.3
2.94	-7.543	-13.588	-42.0
2.95	-7.606	-13.377	62.1
2.96	-7.669	-13.417	321.8
2.97	-7.736	-13.548	629.2
2.98	-7.806	-13.597	597.0
2.99	-7.874	-13.631	222.6
3.0	-7.940	-13.731	-29.1
3.01	-8.003	-13.880	-79.5
3.02	-8.059	-14.022	-95.8
3.03	-8.106	-14.067	-76.8
3.04	-8.149	-14.042	-72.7
3.05	-8.193	-14.034	-74.9
3.06	-8.238	-13.958	-60.4
3.07	-8.283	-13.614	-48.0
3.08	-8.328	-12.631	-27.3
3.09	-8.374	-10.111	-18.2
3.1	-8.421	-5.053	-6.9
3.11	-8.464	2.394	22.1
3.12	-8.503	10.617	36.5
3.13	-8.539	17.772	60.8
3.14	-8.575	22.633	94.6
3.15	-8.611	24.455	111.7
3.16	-8.649	23.055	139.8
3.17	-8.686	18.938	152.2
3.18	-8.721	13.033	167.4
3.19	-8.757	6.378	196.2
3.2	-8.793	-0.070	166.1
3.21	-8.826	-5.578	108.9
3.22	-8.857	-9.861	44.5
3.23	-8.887	-13.080	-28.3
3.24	-8.916	-15.391	-62.0
3.25	-8.947	-16.759	-90.5
3.26	-8.980	-17.234	-130.0
3.27	-9.011	-17.095	-126.3
3.28	-9.036	-16.794	-108.9
3.29	-9.061	-16.716	-121.7
3.3	-9.085	-17.156	-142.2
3.31	-9.109	-18.345	-133.9
3.32	-9.130	-19.944	-92.5
3.33	-9.148	-21.070	-95.6
3.34	-9.164	-21.250	-126.2
3.35	-9.179	-20.670	-116.9
3.36	-9.194	-19.670	-110.3
3.37	-9.207	-18.342	-111.7
3.38	-9.219	-16.614	-85.2
3.39	-9.229	-14.642	-64.8
3.4	-9.236	-12.713	-78.1
3.41	-9.239	-10.972	-97.2
3.42	-9.238	-9.498	-105.0
3.43	-9.229	-8.383	-78.5
3.44	-9.211	-7.725	-60.6
3.45	-9.183	-7.566	-84.6
3.46	-9.148	-7.836	-89.2
3.47	-9.111	-8.470	-71.6
3.48	-9.081	-9.469	-73.0
3.49	-9.061	-10.833	-78.3
3.5	-9.049	-12.389	-74.2
3.51	-9.042	-13.783	-61.8
3.52	-9.040	-14.830	-52.6
3.53	-9.043	-15.583	-72.2
3.54	-9.051	-16.058	-65.6
3.55	-9.062	-16.222	-27.2
3.56	-9.074	-16.053	7.5
3.57	-9.086	-15.619	27.8
3.58	-9.096	-15.122	8.7
3.59	-9.109	-14.773	-32.4
3.6	-9.130	-14.592	-71.6
3.61	-9.158	-14.427	-63.0
3.62	-9.188	-14.155	-47.6
3.63	-9.216	-13.783	-74.1
3.64	-9.238	-13.467	-76.4
3.65	-9.249	-13.373	-40.8
3.66	-9.252	-13.463	26.6
3.67	-9.257	-13.563	229.8
3.68	-9.269	-13.581	551.4
3.69	-9.286	-13.517	607.9
3.7	-9.299	-13.463	263.6
3.71	-9.311	-13.547	-50.8
3.72	-9.328	-13.716	-110.0
3.73	-9.344	-13.805	-85.3
3.74	-9.356	-13.805	-66.9
3.75	-9.366	-13.806	-43.9
3.76	-9.377	-13.767	-45.0
3.77	-9.392	-13.634	-50.7
3.78	-9.405	-13.494	-31.9
3.79	-9.417	-13.195	-41.7
3.8	-9.430	-12.078	-58.3
3.81	-9.446	-9.048	-26.3
3.82	-9.462	-3.127	37.4
3.83	-9.479	5.059	64.3
3.84	-9.494	13.405	60.3
3.85	-9.509	20.142	71.6
3.86	-9.527	24.203	92.4
3.87	-9.549	24.883	128.5
3.88	-9.570	22.094	160.6
3.89	-9.589	16.853	184.6
3.9	-9.607	10.575	182.2
3.91	-9.627	3.975	145.1
3.92	-9.645	-2.458	92.7
3.93	-9.663	-7.953	31.6
3.94	-9.684	-12.023	-23.8
3.95	-9.707	-14.628	-55.7
3.96	-9.732	-15.928	-83.5
3.97	-9.758	-16.477	-119.8
3.98	-9.782	-16.831	-131.7
3.99	-9.803	-17.225	-108.5
4.0	-9.826	-17.811	-93.4
4.01	-9.853	-18.544	-110.1
4.02	-9.881	-19.533	-118.5
4.03	-9.906	-20.823	-115.7
4.04	-9.927	-21.866	-111.4
4.05	-9.947	-22.100	-115.2
4.06	-9.967	-21.433	-112.5
4.07	-9.987	-20.077	-103.8
4.08	-10.006	-18.358	-104.9
4.09	-10.026	-16.491	-80.9
4.1	-10.045	-14.464	-50.9
4.11	-10.062	-12.403	-65.3
4.12	-10.078	-10.477	-88.7
4.13	-10.095	-8.714	-88.6
4.14	-10.111	-7.356	-100.9
4.15	-10.127	-6.670	-96.1
4.16	-10.143	-6.619	-62.7
4.17	-10.161	-7.050	-67.3
4.18	-10.181	-7.823	-77.8
4.19	-10.202	-8.895	-59.4
4.2	-10.220	-10.248	-70.9
4.21	-10.234	-11.730	-75.7
4.22	-10.244	-13.178	-44.5
4.23	-10.254	-14.414	-41.9
4.24	-10.269	-15.138	-50.2
4.25	-10.281	-15.270	-31.5
4.26	-10.292	-15.025	-27.0
4.27	-10.303	-14.609	7.1
4.28	-10.314	-14.388	49.7
4.29	-10.326	-14.589	14.4
4.3	-10.342	-14.881	-44.2
4.31	-10.354	-14.872	-77.3
4.32	-10.357	-14.561	-65.1
4.33	-10.352	-14.073	-72.8
4.34	-10.353	-13.442	-84.0
4.35	-10.366	-12.875	-14.7
4.36	-10.388	-12.706	68.6
4.37	-10.413	-12.691	244.3
4.38	-10.434	-12.369	517.0
4.39	-10.451	-11.836	506.0
4.4	-10.468	-11.445	181.8
4.41	-10.488	-11.430	-23.6
4.42	-10.510	-11.744	-61.1
4.43	-10.529	-12.047	-65.0
4.44	-10.541	-12.144	-56.8
4.45	-10.546	-12.014	-63.9
4.46	-10.553	-11.497	-64.6
4.47	-10.557	-10.680	-41.4
4.48	-10.556	-9.970	-18.3
4.49	-10.551	-9.373	-17.2
4.5	-10.543	-8.059	-1.3
4.51	-10.532	-4.867	19.8
4.52	-10.523	0.798	14.8
4.53	-10.516	8.331	13.1
4.54	-10.509	16.373	42.7
4.55	-10.498	23.509	80.1
4.56	-10.483	28.328	99.9
4.57	-10.466	29.750	95.9
4.58	-10.450	27.567	102.7
4.59	-10.433	22.481	158.1
4.6	-10.417	15.692	178.5
4.61	-10.402	8.369	135.9
4.62	-10.385	1.364	78.8
4.63	-10.361	-4.641	10.0
4.64	-10.328	-9.152	-49.0
4.65	-10.287	-12.102	-69.2
4.66	-10.241	-13.806	-58.7
4.67	-10.198	-14.597	-80.0
4.68	-10.161	-14.769	-119.1
4.69	-10.121	-14.764	-103.7
4.7	-10.079	-14.975	-87.8
4.71	-10.037	-15.563	-100.7
4.72	-9.989	-16.556	-94.6
4.73	-9.929	-17.852	-76.3
4.74	-9.859	-19.086	-80.8
4.75	-9.787	-19.755	-106.1
4.76	-9.720	-19.595	-104.3
4.77	-9.660	-18.700	-96.7
4.78	-9.609	-17.303	-82.9
4.79	-9.565	-15.581	-56.3
4.8	-9.519	-13.602	-55.0
4.81	-9.463	-11.477	-70.9
4.82	-9.399	-9.367	-96.6
4.83	-9.333	-7.420	-95.0
4.84	-9.264	-5.867	-70.1
4.85	-9.193	-5.008	-60.0
4.86	-9.120	-4.959	-69.8
4.87	-9.049	-5.661	-72.4
4.88	-8.984	-7.031	-55.8
4.89	-8.926	-8.809	-49.9
4.9	-8.875	-10.578	-62.0
4.91	-8.828	-12.080	-74.2
4.92	-8.781	-13.248	-60.7
4.93	-8.732	-14.070	-42.6
4.94	-8.684	-14.575	-36.5
4.95	-8.635	-14.842	-13.1
4.96	-8.586	-14.931	20.1
4.97	-8.538	-14.831	4.5
4.98	-8.494	-14.605	-50.8
4.99	-8.454	-14.389	-90.5
5.0	-8.418	-14.253	-92.3
5.01	-8.383	-14.270	-75.9
5.02	-8.351	-14.441	-71.3
5.03	-8.320	-14.569	-48.1
5.04	-8.292	-14.547	-11.8
5.05	-8.263	-14.448	78.7
5.06	-8.238	-14.184	335.9
5.07	-8.218	-13.639	552.8
5.08	-8.200	-12.991	396.4
5.09	-8.178	-12.466	75.9
5.1	-8.157	-12.245	-63.1
5.11	-8.138	-12.509	-74.6
5.12	-8.119	-13.075	-67.3
5.13	-8.099	-13.481	-80.8
5.14	-8.080	-13.456	-96.1
5.15	-8.061	-13.056	-81.2
5.16	-8.041	-12.498	-61.5
5.17	-8.018	-11.856	-26.3
5.18	-7.997	-10.680	-7.6
5.19	-7.978	-7.981	-30.1
5.2	-7.963	-2.942	-41.1
5.21	-7.949	4.275	-25.3
5.22	-7.936	12.433	4.8
5.23	-7.923	19.814	58.3
5.24	-7.913	24.850	106.8
5.25	-7.903	26.436	119.6
5.26	-7.893	24.328	106.3
5.27	-7.880	19.341	99.5
5.28	-7.869	12.842	95.8
5.29	-7.861	6.067	113.8
5.3	-7.856	-0.145	109.2
5.31	-7.851	-5.356	28.3
5.32	-7.848	-9.483	-32.9
5.33	-7.844	-12.561	-50.7
5.34	-7.842	-14.583	-75.3
5.35	-7.840	-15.672	-115.9
5.36	-7.841	-16.142	-127.6
5.37	-7.841	-16.308	-116.1
5.38	-7.838	-16.527	-123.2
5.39	-7.831	-17.148	-135.1
5.4	-7.825	-18.203	-126.4
5.41	-7.818	-19.456	-111.4
5.42	-7.811	-20.694	-102.4
5.43	-7.806	-21.602	-104.1
5.44	-7.804	-21.766	-113.3
5.45	-7.804	-21.080	-118.9
5.46	-7.806	-19.798	-113.4
5.47	-7.807	-18.116	-94.4
5.48	-7.808	-16.111	-97.7
5.49	-7.807	-13.992	-95.7
5.5	-7.804	-12.016	-94.3
5.51	-7.801	-10.352	-96.3
5.52	-7.796	-9.033	-77.5
5.53	-7.790	-8.052	-82.7
5.54	-7.784	-7.548	-91.8
5.55	-7.779	-7.673	-85.5
5.56	-7.776	-8.392	-96.9
5.57	-7.773	-9.578	-91.4
5.58	-7.772	-11.084	-68.6
5.59	-7.770	-12.641	-66.6
5.6	-7.767	-13.894	-58.9
5.61	-7.763	-14.625	-63.8
5.62	-7.758	-14.869	-89.3
5.63	-7.752	-14.944	-103.8
5.64	-7.745	-15.214	-93.0
5.65	-7.739	-15.695	-66.1
5.66	-7.732	-16.144	-48.9
5.67	-7.724	-16.344	-49.6
5.68	-7.714	-16.241	-71.2
5.69	-7.703	-15.909	-74.8
5.7	-7.688	-15.530	-62.3
5.71	-7.673	-15.286	-73.8
5.72	-7.656	-15.145	-74.2
5.73	-7.639	-15.017	-56.8
5.74	-7.623	-15.078	-42.1
5.75	-7.603	-15.219	-55.4
5.76	-7.584	-14.931	-66.5
5.77	-7.565	-14.341	-27.8
5.78	-7.547	-14.009	0.2
5.79	-7.527	-13.850	-14.3
5.8	-7.508	-13.472	-16.2
5.81	-7.487	-12.928	0.7
5.82	-7.466	-12.369	-3.1
5.83	-7.447	-11.938	-27.5
5.84	-7.428	-11.616	-54.2
5.85	-7.410	-11.166	-74.2
5.86	-7.396	-10.800	-79.8
5.87	-7.381	-10.834	-46.1
5.88	-7.363	-11.200	-8.5
5.89	-7.341	-11.631	22.8
5.9	-7.319	-11.839	207.8
5.91	-7.301	-11.813	539.0
5.92	-7.289	-11.744	616.8
5.93	-7.277	-11.888	299.7
5.94	-7.267	-12.350	2.4
5.95	-7.255	-12.809	-72.2
5.96	-7.241	-12.991	-63.8
5.97	-7.224	-13.059	-48.5
5.98	-7.208	-13.130	-74.4
5.99	-7.192	-13.095	-91.7
6.0	-7.179	-12.969	-62.6
6.01	-7.165	-12.736	-57.0
6.02	-7.152	-11.769	-54.5
6.03	-7.141	-8.750	-34.8
6.04	-7.130	-2.716	-12.5
6.05	-7.121	5.677	14.9
6.06	-7.112	14.414	16.5
6.07	-7.104	21.548	15.7
6.08	-7.096	25.914	52.7
6.09	-7.089	27.097	85.4
6.1	-7.083	25.213	107.3
6.11	-7.075	20.747	137.0
6.12	-7.069	14.620	150.3
6.13	-7.064	7.884	130.2
6.14	-7.059	1.330	124.7
6.15	-7.056	-4.353	117.2
6.16	-7.053	-8.678	48.5
6.17	-7.051	-11.675	-1.3
6.18	-7.049	-13.639	-39.0
6.19	-7.049	-14.855	-99.5
6.2	-7.052	-15.520	-123.7
6.21	-7.056	-15.786	-127.6
6.22	-7.058	-15.895	-122.7
6.23	-7.054	-16.130	-119.8
6.24	-7.050	-16.659	-114.2
6.25	-7.048	-17.577	-108.9
6.26	-7.044	-18.786	-120.2
6.27	-7.043	-19.808	-114.8
6.28	-7.042	-20.158	-105.1
6.29	-7.043	-19.748	-116.0
6.3	-7.046	-18.758	-114.0
6.31	-7.049	-17.453	-95.4
6.32	-7.053	-16.020	-87.3
6.33	-7.055	-14.463	-75.5
6.34	-7.056	-12.833	-79.8
6.35	-7.056	-11.303	-109.6
6.36	-7.056	-10.023	-114.5
6.37	-7.057	-9.089	-101.3
6.38	-7.059	-8.580	-75.8
6.39	-7.061	-8.600	-49.9
6.4	-7.064	-9.100	-64.7
6.41	-7.066	-9.878	-97.1
6.42	-7.069	-10.802	-114.5
6.43	-7.071	-11.797	-99.2
6.44	-7.074	-12.797	-82.3
6.45	-7.078	-13.709	-67.4
6.46	-7.082	-14.478	-51.0
6.47	-7.086	-15.159	-62.4
6.48	-7.091	-15.742	-85.9
6.49	-7.097	-16.173	-105.6
6.5	-7.103	-16.472	-90.0
6.51	-7.109	-16.614	-59.7
6.52	-7.117	-16.592	-65.0
6.53	-7.126	-16.466	-53.8
6.54	-7.136	-16.253	-23.7
6.55	-7.148	-15.989	-20.7
6.56	-7.164	-15.792	-15.3
6.57	-7.183	-15.722	4.4
6.58	-7.204	-15.723	11.8
6.59	-7.226	-15.648	-14.7
6.6	-7.251	-15.370	-56.9
6.61	-7.280	-15.055	-70.5
6.62	-7.316	-14.867	-69.8
6.63	-7.364	-14.641	-69.5
6.64	-7.423	-14.352	-65.7
6.65	-7.487	-14.197	-39.0
6.66	-7.556	-14.189	58.8
6.67	-7.627	-14.186	313.7
6.68	-7.708	-14.064	634.3
6.69	-7.796	-13.855	603.2
6.7	-7.880	-13.766	239.7
6.71	-7.956	-13.916	-14.2
6.72	-8.026	-14.175	-78.2
6.73	-8.088	-14.389	-60.7
6.74	-8.141	-14.538	-48.3
6.75	-8.194	-14.619	-66.5
6.76	-8.255	-14.592	-81.9
6.77	-8.321	-14.428	-55.0
6.78	-8.384	-14.200	-12.2
6.79	-8.441	-13.809	-18.2
6.8	-8.494	-12.470	-19.8
6.81	-8.545	-9.030	-2.5
6.82	-8.596	-3.170	18.6
6.83	-8.644	3.988	56.5
6.84	-8.691	10.633	69.5
6.85	-8.734	15.259	67.4
6.86	-8.774	17.052	111.8
6.87	-8.808	15.973	163.4
6.88	-8.840	12.580	173.2
6.89	-8.870	7.664	173.5
6.9	-8.901	2.130	176.7
6.91	-8.934	-3.272	130.6
6.92	-8.966	-8.127	78.3
6.93	-8.998	-12.139	66.6
6.94	-9.026	-15.178	21.8
6.95	-9.049	-17.380	-37.8
6.96	-9.072	-18.781	-74.0
6.97	-9.098	-19.267	-110.1
6.98	-9.123	-19.084	-140.2
6.99	-9.143	-18.778	-142.4
7.0	-9.158	-18.700	-139.0
7.01	-9.172	-19.020	-114.9
7.02	-9.184	-19.780	-67.9
7.03	-9.191	-20.695	-74.0
7.04	-9.193	-21.345	-127.8
7.05	-9.190	-21.367	-143.3
7.06	-9.186	-20.580	-105.3
7.07	-9.180	-19.133	-85.0
7.08	-9.171	-17.378	-89.0
7.09	-9.157	-15.572	-89.5
7.1	-9.136	-13.813	-72.2
7.11	-9.107	-12.150	-72.7
7.12	-9.072	-10.719	-88.8
7.13	-9.034	-9.703	-79.2
7.14	-8.996	-9.142	-62.3
7.15	-8.959	-8.928	-60.9
7.16	-8.924	-9.036	-62.1
7.17	-8.888	-9.606	-66.1
7.18	-8.851	-10.659	-85.5
7.19	-8.816	-11.969	-97.3
7.2	-8.781	-13.259	-81.9
7.21	-8.748	-14.303	-48.8
7.22	-8.717	-14.998	-55.6
7.23	-8.688	-15.436	-89.1
7.24	-8.661	-15.669	-98.8
7.25	-8.636	-15.598	-63.4
7.26	-8.613	-15.230	-16.4
7.27	-8.589	-14.783	-8.8
7.28	-8.564	-14.450	5.0
7.29	-8.539	-14.294	1.7
7.3	-8.512	-14.373	-28.0
7.31	-8.485	-14.634	-38.8
7.32	-8.459	-14.856	-43.4
7.33	-8.436	-14.936	-63.0
7.34	-8.418	-14.902	-73.7
7.35	-8.408	-14.825	-58.1
7.36	-8.399	-14.694	-47.2
7.37	-8.389	-14.403	-20.4
7.38	-8.376	-14.011	145.8
7.39	-8.366	-13.661	474.3
7.4	-8.361	-13.339	611.0
7.41	-8.359	-12.983	335.8
7.42	-8.355	-12.645	22.9
7.43	-8.356	-12.477	-63.2
7.44	-8.364	-12.541	-73.9
7.45	-8.371	-12.813	-78.0
7.46	-8.374	-13.189	-69.5
7.47	-8.378	-13.430	-66.4
7.48	-8.391	-13.423	-66.3
7.49	-8.418	-13.259	-72.4
7.5	-8.457	-12.872	-49.0
7.51	-8.502	-11.856	-5.1
7.52	-8.558	-9.567	17.9
7.53	-8.631	-5.478	14.1
7.54	-8.721	0.155	12.9
7.55	-8.818	6.016	44.8
7.56	-8.911	10.472	70.6
7.57	-8.998	12.498	91.7
7.58	-9.074	11.911	141.5
7.59	-9.137	9.097	178.2
7.6	-9.185	4.717	184.9
7.61	-9.226	-0.461	183.1
7.62	-9.267	-5.641	163.9
7.63	-9.304	-10.108	117.9
7.64	-9.338	-13.439	56.0
7.65	-9.367	-15.641	6.8
7.66	-9.394	-17.003	-34.3
7.67	-9.420	-17.794	-93.2
7.68	-9.449	-18.275	-109.5
7.69	-9.479	-18.816	-91.5
7.7	-9.506	-19.373	-105.0
7.71	-9.526	-19.556	-131.8
7.72	-9.544	-19.478	-131.1
7.73	-9.563	-19.281	-108.2
7.74	-9.581	-18.877	-103.9
7.75	-9.597	-18.427	-106.0
7.76	-9.614	-18.063	-95.7
7.77	-9.630	-17.692	-98.3
7.78	-9.646	-17.173	-111.1
7.79	-9.664	-16.447	-98.5
7.8	-9.683	-15.480	-68.0
7.81	-9.702	-14.302	-69.5
7.82	-9.719	-13.038	-106.0
7.83	-9.737	-11.891	-90.5
7.84	-9.754	-10.922	-60.1
7.85	-9.771	-10.158	-63.9
7.86	-9.787	-9.822	-51.0
7.87	-9.805	-10.155	-49.9
7.88	-9.826	-11.075	-72.2
7.89	-9.848	-12.188	-76.9
7.9	-9.866	-13.172	-54.7
7.91	-9.881	-13.775	-70.0
7.92	-9.894	-13.800	-102.0
7.93	-9.906	-13.506	-77.1
7.94	-9.921	-13.358	-45.2
7.95	-9.937	-13.525	-39.2
7.96	-9.953	-13.902	-35.6
7.97	-9.967	-14.181	-32.3
7.98	-9.979	-14.056	5.1
7.99	-9.988	-13.503	30.8
8.0	-9.996	-12.708	-4.4
8.01	-10.006	-11.931	4.1
8.02	-10.017	-11.516	22.4
8.03	-10.028	-11.598	-18.6
8.04	-10.039	-11.948	-57.6
8.05	-10.051	-12.131	-59.9
8.06	-10.064	-11.863	-49.2
8.07	-10.075	-11.289	-50.0
8.08	-10.081	-10.663	-23.3
8.09	-10.082	-10.191	50.8
8.1	-10.086	-10.108	257.7
8.11	-10.098	-10.494	529.8
8.12	-10.113	-11.059	517.8
8.13	-10.123	-11.186	214.9
8.14	-10.130	-10.789	-10.7
8.15	-10.137	-10.409	-73.0
8.16	-10.141	-10.223	-67.4
8.17	-10.139	-10.244	-43.3
8.18	-10.132	-10.572	-33.0
8.19	-10.128	-11.036	-23.2
8.2	-10.127	-11.289	-27.2
8.21	-10.123	-11.128	-17.2
8.22	-10.110	-10.583	-17.0
8.23	-10.094	-9.417	-29.3
8.24	-10.081	-6.934	13.3
8.25	-10.068	-2.684	42.7
8.26	-10.057	2.880	38.4
8.27	-10.044	8.406	54.6
8.28	-10.033	12.359	68.6
8.29	-10.025	13.766	87.9
8.3	-10.020	12.428	124.3
8.31	-10.009	8.791	165.3
8.32	-9.989	3.748	200.8
8.33	-9.961	-1.675	172.8
8.34	-9.928	-6.608	107.2
8.35	-9.891	-10.577	67.6
8.36	-9.852	-13.508	32.4
8.37	-9.811	-15.398	-19.5
8.38	-9.769	-16.323	-50.8
8.39	-9.729	-16.497	-50.7
8.4	-9.698	-16.150	-79.0
8.41	-9.670	-15.530	-115.6
8.42	-9.633	-14.844	-104.6
8.43	-9.585	-14.266	-79.0
8.44	-9.530	-14.091	-87.0
8.45	-9.469	-14.472	-107.7
8.46	-9.404	-15.155	-108.4
8.47	-9.336	-15.733	-98.4
8.48	-9.270	-15.903	-89.5
8.49	-9.207	-15.483	-80.8
8.5	-9.149	-14.536	-69.8
8.51	-9.094	-13.319	-66.7
8.52	-9.042	-11.972	-90.5
8.53	-8.988	-10.548	-94.9
8.54	-8.930	-9.231	-60.8
8.55	-8.869	-8.219	-63.8
8.56	-8.808	-7.542	-90.1
8.57	-8.745	-7.134	-61.5
8.58	-8.686	-7.023	-33.7
8.59	-8.633	-7.253	-51.3
8.6	-8.588	-7.720	-81.9
8.61	-8.554	-8.394	-106.0
8.62	-8.530	-9.353	-79.0
8.63	-8.511	-10.450	-46.6
8.64	-8.491	-11.394	-51.3
8.65	-8.467	-12.088	-51.8
8.66	-8.438	-12.578	-56.3
8.67	-8.407	-12.911	-61.9
8.68	-8.373	-13.103	-56.4
8.69	-8.338	-13.217	-32.2
8.7	-8.303	-13.348	-14.5
8.71	-8.271	-13.444	-14.0
8.72	-8.241	-13.372	-10.9
8.73	-8.213	-13.155	-43.8
8.74	-8.186	-12.889	-78.0
8.75	-8.159	-12.702	-92.0
8.76	-8.134	-12.633	-91.7
8.77	-8.111	-12.609	-80.3
8.78	-8.089	-12.617	-62.0
8.79	-8.066	-12.622	-11.6
8.8	-8.040	-12.503	81.9
8.81	-8.017	-12.219	334.4
8.82	-8.001	-11.869	570.2
8.83	-7.989	-11.652	387.9
8.84	-7.978	-11.698	40.9
8.85	-7.969	-11.894	-72.6
8.86	-7.964	-12.053	-62.9
8.87	-7.956	-12.147	-70.8
8.88	-7.945	-12.175	-82.6
8.89	-7.934	-12.067	-86.8
8.9	-7.924	-11.833	-85.9
8.91	-7.913	-11.636	-62.9
8.92	-7.902	-11.484	-63.2
8.93	-7.894	-10.756	-46.3
8.94	-7.887	-8.494	-2.8
8.95	-7.881	-4.295	4.4
8.96	-7.876	1.155	0.6
8.97	-7.869	6.392	5.7
8.98	-7.862	9.881	40.2
8.99	-7.854	10.630	71.5
9.0	-7.849	8.520	82.9
9.01	-7.845	4.266	115.8
9.02	-7.841	-1.044	158.4
9.03	-7.838	-6.300	159.8
9.04	-7.834	-10.563	115.4
9.05	-7.831	-13.508	65.4
9.06	-7.828	-15.375	42.7
9.07	-7.826	-16.352	3.6
9.08	-7.822	-16.573	-76.5
9.09	-7.818	-16.361	-92.4
9.1	-7.817	-15.947	-77.1
9.11	-7.821	-15.338	-128.9
9.12	-7.822	-14.670	-137.8
9.13	-7.819	-14.230	-87.1
9.14	-7.815	-14.106	-106.5
9.15	-7.809	-14.269	-154.2
9.16	-7.803	-14.742	-120.7
9.17	-7.796	-15.373	-71.6
9.18	-7.789	-15.797	-105.7
9.19	-7.782	-15.805	-141.1
9.2	-7.776	-15.391	-120.8
9.21	-7.771	-14.531	-99.2
9.22	-7.766	-13.288	-74.3
9.23	-7.759	-11.842	-78.6
9.24	-7.751	-10.319	-92.8
9.25	-7.739	-8.869	-107.2
9.26	-7.727	-7.761	-122.0
9.27	-7.714	-7.227	-97.9
9.28	-7.701	-7.281	-78.8
9.29	-7.686	-7.734	-86.5
9.3	-7.671	-8.397	-87.3
9.31	-7.655	-9.178	-79.8
9.32	-7.641	-10.006	-93.2
9.33	-7.626	-10.756	-102.4
9.34	-7.612	-11.255	-86.4
9.35	-7.597	-11.402	-78.0
9.36	-7.580	-11.123	-91.5
9.37	-7.564	-10.534	-86.0
9.38	-7.548	-10.248	-68.3
9.39	-7.531	-10.559	-56.1
9.4	-7.517	-11.056	-50.5
9.41	-7.503	-11.548	-82.1
9.42	-7.489	-11.975	-95.8
9.43	-7.477	-12.091	-74.2
9.44	-7.465	-11.867	-65.0
9.45	-7.454	-11.631	-66.6
9.46	-7.443	-11.734	-53.7
9.47	-7.433	-12.102	-38.5
9.48	-7.422	-12.328	-51.2
9.49	-7.411	-12.189	-39.6
9.5	-7.400	-11.670	-29.8
9.51	-7.388	-10.741	-66.8
9.52	-7.377	-9.714	-23.5
9.53	-7.366	-9.128	30.3
9.54	-7.354	-8.956	-5.8
9.55	-7.340	-8.891	-28.1
9.56	-7.327	-8.858	-33.3
9.57	-7.314	-8.777	-79.8
9.58	-7.303	-8.678	-114.3
9.59	-7.291	-8.823	-70.5
9.6	-7.277	-9.256	-19.1
9.61	-7.261	-9.719	62.2
9.62	-7.246	-10.089	305.8
9.63	-7.237	-10.439	621.8
9.64	-7.233	-10.783	609.6
9.65	-7.229	-11.094	231.8
9.66	-7.226	-11.261	-27.8
9.67	-7.224	-11.192	-62.3
9.68	-7.216	-11.067	-62.9
9.69	-7.205	-11.056	-70.7
9.7	-7.196	-11.019	-71.8
9.71	-7.190	-10.873	-39.2
9.72	-7.184	-10.716	-7.3
9.73	-7.176	-10.455	-33.8
9.74	-7.169	-9.644	-55.8
9.75	-7.161	-7.516	-33.3
9.76	-7.154	-3.442	-0.9
9.77	-7.148	2.036	33.6
9.78	-7.142	7.073	49.8
9.79	-7.136	9.927	65.4
9.8	-7.129	10.011	78.9
9.81	-7.122	7.603	84.5
9.82	-7.116	3.433	123.6
9.83	-7.110	-1.480	151.2
9.84	-7.104	-6.202	155.4
9.85	-7.099	-10.155	173.0
9.86	-7.096	-13.103	161.0
9.87	-7.093	-15.059	131.3
9.88	-7.093	-16.186	74.5
9.89	-7.091	-16.636	-9.3
9.9	-7.089	-16.472	-51.0
9.91	-7.089	-15.873	-77.1
9.92	-7.092	-15.192	-62.8
9.93	-7.096	-14.600	-57.5
9.94	-7.096	-14.120	-78.6
9.95	-7.094	-13.903	-69.0
9.96	-7.092	-14.139	-90.8
9.97	-7.091	-14.856	-102.9
9.98	-7.089	-15.438	-69.6
9.99	-7.088	-15.431	-39.5
10.0	-7.087	-15.053	-37.0
10.01	-7.088	-14.367	-40.3
10.02	-7.090	-13.608	-44.1
10.03	-7.093	-12.875	-58.8
10.04	-7.098	-11.908	-48.5
10.05	-7.101	-10.750	-25.8
10.06	-7.103	-9.588	-22.7
10.07	-7.103	-8.537	-35.5
10.08	-7.103	-7.883	-30.6
10.09	-7.103	-7.813	-18.0
10.1	-7.104	-8.194	-32.1
10.11	-7.105	-8.758	-32.4
10.12	-7.107	-9.261	-3.4
10.13	-7.111	-9.695	4.1
10.14	-7.115	-10.183	-10.7
10.15	-7.121	-10.773	-15.0
10.16	-7.128	-11.394	-21.0
10.17	-7.135	-11.878	-32.8
10.18	-7.145	-12.098	-24.9
10.19	-7.159	-12.081	-12.9
10.2	-7.184	-11.963	-9.8
10.21	-7.221	-11.858	1.6
10.22	-7.274	-11.813	-2.8
10.23	-7.346	-11.822	-2.2
10.24	-7.436	-11.834	6.6
10.25	-7.543	-11.778	5.4
10.26	-7.659	-11.697	18.1
10.27	-7.774	-11.689	50.0
10.28	-7.879	-11.691	96.5
10.29	-7.968	-11.636	88.6
10.3	-8.041	-11.663	20.0
10.31	-8.101	-11.814	-18.0
10.32	-8.156	-11.869	-32.4
10.33	-8.204	-11.591	-36.3
10.34	-8.251	-11.034	-25.8
10.35	-8.294	-10.481	-27.0
10.36	-8.332	-10.186	19.9
10.37	-8.366	-10.238	156.9
10.38	-8.399	-10.622	442.5
10.39	-8.435	-11.281	706.0
10.4	-8.473	-12.002	569.5
10.41	-8.508	-12.463	184.3
10.42	-8.540	-12.552	-16.2
10.43	-8.571	-12.403	-45.0
10.44	-8.596	-12.220	-42.8
10.45	-8.619	-12.105	-12.2
10.46	-8.640	-12.014	-0.2
10.47	-8.661	-11.848	-6.0
10.48	-8.681	-11.511	-14.9
10.49	-8.697	-11.047	-19.3
10.5	-8.711	-10.452	8.3
10.51	-8.723	-9.123	51.7
10.52	-8.732	-6.131	64.2
10.53	-8.737	-1.377	67.4
10.54	-8.735	3.850	92.7
10.55	-8.726	7.800	93.4
10.56	-8.707	9.498	109.0
10.57	-8.680	8.855	173.3
10.58	-8.647	6.189	209.2
10.59	-8.610	2.150	205.3
10.6	-8.572	-2.384	213.7
10.61	-8.534	-6.663	220.4
10.62	-8.498	-10.269	196.3
10.63	-8.463	-13.086	129.8
10.64	-8.429	-15.080	70.4
10.65	-8.394	-16.262	27.5
10.66	-8.361	-16.697	-37.0
10.67	-8.332	-16.431	-96.6
10.68	-8.314	-15.630	-125.9
10.69	-8.301	-14.575	-116.3
10.7	-8.289	-13.525	-97.3
10.71	-8.274	-12.763	-85.7
10.72	-8.261	-12.509	-86.8
10.73	-8.246	-12.723	-89.4
10.74	-8.228	-13.191	-98.8
10.75	-8.207	-13.644	-122.4
10.76	-8.188	-13.736	-109.1
10.77	-8.171	-13.259	-93.7
10.78	-8.158	-12.394	-89.6
10.79	-8.148	-11.438	-53.2
10.8	-8.137	-10.489	-57.2
10.81	-8.126	-9.570	-83.8
10.82	-8.115	-8.723	-72.7
10.83	-8.104	-7.923	-75.2
10.84	-8.096	-7.209	-105.0
10.85	-8.089	-6.822	-101.5
10.86	-8.084	-6.944	-49.1
10.87	-8.079	-7.484	-47.1
10.88	-8.076	-8.213	-65.6
10.89	-8.075	-8.902	-48.2
10.9	-8.076	-9.478	-59.8
10.91	-8.078	-10.041	-90.7
10.92	-8.083	-10.614	-83.7
10.93	-8.092	-11.072	-61.8
10.94	-8.104	-11.280	-38.8
10.95	-8.117	-11.270	-31.2
10.96	-8.134	-11.219	-40.1
10.97	-8.152	-11.248	-12.9
10.98	-8.171	-11.366	32.4
10.99	-8.191	-11.477	49.4
11.0	-8.214	-11.523	2.1
11.01	-8.241	-11.513	-67.2
11.02	-8.273	-11.458	-83.3
11.03	-8.314	-11.355	-58.3
11.04	-8.367	-11.116	-44.3
11.05	-8.434	-10.744	-61.6
11.06	-8.511	-10.472	-51.9
11.07	-8.589	-10.416	8.2
11.08	-8.661	-10.494	146.4
11.09	-8.729	-10.706	453.3
11.1	-8.790	-10.961	657.9
11.11	-8.838	-10.975	404.3
11.12	-8.874	-10.705	51.9
11.13	-8.911	-10.420	-43.5
11.14	-8.951	-10.352	-66.5
11.15	-8.989	-10.567	-84.0
11.16	-9.024	-11.038	-80.4
11.17	-9.057	-11.473	-63.3
11.18	-9.088	-11.581	-41.4
11.19	-9.117	-11.466	-29.7
11.2	-9.144	-11.325	-2.1
11.21	-9.170	-11.242	-15.6
11.22	-9.196	-10.402	-15.4
11.23	-9.223	-7.109	19.4
11.24	-9.249	-1.559	47.7
11.25	-9.274	4.141	86.0
11.26	-9.299	8.478	111.6
11.27	-9.324	10.900	135.3
11.28	-9.351	11.123	136.8
11.29	-9.377	8.923	143.5
11.3	-9.404	4.656	193.9
11.31	-9.430	-0.591	210.3
11.32	-9.458	-5.600	189.7
11.33	-9.486	-9.623	165.2
11.34	-9.514	-12.433	86.4
11.35	-9.541	-14.227	-8.5
11.36	-9.567	-15.286	-45.1
11.37	-9.592	-15.755	-60.4
11.38	-9.623	-15.670	-84.8
11.39	-9.653	-15.070	-86.0
11.4	-9.683	-14.191	-79.6
11.41	-9.710	-13.420	-106.3
11.42	-9.737	-13.102	-135.1
11.43	-9.763	-13.388	-120.8
11.44	-9.787	-14.141	-90.3
11.45	-9.809	-14.930	-99.1
11.46	-9.831	-15.295	-109.5
11.47	-9.850	-15.014	-85.3
11.48	-9.869	-14.164	-74.1
11.49	-9.888	-13.031	-95.8
11.5	-9.906	-11.855	-100.2
11.51	-9.924	-10.745	-81.5
11.52	-9.939	-9.655	-87.1
11.53	-9.954	-8.539	-86.9
11.54	-9.971	-7.623	-80.4
11.55	-9.990	-7.116	-78.7
11.56	-10.011	-6.969	-64.2
11.57	-10.033	-7.100	-67.8
11.58	-10.054	-7.466	-81.8
11.59	-10.074	-8.059	-74.7
11.6	-10.094	-8.853	-57.3
11.61	-10.113	-9.672	-48.2
11.62	-10.134	-10.325	-26.0
11.63	-10.157	-10.858	1.4
11.64	-10.179	-11.367	-19.7
11.65	-10.202	-11.769	-69.2
11.66	-10.226	-12.073	-73.7
11.67	-10.249	-12.386	-16.9
11.68	-10.271	-12.552	30.1
11.69	-10.290	-12.331	46.7
11.7	-10.308	-11.900	45.6
11.71	-10.328	-11.472	-29.1
11.72	-10.349	-11.052	-82.2
11.73	-10.372	-10.798	-56.4
11.74	-10.394	-10.753	-38.9
11.75	-10.415	-10.670	-41.4
11.76	-10.433	-10.459	-35.1
11.77	-10.444	-10.241	-9.1
11.78	-10.451	-10.052	43.3
11.79	-10.457	-9.823	243.7
11.8	-10.464	-9.644	523.7
11.81	-10.466	-9.686	507.2
11.82	-10.455	-9.908	196.3
11.83	-10.432	-10.130	-14.7
11.84	-10.404	-10.219	-43.4
11.85	-10.370	-10.103	-54.5
11.86	-10.327	-9.820	-80.1
11.87	-10.280	-9.422	-58.2
11.88	-10.242	-8.947	-3.2
11.89	-10.216	-8.613	2.0
11.9	-10.198	-8.483	-18.3
11.91	-10.179	-8.142	-11.1
11.92	-10.161	-6.916	-1.6
11.93	-10.139	-4.088	-6.3
11.94	-10.101	0.631	-7.3
11.95	-10.046	6.628	33.3
11.96	-9.979	12.556	77.8
11.97	-9.912	16.969	92.9
11.98	-9.849	18.830	111.0
11.99	-9.787	17.797	131.7
12.0	-9.729	14.363	142.3
12.01	-9.669	9.555	142.1
12.02	-9.605	4.423	148.3
12.03	-9.537	-0.342	130.0
12.04	-9.471	-4.500	75.6
12.05	-9.409	-7.958	18.7
12.06	-9.351	-10.495	-27.1
12.07	-9.291	-11.920	-51.8
12.08	-9.228	-12.414	-61.0
12.09	-9.166	-12.330	-69.4
12.1	-9.107	-11.873	-96.3
12.11	-9.046	-11.302	-108.4
12.12	-8.986	-10.959	-101.9
12.13	-8.932	-11.136	-97.3
12.14	-8.884	-11.931	-100.5
12.15	-8.839	-13.084	-106.4
12.16	-8.797	-14.047	-90.8
12.17	-8.758	-14.355	-84.3
12.18	-8.719	-13.933	-107.1
12.19	-8.681	-12.994	-111.1
12.2	-8.641	-11.745	-83.6
12.21	-8.603	-10.386	-71.3
12.22	-8.566	-8.997	-82.3
12.23	-8.529	-7.492	-80.5
12.24	-8.493	-5.961	-71.7
12.25	-8.461	-4.737	-97.0
12.26	-8.431	-4.125	-97.2
12.27	-8.400	-4.197	-61.8
12.28	-8.369	-4.784	-71.5
12.29	-8.339	-5.713	-81.2
12.3	-8.313	-6.895	-69.6
12.31	-8.286	-8.156	-95.3
12.32	-8.261	-9.295	-94.1
12.33	-8.237	-10.227	-57.8
12.34	-8.216	-10.947	-54.8
12.35	-8.197	-11.478	-53.8
12.36	-8.182	-11.806	-36.3
12.37	-8.168	-11.948	-29.0
12.38	-8.154	-12.016	-4.7
12.39	-8.139	-12.061	16.8
12.4	-8.124	-12.067	-35.0
12.41	-8.112	-12.027	-84.0
12.42	-8.099	-11.938	-77.3
12.43	-8.086	-11.869	-62.7
12.44	-8.074	-11.819	-59.0
12.45	-8.068	-11.628	-66.3
12.46	-8.061	-11.216	-57.5
12.47	-8.049	-10.763	-34.6
12.48	-8.034	-10.508	63.1
12.49	-8.023	-10.503	350.4
12.5	-8.019	-10.641	599.5
12.51	-8.019	-10.747	453.6
12.52	-8.016	-10.770	101.6
12.53	-8.010	-10.798	-69.7
12.54	-8.003	-10.856	-101.3
12.55	-7.992	-10.969	-105.3
12.56	-7.978	-11.177	-81.4
12.57	-7.967	-11.298	-78.4
12.58	-7.962	-11.177	-70.3
12.59	-7.957	-10.858	-52.1
12.6	-7.949	-10.247	-46.7
12.61	-7.940	-8.808	-32.8
12.62	-7.934	-5.758	-11.0
12.63	-7.930	-0.738	-12.2
12.64	-7.927	5.661	-1.7
12.65	-7.923	12.106	25.3
12.66	-7.918	17.242	48.9
12.67	-7.911	20.086	80.3
12.68	-7.903	20.156	89.3
12.69	-7.897	17.709	119.3
12.7	-7.891	13.525	153.9
12.71	-7.887	8.467	138.2
12.72	-7.884	3.278	115.4
12.73	-7.882	-1.555	76.1
12.74	-7.881	-5.666	28.7
12.75	-7.879	-8.722	2.3
12.76	-7.878	-10.592	-42.7
12.77	-7.876	-11.511	-80.1
12.78	-7.876	-11.978	-117.3
12.79	-7.881	-12.333	-152.8
12.8	-7.888	-12.606	-136.7
12.81	-7.891	-12.764	-111.7
12.82	-7.889	-12.952	-93.9
12.83	-7.885	-13.436	-112.4
12.84	-7.878	-14.309	-148.0
12.85	-7.869	-15.402	-148.9
12.86	-7.861	-16.345	-126.0
12.87	-7.854	-16.717	-94.6
12.88	-7.851	-16.336	-89.8
12.89	-7.849	-15.325	-95.8
12.9	-7.846	-13.855	-92.7
12.91	-7.841	-12.141	-91.7
12.92	-7.834	-10.456	-95.3
12.93	-7.822	-8.922	-113.7
12.94	-7.810	-7.555	-104.1
12.95	-7.796	-6.553	-65.2
12.96	-7.779	-6.147	-71.1
12.97	-7.760	-6.259	-87.9
12.98	-7.739	-6.503	-71.1
12.99	-7.716	-6.536	-68.2
13.0	-7.691	-6.736	-101.0
13.01	-7.664	-7.702	-117.8
13.02	-7.639	-9.225	-86.6
13.03	-7.616	-10.770	-52.3
13.04	-7.594	-12.078	-44.4
13.05	-7.572	-12.920	-78.5
13.06	-7.551	-13.067	-116.0
13.07	-7.529	-12.919	-99.9
13.08	-7.509	-13.066	-56.1
13.09	-7.489	-13.286	-51.5
13.1	-7.470	-13.206	-78.5
13.11	-7.453	-12.925	-79.2
13.12	-7.437	-12.514	-75.7
13.13	-7.421	-12.027	-70.3
13.14	-7.404	-11.705	-55.9
13.15	-7.388	-11.581	-52.4
13.16	-7.373	-11.486	-47.4
13.17	-7.359	-11.384	-38.4
13.18	-7.345	-11.359	-31.6
13.19	-7.333	-11.430	-20.3
13.2	-7.321	-11.514	9.0
13.21	-7.308	-11.436	1.3
13.22	-7.294	-11.216	-37.8
13.23	-7.281	-11.059	-61.5
13.24	-7.268	-10.939	-70.8
13.25	-7.257	-10.750	-67.5
13.26	-7.248	-10.673	-86.4
13.27	-7.237	-10.911	-75.7
13.28	-7.224	-11.292	0.6
13.29	-7.211	-11.516	179.2
13.3	-7.202	-11.467	509.2
13.31	-7.199	-11.302	666.8
13.32	-7.197	-11.261	376.8
13.33	-7.196	-11.330	24.7
13.34	-7.197	-11.447	-83.4
13.35	-7.194	-11.756	-88.7
13.36	-7.186	-12.241	-94.2
13.37	-7.178	-12.564	-95.6
13.38	-7.173	-12.456	-62.6
13.39	-7.169	-11.916	-43.4
13.4	-7.163	-11.108	-70.0
13.41	-7.157	-10.070	-69.5
13.42	-7.152	-8.000	-35.2
13.43	-7.149	-3.597	-24.8
13.44	-7.144	3.213	-33.8
13.45	-7.138	10.994	-8.5
13.46	-7.132	17.953	38.8
13.47	-7.126	22.623	47.4
13.48	-7.121	24.280	48.1
13.49	-7.116	22.933	94.9
13.5	-7.112	19.077	147.3
13.51	-7.107	13.656	153.6
13.52	-7.102	7.802	115.8
13.53	-7.098	2.373	126.3
13.54	-7.096	-2.238	150.2
13.55	-7.094	-6.005	61.3
13.56	-7.093	-8.927	-39.4
13.57	-7.092	-10.916	-65.1
13.58	-7.092	-12.083	-81.6
13.59	-7.096	-12.719	-135.8
13.6	-7.103	-13.002	-147.8
13.61	-7.111	-13.108	-118.9
13.62	-7.116	-13.342	-116.2
13.63	-7.117	-13.955	-122.7
13.64	-7.117	-15.006	-143.5
13.65	-7.116	-16.323	-146.7
13.66	-7.114	-17.517	-131.7
13.67	-7.113	-18.202	-114.9
13.68	-7.116	-18.150	-113.4
13.69	-7.123	-17.328	-121.0
13.7	-7.138	-15.941	-107.8
13.71	-7.164	-14.405	-99.6
13.72	-7.203	-13.000	-105.4
13.73	-7.258	-11.713	-128.4
13.74	-7.327	-10.398	-106.4
13.75	-7.407	-9.067	-57.5
13.76	-7.498	-7.967	-74.8
13.77	-7.594	-7.327	-125.6
13.78	-7.694	-7.202	-128.4
13.79	-7.793	-7.625	-78.6
13.8	-7.886	-8.658	-50.3
13.81	-7.966	-10.169	-76.4
13.82	-8.034	-11.761	-104.6
13.83	-8.094	-13.041	-84.2
13.84	-8.148	-13.880	-57.0
13.85	-8.197	-14.328	-81.0
13.86	-8.246	-14.567	-106.9
13.87	-8.293	-14.897	-98.4
13.88	-8.339	-15.391	-68.4
13.89	-8.383	-15.873	-57.7
13.9	-8.425	-16.223	-68.6
13.91	-8.466	-16.406	-64.1
13.92	-8.509	-16.414	-47.0
13.93	-8.553	-16.309	-41.4
13.94	-8.593	-16.194	-51.8
13.95	-8.630	-16.123	-32.8
13.96	-8.662	-16.086	12.0
13.97	-8.691	-15.975	38.8
13.98	-8.714	-15.634	16.0
13.99	-8.738	-15.038	-34.2
14.0	-8.761	-14.358	-61.6
14.01	-8.783	-13.742	-74.9
14.02	-8.804	-13.236	-72.7
14.03	-8.824	-12.858	-65.3
14.04	-8.841	-12.548	-57.4
14.05	-8.851	-12.256	-11.4
14.06	-8.853	-12.045	141.4
14.07	-8.851	-11.939	447.7
14.08	-8.847	-11.839	646.3
14.09	-8.838	-11.684	444.5
14.1	-8.821	-11.556	92.8
14.11	-8.803	-11.500	-55.3
14.12	-8.782	-11.566	-74.4
14.13	-8.756	-11.875	-76.6
14.14	-8.724	-12.419	-46.5
14.15	-8.692	-12.967	-41.5
14.16	-8.664	-13.106	-56.0
14.17	-8.641	-12.659	-58.3
14.18	-8.616	-11.855	-42.2
14.19	-8.590	-10.502	-5.3
14.2	-8.566	-7.669	9.4
14.21	-8.546	-2.594	10.3
14.22	-8.529	4.333	18.9
14.23	-8.512	11.808	50.6
14.24	-8.494	18.597	77.9
14.25	-8.475	23.614	106.1
14.26	-8.455	25.792	160.6
14.27	-8.437	24.623	168.6
14.28	-8.419	20.505	175.6
14.29	-8.401	14.542	201.7
14.3	-8.384	8.006	174.1
14.31	-8.367	1.797	126.7
14.32	-8.353	-3.575	83.1
14.33	-8.338	-7.802	36.5
14.34	-8.324	-10.748	-17.5
14.35	-8.308	-12.561	-62.5
14.36	-8.296	-13.655	-93.4
14.37	-8.291	-14.267	-111.2
14.38	-8.293	-14.386	-118.4
14.39	-8.293	-14.228	-111.2
14.4	-8.289	-14.216	-94.6
14.41	-8.284	-14.620	-123.0
14.42	-8.279	-15.528	-152.9
14.43	-8.271	-16.817	-124.1
14.44	-8.264	-18.006	-100.7
14.45	-8.261	-18.455	-117.4
14.46	-8.268	-17.933	-112.8
14.47	-8.280	-16.698	-80.8
14.48	-8.294	-15.038	-84.5
14.49	-8.306	-13.131	-102.8
14.5	-8.317	-11.230	-96.7
14.51	-8.326	-9.544	-92.0
14.52	-8.336	-8.116	-95.0
14.53	-8.348	-7.011	-104.0
14.54	-8.363	-6.392	-91.0
14.55	-8.379	-6.314	-47.8
14.56	-8.399	-6.700	-58.6
14.57	-8.426	-7.477	-89.3
14.58	-8.459	-8.644	-83.6
14.59	-8.501	-10.041	-102.3
14.6	-8.550	-11.344	-95.1
14.61	-8.602	-12.372	-69.3
14.62	-8.655	-13.152	-70.5
14.63	-8.709	-13.708	-75.0
14.64	-8.766	-14.047	-78.3
14.65	-8.822	-14.352	-76.0
14.66	-8.873	-14.805	-67.2
14.67	-8.913	-15.345	-57.9
14.68	-8.943	-15.775	-45.1
14.69	-8.969	-15.869	-28.3
14.7	-8.994	-15.539	-1.8
14.71	-9.017	-14.984	42.1
14.72	-9.037	-14.511	17.2
14.73	-9.061	-14.277	-52.9
14.74	-9.086	-14.170	-59.2
14.75	-9.112	-13.975	-59.6
14.76	-9.141	-13.645	-74.0
14.77	-9.173	-13.283	-66.6
14.78	-9.207	-12.941	-50.1
14.79	-9.239	-12.528	-30.2
14.8	-9.266	-12.363	59.8
14.81	-9.289	-12.977	319.2
14.82	-9.316	-13.656	613.9
14.83	-9.346	-13.147	548.2
14.84	-9.375	-12.023	172.3
14.85	-9.402	-11.339	-47.6
14.86	-9.429	-11.014	-63.0
14.87	-9.455	-11.053	-58.3
14.88	-9.479	-11.573	-68.2
14.89	-9.504	-12.261	-59.5
14.9	-9.534	-12.878	-24.8
14.91	-9.566	-13.417	-34.3
14.92	-9.598	-13.723	-72.7
14.93	-9.627	-13.456	-51.3
14.94	-9.656	-11.967	4.3
14.95	-9.683	-8.272	35.6
14.96	-9.707	-1.938	50.0
14.97	-9.731	6.173	49.9
14.98	-9.757	14.619	51.3
14.99	-9.783	21.828	83.0
15.0	-9.810	26.170	116.1
15.01	-9.838	26.775	149.1
15.02	-9.866	24.056	181.5
15.03	-9.896	19.127	193.3
15.04	-9.926	12.848	185.3
15.05	-9.957	5.995	150.9
15.06	-9.988	-0.422	95.6
15.07	-10.021	-5.755	41.2
15.08	-10.056	-9.836	-3.2
15.09	-10.089	-12.745	-57.3
15.1	-10.120	-14.689	-86.9
15.11	-10.152	-15.767	-96.6
15.12	-10.184	-16.047	-111.3
15.13	-10.216	-15.866	-108.3
15.14	-10.247	-15.686	-113.0
15.15	-10.276	-15.777	-104.7
15.16	-10.305	-16.319	-99.3
15.17	-10.332	-17.425	-114.3
15.18	-10.357	-18.878	-111.1
15.19	-10.379	-20.091	-88.6
15.2	-10.403	-20.548	-60.3
15.21	-10.429	-20.125	-69.3
15.22	-10.459	-18.803	-94.3
15.23	-10.486	-16.572	-85.1
15.24	-10.508	-13.706	-56.9
15.25	-10.525	-10.792	-62.5
15.26	-10.541	-8.398	-84.0
15.27	-10.552	-6.663	-77.3
15.28	-10.562	-5.430	-57.5
15.29	-10.572	-4.644	-36.7
15.3	-10.580	-4.411	-53.5
15.31	-10.586	-4.897	-82.8
15.32	-10.594	-6.064	-69.3
15.33	-10.605	-7.639	-41.0
15.34	-10.613	-9.363	-35.4
15.35	-10.617	-11.044	-52.9
15.36	-10.619	-12.544	-58.7
15.37	-10.616	-13.788	-42.7
15.38	-10.611	-14.656	-31.0
15.39	-10.604	-15.072	-41.8
15.4	-10.596	-15.177	-37.4
15.41	-10.590	-15.177	-20.8
15.42	-10.584	-15.158	-24.6
15.43	-10.576	-15.130	-17.7
15.44	-10.568	-15.117	28.8
15.45	-10.559	-15.116	45.4
15.46	-10.544	-14.911	-10.7
15.47	-10.521	-14.309	-57.0
15.48	-10.488	-13.408	-46.7
15.49	-10.450	-12.475	-30.4
15.5	-10.414	-11.750	-51.2
15.51	-10.378	-11.339	-58.1
15.52	-10.330	-11.231	-20.9
15.53	-10.266	-11.333	34.5
15.54	-10.193	-11.484	176.4
15.55	-10.121	-11.431	439.2
15.56	-10.059	-10.973	548.5
15.57	-10.003	-10.327	297.3
15.58	-9.947	-9.858	8.8
15.59	-9.893	-9.680	-60.7
15.6	-9.835	-9.781	-55.0
15.61	-9.767	-10.078	-59.7
15.62	-9.691	-10.377	-56.3
15.63	-9.616	-10.619	-39.2
15.64	-9.551	-10.880	-28.4
15.65	-9.490	-11.052	-41.7
15.66	-9.430	-10.763	-35.2
15.67	-9.369	-9.452	-14.4
15.68	-9.307	-6.223	-12.0
15.69	-9.247	-0.295	-25.8
15.7	-9.188	8.116	-6.2
15.71	-9.127	17.552	53.3
15.72	-9.068	25.891	72.5
15.73	-9.009	31.248	75.4
15.74	-8.953	32.609	97.3
15.75	-8.898	30.063	135.5
15.76	-8.846	24.659	144.0
15.77	-8.794	17.733	102.6
15.78	-8.744	10.369	114.4
15.79	-8.698	3.364	116.0
15.8	-8.658	-2.777	35.5
15.81	-8.621	-7.786	-33.6
15.82	-8.588	-11.514	-67.9
15.83	-8.557	-14.105	-90.7
15.84	-8.528	-15.689	-107.7
15.85	-8.502	-16.159	-106.7
15.86	-8.478	-15.842	-119.4
15.87	-8.450	-15.583	-141.9
15.88	-8.423	-15.913	-124.1
15.89	-8.399	-16.852	-108.9
15.9	-8.377	-18.284	-88.5
15.91	-8.356	-20.006	-89.1
15.92	-8.332	-21.495	-100.8
15.93	-8.310	-22.097	-75.4
15.94	-8.290	-21.578	-83.7
15.95	-8.271	-20.203	-111.5
15.96	-8.254	-18.255	-122.0
15.97	-8.239	-15.820	-107.1
15.98	-8.226	-13.138	-74.9
15.99	-8.214	-10.741	-63.5
16.0	-8.202	-8.980	-73.0
16.01	-8.188	-7.820	-85.9
16.02	-8.172	-7.214	-70.6
16.03	-8.156	-7.277	-64.8
16.04	-8.143	-8.066	-100.7
16.05	-8.131	-9.328	-103.4
16.06	-8.124	-10.666	-63.1
16.07	-8.118	-11.894	-52.4
16.08	-8.113	-12.942	-78.8
16.09	-8.106	-13.709	-87.3
16.1	-8.098	-14.167	-76.7
16.11	-8.089	-14.359	-72.3
16.12	-8.081	-14.497	-62.1
16.13	-8.073	-14.822	-60.0
16.14	-8.066	-15.363	-61.2
16.15	-8.057	-16.002	-59.5
16.16	-8.048	-16.550	-59.2
16.17	-8.039	-16.716	-70.1
16.18	-8.031	-16.369	-85.4
16.19	-8.023	-15.725	-83.2
16.2	-8.013	-15.097	-63.9
16.21	-8.004	-14.598	-46.7
16.22	-7.998	-14.205	-54.7
16.23	-7.992	-13.848	-54.2
16.24	-7.987	-13.491	-32.9
16.25	-7.982	-13.189	-32.0
16.26	-7.978	-12.966	-37.7
16.27	-7.972	-12.838	4.9
16.28	-7.965	-12.775	47.3
16.29	-7.958	-12.603	11.0
16.3	-7.951	-12.103	-70.8
16.31	-7.944	-11.106	-93.7
16.32	-7.938	-9.733	-65.9
16.33	-7.934	-8.533	-69.1
16.34	-7.931	-8.122	-54.6
16.35	-7.923	-8.919	4.9
16.36	-7.911	-10.886	66.0
16.37	-7.901	-13.267	261.3
16.38	-7.896	-15.070	564.8
16.39	-7.895	-15.684	574.0
16.4	-7.892	-15.283	207.2
16.41	-7.889	-14.573	-92.0
16.42	-7.886	-13.883	-112.8
16.43	-7.879	-13.177	-62.9
16.44	-7.866	-12.514	-52.6
16.45	-7.854	-11.920	-49.1
16.46	-7.847	-11.367	-61.7
16.47	-7.839	-10.973	-67.8
16.48	-7.828	-10.769	-58.2
16.49	-7.816	-10.128	-48.5
16.5	-7.804	-7.655	-17.7
16.51	-7.793	-2.289	-6.0
16.52	-7.782	5.592	-7.3
16.53	-7.769	14.622	-4.2
16.54	-7.754	23.306	15.6
16.55	-7.739	30.263	77.6
16.56	-7.724	34.131	110.1
16.57	-7.711	33.908	86.8
16.58	-7.697	29.859	100.9
16.59	-7.681	23.331	144.3
16.6	-7.664	15.553	152.3
16.61	-7.644	7.475	130.1
16.62	-7.623	0.134	77.4
16.63	-7.601	-5.644	24.9
16.64	-7.579	-9.577	-13.1
16.65	-7.556	-11.702	-64.9
16.66	-7.533	-12.623	-119.1
16.67	-7.511	-13.208	-137.8
16.68	-7.491	-13.691	-112.0
16.69	-7.468	-14.230	-110.3
16.7	-7.446	-15.133	-121.0
16.71	-7.426	-16.320	-115.0
16.72	-7.407	-17.492	-136.2
16.73	-7.388	-18.608	-139.0
16.74	-7.371	-19.717	-106.5
16.75	-7.354	-20.458	-101.3
16.76	-7.340	-20.389	-112.6
16.77	-7.326	-19.372	-97.3
16.78	-7.313	-17.613	-95.1
16.79	-7.298	-15.595	-106.9
16.8	-7.282	-13.605	-98.9
16.81	-7.268	-11.648	-108.2
16.82	-7.254	-9.811	-101.9
16.83	-7.240	-8.323	-83.3
16.84	-7.225	-7.334	-88.3
16.85	-7.211	-6.892	-84.0
16.86	-7.199	-6.964	-85.9
16.87	-7.188	-7.423	-82.8
16.88	-7.176	-8.194	-76.2
16.89	-7.163	-9.244	-80.0
16.9	-7.150	-10.517	-96.0
16.91	-7.138	-11.942	-105.6
16.92	-7.128	-13.480	-80.1
16.93	-7.117	-14.942	-71.8
16.94	-7.108	-16.000	-88.2
16.95	-7.099	-16.542	-76.7
16.96	-7.094	-16.681	-56.7
16.97	-7.090	-16.534	-78.3
16.98	-7.086	-16.252	-94.4
16.99	-7.081	-16.038	-85.7
17.0	-7.076	-15.922	-74.9
17.01	-7.071	-15.755	-74.8
17.02	-7.067	-15.545	-79.5
17.03	-7.063	-15.409	-50.7
17.04	-7.059	-15.284	-57.6
17.05	-7.057	-15.044	-90.3
17.06	-7.054	-14.703	-63.5
17.07	-7.052	-14.414	-46.1
17.08	-7.048	-14.225	-68.3
17.09	-7.046	-13.992	-90.3
17.1	-7.044	-13.623	-61.8
17.11	-7.043	-13.197	-16.7
17.12	-7.044	-12.823	-0.9
17.13	-7.044	-12.594	26.0
17.14	-7.044	-12.600	32.5
17.15	-7.043	-12.795	-13.4
17.16	-7.041	-12.977	-80.9
17.17	-7.041	-12.958	-118.8
17.18	-7.041	-12.727	-109.0
17.19	-7.042	-12.519	-83.4
17.2	-7.043	-12.555	-50.3
17.21	-7.040	-12.748	3.2
17.22	-7.036	-12.880	125.8
17.23	-7.034	-12.900	422.8
17.24	-7.040	-12.848	654.7
17.25	-7.052	-12.759	481.2
17.26	-7.066	-12.800	129.7
17.27	-7.083	-13.202	-38.1
17.28	-7.106	-13.961	-53.8
17.29	-7.126	-14.719	-65.4
17.3	-7.144	-15.078	-72.5
17.31	-7.171	-15.064	-77.1
17.32	-7.211	-14.900	-80.3
17.33	-7.259	-14.567	-68.7
17.34	-7.311	-13.808	-53.8
17.35	-7.365	-11.948	-16.5
17.36	-7.421	-7.919	7.0
17.37	-7.481	-1.050	8.7
17.38	-7.541	8.030	25.7
17.39	-7.595	17.464	41.0
17.4	-7.641	25.288	77.8
17.41	-7.678	30.291	98.6
17.42	-7.709	31.981	102.3
17.43	-7.737	30.320	138.8
17.44	-7.761	25.739	169.8
17.45	-7.781	19.092	175.5
17.46	-7.798	11.464	173.9
17.47	-7.813	3.944	157.6
17.48	-7.825	-2.677	115.8
17.49	-7.834	-7.978	52.6
17.5	-7.838	-11.836	-22.9
17.51	-7.838	-14.428	-74.4
17.52	-7.835	-15.967	-88.4
17.53	-7.834	-16.569	-85.5
17.54	-7.834	-16.470	-89.0
17.55	-7.828	-16.036	-109.8
17.56	-7.817	-15.641	-140.0
17.57	-7.807	-15.647	-137.8
17.58	-7.803	-16.319	-88.8
17.59	-7.810	-17.677	-83.8
17.6	-7.833	-19.347	-108.5
17.61	-7.873	-20.661	-95.9
17.62	-7.928	-21.042	-83.0
17.63	-7.989	-20.373	-95.8
17.64	-8.054	-18.867	-103.9
17.65	-8.121	-16.811	-105.5
17.66	-8.183	-14.586	-95.3
17.67	-8.235	-12.513	-58.2
17.68	-8.278	-10.695	-53.5
17.69	-8.314	-9.169	-71.0
17.7	-8.346	-7.966	-66.5
17.71	-8.375	-7.259	-85.4
17.72	-8.404	-7.231	-103.1
17.73	-8.437	-7.842	-64.4
17.74	-8.471	-9.023	-41.9
17.75	-8.506	-10.695	-67.7
17.76	-8.542	-12.595	-79.1
17.77	-8.579	-14.392	-75.4
17.78	-8.616	-15.852	-87.9
17.79	-8.652	-16.800	-77.9
17.8	-8.683	-17.175	-56.9
17.81	-8.711	-17.130	-59.5
17.82	-8.736	-16.914	-43.6
17.83	-8.757	-16.756	-44.2
17.84	-8.776	-16.767	-67.0
17.85	-8.791	-16.822	-65.5
17.86	-8.805	-16.847	-61.4
17.87	-8.817	-16.789	-37.6
17.88	-8.825	-16.483	-2.8
17.89	-8.828	-15.961	7.8
17.9	-8.824	-15.433	41.3
17.91	-8.814	-15.027	53.6
17.92	-8.794	-14.713	-14.2
17.93	-8.766	-14.406	-61.9
17.94	-8.728	-14.017	-50.8
17.95	-8.684	-13.448	-55.2
17.96	-8.641	-12.720	-64.7
17.97	-8.601	-11.980	-40.4
17.98	-8.566	-11.414	-18.8
17.99	-8.529	-11.044	31.0
18.0	-8.491	-10.747	231.3
18.01	-8.458	-10.628	573.1
18.02	-8.430	-10.842	674.0
18.03	-8.405	-11.264	327.8
18.04	-8.381	-11.692	5.7
18.05	-8.360	-12.063	-61.3
18.06	-8.341	-12.395	-66.5
18.07	-8.319	-12.658	-71.1
18.08	-8.294	-12.773	-43.9
18.09	-8.268	-12.711	-21.7
18.1	-8.242	-12.511	-43.7
18.11	-8.217	-12.173	-51.7
18.12	-8.191	-11.695	-53.3
18.13	-8.163	-10.936	-30.9
18.14	-8.136	-8.917	37.7
18.15	-8.111	-4.330	57.4
18.16	-8.088	2.880	50.4
18.17	-8.065	11.350	80.0
18.18	-8.044	19.384	76.1
18.19	-8.024	25.650	92.4
18.2	-8.004	29.230	159.4
18.21	-7.985	29.506	168.0
18.22	-7.966	26.339	172.0
18.23	-7.945	20.300	208.3
18.24	-7.925	12.639	211.0
18.25	-7.904	4.775	167.7
18.26	-7.884	-2.306	82.1
18.27	-7.862	-8.138	-5.3
18.28	-7.838	-12.513	-62.3
18.29	-7.813	-15.442	-99.8
18.3	-7.789	-17.033	-104.1
18.31	-7.766	-17.512	-93.3
18.32	-7.743	-17.358	-113.8
18.33	-7.717	-17.030	-133.4
18.34	-7.692	-16.856	-126.6
18.35	-7.669	-17.241	-104.0
18.36	-7.649	-18.411	-105.6
18.37	-7.629	-20.033	-129.8
18.38	-7.611	-21.366	-114.6
18.39	-7.597	-21.856	-92.4
18.4	-7.586	-21.439	-98.9
18.41	-7.579	-20.178	-120.7
18.42	-7.579	-18.061	-107.8
18.43	-7.589	-15.342	-73.0
18.44	-7.614	-12.502	-70.2
18.45	-7.669	-9.950	-99.7
18.46	-7.763	-8.017	-109.2
18.47	-7.894	-6.856	-62.9
18.48	-8.050	-6.320	-56.2
18.49	-8.204	-6.205	-86.2
18.5	-8.337	-6.567	-68.3
18.51	-8.438	-7.581	-64.4
18.52	-8.514	-9.150	-83.9
18.53	-8.577	-10.945	-75.1
18.54	-8.633	-12.733	-58.4
18.55	-8.687	-14.388	-66.7
18.56	-8.740	-15.733	-90.2
18.57	-8.794	-16.591	-82.9
18.58	-8.851	-17.047	-60.3
18.59	-8.904	-17.408	-77.2
18.6	-8.954	-17.930	-85.3
18.61	-8.999	-18.978	-44.8
18.62	-9.043	-20.656	-31.1
18.63	-9.084	-21.663	-41.1
18.64	-9.127	-20.888	-37.1
18.65	-9.169	-19.131	-2.5
18.66	-9.207	-17.416	30.4
18.67	-9.244	-16.225	11.2
18.68	-9.282	-15.684	-14.8
18.69	-9.320	-15.505	-39.4
18.7	-9.356	-15.345	-58.3
18.71	-9.388	-14.861	-60.0
18.72	-9.421	-14.223	-64.1
18.73	-9.455	-13.947	-68.2
18.74	-9.488	-13.934	-44.1
18.75	-9.517	-13.841	49.2
18.76	-9.545	-13.616	273.2
18.77	-9.577	-13.313	558.5
18.78	-9.611	-12.933	581.8
18.79	-9.641	-12.400	252.1
18.8	-9.666	-11.839	-20.3
18.81	-9.693	-11.761	-58.1
18.82	-9.718	-12.402	-50.3
18.83	-9.743	-13.359	-51.4
18.84	-9.768	-14.053	-27.7
18.85	-9.793	-14.269	-20.8
18.86	-9.819	-14.116	-41.7
18.87	-9.845	-13.673	-51.6
18.88	-9.872	-13.125	-33.1
18.89	-9.899	-12.414	5.4
18.9	-9.926	-10.358	28.6
18.91	-9.946	-5.333	31.9
18.92	-9.965	2.859	47.3
18.93	-9.982	12.445	82.6
18.94	-9.996	21.159	84.8
18.95	-10.008	27.467	100.8
18.96	-10.019	30.453	153.2
18.97	-10.028	29.903	170.6
18.98	-10.034	26.552	180.9
18.99	-10.035	21.259	201.4
19.0	-10.030	14.544	184.1
19.01	-10.015	7.205	94.8
19.02	-9.986	0.072	27.9
19.03	-9.946	-6.467	29.2
19.04	-9.905	-11.898	-12.5
19.05	-9.876	-15.452	-78.6
19.06	-9.864	-17.042	-84.4
19.07	-9.867	-17.473	-87.8
19.08	-9.874	-17.372	-107.4
19.09	-9.874	-16.972	-100.6
19.1	-9.864	-16.631	-90.8
19.11	-9.844	-16.631	-83.3
19.12	-9.809	-16.986	-90.9
19.13	-9.761	-17.666	-116.2
19.14	-9.706	-18.538	-124.9
19.15	-9.650	-19.233	-103.9
19.16	-9.596	-19.289	-79.9
19.17	-9.545	-18.509	-80.0
19.18	-9.495	-17.027	-75.8
19.19	-9.446	-15.039	-66.2
19.2	-9.396	-12.817	-82.7
19.21	-9.344	-10.636	-103.0
19.22	-9.291	-8.445	-76.9
19.23	-9.233	-6.178	-48.2
19.24	-9.174	-4.317	-45.7
19.25	-9.114	-3.467	-61.0
19.26	-9.057	-3.633	-85.9
19.27	-9.004	-4.513	-82.1
19.28	-8.958	-5.933	-54.0
19.29	-8.916	-7.677	-75.7
19.3	-8.875	-9.442	-111.5
19.31	-8.835	-11.055	-53.6
19.32	-8.794	-12.423	-6.3
19.33	-8.753	-13.438	-41.8
19.34	-8.714	-14.155	-53.2
19.35	-8.676	-14.808	-15.2
19.36	-8.640	-15.366	8.1
19.37	-8.603	-15.630	-8.6
19.38	-8.567	-15.622	-27.4
19.39	-8.529	-15.416	-36.1
19.4	-8.491	-15.130	-74.6
19.41	-8.453	-15.055	-92.1
19.42	-8.419	-15.244	-86.9
19.43	-8.387	-15.300	-69.8
19.44	-8.356	-14.881	-14.8
19.45	-8.321	-14.128	33.9
19.46	-8.286	-13.463	219.3
19.47	-8.258	-13.128	520.2
19.48	-8.235	-12.973	556.1
19.49	-8.215	-12.736	242.0
19.5	-8.197	-12.448	-21.7
19.51	-8.186	-12.298	-91.3
19.52	-8.178	-12.373	-118.8
19.53	-8.166	-12.625	-94.1
19.54	-8.149	-12.831	-51.8
19.55	-8.133	-12.791	-49.3
19.56	-8.117	-12.575	-67.9
19.57	-8.104	-12.347	-76.0
19.58	-8.091	-11.884	-45.4
19.59	-8.079	-10.320	-7.1
19.6	-8.071	-6.508	-6.9
19.61	-8.066	0.039	-17.3
19.62	-8.062	8.553	-3.7
19.63	-8.058	17.472	17.4
19.64	-8.050	25.216	67.8
19.65	-8.042	30.341	118.1
19.66	-8.036	31.880	121.1
19.67	-8.031	29.805	124.0
19.68	-8.027	24.753	144.5
19.69	-8.022	17.661	173.5
19.7	-8.017	9.708	145.0
19.71	-8.014	2.105	48.0
19.72	-8.011	-4.395	7.4
19.73	-8.011	-9.577	-15.8
19.74	-8.009	-13.345	-84.2
19.75	-8.008	-15.658	-124.3
19.76	-8.007	-16.777	-106.6
19.77	-8.009	-17.108	-96.7
19.78	-8.011	-17.047	-145.3
19.79	-8.008	-16.964	-152.0
19.8	-8.003	-17.178	-107.2
19.81	-7.998	-17.956	-115.6
19.82	-7.993	-19.291	-137.7
19.83	-7.988	-20.750	-117.7
19.84	-7.983	-21.825	-100.4
19.85	-7.979	-22.252	-107.2
19.86	-7.976	-21.969	-123.2
19.87	-7.974	-21.014	-124.6
19.88	-7.971	-19.439	-83.8
19.89	-7.966	-17.278	-76.4
19.9	-7.961	-14.747	-110.3
19.91	-7.954	-12.230	-109.5
19.92	-7.947	-10.000	-91.6
19.93	-7.941	-8.148	-83.5
19.94	-7.934	-6.733	-92.3
19.95	-7.926	-5.905	-105.4
19.96	-7.916	-5.825	-94.1
19.97	-7.906	-6.556	-70.7
19.98	-7.897	-8.002	-69.4
19.99	-7.887	-9.886	-79.8
20.0	-7.876	-11.863	-70.9
20.01	-7.864	-13.528	-74.2
20.02	-7.853	-14.547	-82.5
20.03	-7.841	-14.892	-92.5
20.04	-7.831	-14.864	-111.5
20.05	-7.819	-15.033	-115.6
20.06	-7.808	-15.769	-101.1
20.07	-7.796	-16.686	-60.9
20.08	-7.784	-17.198	-44.4
20.09	-7.771	-17.272	-50.1
20.1	-7.756	-17.122	-60.3
20.11	-7.741	-16.792	-54.4
20.12	-7.724	-16.169	-37.1
20.13	-7.708	-15.258	-48.5
20.14	-7.694	-14.442	0.5
20.15	-7.680	-14.048	37.9
20.16	-7.666	-13.817	-22.0
20.17	-7.651	-13.414	-58.8
20.18	-7.637	-12.880	-56.3
20.19	-7.623	-12.313	-82.5
20.2	-7.609	-11.730	-105.5
20.21	-7.598	-11.369	-68.4
20.22	-7.585	-11.580	-31.3
20.23	-7.569	-12.189	46.7
20.24	-7.554	-12.531	299.7
20.25	-7.541	-12.342	617.6
20.26	-7.529	-11.963	590.2
20.27	-7.518	-11.752	185.1
20.28	-7.507	-11.753	-61.0
20.29	-7.499	-11.773	-56.6
20.3	-7.489	-11.927	-56.4
20.31	-7.478	-12.977	-76.8
20.32	-7.467	-15.064	-80.2
20.33	-7.458	-16.861	-69.7
20.34	-7.448	-17.114	-58.0
20.35	-7.437	-15.823	-37.2
20.36	-7.425	-13.288	-51.4
20.37	-7.414	-8.948	-75.7
20.38	-7.404	-1.798	-23.4
20.39	-7.395	8.125	29.0
20.4	-7.384	19.158	36.9
20.41	-7.373	28.820	10.4
20.42	-7.362	35.080	20.7
20.43	-7.352	37.172	106.1
20.44	-7.341	35.391	154.0
20.45	-7.330	30.378	163.3
20.46	-7.319	22.944	166.1
20.47	-7.309	14.270	139.6
20.48	-7.299	5.533	117.8
20.49	-7.292	-2.422	103.7
20.5	-7.286	-8.852	62.0
20.51	-7.279	-13.275	-9.6
20.52	-7.274	-15.692	-79.6
20.53	-7.270	-16.461	-113.0
20.54	-7.269	-16.109	-127.8
20.55	-7.270	-15.178	-147.4
20.56	-7.269	-14.188	-156.4
20.57	-7.266	-13.647	-125.3
20.58	-7.262	-14.084	-91.4
20.59	-7.259	-15.977	-115.9
20.6	-7.255	-19.025	-138.8
20.61	-7.251	-21.903	-136.9
20.62	-7.248	-23.488	-126.8
20.63	-7.246	-23.580	-106.3
20.64	-7.245	-22.469	-136.0
20.65	-7.245	-20.525	-160.2
20.66	-7.246	-18.170	-103.3
20.67	-7.248	-15.900	-59.6
20.68	-7.248	-13.883	-79.8
20.69	-7.246	-11.986	-103.9
20.7	-7.244	-10.263	-98.3
20.71	-7.242	-8.945	-86.9
20.72	-7.241	-8.252	-112.1
20.73	-7.239	-8.234	-127.6
20.74	-7.238	-8.689	-88.9
20.75	-7.237	-9.491	-89.6
20.76	-7.237	-10.714	-114.5
20.77	-7.237	-12.194	-108.0
20.78	-7.239	-13.556	-91.1
20.79	-7.241	-14.617	-85.9
20.8	-7.244	-15.355	-101.6
20.81	-7.248	-15.813	-106.3
20.82	-7.253	-16.145	-83.6
20.83	-7.260	-16.589	-64.9
20.84	-7.269	-17.294	-83.6
20.85	-7.281	-18.092	-89.1
20.86	-7.296	-18.614	-54.1
20.87	-7.315	-18.663	-39.2
20.88	-7.339	-18.325	-56.5
20.89	-7.368	-17.795	-69.5
20.9	-7.404	-17.247	-15.5
20.91	-7.444	-16.863	41.1
20.92	-7.489	-16.663	-0.3
20.93	-7.540	-16.441	-51.3
20.94	-7.596	-15.972	-53.4
20.95	-7.656	-15.236	-52.5
20.96	-7.719	-14.544	-89.4
20.97	-7.782	-14.222	-106.5
20.98	-7.843	-14.219	-55.5
20.99	-7.896	-14.336	28.1
21.0	-7.941	-14.330	208.5
21.01	-7.984	-13.994	534.7
21.02	-8.028	-13.484	683.6
21.03	-8.071	-13.122	392.0
21.04	-8.111	-13.017	35.8
21.05	-8.152	-13.072	-89.3
21.06	-8.193	-13.152	-87.6
21.07	-8.231	-13.347	-74.7
21.08	-8.268	-13.825	-71.3
21.09	-8.305	-14.456	-46.2
21.1	-8.343	-14.847	-34.6
21.11	-8.383	-14.627	-53.5
21.12	-8.421	-13.673	-38.8
21.13	-8.459	-11.578	-0.1
21.14	-8.499	-7.283	-23.7
21.15	-8.539	-0.066	-11.6
21.16	-8.581	9.533	58.9
21.17	-8.620	19.863	60.4
21.18	-8.655	28.822	66.3
21.19	-8.686	34.642	112.3
21.2	-8.716	36.322	141.0
21.21	-8.746	33.753	174.0
21.22	-8.774	27.770	199.5
21.23	-8.800	19.748	197.0
21.24	-8.823	11.069	171.0
21.25	-8.844	2.967	118.3
21.26	-8.863	-3.688	49.0
21.27	-8.880	-8.706	1.8
21.28	-8.895	-12.225	-34.5
21.29	-8.908	-14.381	-87.3
21.3	-8.919	-15.570	-117.2
21.31	-8.933	-16.298	-116.8
21.32	-8.943	-16.669	-137.0
21.33	-8.947	-16.647	-137.8
21.34	-8.949	-16.678	-106.6
21.35	-8.947	-17.309	-133.1
21.36	-8.943	-18.469	-167.3
21.37	-8.935	-19.767	-141.5
21.38	-8.923	-20.970	-115.9
21.39	-8.911	-21.778	-109.1
21.4	-8.902	-21.703	-88.2
21.41	-8.898	-20.522	-71.3
21.42	-8.894	-18.447	-72.6
21.43	-8.889	-15.856	-100.8
21.44	-8.883	-13.033	-115.1
21.45	-8.873	-10.148	-97.7
21.46	-8.860	-7.456	-96.8
21.47	-8.846	-5.366	-96.3
21.48	-8.830	-4.306	-86.7
21.49	-8.814	-4.370	-82.2
21.5	-8.800	-5.300	-82.5
21.51	-8.786	-6.783	-86.0
21.52	-8.773	-8.481	-76.8
21.53	-8.761	-10.161	-89.8
21.54	-8.751	-11.795	-86.9
21.55	-8.742	-13.370	-55.8
21.56	-8.735	-14.772	-62.3
21.57	-8.729	-15.873	-42.2
21.58	-8.728	-16.653	-24.0
21.59	-8.730	-17.206	-39.2
21.6	-8.731	-17.658	-4.3
21.61	-8.729	-17.958	14.8
21.62	-8.724	-17.809	-26.1
21.63	-8.714	-17.103	-75.6
21.64	-8.703	-16.234	-94.7
21.65	-8.696	-15.556	-107.0
21.66	-8.697	-15.041	-116.4
21.67	-8.705	-14.731	-63.2
21.68	-8.716	-14.688	-4.0
21.69	-8.723	-14.620	63.5
21.7	-8.731	-14.247	290.7
21.71	-8.744	-13.695	596.5
21.72	-8.768	-13.200	573.9
21.73	-8.795	-12.727	194.8
21.74	-8.828	-12.228	-62.5
21.75	-8.866	-11.883	-59.0
21.76	-8.904	-11.931	-59.0
21.77	-8.935	-12.444	-90.7
21.78	-8.957	-13.102	-45.2
21.79	-8.977	-13.348	-15.8
21.8	-8.996	-12.923	-45.3
21.81	-9.016	-12.056	-71.5
21.82	-9.040	-10.861	-60.8
21.83	-9.066	-8.792	-22.2
21.84	-9.089	-4.809	5.1
21.85	-9.113	1.861	36.8
21.86	-9.142	10.927	67.1
21.87	-9.176	21.031	80.3
21.88	-9.213	30.213	106.8
21.89	-9.255	36.308	112.9
21.9	-9.301	37.855	113.4
21.91	-9.347	34.830	140.5
21.92	-9.393	28.353	171.6
21.93	-9.436	19.844	177.9
21.94	-9.476	10.298	157.7
21.95	-9.514	0.750	132.6
21.96	-9.549	-6.805	61.0
21.97	-9.586	-11.069	-26.4
21.98	-9.619	-12.927	-74.3
21.99	-9.651	-13.872	-103.4
22.0	-9.683	-14.539	-114.3
22.01	-9.715	-15.363	-115.2
22.02	-9.743	-16.783	-99.7
22.03	-9.768	-18.277	-81.7
22.04	-9.792	-19.334	-95.8
22.05	-9.817	-20.834	-141.9
22.06	-9.842	-23.400	-176.5
22.07	-9.867	-26.033	-139.2
22.08	-9.892	-27.400	-85.5
22.09	-9.917	-26.883	-66.9
22.1	-9.943	-24.639	-77.6
22.11	-9.969	-21.427	-97.8
22.12	-9.998	-18.025	-108.4
22.13	-10.028	-14.741	-100.5
22.14	-10.055	-11.658	-68.4
22.15	-10.081	-8.939	-64.1
22.16	-10.106	-6.894	-69.4
22.17	-10.130	-5.789	-71.6
22.18	-10.153	-5.627	-71.8
22.19	-10.172	-6.195	-59.3
22.2	-10.189	-7.306	-53.3
22.21	-10.207	-8.867	-69.3
22.22	-10.226	-10.623	-95.0
22.23	-10.244	-12.258	-84.2
22.24	-10.262	-13.769	-51.0
22.25	-10.279	-15.348	-28.5
22.26	-10.293	-16.967	-34.4
22.27	-10.305	-18.273	-30.8
22.28	-10.318	-19.006	-3.2
22.29	-10.333	-19.295	-13.9
22.3	-10.351	-19.347	-17.3
22.31	-10.368	-19.086	-2.3
22.32	-10.384	-18.256	7.5
22.33	-10.399	-17.030	5.6
22.34	-10.413	-15.981	-49.4
22.35	-10.428	-15.202	-72.3
22.36	-10.447	-14.530	-54.0
22.37	-10.467	-14.025	-52.2
22.38	-10.484	-13.656	-44.3
22.39	-10.493	-13.409	-23.5
22.4	-10.498	-13.334	97.0
22.41	-10.506	-13.302	364.1
22.42	-10.514	-13.230	555.8
22.43	-10.519	-13.058	408.5
22.44	-10.520	-12.772	89.2
22.45	-10.520	-12.516	-78.5
22.46	-10.520	-11.991	-89.2
22.47	-10.517	-11.023	-54.1
22.48	-10.508	-10.206	-44.5
22.49	-10.495	-9.953	-64.5
22.5	-10.483	-10.186	-62.4
22.51	-10.469	-10.800	-39.9
22.52	-10.450	-11.314	-21.9
22.53	-10.425	-10.605	-4.4
22.54	-10.399	-7.655	-7.6
22.55	-10.373	-1.670	-29.3
22.56	-10.344	7.816	-9.3
22.57	-10.315	19.964	44.3
22.58	-10.289	32.405	81.5
22.59	-10.263	42.008	90.3
22.6	-10.235	46.388	102.3
22.61	-10.203	45.117	123.0
22.62	-10.162	39.259	154.8
22.63	-10.114	30.402	175.7
22.64	-10.061	20.303	145.4
22.65	-10.009	10.428	110.9
22.66	-9.955	1.705	66.3
22.67	-9.901	-5.275	4.4
22.68	-9.846	-10.239	-37.8
22.69	-9.791	-13.303	-69.7
22.7	-9.737	-14.844	-104.0
22.71	-9.689	-15.378	-118.3
22.72	-9.650	-15.530	-104.9
22.73	-9.609	-15.897	-101.4
22.74	-9.563	-16.934	-100.0
22.75	-9.514	-18.889	-92.3
22.76	-9.465	-21.697	-87.8
22.77	-9.417	-24.755	-87.7
22.78	-9.369	-27.147	-115.4
22.79	-9.322	-28.127	-128.8
22.8	-9.277	-27.395	-98.4
22.81	-9.231	-25.230	-98.1
22.82	-9.188	-22.202	-101.6
22.83	-9.145	-18.823	-56.2
22.84	-9.104	-15.405	-45.2
22.85	-9.064	-12.008	-76.5
22.86	-9.024	-8.836	-93.1
22.87	-8.984	-6.403	-93.9
22.88	-8.944	-5.083	-78.4
22.89	-8.903	-4.780	-54.7
22.9	-8.859	-5.391	-40.1
22.91	-8.813	-6.880	-67.4
22.92	-8.764	-8.798	-87.6
22.93	-8.713	-10.547	-58.8
22.94	-8.661	-12.027	-39.3
22.95	-8.609	-13.506	-45.6
22.96	-8.560	-15.002	-60.3
22.97	-8.514	-16.178	-43.3
22.98	-8.473	-16.788	-5.3
22.99	-8.436	-16.916	-3.3
23.0	-8.404	-16.958	-4.3
23.01	-8.375	-17.270	-20.4
23.02	-8.348	-17.770	-47.4
23.03	-8.322	-18.119	-53.9
23.04	-8.297	-18.163	-75.1
23.05	-8.276	-17.877	-77.0
23.06	-8.256	-17.181	-93.1
23.07	-8.236	-16.186	-103.8
23.08	-8.211	-15.175	-24.7
23.09	-8.186	-14.294	100.7
23.1	-8.166	-13.650	361.9
23.11	-8.154	-13.305	595.3
23.12	-8.146	-13.139	413.3
23.13	-8.132	-13.028	64.2
23.14	-8.116	-12.970	-51.8
23.15	-8.101	-13.098	-73.2
23.16	-8.086	-13.520	-100.4
23.17	-8.069	-14.083	-84.3
23.18	-8.053	-14.441	-77.4
23.19	-8.041	-14.391	-77.7
23.2	-8.031	-14.014	-68.3
23.21	-8.019	-13.350	-54.1
23.22	-8.006	-11.856	-36.3
23.23	-7.996	-8.172	-31.6
23.24	-7.989	-0.955	-5.3
23.25	-7.982	9.742	27.1
23.26	-7.973	22.195	26.3
23.27	-7.964	33.834	18.8
23.28	-7.955	42.214	43.3
23.29	-7.948	45.663	105.2
23.3	-7.942	43.575	152.4
23.31	-7.937	36.641	140.3
23.32	-7.931	26.792	112.7
23.33	-7.924	16.339	129.0
23.34	-7.917	6.886	123.3
23.35	-7.911	-0.978	29.6
23.36	-7.907	-7.164	-61.3
23.37	-7.901	-11.580	-73.7
23.38	-7.893	-14.303	-66.6
23.39	-7.888	-15.734	-103.0
23.4	-7.887	-16.389	-142.5
23.41	-7.889	-16.836	-133.3
23.42	-7.888	-17.473	-119.1
23.43	-7.884	-18.442	-119.1
23.44	-7.877	-19.916	-116.8
23.45	-7.870	-22.055	-115.4
23.46	-7.864	-24.620	-135.2
23.47	-7.860	-26.855	-147.7
23.48	-7.857	-28.014	-101.7
23.49	-7.854	-28.003	-82.2
23.5	-7.851	-27.070	-112.2
23.51	-7.850	-25.106	-110.7
23.52	-7.849	-21.970	-89.9
23.53	-7.846	-18.147	-74.7
23.54	-7.844	-14.445	-88.8
23.55	-7.843	-11.336	-136.7
23.56	-7.838	-8.964	-119.5
23.57	-7.833	-7.533	-52.1
23.58	-7.826	-7.239	-53.8
23.59	-7.820	-7.911	-113.9
23.6	-7.814	-9.092	-111.2
23.61	-7.809	-10.534	-65.0
23.62	-7.805	-12.214	-74.9
23.63	-7.803	-13.963	-93.6
23.64	-7.799	-15.481	-94.3
23.65	-7.794	-16.661	-82.8
23.66	-7.787	-17.566	-74.7
23.67	-7.779	-18.158	-86.9
23.68	-7.772	-18.455	-76.1
23.69	-7.763	-18.680	-60.1
23.7	-7.754	-18.908	-68.9
23.71	-7.746	-18.887	-87.4
23.72	-7.735	-18.473	-88.3
23.73	-7.721	-17.908	-81.7
23.74	-7.704	-17.463	-73.7
23.75	-7.686	-17.069	-58.0
23.76	-7.668	-16.523	-53.3
23.77	-7.648	-15.806	-55.0
23.78	-7.628	-14.881	-64.5
23.79	-7.608	-13.766	-77.6
23.8	-7.588	-12.950	-70.7
23.81	-7.570	-12.920	-52.4
23.82	-7.551	-13.316	-56.4
23.83	-7.531	-13.098	-68.2
23.84	-7.513	-12.194	-52.6
23.85	-7.496	-11.569	-42.7
23.86	-7.480	-11.503	-46.4
23.87	-7.466	-11.828	-25.3
23.88	-7.453	-12.681	25.2
23.89	-7.439	-13.823	48.5
23.9	-7.426	-14.664	12.0
23.91	-7.413	-14.823	-37.5
23.92	-7.401	-14.172	-57.2
23.93	-7.389	-13.050	-84.2
23.94	-7.378	-12.002	-104.2
23.95	-7.366	-11.297	-78.8
23.96	-7.352	-10.867	-29.1
23.97	-7.335	-10.531	16.8
23.98	-7.316	-10.441	128.2
23.99	-7.301	-10.975	435.1
24.0	-7.289	-12.073	670.4
24.01	-7.277	-13.177	497.4
24.02	-7.265	-13.839	139.8
24.03	-7.253	-14.197	-52.0
24.04	-7.239	-14.594	-92.3
24.05	-7.225	-15.052	-98.5
24.06	-7.212	-15.409	-92.3
24.07	-7.202	-15.514	-66.9
24.08	-7.193	-15.253	-59.2
24.09	-7.184	-14.611	-67.8
24.1	-7.174	-13.302	-52.6
24.11	-7.165	-10.106	-27.8
24.12	-7.159	-3.381	-15.6
24.13	-7.154	7.208	-22.3
24.14	-7.150	19.981	-13.3
24.15	-7.146	32.370	11.4
24.16	-7.142	42.125	46.1
24.17	-7.138	47.628	95.9
24.18	-7.135	47.995	134.6
24.19	-7.132	43.388	128.9
24.2	-7.128	35.048	111.8
24.21	-7.124	24.805	145.7
24.22	-7.121	14.377	159.8
24.23	-7.117	4.931	118.5
24.24	-7.115	-2.931	74.5
24.25	-7.114	-8.833	31.7
24.26	-7.113	-12.623	-16.3
24.27	-7.112	-14.603	-68.6
24.28	-7.112	-15.477	-94.5
24.29	-7.116	-15.973	-128.1
24.3	-7.122	-16.417	-166.3
24.31	-7.125	-16.845	-140.7
24.32	-7.124	-17.559	-112.0
24.33	-7.123	-19.041	-126.2
24.34	-7.122	-21.331	-131.7
24.35	-7.120	-23.831	-118.3
24.36	-7.117	-25.680	-106.8
24.37	-7.117	-26.397	-115.4
24.38	-7.119	-26.066	-133.0
24.39	-7.124	-24.858	-122.8
24.4	-7.129	-22.813	-116.9
24.41	-7.135	-20.066	-105.7
24.42	-7.141	-16.981	-83.9
24.43	-7.146	-14.089	-86.5
24.44	-7.153	-11.759	-99.4
24.45	-7.163	-9.936	-103.2
24.46	-7.179	-8.653	-91.6
24.47	-7.203	-8.308	-99.9
24.48	-7.236	-8.847	-113.3
24.49	-7.281	-9.664	-99.1
24.5	-7.333	-10.386	-75.5
24.51	-7.391	-11.203	-42.8
24.52	-7.453	-12.466	-78.5
24.53	-7.521	-14.083	-133.0
24.54	-7.596	-15.566	-92.7
24.55	-7.671	-16.739	-50.7
24.56	-7.743	-17.875	-68.8
24.57	-7.809	-18.933	-110.9
24.58	-7.871	-19.505	-104.5
24.59	-7.929	-19.488	-55.5
24.6	-7.986	-19.211	-36.3
24.61	-8.041	-19.019	-78.7
24.62	-8.094	-18.981	-104.3
24.63	-8.146	-18.919	-66.2
24.64	-8.197	-18.698	-51.3
24.65	-8.248	-18.380	-67.5
24.66	-8.299	-18.016	-40.7
24.67	-8.348	-17.602	-4.0
24.68	-8.396	-17.158	17.1
24.69	-8.442	-16.780	31.7
24.7	-8.489	-16.559	0.2
24.71	-8.535	-16.350	-52.9
24.72	-8.581	-15.931	-89.7
24.73	-8.626	-15.363	-81.7
24.74	-8.672	-14.845	-55.2
24.75	-8.719	-14.445	-61.3
24.76	-8.764	-14.067	-56.3
24.77	-8.804	-13.686	-12.1
24.78	-8.838	-13.427	102.0
24.79	-8.867	-13.348	386.3
24.8	-8.899	-13.356	652.1
24.81	-8.928	-13.377	513.5
24.82	-8.953	-13.433	145.7
24.83	-8.978	-13.588	-46.3
24.84	-9.003	-13.888	-76.2
24.85	-9.025	-14.311	-67.0
24.86	-9.044	-14.752	-51.5
24.87	-9.060	-15.183	-38.4
24.88	-9.075	-15.644	-50.3
24.89	-9.088	-16.033	-72.6
24.9	-9.094	-16.133	-53.5
24.91	-9.095	-15.391	-4.7
24.92	-9.090	-12.656	2.8
24.93	-9.079	-6.670	-1.5
24.94	-9.061	2.894	40.3
24.95	-9.035	14.809	63.7
24.96	-9.002	26.942	70.5
24.97	-8.966	37.216	91.4
24.98	-8.929	43.895	114.3
24.99	-8.897	45.819	151.9
25.0	-8.868	42.870	179.3
25.01	-8.842	35.894	195.2
25.02	-8.817	26.273	213.7
25.03	-8.791	15.713	167.4
25.04	-8.764	5.811	75.0
25.05	-8.737	-2.523	28.1
25.06	-8.708	-9.084	-2.8
25.07	-8.680	-13.797	-59.7
25.08	-8.655	-16.583	-124.7
25.09	-8.639	-17.692	-114.2
25.1	-8.631	-17.709	-69.1
25.11	-8.626	-17.306	-109.7
25.12	-8.616	-17.036	-151.4
25.13	-8.605	-17.331	-134.2
25.14	-8.593	-18.452	-105.5
25.15	-8.579	-20.278	-105.3
25.16	-8.563	-22.356	-134.8
25.17	-8.546	-24.078	-134.0
25.18	-8.533	-24.842	-103.6
25.19	-8.526	-24.325	-91.4
25.2	-8.524	-22.642	-89.0
25.21	-8.523	-20.298	-89.3
25.22	-8.523	-17.836	-111.9
25.23	-8.524	-15.327	-109.6
25.24	-8.526	-12.592	-84.7
25.25	-8.530	-9.692	-71.0
25.26	-8.534	-7.020	-63.1
25.27	-8.540	-5.236	-97.3
25.28	-8.547	-4.867	-107.8
25.29	-8.558	-5.816	-87.6
25.3	-8.570	-7.444	-98.3
25.31	-8.586	-9.203	-88.2
25.32	-8.604	-10.953	-75.9
25.33	-8.625	-12.686	-82.4
25.34	-8.649	-14.330	-74.9
25.35	-8.678	-15.856	-68.9
25.36	-8.711	-17.159	-58.9
25.37	-8.751	-18.053	-42.9
25.38	-8.796	-18.545	-35.8
25.39	-8.847	-18.847	-31.1
25.4	-8.902	-18.995	-11.3
25.41	-8.961	-18.777	8.8
25.42	-9.021	-18.122	-15.8
25.43	-9.076	-17.320	-50.0
25.44	-9.117	-16.684	-78.0
25.45	-9.152	-16.297	-101.1
25.46	-9.189	-16.069	-82.4
25.47	-9.228	-15.866	-44.7
25.48	-9.263	-15.627	-23.9
25.49	-9.294	-15.400	17.7
25.5	-9.323	-15.236	219.3
25.51	-9.356	-15.056	547.9
25.52	-9.393	-14.730	598.2
25.53	-9.429	-14.334	257.1
25.54	-9.464	-14.114	-24.4
25.55	-9.501	-14.181	-84.5
25.56	-9.537	-14.533	-80.3
25.57	-9.569	-15.195	-77.8
25.58	-9.597	-16.153	-63.4
25.59	-9.623	-17.308	-51.7
25.6	-9.651	-18.252	-67.2
25.61	-9.679	-18.178	-51.0
25.62	-9.705	-16.692	-19.0
25.63	-9.731	-13.583	-9.2
25.64	-9.756	-8.241	-3.3
25.65	-9.780	-0.233	3.1
25.66	-9.803	10.081	14.9
25.67	-9.827	21.311	45.7
25.68	-9.848	31.514	89.8
25.69	-9.866	39.077	126.5
25.7	-9.885	42.920	145.4
25.71	-9.907	42.314	153.6
25.72	-9.931	37.264	161.1
25.73	-9.954	28.853	168.5
25.74	-9.976	18.925	156.9
25.75	-9.996	9.089	110.3
25.76	-10.016	0.209	54.5
25.77	-10.035	-7.156	-20.2
25.78	-10.053	-12.702	-74.2
25.79	-10.073	-16.541	-80.0
25.8	-10.096	-18.741	-96.2
25.81	-10.121	-19.361	-113.4
25.82	-10.143	-19.022	-98.7
25.83	-10.161	-18.466	-76.5
25.84	-10.178	-18.178	-96.9
25.85	-10.196	-18.684	-121.5
25.86	-10.214	-20.261	-120.5
25.87	-10.229	-22.591	-115.4
25.88	-10.240	-24.981	-89.5
25.89	-10.251	-26.686	-90.7
25.9	-10.264	-27.100	-102.4
25.91	-10.274	-25.952	-80.7
25.92	-10.279	-23.372	-64.1
25.93	-10.279	-19.733	-70.0
25.94	-10.276	-15.594	-98.8
25.95	-10.270	-11.669	-88.8
25.96	-10.258	-8.494	-53.5
25.97	-10.238	-6.231	-45.1
25.98	-10.211	-4.869	-33.9
25.99	-10.184	-4.372	-41.6
26.0	-10.158	-4.586	-58.1
26.01	-10.136	-5.363	-91.0
26.02	-10.116	-6.691	-113.0
26.03	-10.098	-8.506	-76.8
26.04	-10.078	-10.581	-57.8
26.05	-10.055	-12.613	-30.4
26.06	-10.024	-14.464	-11.0
26.07	-9.986	-16.083	-37.8
26.08	-9.947	-17.192	-53.3
26.09	-9.905	-17.555	-69.9
26.1	-9.858	-17.403	-43.7
26.11	-9.806	-17.178	19.2
26.12	-9.746	-16.936	39.0
26.13	-9.683	-16.566	8.0
26.14	-9.619	-16.200	-38.9
26.15	-9.558	-15.970	-66.3
26.16	-9.502	-15.914	-97.4
26.17	-9.457	-16.030	-105.5
26.18	-9.422	-16.103	-74.5
26.19	-9.388	-15.908	-44.3
26.2	-9.341	-15.547	-4.7
26.21	-9.286	-15.236	118.3
26.22	-9.234	-14.934	396.2
26.23	-9.195	-14.459	579.0
26.24	-9.160	-13.817	381.2
26.25	-9.124	-13.330	56.4
26.26	-9.092	-13.256	-84.8
26.27	-9.064	-13.353	-89.4
26.28	-9.036	-13.217	-67.3
26.29	-9.002	-12.802	-51.4
26.3	-8.966	-12.320	-52.5
26.31	-8.933	-12.008	-66.3
26.32	-8.902	-12.013	-53.6
26.33	-8.871	-12.136	-30.7
26.34	-8.838	-11.563	-22.8
26.35	-8.806	-8.830	-12.9
26.36	-8.777	-2.502	-5.8
26.37	-8.749	7.561	0.4
26.38	-8.719	19.900	25.8
26.39	-8.686	32.361	56.4
26.4	-8.652	42.619	81.0
26.41	-8.621	48.452	99.8
26.42	-8.591	48.556	112.2
26.43	-8.561	43.198	120.1
26.44	-8.532	34.091	130.8
26.45	-8.500	23.314	141.4
26.46	-8.468	12.428	125.9
26.47	-8.437	2.542	59.6
26.48	-8.406	-5.517	-25.5
26.49	-8.375	-11.267	-52.5
26.5	-8.344	-14.828	-76.1
26.51	-8.313	-17.039	-114.6
26.52	-8.287	-18.637	-125.9
26.53	-8.266	-19.405	-135.7
26.54	-8.244	-19.145	-117.4
26.55	-8.222	-18.861	-86.6
26.56	-8.202	-19.594	-106.6
26.57	-8.183	-21.528	-142.4
26.58	-8.162	-24.180	-124.6
26.59	-8.142	-26.427	-94.3
26.6	-8.122	-27.480	-85.4
26.61	-8.104	-27.316	-102.8
26.62	-8.086	-25.952	-154.2
26.63	-8.066	-23.547	-130.0
26.64	-8.047	-20.575	-62.4
26.65	-8.029	-17.300	-62.7
26.66	-8.012	-13.897	-83.5
26.67	-7.995	-10.713	-95.0
26.68	-7.976	-8.078	-96.5
26.69	-7.957	-6.244	-92.9
26.7	-7.938	-5.352	-91.1
26.71	-7.921	-5.394	-78.9
26.72	-7.902	-6.316	-71.2
26.73	-7.884	-7.986	-83.6
26.74	-7.867	-10.138	-90.7
26.75	-7.851	-12.369	-81.5
26.76	-7.838	-14.320	-76.3
26.77	-7.826	-15.961	-75.4
26.78	-7.816	-17.506	-64.4
26.79	-7.808	-19.036	-58.8
26.8	-7.799	-20.314	-82.7
26.81	-7.791	-21.033	-91.1
26.82	-7.779	-21.136	-69.1
26.83	-7.769	-20.872	-77.3
26.84	-7.759	-20.458	-85.4
26.85	-7.751	-19.867	-56.9
26.86	-7.744	-18.983	-29.6
26.87	-7.737	-17.911	-24.4
26.88	-7.731	-17.172	-35.8
26.89	-7.725	-17.039	-42.1
26.9	-7.718	-17.139	-7.0
26.91	-7.709	-17.131	36.0
26.92	-7.698	-17.103	30.0
26.93	-7.688	-17.130	-46.4
26.94	-7.681	-16.959	-111.1
26.95	-7.674	-16.356	-82.1
26.96	-7.671	-15.486	-58.2
26.97	-7.670	-14.695	-89.3
26.98	-7.666	-14.103	-59.1
26.99	-7.657	-13.614	65.3
27.0	-7.648	-13.173	301.3
27.01	-7.644	-12.859	599.3
27.02	-7.646	-12.719	594.4
27.03	-7.646	-12.772	249.4
27.04	-7.645	-13.144	-17.9
27.05	-7.644	-13.841	-70.1
27.06	-7.641	-14.605	-61.0
27.07	-7.633	-15.208	-64.4
27.08	-7.624	-15.641	-83.3
27.09	-7.623	-15.880	-109.4
27.1	-7.623	-15.830	-92.0
27.11	-7.621	-15.291	-38.6
27.12	-7.616	-13.741	-2.6
27.13	-7.616	-10.148	-12.8
27.14	-7.618	-3.238	-35.4
27.15	-7.623	7.308	-33.2
27.16	-7.626	20.063	4.3
27.17	-7.626	32.467	61.9
27.18	-7.622	42.100	80.3
27.19	-7.617	47.492	90.0
27.2	-7.612	48.025	121.2
27.21	-7.608	43.764	150.2
27.22	-7.605	35.659	159.8
27.23	-7.601	25.377	125.3
27.24	-7.596	14.614	101.8
27.25	-7.590	4.461	91.2
27.26	-7.583	-4.502	54.4
27.27	-7.573	-11.625	-2.2
27.28	-7.564	-16.339	-48.3
27.29	-7.555	-18.658	-65.7
27.3	-7.547	-19.145	-94.8
27.31	-7.538	-18.609	-151.5
27.32	-7.526	-17.831	-169.9
27.33	-7.511	-17.400	-136.7
27.34	-7.498	-17.706	-97.1
27.35	-7.485	-18.995	-82.1
27.36	-7.472	-21.088	-102.0
27.37	-7.457	-23.166	-128.9
27.38	-7.442	-24.566	-128.4
27.39	-7.428	-25.188	-105.6
27.4	-7.414	-24.906	-124.3
27.41	-7.402	-23.872	-146.8
27.42	-7.391	-22.347	-101.0
27.43	-7.381	-20.136	-47.1
27.44	-7.373	-17.278	-50.4
27.45	-7.363	-14.395	-90.3
27.46	-7.353	-11.806	-124.5
27.47	-7.344	-9.275	-112.1
27.48	-7.336	-7.027	-91.1
27.49	-7.329	-5.792	-88.9
27.5	-7.322	-5.859	-63.2
27.51	-7.314	-6.816	-74.3
27.52	-7.307	-8.258	-103.7
27.53	-7.300	-10.036	-89.2
27.54	-7.294	-12.023	-75.7
27.55	-7.288	-14.102	-71.6
27.56	-7.281	-16.067	-76.1
27.57	-7.274	-17.623	-76.5
27.58	-7.266	-18.564	-61.5
27.59	-7.260	-19.005	-62.6
27.6	-7.254	-19.277	-74.7
27.61	-7.249	-19.575	-86.5
27.62	-7.244	-19.698	-71.4
27.63	-7.238	-19.341	-43.0
27.64	-7.233	-18.588	-42.8
27.65	-7.229	-17.978	-60.2
27.66	-7.227	-17.938	-76.0
27.67	-7.226	-18.236	-59.9
27.68	-7.227	-18.367	-29.4
27.69	-7.228	-18.236	-10.9
27.7	-7.229	-17.955	2.7
27.71	-7.231	-17.531	6.5
27.72	-7.230	-17.028	-8.1
27.73	-7.228	-16.447	-45.6
27.74	-7.225	-15.653	-82.5
27.75	-7.222	-14.767	-77.4
27.76	-7.221	-14.153	-54.0
27.77	-7.220	-13.875	-40.2
27.78	-7.217	-13.552	-10.6
27.79	-7.211	-13.131	82.1
27.8	-7.203	-13.056	305.6
27.81	-7.201	-13.342	590.9
27.82	-7.203	-13.553	605.3
27.83	-7.204	-13.516	265.8
27.84	-7.204	-13.481	-13.6
27.85	-7.204	-13.694	-94.8
27.86	-7.200	-14.098	-96.3
27.87	-7.189	-14.522	-62.7
27.88	-7.179	-14.913	-38.1
27.89	-7.174	-15.217	-51.7
27.9	-7.173	-15.236	-80.2
27.91	-7.169	-14.648	-53.9
27.92	-7.164	-12.848	-15.2
27.93	-7.159	-8.723	-15.0
27.94	-7.156	-1.134	-14.3
27.95	-7.154	9.917	21.8
27.96	-7.153	22.645	44.6
27.97	-7.153	34.327	55.4
27.98	-7.153	42.794	74.8
27.99	-7.154	46.941	99.2
28.0	-7.157	46.333	147.6
28.01	-7.160	41.133	171.8
28.02	-7.164	32.363	153.5
28.03	-7.168	21.781	157.4
28.04	-7.171	11.169	171.0
28.05	-7.174	1.598	126.4
28.06	-7.179	-6.428	58.6
28.07	-7.184	-12.536	-7.6
28.08	-7.191	-16.622	-61.3
28.09	-7.200	-18.850	-73.6
28.1	-7.219	-19.538	-112.5
28.11	-7.251	-19.358	-174.9
28.12	-7.289	-19.020	-148.3
28.13	-7.331	-18.906	-102.4
28.14	-7.378	-19.336	-127.9
28.15	-7.434	-20.628	-126.4
28.16	-7.499	-22.673	-111.0
28.17	-7.569	-24.791	-108.7
28.18	-7.642	-26.253	-111.7
28.19	-7.714	-26.773	-130.6
28.2	-7.786	-26.336	-108.3
28.21	-7.856	-24.900	-105.7
28.22	-7.924	-22.555	-100.8
28.23	-7.991	-19.830	-81.2
28.24	-8.053	-17.261	-90.0
28.25	-8.111	-14.766	-89.8
28.26	-8.164	-12.203	-90.2
28.27	-8.213	-10.088	-72.6
28.28	-8.259	-8.875	-83.3
28.29	-8.303	-8.422	-124.0
28.3	-8.342	-8.602	-84.4
28.31	-8.379	-9.488	-32.9
28.32	-8.414	-10.889	-70.3
28.33	-8.448	-12.531	-115.6
28.34	-8.483	-14.320	-70.2
28.35	-8.519	-16.123	-40.6
28.36	-8.554	-17.634	-85.6
28.37	-8.589	-18.595	-83.0
28.38	-8.624	-18.989	-53.2
28.39	-8.661	-19.041	-55.3
28.4	-8.697	-19.088	-44.4
28.41	-8.732	-19.334	-10.0
28.42	-8.764	-19.694	36.7
28.43	-8.793	-19.905	55.7
28.44	-8.818	-19.780	19.2
28.45	-8.841	-19.409	-29.4
28.46	-8.863	-18.959	-61.6
28.47	-8.885	-18.423	-73.3
28.48	-8.909	-17.777	-66.7
28.49	-8.935	-17.073	-46.5
28.5	-8.958	-16.383	-43.3
28.51	-8.976	-15.820	-30.6
28.52	-8.986	-15.503	98.3
28.53	-8.993	-15.327	379.5
28.54	-9.001	-15.044	628.2
28.55	-9.007	-14.623	539.0
28.56	-9.008	-14.317	198.2
28.57	-9.004	-14.269	-23.0
28.58	-8.998	-14.369	-80.0
28.59	-8.986	-14.494	-91.1
28.6	-8.963	-14.598	-68.4
28.61	-8.935	-14.577	-42.4
28.62	-8.908	-14.323	-46.5
28.63	-8.886	-13.864	-47.5
28.64	-8.865	-13.236	-20.1
28.65	-8.846	-12.278	-0.8
28.66	-8.828	-10.125	20.5
28.67	-8.814	-5.036	45.9
28.68	-8.805	4.053	35.4
28.69	-8.797	16.100	52.1
28.7	-8.789	28.625	83.3
28.71	-8.781	39.098	104.4
28.72	-8.770	45.719	150.3
28.73	-8.758	47.597	171.3
28.74	-8.746	44.608	188.2
28.75	-8.735	37.433	214.5
28.76	-8.724	27.505	191.1
28.77	-8.712	16.506	154.9
28.78	-8.698	5.795	130.9
28.79	-8.683	-3.634	73.8
28.8	-8.666	-11.022	8.9
28.81	-8.649	-16.188	-45.8
28.82	-8.635	-19.450	-96.3
28.83	-8.629	-21.131	-131.2
28.84	-8.627	-21.609	-143.6
28.85	-8.623	-21.270	-112.1
28.86	-8.614	-20.519	-98.6
28.87	-8.607	-20.047	-138.9
28.88	-8.601	-20.394	-136.3
28.89	-8.592	-21.628	-126.5
28.9	-8.584	-23.331	-146.7
28.91	-8.579	-24.675	-112.3
28.92	-8.579	-25.023	-86.6
28.93	-8.586	-24.208	-93.3
28.94	-8.595	-22.352	-98.9
28.95	-8.606	-19.781	-116.2
28.96	-8.615	-16.984	-108.9
28.97	-8.624	-14.302	-93.9
28.98	-8.634	-11.658	-87.8
28.99	-8.645	-8.973	-73.1
29.0	-8.659	-6.636	-64.1
29.01	-8.680	-5.231	-90.6
29.02	-8.710	-4.919	-114.2
29.03	-8.748	-5.370	-82.2
29.04	-8.789	-6.364	-77.6
29.05	-8.837	-7.986	-80.7
29.06	-8.890	-10.116	-61.0
29.07	-8.948	-12.277	-82.3
29.08	-9.010	-14.194	-77.7
29.09	-9.074	-16.055	-41.3
29.1	-9.139	-17.880	-34.0
29.11	-9.206	-19.188	-14.6
29.12	-9.269	-19.709	40.5
29.13	-9.323	-19.788	36.9
29.14	-9.359	-19.784	-59.8
29.15	-9.386	-19.844	-115.3
29.16	-9.418	-19.903	-85.1
29.17	-9.456	-19.708	-55.8
29.18	-9.496	-19.230	-65.6
29.19	-9.536	-18.706	-72.2
29.2	-9.576	-18.252	-40.4
29.21	-9.614	-17.780	23.4
29.22	-9.646	-17.136	218.5
29.23	-9.679	-16.369	522.6
29.24	-9.713	-15.713	600.4
29.25	-9.744	-15.170	314.9
29.26	-9.771	-14.759	23.7
29.27	-9.798	-14.864	-58.8
29.28	-9.824	-15.811	-75.0
29.29	-9.848	-17.006	-86.6
29.3	-9.869	-17.225	-66.3
29.31	-9.892	-16.506	-40.6
29.32	-9.915	-15.570	-51.7
29.33	-9.938	-14.430	-54.6
29.34	-9.958	-13.255	-39.0
29.35	-9.976	-11.720	-19.5
29.36	-9.993	-8.202	29.7
29.37	-10.008	-1.280	43.9
29.38	-10.019	8.942	29.7
29.39	-10.026	20.845	39.1
29.4	-10.033	32.205	58.6
29.41	-10.039	41.230	108.1
29.42	-10.048	46.572	153.3
29.43	-10.059	47.183	156.4
29.44	-10.068	42.867	166.5
29.45	-10.075	34.539	176.0
29.46	-10.081	23.794	161.7
29.47	-10.088	12.250	123.0
29.48	-10.095	1.253	70.9
29.49	-10.103	-8.081	23.1
29.5	-10.111	-14.845	-48.2
29.51	-10.120	-18.722	-97.8
29.52	-10.130	-20.217	-113.8
29.53	-10.141	-20.250	-131.7
29.54	-10.151	-19.800	-127.7
29.55	-10.158	-19.545	-112.1
29.56	-10.168	-19.819	-87.7
29.57	-10.177	-20.900	-78.2
29.58	-10.184	-22.678	-99.8
29.59	-10.190	-24.609	-128.5
29.6	-10.196	-26.191	-134.4
29.61	-10.203	-27.038	-103.0
29.62	-10.208	-26.867	-86.7
29.63	-10.212	-25.472	-81.0
29.64	-10.213	-22.997	-76.6
29.65	-10.213	-19.919	-73.6
29.66	-10.213	-16.419	-64.1
29.67	-10.212	-12.594	-57.7
29.68	-10.209	-8.831	-66.7
29.69	-10.203	-5.616	-89.8
29.7	-10.197	-3.522	-88.3
29.71	-10.190	-2.925	-80.9
29.72	-10.181	-3.570	-69.4
29.73	-10.168	-4.908	-51.6
29.74	-10.149	-6.578	-53.7
29.75	-10.123	-8.470	-71.9
29.76	-10.089	-10.422	-83.3
29.77	-10.053	-12.288	-52.8
29.78	-10.019	-14.073	-30.1
29.79	-9.997	-15.791	-36.8
29.8	-9.982	-17.414	-18.1
29.81	-9.969	-18.828	10.5
29.82	-9.948	-19.766	34.7
29.83	-9.919	-20.048	30.7
29.84	-9.882	-19.761	-18.7
29.85	-9.838	-19.191	-57.0
29.86	-9.786	-18.603	-71.8
29.87	-9.729	-18.009	-77.1
29.88	-9.667	-17.269	-67.6
29.89	-9.595	-16.414	-50.5
29.9	-9.514	-15.570	-26.5
29.91	-9.429	-14.769	48.9
29.92	-9.349	-13.920	267.7
29.93	-9.277	-12.989	555.2
29.94	-9.211	-12.280	520.3
29.95	-9.143	-12.191	167.6
29.96	-9.077	-12.717	-53.8
29.97	-9.015	-13.403	-81.7
29.98	-8.954	-13.892	-68.8
29.99	-8.892	-14.248	-67.6
30.0	-8.831	-14.416	-78.6
30.01	-8.776	-14.097	-67.4
30.02	-8.726	-13.239	-33.0
30.03	-8.677	-12.063	-19.3
30.04	-8.625	-10.633	-36.8
30.05	-8.573	-8.080	-45.2
30.06	-8.525	-2.558	-30.5
30.07	-8.481	7.117	-2.6
30.08	-8.436	20.073	42.4
30.09	-8.390	33.784	57.0
30.1	-8.345	44.638	43.0
30.11	-8.300	49.933	73.1
30.12	-8.258	50.820	119.1
30.13	-8.217	48.395	126.2
30.14	-8.181	41.119	137.5
30.15	-8.150	29.853	148.1
30.16	-8.121	17.661	105.5
30.17	-8.094	6.450	81.8
30.18	-8.065	-2.877	43.4
30.19	-8.037	-10.028	-45.4
30.2	-8.012	-15.116	-89.8
30.21	-7.991	-18.289	-103.2
30.22	-7.973	-19.733	-121.5
30.23	-7.956	-19.844	-127.0
30.24	-7.939	-19.308	-138.3
30.25	-7.923	-18.961	-144.5
30.26	-7.907	-19.431	-105.3
30.27	-7.894	-20.869	-95.9
30.28	-7.881	-23.102	-117.1
30.29	-7.869	-25.722	-123.3
30.3	-7.859	-27.838	-142.6
30.31	-7.852	-28.575	-152.8
30.32	-7.848	-27.802	-122.6
30.33	-7.846	-25.952	-80.9
30.34	-7.843	-23.522	-79.9
30.35	-7.838	-20.655	-86.3
30.36	-7.831	-17.269	-82.9
30.37	-7.823	-13.592	-96.3
30.38	-7.814	-10.222	-109.8
30.39	-7.807	-7.669	-114.5
30.4	-7.800	-6.106	-108.5
30.41	-7.794	-5.520	-80.1
30.42	-7.790	-5.875	-53.1
30.43	-7.787	-7.131	-71.2
30.44	-7.784	-9.102	-93.2
30.45	-7.780	-11.369	-93.8
30.46	-7.776	-13.525	-101.8
30.47	-7.770	-15.417	-98.3
30.48	-7.765	-17.008	-92.0
30.49	-7.761	-18.213	-78.1
30.5	-7.757	-19.073	-55.9
30.51	-7.753	-19.802	-48.8
30.52	-7.748	-20.480	-65.5
30.53	-7.742	-20.958	-76.3
30.54	-7.737	-21.023	-36.6
30.55	-7.732	-20.656	3.3
30.56	-7.728	-20.039	8.0
30.57	-7.721	-19.366	-6.7
30.58	-7.713	-18.703	-42.4
30.59	-7.706	-18.103	-65.2
30.6	-7.699	-17.639	-67.4
30.61	-7.692	-17.319	-87.7
30.62	-7.687	-17.027	-89.4
30.63	-7.682	-16.569	-72.4
30.64	-7.673	-15.791	-32.4
30.65	-7.659	-14.778	100.1
30.66	-7.645	-13.906	366.1
30.67	-7.636	-13.461	625.2
30.68	-7.629	-13.222	523.7
30.69	-7.617	-12.859	157.3
30.7	-7.606	-12.688	-59.1
30.71	-7.594	-13.092	-122.1
30.72	-7.581	-13.798	-122.7
30.73	-7.565	-14.463	-65.8
30.74	-7.552	-14.742	-32.3
30.75	-7.539	-14.500	-61.5
30.76	-7.526	-14.270	-74.3
30.77	-7.511	-14.089	-59.9
30.78	-7.495	-12.425	-55.9
30.79	-7.481	-7.075	-26.2
30.8	-7.468	2.939	-11.9
30.81	-7.454	16.386	-21.0
30.82	-7.439	30.731	5.6
30.83	-7.426	42.756	47.7
30.84	-7.413	49.333	100.8
30.85	-7.401	50.967	136.8
30.86	-7.389	49.739	131.4
30.87	-7.378	44.309	125.1
30.88	-7.368	33.895	131.3
30.89	-7.359	21.534	142.2
30.9	-7.351	10.356	132.3
30.91	-7.344	1.248	79.3
30.92	-7.337	-5.789	5.6
30.93	-7.329	-10.720	-54.2
30.94	-7.322	-13.755	-84.9
30.95	-7.318	-15.294	-101.6
30.96	-7.315	-15.803	-126.7
30.97	-7.313	-15.972	-144.5
30.98	-7.307	-16.506	-139.7
30.99	-7.300	-17.748	-123.7
31.0	-7.294	-19.869	-117.8
31.01	-7.291	-22.784	-133.3
31.02	-7.288	-25.863	-155.1
31.03	-7.285	-28.208	-141.4
31.04	-7.282	-29.295	-109.9
31.05	-7.282	-29.153	-120.6
31.06	-7.283	-27.942	-138.6
31.07	-7.284	-25.778	-102.2
31.08	-7.284	-22.989	-66.3
31.09	-7.284	-19.908	-84.6
31.1	-7.282	-16.700	-118.0
31.11	-7.281	-13.542	-111.5
31.12	-7.279	-10.689	-82.2
31.13	-7.276	-8.473	-101.2
31.14	-7.273	-7.114	-133.4
31.15	-7.269	-6.616	-97.7
31.16	-7.266	-6.995	-53.7
31.17	-7.263	-8.217	-77.8
31.18	-7.259	-9.977	-115.2
31.19	-7.258	-11.845	-112.3
31.2	-7.256	-13.597	-98.8
31.21	-7.255	-15.252	-100.4
31.22	-7.255	-16.806	-94.0
31.23	-7.256	-18.083	-69.3
31.24	-7.256	-18.978	-56.8
31.25	-7.256	-19.695	-69.8
31.26	-7.256	-20.331	-101.8
31.27	-7.256	-20.613	-96.4
31.28	-7.256	-20.348	-68.8
31.29	-7.255	-19.683	-59.2
31.3	-7.254	-18.898	-67.3
31.31	-7.256	-18.188	-78.9
31.32	-7.258	-17.639	-18.3
31.33	-7.262	-17.456	50.3
31.34	-7.266	-17.683	43.5
31.35	-7.268	-17.878	-7.7
31.36	-7.269	-17.644	-63.6
31.37	-7.271	-17.158	-64.2
31.38	-7.271	-16.717	-77.1
31.39	-7.274	-16.198	-117.0
31.4	-7.279	-15.461	-81.4
31.41	-7.284	-14.797	-31.1
31.42	-7.285	-14.575	-2.0
31.43	-7.282	-14.748	154.7
31.44	-7.282	-14.858	512.9
31.45	-7.292	-14.516	707.5
31.46	-7.310	-13.869	446.5
31.47	-7.336	-13.595	37.9
31.48	-7.373	-14.097	-123.5
31.49	-7.418	-14.989	-97.3
31.5	-7.466	-15.689	-47.1
31.51	-7.523	-16.052	-24.4
31.52	-7.596	-16.097	-97.1
31.53	-7.684	-15.664	-118.8
31.54	-7.777	-14.686	-49.3
31.55	-7.864	-13.180	-9.5
31.56	-7.942	-10.292	-21.3
31.57	-8.012	-4.161	-34.0
31.58	-8.074	6.184	18.4
31.59	-8.133	19.558	71.3
31.6	-8.187	33.444	69.4
31.61	-8.238	44.433	50.0
31.62	-8.286	49.863	84.3
31.63	-8.328	50.641	125.0
31.64	-8.365	47.605	141.3
31.65	-8.398	39.598	186.4
31.66	-8.431	27.942	210.6
31.67	-8.463	15.636	177.2
31.68	-8.496	4.628	112.0
31.69	-8.526	-4.089	86.0
31.7	-8.553	-10.247	61.8
31.71	-8.577	-14.177	-46.8
31.72	-8.599	-16.431	-107.2
31.73	-8.624	-17.598	-85.8
31.74	-8.649	-18.175	-102.6
31.75	-8.671	-18.414	-144.0
31.76	-8.689	-18.689	-140.3
31.77	-8.706	-19.598	-101.3
31.78	-8.724	-21.431	-105.3
31.79	-8.742	-23.980	-128.1
31.8	-8.761	-26.716	-110.7
31.81	-8.777	-28.850	-105.1
31.82	-8.794	-29.702	-129.7
31.83	-8.813	-29.053	-109.4
31.84	-8.832	-26.975	-65.7
31.85	-8.854	-23.791	-83.3
31.86	-8.877	-20.094	-112.6
31.87	-8.899	-16.358	-109.0
31.88	-8.919	-12.823	-92.9
31.89	-8.938	-9.825	-67.0
31.9	-8.955	-7.797	-68.9
31.91	-8.973	-6.813	-89.8
31.92	-8.992	-6.686	-81.7
31.93	-9.011	-7.350	-58.1
31.94	-9.029	-8.548	-55.1
31.95	-9.046	-9.967	-83.1
31.96	-9.061	-11.623	-100.8
31.97	-9.076	-13.528	-83.0
31.98	-9.092	-15.500	-53.7
31.99	-9.109	-17.264	-30.7
32.0	-9.126	-18.556	-16.8
32.01	-9.144	-19.484	-26.5
32.02	-9.162	-20.275	-53.1
32.03	-9.180	-20.845	-20.8
32.04	-9.196	-21.030	36.1
32.05	-9.210	-20.873	27.3
32.06	-9.224	-20.525	-22.6
32.07	-9.242	-20.028	-55.8
32.08	-9.262	-19.502	-66.8
32.09	-9.283	-19.017	-77.6
32.1	-9.303	-18.394	-75.1
32.11	-9.324	-17.584	-56.2
32.12	-9.342	-16.770	-20.5
32.13	-9.356	-16.059	111.1
32.14	-9.369	-15.378	401.8
32.15	-9.386	-14.645	639.9
32.16	-9.408	-14.050	485.3
32.17	-9.436	-13.775	118.7
32.18	-9.472	-13.694	-51.5
32.19	-9.516	-13.644	-63.8
32.2	-9.560	-13.742	-77.2
32.21	-9.599	-14.205	-84.3
32.22	-9.633	-14.775	-54.4
32.23	-9.666	-14.920	-34.4
32.24	-9.699	-14.659	-30.5
32.25	-9.733	-14.350	-25.3
32.26	-9.764	-13.527	-18.1
32.27	-9.794	-10.698	2.8
32.28	-9.821	-4.422	7.2
32.29	-9.844	5.856	10.3
32.3	-9.865	19.133	41.1
32.31	-9.883	32.902	84.4
32.32	-9.899	43.925	114.6
32.33	-9.914	49.645	137.7
32.34	-9.927	50.598	153.4
32.35	-9.938	47.755	163.1
32.36	-9.944	40.384	161.3
32.37	-9.946	29.495	168.7
32.38	-9.943	17.625	178.2
32.39	-9.937	6.577	116.6
32.4	-9.928	-2.792	41.5
32.41	-9.917	-10.275	-11.5
32.42	-9.901	-15.848	-72.6
32.43	-9.885	-19.273	-102.9
32.44	-9.876	-20.447	-97.7
32.45	-9.872	-20.095	-101.3
32.46	-9.864	-19.384	-99.2
32.47	-9.848	-19.109	-91.2
32.48	-9.823	-19.756	-95.2
32.49	-9.791	-21.564	-108.9
32.5	-9.751	-24.364	-123.7
32.51	-9.703	-27.452	-108.8
32.52	-9.651	-29.680	-96.5
32.53	-9.600	-30.166	-93.7
32.54	-9.549	-28.742	-77.7
32.55	-9.500	-25.723	-76.5
32.56	-9.451	-21.720	-92.2
32.57	-9.403	-17.498	-99.2
32.58	-9.356	-13.566	-87.1
32.59	-9.308	-9.906	-78.8
32.6	-9.261	-6.495	-77.0
32.61	-9.215	-3.914	-65.6
32.62	-9.169	-2.823	-67.9
32.63	-9.123	-3.136	-86.8
32.64	-9.076	-4.322	-83.3
32.65	-9.029	-6.164	-50.8
32.66	-8.984	-8.684	-53.7
32.67	-8.943	-11.697	-98.3
32.68	-8.903	-14.733	-91.2
32.69	-8.864	-17.353	-43.0
32.7	-8.824	-19.248	-26.0
32.71	-8.784	-20.261	-45.1
32.72	-8.747	-20.516	-51.4
32.73	-8.713	-20.281	-16.5
32.74	-8.681	-19.798	12.7
32.75	-8.648	-19.261	-2.7
32.76	-8.616	-18.784	-39.7
32.77	-8.584	-18.498	-71.4
32.78	-8.554	-18.509	-80.3
32.79	-8.527	-18.561	-75.8
32.8	-8.502	-18.194	-81.2
32.81	-8.481	-17.311	-72.8
32.82	-8.455	-16.184	-35.2
32.83	-8.426	-15.088	118.1
32.84	-8.400	-14.158	441.1
32.85	-8.379	-13.458	637.9
32.86	-8.359	-13.019	416.2
32.87	-8.336	-12.853	53.4
32.88	-8.314	-12.925	-92.9
32.89	-8.296	-13.114	-99.3
32.9	-8.276	-13.438	-85.5
32.91	-8.254	-14.013	-78.3
32.92	-8.232	-14.645	-88.0
32.93	-8.212	-14.927	-69.0
32.94	-8.190	-14.597	-56.6
32.95	-8.167	-13.489	-66.6
32.96	-8.144	-10.941	-56.0
32.97	-8.123	-5.509	-34.8
32.98	-8.104	3.970	4.4
32.99	-8.084	17.022	25.1
33.0	-8.066	31.461	31.4
33.01	-8.046	43.494	55.2
33.02	-8.024	49.666	89.0
33.03	-8.004	51.033	120.2
33.04	-7.985	50.030	122.2
33.05	-7.966	45.009	117.0
33.06	-7.948	34.875	138.1
33.07	-7.931	22.394	158.0
33.08	-7.915	10.331	107.2
33.09	-7.901	0.038	23.7
33.1	-7.885	-7.770	-28.1
33.11	-7.869	-13.078	-64.3
33.12	-7.854	-16.331	-95.2
33.13	-7.844	-18.028	-124.5
33.14	-7.836	-18.644	-131.1
33.15	-7.828	-18.872	-115.2
33.16	-7.815	-19.511	-112.5
33.17	-7.801	-20.825	-126.0
33.18	-7.788	-22.647	-126.2
33.19	-7.777	-25.059	-123.8
33.2	-7.767	-28.139	-152.4
33.21	-7.756	-31.183	-162.9
33.22	-7.746	-33.025	-128.8
33.23	-7.737	-33.038	-88.5
33.24	-7.731	-31.269	-85.3
33.25	-7.724	-27.981	-115.2
33.26	-7.718	-23.613	-108.1
33.27	-7.711	-18.961	-95.5
33.28	-7.702	-14.675	-109.6
33.29	-7.692	-11.128	-123.9
33.3	-7.682	-8.573	-119.9
33.31	-7.672	-7.020	-93.0
33.32	-7.663	-6.380	-91.3
33.33	-7.656	-6.528	-90.9
33.34	-7.649	-7.345	-78.6
33.35	-7.642	-8.789	-94.3
33.36	-7.634	-10.670	-89.4
33.37	-7.628	-12.661	-81.3
33.38	-7.623	-14.684	-105.1
33.39	-7.617	-16.753	-96.0
33.4	-7.613	-18.581	-84.5
33.41	-7.609	-19.989	-94.6
33.42	-7.606	-20.977	-67.9
33.43	-7.603	-21.403	-40.3
33.44	-7.600	-21.400	-57.7
33.45	-7.598	-20.992	-75.1
33.46	-7.597	-20.152	-55.3
33.47	-7.597	-19.489	-7.1
33.48	-7.595	-19.339	14.0
33.49	-7.592	-19.394	-22.9
33.5	-7.589	-19.384	-48.0
33.51	-7.586	-19.216	-34.8
33.52	-7.583	-18.825	-52.6
33.53	-7.583	-18.338	-104.6
33.54	-7.583	-17.778	-110.8
33.55	-7.583	-17.000	-62.9
33.56	-7.578	-16.219	-28.8
33.57	-7.571	-15.727	97.0
33.58	-7.567	-15.372	416.2
33.59	-7.572	-14.966	663.4
33.6	-7.579	-14.753	492.1
33.61	-7.586	-14.922	95.2
33.62	-7.593	-14.922	-93.8
33.63	-7.599	-13.922	-96.9
33.64	-7.598	-11.889	-81.0
33.65	-7.593	-9.255	-83.5
33.66	-7.588	-6.064	-89.2
33.67	-7.588	-2.881	-58.5
33.68	-7.586	-0.991	-31.0
33.69	-7.583	0.153	-36.1
33.7	-7.576	2.805	-42.3
33.71	-7.571	8.694	-22.7
33.72	-7.564	18.286	8.9
33.73	-7.559	30.152	12.8
33.74	-7.554	41.411	20.1
33.75	-7.550	48.478	72.7
33.76	-7.544	47.816	111.1
33.77	-7.539	37.266	117.2
33.78	-7.532	25.370	137.4
33.79	-7.526	21.108	158.4
33.8	-7.518	19.413	181.4
33.81	-7.510	14.427	166.5
33.82	-7.503	6.191	105.2
33.83	-7.496	-2.484	62.1
33.84	-7.488	-8.912	32.9
33.85	-7.478	-12.931	-10.3
33.86	-7.467	-15.344	-75.2
33.87	-7.459	-16.545	-148.3
33.88	-7.455	-17.425	-175.8
33.89	-7.453	-18.653	-138.6
33.9	-7.444	-19.788	-121.9
33.91	-7.429	-20.045	-150.1
33.92	-7.411	-19.984	-145.1
33.93	-7.391	-21.569	-106.9
33.94	-7.367	-24.781	-113.9
33.95	-7.340	-27.294	-155.2
33.96	-7.311	-27.850	-153.5
33.97	-7.281	-27.223	-123.6
33.98	-7.249	-26.425	-136.3
33.99	-7.218	-24.755	-136.3
34.0	-7.187	-20.936	-100.6
34.01	-7.158	-15.609	-98.6
34.02	-7.132	-11.195	-94.1
34.03	-7.109	-8.694	-94.2
34.04	-7.091	-6.544	-97.6
34.05	-7.075	-4.305	-88.8
34.06	-7.061	-6.208	-125.4
34.07	-7.050	-13.988	-147.6
34.08	-7.041	-20.917	-99.8
34.09	-7.033	-22.531	-64.6
34.1	-7.027	-21.063	-85.4
34.11	-7.021	-19.947	-130.8
34.12	-7.016	-19.727	-143.6
34.13	-7.012	-17.833	-102.6
34.14	-7.008	-14.081	-71.1
34.15	-7.004	-11.953	-83.9
34.16	-7.000	-12.048	-109.3
34.17	-6.997	-11.311	-106.5
34.18	-6.996	-9.906	-68.1
34.19	-6.996	-11.561	-49.1
34.2	-6.996	-17.927	-94.9
34.21	-6.997	-28.239	-121.3
34.22	-6.999	-40.594	-65.3
34.23	-7.004	-48.906	4.6
34.24	-7.009	-51.028	39.6
34.25	-7.009	-51.077	23.8
34.26	-7.001	-50.723	-17.0
34.27	-6.984	-50.355	-54.1
34.28	-6.958	-50.622	-73.3
34.29	-6.924	-51.042	-73.6
34.3	-6.888	-51.138	-67.4
34.31	-6.853	-51.141	-64.3
34.32	-6.819	-51.141	-65.5
34.33	-6.786	-51.139	-21.5
34.34	-6.751	-51.083	125.8
34.35	-6.722	-50.884	433.4
34.36	-6.704	-50.094	685.4
34.37	-6.700	-48.083	514.3
34.38	-6.705	-45.367	136.2
34.39	-6.721	-42.286	-46.2
34.4	-6.744	-40.330	-82.2
34.41	-6.766	-39.973	-90.6
34.42	-6.789	-41.284	-66.3
34.43	-6.817	-45.598	-39.0
34.44	-6.849	-49.709	-42.2
34.45	-6.878	-51.039	-71.9
34.46	-6.897	-51.133	-72.8
34.47	-6.913	-51.131	-27.3
34.48	-6.931	-51.089	11.7
34.49	-6.951	-48.938	45.7
34.5	-6.975	-37.405	46.0
34.51	-6.999	-13.859	28.4
34.52	-7.021	15.294	72.4
34.53	-7.039	38.934	137.8
34.54	-7.054	49.292	166.3
34.55	-7.068	51.072	162.0
34.56	-7.081	51.133	176.9
34.57	-7.093	51.123	206.4
34.58	-7.104	50.213	189.6
34.59	-7.116	44.217	148.6
34.6	-7.128	32.419	117.1
34.61	-7.138	21.619	66.7
34.62	-7.148	12.292	0.0
34.63	-7.157	0.494	-54.9
34.64	-7.167	-7.150	-100.8
34.65	-7.183	-4.141	-165.2
34.66	-7.204	5.083	-185.7
34.67	-7.224	15.448	-129.9
34.68	-7.242	20.642	-83.6
34.69	-7.256	11.819	-105.8
34.7	-7.264	0.650	-148.9
34.71	-7.266	8.006	-136.9
34.72	-7.263	29.856	-105.7
34.73	-7.258	46.325	-102.7
34.74	-7.254	50.908	-119.8
34.75	-7.255	51.122	-98.1
34.76	-7.259	50.733	-61.1
34.77	-7.266	47.877	-51.5
34.78	-7.270	41.463	-61.3
34.79	-7.270	34.058	-93.2
34.8	-7.265	27.392	-92.8
34.81	-7.254	21.053	-68.7
34.82	-7.242	15.384	-78.7
34.83	-7.234	11.277	-97.3
34.84	-7.229	9.511	-90.4
34.85	-7.227	9.838	-76.2
34.86	-7.224	10.902	-78.2
34.87	-7.224	11.456	-88.3
34.88	-7.231	10.592	-90.2
34.89	-7.244	7.934	-93.8
34.9	-7.259	3.633	-99.3
34.91	-7.276	-1.475	-87.4
34.92	-7.293	-5.930	-113.3
34.93	-7.308	-9.316	-136.4
34.94	-7.319	-11.830	-83.7
34.95	-7.323	-13.234	-37.8
34.96	-7.318	-13.778	-40.9
34.97	-7.306	-14.113	-47.2
34.98	-7.291	-14.523	-19.5
34.99	-7.274	-14.703	19.6
35.0	-7.258	-14.489	20.7
35.01	-7.240	-13.684	-29.8
35.02	-7.223	-11.450	-81.4
35.03	-7.209	-7.664	-79.3
35.04	-7.202	-3.197	-41.0
35.05	-7.207	0.773	-57.8
35.06	-7.228	4.134	-62.1
35.07	-7.268	6.697	27.7
35.08	-7.326	7.623	164.5
35.09	-7.407	8.863	453.3
35.1	-7.516	11.473	694.8
35.11	-7.644	12.647	499.3
35.12	-7.777	11.906	82.5
35.13	-7.918	12.370	-134.4
35.14	-8.061	14.470	-137.9
35.15	-8.193	14.227	-115.8
35.16	-8.308	10.614	-115.8
35.17	-8.412	7.558	-117.3
35.18	-8.506	8.144	-118.5
35.19	-8.589	11.498	-93.2
35.2	-8.654	14.727	-48.4
35.21	-8.703	15.639	-31.7
35.22	-8.735	16.767	-32.1
35.23	-8.752	24.375	5.8
35.24	-8.756	37.773	43.5
35.25	-8.749	47.927	63.8
35.26	-8.732	50.956	86.7
35.27	-8.707	51.130	114.7
35.28	-8.672	51.138	172.0
35.29	-8.628	51.122	211.2
35.3	-8.571	50.514	218.6
35.31	-8.504	46.781	252.6
35.32	-8.434	38.214	262.6
35.33	-8.369	28.745	210.1
35.34	-8.311	22.603	133.0
35.35	-8.261	18.941	52.4
35.36	-8.216	16.648	2.6
35.37	-8.176	15.461	-31.9
35.38	-8.142	14.917	-59.0
35.39	-8.117	13.830	-86.6
35.4	-8.096	11.953	-123.3
35.41	-8.077	11.253	-108.8
35.42	-8.057	12.270	-98.5
35.43	-8.036	15.631	-106.2
35.44	-8.014	21.030	-110.9
