Interval=	0.01 s
ExcelDateTime=	3.9777422011662587e+004	25/11/2008 10:07:41.807647
TimeFormat=	StartOfBlock
ChannelTitle=	Channel 1	Channel 2	Channel 3
Range=	20.000 mV	50.000 mV	1000.0 µV
0.0	-8.669	-21.409	-15.9
0.01	-8.664	-21.489	-66.3
0.02	-8.661	-21.459	-94.8
0.03	-8.659	-20.748	-63.3
0.04	-8.658	-19.188	-61.4
0.05	-8.657	-16.973	-92.8
0.06	-8.655	-14.530	-72.8
0.07	-8.650	-12.139	-64.7
0.08	-8.642	-9.827	-86.3
0.09	-8.629	-7.661	-66.1
0.1	-8.611	-5.867	-23.0
0.11	-8.592	-4.545	-41.7
0.12	-8.574	-3.825	-75.4
0.13	-8.559	-3.938	-61.1
0.14	-8.547	-4.930	-71.5
0.15	-8.537	-6.556	-79.3
0.16	-8.526	-8.392	-43.0
0.17	-8.516	-10.205	-9.4
0.18	-8.506	-11.956	-14.4
0.19	-8.496	-13.508	-45.0
0.2	-8.484	-14.834	-53.0
0.21	-8.471	-16.052	-25.0
0.22	-8.459	-17.278	0.8
0.23	-8.444	-17.903	-10.9
0.24	-8.428	-17.416	-14.1
0.25	-8.411	-17.064	-22.2
0.26	-8.394	-17.169	-67.0
0.27	-8.376	-16.656	-87.7
0.28	-8.357	-15.925	-69.5
0.29	-8.342	-15.850	-64.7
0.3	-8.325	-16.113	-53.3
0.31	-8.302	-16.025	52.2
0.32	-8.278	-15.628	289.0
0.33	-8.258	-15.300	518.5
0.34	-8.239	-15.047	427.8
0.35	-8.219	-14.792	102.0
0.36	-8.201	-14.550	-86.3
0.37	-8.185	-14.242	-97.7
0.38	-8.172	-13.914	-57.9
0.39	-8.158	-13.597	-48.2
0.4	-8.143	-13.178	-58.6
0.41	-8.127	-12.677	-66.8
0.42	-8.113	-12.083	-64.2
0.43	-8.099	-11.458	-55.9
0.44	-8.088	-10.747	-55.3
0.45	-8.079	-8.969	-9.7
0.46	-8.074	-4.606	41.3
0.47	-8.071	3.186	23.4
0.48	-8.069	13.256	13.3
0.49	-8.068	22.402	55.6
0.5	-8.069	27.831	85.1
0.51	-8.072	28.683	79.6
0.52	-8.076	25.192	102.2
0.53	-8.080	18.041	155.1
0.54	-8.086	8.467	167.7
0.55	-8.091	-1.770	141.0
0.56	-8.096	-10.984	103.2
0.57	-8.101	-18.314	70.7
0.58	-8.105	-23.634	38.7
0.59	-8.107	-26.830	-19.9
0.6	-8.108	-27.897	-81.6
0.61	-8.111	-27.416	-83.9
0.62	-8.116	-26.156	-76.8
0.63	-8.121	-24.470	-106.1
0.64	-8.124	-22.578	-99.4
0.65	-8.127	-21.027	-84.3
0.66	-8.127	-20.316	-109.8
0.67	-8.127	-20.458	-145.1
0.68	-8.126	-20.931	-146.1
0.69	-8.125	-21.053	-90.1
0.7	-8.126	-20.473	-65.2
0.71	-8.127	-19.203	-89.1
0.72	-8.131	-17.402	-96.6
0.73	-8.133	-15.191	-103.6
0.74	-8.136	-12.634	-94.8
0.75	-8.136	-10.069	-68.6
0.76	-8.136	-7.934	-78.5
0.77	-8.135	-6.314	-102.1
0.78	-8.133	-5.211	-95.5
0.79	-8.131	-4.833	-83.3
0.8	-8.127	-5.325	-96.6
0.81	-8.122	-6.517	-121.1
0.82	-8.116	-8.136	-98.5
0.83	-8.109	-10.053	-61.8
0.84	-8.102	-12.081	-88.4
0.85	-8.094	-13.830	-101.1
0.86	-8.088	-15.197	-70.6
0.87	-8.082	-16.261	-70.0
0.88	-8.077	-16.816	-90.0
0.89	-8.073	-16.881	-103.6
0.9	-8.070	-16.842	-89.2
0.91	-8.067	-16.653	-62.1
0.92	-8.064	-16.045	-53.2
0.93	-8.062	-15.345	-28.1
0.94	-8.060	-14.944	-5.5
0.95	-8.057	-14.617	-21.8
0.96	-8.053	-14.159	-26.1
0.97	-8.049	-13.689	-27.1
0.98	-8.044	-13.273	-57.5
0.99	-8.041	-12.945	-81.0
1.0	-8.037	-12.802	-95.6
1.01	-8.034	-12.811	-118.6
1.02	-8.033	-12.755	-66.9
1.03	-8.027	-12.553	48.2
1.04	-8.019	-12.323	213.5
1.05	-8.016	-12.117	486.2
1.06	-8.016	-11.964	567.2
1.07	-8.016	-11.939	263.5
1.08	-8.014	-12.075	-44.3
1.09	-8.014	-12.313	-102.4
1.1	-8.013	-12.484	-63.5
1.11	-8.011	-12.556	-57.3
1.12	-8.007	-12.603	-71.6
1.13	-8.002	-12.491	-60.6
1.14	-7.998	-12.041	-58.6
1.15	-7.994	-11.306	-70.9
1.16	-7.991	-10.159	-51.6
1.17	-7.991	-7.747	-22.9
1.18	-7.993	-2.428	-13.6
1.19	-7.994	6.523	-8.5
1.2	-7.995	16.934	21.5
1.21	-7.996	25.236	54.0
1.22	-7.997	29.191	65.1
1.23	-7.998	28.206	74.0
1.24	-7.998	22.606	98.1
1.25	-7.999	13.633	132.9
1.26	-8.000	3.261	147.7
1.27	-8.000	-6.669	140.0
1.28	-8.001	-14.881	126.0
1.29	-8.002	-20.723	85.9
1.3	-8.004	-24.225	35.0
1.31	-8.006	-25.981	-17.2
1.32	-8.008	-26.509	-69.0
1.33	-8.011	-25.763	-108.8
1.34	-8.016	-23.923	-129.4
1.35	-8.019	-21.783	-126.2
1.36	-8.021	-19.945	-118.2
1.37	-8.021	-18.598	-117.8
1.38	-8.022	-17.905	-126.2
1.39	-8.022	-17.959	-135.2
1.4	-8.021	-18.528	-124.5
1.41	-8.020	-19.128	-112.0
1.42	-8.019	-19.213	-105.6
1.43	-8.019	-18.386	-111.1
1.44	-8.020	-16.697	-118.9
1.45	-8.019	-14.638	-96.9
1.46	-8.020	-12.622	-90.1
1.47	-8.021	-10.806	-107.5
1.48	-8.022	-9.194	-85.5
1.49	-8.023	-7.714	-65.7
1.5	-8.023	-6.631	-100.1
1.51	-8.022	-6.344	-113.7
1.52	-8.021	-6.809	-90.6
1.53	-8.021	-7.920	-84.7
1.54	-8.021	-9.545	-104.4
1.55	-8.021	-11.200	-105.3
1.56	-8.020	-12.525	-69.3
1.57	-8.019	-13.609	-68.2
1.58	-8.019	-14.620	-97.0
1.59	-8.021	-15.492	-96.2
1.6	-8.024	-16.017	-91.2
1.61	-8.028	-16.250	-83.6
1.62	-8.033	-16.283	-81.9
1.63	-8.039	-16.053	-98.4
1.64	-8.044	-15.727	-91.6
1.65	-8.049	-15.328	-77.1
1.66	-8.054	-14.792	-70.7
1.67	-8.060	-14.244	-67.2
1.68	-8.066	-13.772	-71.5
1.69	-8.070	-13.411	-64.5
1.7	-8.074	-13.083	-40.1
1.71	-8.076	-12.705	2.7
1.72	-8.079	-12.398	33.0
1.73	-8.080	-12.231	-6.7
1.74	-8.081	-12.089	-70.7
1.75	-8.082	-11.870	-95.0
1.76	-8.084	-11.559	-103.7
1.77	-8.088	-11.239	-105.0
1.78	-8.092	-11.145	-77.4
1.79	-8.094	-11.370	-39.2
1.8	-8.093	-11.597	55.8
1.81	-8.091	-11.597	267.6
1.82	-8.093	-11.438	518.8
1.83	-8.098	-11.294	531.6
1.84	-8.102	-11.366	215.7
1.85	-8.105	-11.678	-23.7
1.86	-8.108	-12.134	-52.6
1.87	-8.110	-12.647	-49.9
1.88	-8.111	-13.088	-62.8
1.89	-8.111	-13.286	-86.9
1.9	-8.111	-13.145	-93.1
1.91	-8.111	-12.620	-82.7
1.92	-8.111	-11.680	-49.6
1.93	-8.111	-10.050	-17.2
1.94	-8.111	-6.613	2.0
1.95	-8.111	0.233	-11.2
1.96	-8.111	10.334	-24.4
1.97	-8.111	20.648	21.3
1.98	-8.111	27.572	70.3
1.99	-8.112	29.253	84.9
2.0	-8.113	25.494	101.3
2.01	-8.115	17.284	129.1
2.02	-8.117	6.692	148.8
2.03	-8.119	-3.847	151.9
2.04	-8.122	-12.533	138.7
2.05	-8.126	-18.714	133.9
2.06	-8.133	-22.563	121.6
2.07	-8.143	-24.455	79.9
2.08	-8.154	-24.856	-5.8
2.09	-8.168	-24.177	-79.9
2.1	-8.183	-22.648	-97.2
2.11	-8.199	-20.786	-118.3
2.12	-8.211	-19.175	-143.1
2.13	-8.222	-17.970	-134.2
2.14	-8.232	-17.233	-126.4
2.15	-8.243	-17.202	-121.9
2.16	-8.253	-17.873	-102.9
2.17	-8.261	-18.714	-106.5
2.18	-8.269	-19.067	-136.9
2.19	-8.275	-18.630	-137.4
2.2	-8.282	-17.358	-104.5
2.21	-8.290	-15.425	-89.5
2.22	-8.300	-13.292	-81.4
2.23	-8.313	-11.363	-94.0
2.24	-8.328	-9.684	-116.7
2.25	-8.346	-8.264	-111.8
2.26	-8.366	-7.241	-107.9
2.27	-8.386	-6.645	-87.7
2.28	-8.404	-6.578	-63.5
2.29	-8.422	-7.083	-84.7
2.3	-8.438	-7.931	-97.2
2.31	-8.454	-9.005	-81.9
2.32	-8.470	-10.263	-82.6
2.33	-8.486	-11.542	-97.6
2.34	-8.501	-12.736	-108.8
2.35	-8.514	-13.753	-92.3
2.36	-8.527	-14.416	-65.7
2.37	-8.539	-14.741	-59.4
2.38	-8.550	-14.933	-55.5
2.39	-8.561	-15.073	-53.8
2.4	-8.571	-15.072	-45.5
2.41	-8.579	-14.847	-16.6
2.42	-8.587	-14.450	14.6
2.43	-8.593	-14.003	6.0
2.44	-8.599	-13.534	-51.8
2.45	-8.604	-13.009	-73.6
2.46	-8.609	-12.552	-67.8
2.47	-8.616	-12.244	-86.1
2.48	-8.623	-11.961	-85.6
2.49	-8.631	-11.648	-71.4
2.5	-8.638	-11.317	-31.2
2.51	-8.641	-10.944	93.8
2.52	-8.644	-10.589	383.5
2.53	-8.652	-10.288	635.5
2.54	-8.662	-10.013	459.8
2.55	-8.671	-9.895	85.8
2.56	-8.678	-10.086	-55.2
2.57	-8.686	-10.445	-61.5
2.58	-8.692	-10.816	-81.8
2.59	-8.697	-11.163	-68.2
2.6	-8.701	-11.313	-44.0
2.61	-8.703	-11.198	-58.3
2.62	-8.703	-11.044	-61.3
2.63	-8.703	-10.794	-37.3
2.64	-8.705	-9.889	-17.5
2.65	-8.707	-7.263	-7.0
2.66	-8.711	-1.572	21.3
2.67	-8.714	7.222	65.9
2.68	-8.715	16.863	74.5
2.69	-8.717	24.356	82.2
2.7	-8.719	27.703	107.6
2.71	-8.722	26.080	134.0
2.72	-8.725	19.819	150.1
2.73	-8.727	10.484	161.4
2.74	-8.729	0.364	190.3
2.75	-8.732	-8.469	200.8
2.76	-8.736	-15.009	186.0
2.77	-8.739	-19.284	134.6
2.78	-8.743	-21.767	19.9
2.79	-8.746	-22.767	-72.3
2.8	-8.749	-22.327	-95.4
2.81	-8.752	-20.875	-109.3
2.82	-8.756	-19.184	-117.0
2.83	-8.758	-17.708	-105.8
2.84	-8.758	-16.605	-98.5
2.85	-8.759	-16.127	-122.9
2.86	-8.759	-16.338	-160.1
2.87	-8.759	-16.959	-150.3
2.88	-8.759	-17.717	-109.8
2.89	-8.758	-18.120	-104.1
2.9	-8.758	-17.495	-108.9
2.91	-8.758	-15.689	-94.8
2.92	-8.759	-13.313	-96.6
2.93	-8.760	-11.013	-107.6
2.94	-8.761	-8.798	-101.2
2.95	-8.762	-6.616	-86.3
2.96	-8.764	-4.836	-89.2
2.97	-8.765	-3.758	-86.9
2.98	-8.766	-3.394	-82.4
2.99	-8.767	-3.609	-93.0
3.0	-8.768	-4.261	-96.2
3.01	-8.768	-5.438	-86.4
3.02	-8.768	-7.119	-80.2
3.03	-8.768	-8.919	-83.5
3.04	-8.768	-10.527	-64.3
3.05	-8.766	-11.955	-54.5
3.06	-8.765	-13.169	-75.3
3.07	-8.764	-13.891	-70.8
3.08	-8.762	-14.114	-30.0
3.09	-8.758	-14.261	13.0
3.1	-8.750	-14.531	18.8
3.11	-8.741	-14.581	-26.3
3.12	-8.729	-14.172	-56.8
3.13	-8.716	-13.627	-58.5
3.14	-8.704	-13.256	-67.8
3.15	-8.694	-12.872	-95.8
3.16	-8.688	-12.289	-98.4
3.17	-8.684	-11.783	-54.5
3.18	-8.678	-11.553	-14.8
3.19	-8.668	-11.380	102.9
3.2	-8.658	-11.105	378.7
3.21	-8.656	-10.773	576.3
3.22	-8.654	-10.511	405.4
3.23	-8.651	-10.525	67.2
3.24	-8.649	-10.800	-88.0
3.25	-8.648	-11.052	-100.8
3.26	-8.648	-11.184	-77.2
3.27	-8.646	-11.308	-43.8
3.28	-8.642	-11.297	-51.6
3.29	-8.636	-10.877	-72.8
3.3	-8.631	-10.286	-56.7
3.31	-8.629	-9.855	-34.2
3.32	-8.628	-9.123	-34.8
3.33	-8.631	-6.842	-27.1
3.34	-8.636	-1.609	11.8
3.35	-8.645	6.831	34.3
3.36	-8.655	16.742	42.8
3.37	-8.666	25.302	80.2
3.38	-8.679	29.902	109.9
3.39	-8.692	29.098	110.9
3.4	-8.704	23.284	129.3
3.41	-8.713	14.303	171.6
3.42	-8.718	4.534	182.7
3.43	-8.719	-4.166	156.3
3.44	-8.719	-11.006	116.8
3.45	-8.721	-15.877	68.4
3.46	-8.726	-18.877	5.0
3.47	-8.731	-20.084	-52.2
3.48	-8.735	-19.816	-77.2
3.49	-8.739	-18.730	-87.7
3.5	-8.744	-17.478	-103.1
3.51	-8.748	-16.512	-130.8
3.52	-8.749	-16.045	-131.6
3.53	-8.752	-16.080	-122.3
3.54	-8.754	-16.669	-117.0
3.55	-8.754	-17.455	-92.4
3.56	-8.754	-17.952	-92.1
3.57	-8.752	-18.261	-125.5
3.58	-8.752	-17.945	-125.9
3.59	-8.753	-16.459	-79.8
3.6	-8.757	-14.017	-76.8
3.61	-8.762	-10.986	-114.4
3.62	-8.767	-7.933	-102.5
3.63	-8.771	-5.323	-59.2
3.64	-8.774	-3.348	-73.0
3.65	-8.774	-2.163	-106.9
3.66	-8.773	-1.748	-84.8
3.67	-8.772	-2.095	-68.4
3.68	-8.773	-3.172	-74.0
3.69	-8.774	-4.708	-65.2
3.7	-8.774	-6.450	-77.5
3.71	-8.774	-8.297	-96.1
3.72	-8.774	-10.164	-64.7
3.73	-8.775	-11.673	-55.6
3.74	-8.776	-12.480	-75.5
3.75	-8.776	-12.884	-52.3
3.76	-8.778	-13.288	-26.8
3.77	-8.782	-13.555	-24.7
3.78	-8.786	-13.458	-21.6
3.79	-8.787	-13.119	4.8
3.8	-8.789	-12.800	7.4
3.81	-8.791	-12.330	-35.4
3.82	-8.792	-11.464	-69.4
3.83	-8.791	-10.778	-62.0
3.84	-8.791	-10.767	-21.7
3.85	-8.792	-10.814	-35.7
3.86	-8.797	-10.405	-76.7
3.87	-8.804	-9.909	-43.6
3.88	-8.806	-9.648	25.3
3.89	-8.806	-9.488	160.7
3.9	-8.809	-9.286	432.2
3.91	-8.812	-9.198	542.8
3.92	-8.814	-9.442	268.6
3.93	-8.816	-9.881	-2.0
3.94	-8.818	-10.184	-58.7
3.95	-8.819	-10.353	-56.5
3.96	-8.818	-10.555	-52.3
3.97	-8.815	-10.659	-49.2
3.98	-8.810	-10.409	-44.2
3.99	-8.804	-9.938	-41.1
4.0	-8.797	-9.588	-23.3
4.01	-8.791	-9.150	-6.2
4.02	-8.789	-7.561	-4.1
4.03	-8.789	-3.267	2.9
4.04	-8.789	4.859	1.2
4.05	-8.788	16.194	0.3
4.06	-8.787	28.009	12.3
4.07	-8.784	36.858	53.8
4.08	-8.778	40.025	114.0
4.09	-8.769	36.939	136.7
4.1	-8.758	29.367	133.4
4.11	-8.746	19.663	137.6
4.12	-8.734	9.713	136.8
4.13	-8.724	0.853	108.0
4.14	-8.717	-6.108	63.4
4.15	-8.713	-10.772	32.4
4.16	-8.707	-13.383	10.8
4.17	-8.701	-14.555	-35.1
4.18	-8.692	-14.589	-92.1
4.19	-8.682	-13.733	-121.7
4.2	-8.676	-12.638	-109.3
4.21	-8.677	-11.998	-79.5
4.22	-8.679	-12.098	-73.8
4.23	-8.678	-12.789	-87.7
4.24	-8.673	-13.917	-95.6
4.25	-8.669	-15.623	-100.9
4.26	-8.667	-17.691	-109.6
4.27	-8.664	-19.133	-116.9
4.28	-8.660	-19.123	-84.0
4.29	-8.652	-17.772	-49.9
4.3	-8.643	-15.522	-81.6
4.31	-8.632	-12.609	-103.3
4.32	-8.621	-9.469	-80.7
4.33	-8.611	-6.689	-61.1
4.34	-8.602	-4.731	-67.2
4.35	-8.594	-3.809	-86.7
4.36	-8.587	-3.708	-76.0
4.37	-8.580	-4.108	-64.2
4.38	-8.574	-4.869	-71.3
4.39	-8.567	-5.972	-81.4
4.4	-8.561	-7.395	-74.3
4.41	-8.554	-8.961	-50.8
4.42	-8.549	-10.455	-59.3
4.43	-8.544	-11.745	-71.3
4.44	-8.540	-12.750	-69.1
4.45	-8.537	-13.550	-73.3
4.46	-8.534	-14.263	-71.5
4.47	-8.531	-14.770	-34.6
4.48	-8.529	-14.953	-8.5
4.49	-8.526	-14.828	-1.0
4.5	-8.523	-14.533	0.3
4.51	-8.517	-14.230	-36.1
4.52	-8.510	-13.845	-58.0
4.53	-8.503	-13.183	-67.4
4.54	-8.496	-12.438	-89.6
4.55	-8.491	-11.898	-107.3
4.56	-8.488	-11.448	-99.0
4.57	-8.485	-10.959	-46.5
4.58	-8.479	-10.533	14.8
4.59	-8.470	-10.258	117.3
4.6	-8.464	-10.141	378.9
4.61	-8.460	-10.059	573.9
4.62	-8.456	-9.900	361.5
4.63	-8.452	-9.848	31.9
4.64	-8.449	-10.108	-81.3
4.65	-8.447	-10.608	-85.8
4.66	-8.444	-11.256	-61.3
4.67	-8.439	-11.841	-67.3
4.68	-8.432	-11.911	-80.4
4.69	-8.424	-11.370	-53.0
4.7	-8.416	-10.623	-43.6
4.71	-8.411	-9.800	-57.4
4.72	-8.406	-8.117	-54.9
4.73	-8.404	-3.891	-33.1
4.74	-8.402	4.103	7.0
4.75	-8.400	15.047	37.0
4.76	-8.398	26.325	27.7
4.77	-8.396	34.952	35.0
4.78	-8.393	38.605	62.3
4.79	-8.391	36.564	88.5
4.8	-8.387	30.048	104.9
4.81	-8.384	21.228	87.8
4.82	-8.381	12.094	116.3
4.83	-8.377	3.855	153.7
4.84	-8.376	-2.956	94.3
4.85	-8.375	-8.073	11.9
4.86	-8.374	-11.408	-36.3
4.87	-8.374	-13.234	-64.0
4.88	-8.374	-14.138	-101.3
4.89	-8.374	-14.536	-117.4
4.9	-8.377	-14.606	-105.5
4.91	-8.383	-14.586	-112.8
4.92	-8.388	-14.892	-109.2
4.93	-8.389	-15.803	-117.0
4.94	-8.387	-17.102	-139.0
4.95	-8.384	-18.505	-126.0
4.96	-8.381	-19.966	-105.4
4.97	-8.379	-20.942	-89.2
4.98	-8.376	-20.672	-72.8
4.99	-8.374	-19.209	-86.1
5.0	-8.374	-17.081	-101.7
5.01	-8.374	-14.559	-118.7
5.02	-8.376	-11.692	-131.0
5.03	-8.377	-8.758	-84.7
5.04	-8.379	-6.266	-66.9
5.05	-8.381	-4.509	-87.9
5.06	-8.383	-3.653	-72.9
5.07	-8.381	-3.720	-76.3
5.08	-8.377	-4.430	-98.1
5.09	-8.374	-5.633	-89.3
5.1	-8.371	-7.375	-84.9
5.11	-8.368	-9.386	-91.9
5.12	-8.367	-11.234	-96.0
5.13	-8.365	-12.873	-89.6
5.14	-8.362	-14.341	-65.3
5.15	-8.358	-15.352	-52.7
5.16	-8.355	-15.869	-58.5
5.17	-8.353	-16.330	-79.7
5.18	-8.350	-16.731	-104.5
5.19	-8.348	-16.656	-80.2
5.2	-8.346	-16.175	-42.4
5.21	-8.344	-15.672	-48.3
5.22	-8.341	-15.236	-64.5
5.23	-8.338	-14.780	-81.0
5.24	-8.336	-14.380	-77.2
5.25	-8.332	-14.023	-81.7
5.26	-8.330	-13.691	-76.0
5.27	-8.328	-13.611	-30.9
5.28	-8.325	-13.686	-33.9
5.29	-8.322	-13.558	-65.3
5.3	-8.319	-13.294	-71.6
5.31	-8.318	-13.172	-47.9
5.32	-8.317	-13.131	-69.4
5.33	-8.316	-13.005	-88.2
5.34	-8.314	-12.920	-33.4
5.35	-8.311	-12.927	-23.5
5.36	-8.309	-12.827	-53.0
5.37	-8.307	-12.638	-68.1
5.38	-8.304	-12.578	-56.1
5.39	-8.302	-12.680	-24.5
5.4	-8.299	-12.863	-9.8
5.41	-8.295	-13.045	0.7
5.42	-8.292	-13.220	32.3
5.43	-8.288	-13.555	33.6
5.44	-8.284	-13.989	-20.2
5.45	-8.281	-14.127	-58.8
5.46	-8.278	-13.842	-66.0
5.47	-8.275	-13.473	-57.6
5.48	-8.273	-13.330	-51.9
5.49	-8.270	-13.405	-53.1
5.5	-8.267	-13.569	-32.6
5.51	-8.260	-13.789	52.4
5.52	-8.254	-14.056	278.5
5.53	-8.252	-14.161	564.0
5.54	-8.253	-13.988	587.5
5.55	-8.252	-13.877	261.4
5.56	-8.250	-13.970	-36.1
5.57	-8.247	-14.005	-76.7
5.58	-8.243	-13.977	-22.1
5.59	-8.239	-14.002	-24.2
5.6	-8.236	-14.009	-60.3
5.61	-8.231	-14.003	-77.5
5.62	-8.225	-13.706	-83.0
5.63	-8.221	-12.648	-73.0
5.64	-8.219	-10.253	-40.5
5.65	-8.218	-4.908	3.7
5.66	-8.217	4.927	16.1
5.67	-8.215	18.045	-6.9
5.68	-8.214	30.919	5.8
5.69	-8.213	40.617	51.6
5.7	-8.211	45.705	70.4
5.71	-8.207	45.623	74.5
5.72	-8.205	40.581	119.2
5.73	-8.203	31.714	163.4
5.74	-8.200	21.123	137.8
5.75	-8.199	10.927	124.5
5.76	-8.197	2.094	150.1
5.77	-8.196	-5.131	133.5
5.78	-8.196	-10.492	62.7
5.79	-8.197	-13.936	-24.3
5.8	-8.198	-15.797	-53.9
5.81	-8.201	-16.512	-63.1
5.82	-8.203	-16.461	-94.6
5.83	-8.204	-16.069	-108.9
5.84	-8.204	-15.861	-114.5
5.85	-8.205	-16.125	-116.1
5.86	-8.207	-16.930	-122.0
5.87	-8.209	-18.375	-137.0
5.88	-8.209	-20.138	-137.0
5.89	-8.209	-21.445	-116.3
5.9	-8.210	-21.794	-84.9
5.91	-8.211	-21.177	-72.2
5.92	-8.215	-19.744	-98.3
5.93	-8.222	-17.572	-110.0
5.94	-8.232	-14.959	-95.2
5.95	-8.245	-12.320	-91.4
5.96	-8.259	-9.833	-94.3
5.97	-8.274	-7.720	-96.2
5.98	-8.287	-6.139	-89.7
5.99	-8.299	-5.119	-82.0
6.0	-8.311	-4.828	-70.4
6.01	-8.320	-5.317	-76.2
6.02	-8.329	-6.295	-96.4
6.03	-8.336	-7.484	-90.8
6.04	-8.342	-8.811	-77.0
6.05	-8.349	-10.300	-78.6
6.06	-8.357	-11.870	-85.5
6.07	-8.365	-13.222	-80.6
6.08	-8.374	-14.270	-67.9
6.09	-8.383	-15.256	-76.1
6.1	-8.391	-16.192	-71.4
6.11	-8.400	-16.759	-51.6
6.12	-8.410	-16.909	-68.8
6.13	-8.421	-16.900	-68.3
6.14	-8.433	-16.894	-57.8
6.15	-8.444	-16.842	-74.9
6.16	-8.454	-16.542	-71.4
6.17	-8.465	-16.033	-51.8
6.18	-8.476	-15.628	-41.3
6.19	-8.486	-15.313	-49.5
6.2	-8.496	-14.961	-62.4
6.21	-8.506	-14.613	-42.6
6.22	-8.516	-14.273	-2.0
6.23	-8.524	-14.031	25.2
6.24	-8.532	-14.023	26.6
6.25	-8.539	-14.198	8.2
6.26	-8.544	-14.336	-16.9
6.27	-8.549	-14.266	-32.0
6.28	-8.556	-14.030	-43.1
6.29	-8.562	-13.748	-46.8
6.3	-8.568	-13.355	-61.7
6.31	-8.575	-12.764	-76.6
6.32	-8.583	-12.191	-38.3
6.33	-8.590	-11.847	26.4
6.34	-8.594	-11.553	163.2
6.35	-8.598	-11.216	460.3
6.36	-8.604	-11.123	647.0
6.37	-8.609	-11.377	407.8
6.38	-8.613	-11.788	52.1
6.39	-8.618	-12.220	-60.9
6.4	-8.624	-12.617	-42.8
6.41	-8.629	-13.020	-37.4
6.42	-8.633	-13.402	-48.8
6.43	-8.634	-13.494	-52.5
6.44	-8.634	-13.222	-32.4
6.45	-8.631	-12.903	-18.3
6.46	-8.627	-12.619	-20.5
6.47	-8.625	-11.853	-1.5
6.48	-8.627	-9.573	29.4
6.49	-8.629	-4.131	34.4
6.5	-8.631	5.630	32.0
6.51	-8.630	18.214	54.7
6.52	-8.626	30.166	100.1
6.53	-8.617	38.977	130.8
6.54	-8.605	43.873	135.0
6.55	-8.591	44.500	165.3
6.56	-8.578	40.481	201.3
6.57	-8.566	32.727	197.0
6.58	-8.556	23.191	169.7
6.59	-8.549	13.211	147.6
6.6	-8.543	3.688	114.2
6.61	-8.538	-4.383	42.0
6.62	-8.534	-10.422	-15.8
6.63	-8.530	-14.386	-36.7
6.64	-8.529	-16.463	-77.1
6.65	-8.534	-17.028	-108.7
6.66	-8.541	-16.620	-85.2
6.67	-8.547	-15.927	-77.0
6.68	-8.554	-15.531	-95.2
6.69	-8.561	-15.831	-100.3
6.7	-8.566	-17.094	-124.4
6.71	-8.571	-19.022	-141.7
6.72	-8.578	-20.870	-102.4
6.73	-8.588	-21.941	-75.6
6.74	-8.600	-21.769	-86.3
6.75	-8.613	-20.350	-103.4
6.76	-8.624	-18.064	-98.5
6.77	-8.632	-15.355	-52.6
6.78	-8.636	-12.480	-49.2
6.79	-8.636	-9.584	-80.7
6.8	-8.636	-6.992	-83.9
6.81	-8.639	-5.016	-80.6
6.82	-8.645	-3.664	-71.6
6.83	-8.651	-2.931	-54.2
6.84	-8.658	-2.964	-56.3
6.85	-8.665	-3.808	-80.9
6.86	-8.671	-5.244	-86.0
6.87	-8.676	-6.950	-68.5
6.88	-8.681	-8.787	-52.5
6.89	-8.685	-10.822	-45.8
6.9	-8.690	-12.881	-49.0
6.91	-8.694	-14.555	-51.8
6.92	-8.697	-15.695	-56.6
6.93	-8.699	-16.403	-77.4
6.94	-8.701	-16.831	-69.0
6.95	-8.703	-16.997	-47.1
6.96	-8.704	-16.920	-52.8
6.97	-8.706	-16.758	-27.6
6.98	-8.709	-16.448	3.5
6.99	-8.713	-15.827	-5.6
7.0	-8.717	-15.136	2.8
7.01	-8.721	-14.758	20.5
7.02	-8.723	-14.495	2.3
7.03	-8.726	-14.214	-23.2
7.04	-8.729	-13.978	-32.6
7.05	-8.732	-13.405	-40.7
7.06	-8.736	-12.666	-67.3
7.07	-8.740	-12.213	-60.7
7.08	-8.746	-11.664	-8.1
7.09	-8.751	-11.030	21.7
7.1	-8.752	-10.859	75.3
7.11	-8.752	-10.928	293.8
7.12	-8.754	-10.977	552.0
7.13	-8.754	-11.238	477.8
7.14	-8.754	-11.613	153.6
7.15	-8.753	-11.895	-24.7
7.16	-8.754	-12.189	-24.3
7.17	-8.756	-12.647	-15.9
7.18	-8.756	-13.264	-35.0
7.19	-8.752	-13.756	-49.1
7.2	-8.748	-13.784	-49.7
7.21	-8.744	-13.339	-16.8
7.22	-8.741	-12.716	13.1
7.23	-8.738	-12.083	-1.5
7.24	-8.738	-10.867	-18.1
7.25	-8.739	-7.481	11.5
7.26	-8.742	-0.347	51.1
7.27	-8.742	10.559	61.3
7.28	-8.739	23.344	68.5
7.29	-8.736	35.366	79.7
7.3	-8.732	44.463	126.8
7.31	-8.731	49.158	156.1
7.32	-8.729	49.030	140.6
7.33	-8.729	44.516	166.9
7.34	-8.730	36.439	180.6
7.35	-8.730	26.366	152.7
7.36	-8.729	15.867	116.5
7.37	-8.728	5.900	54.6
7.38	-8.727	-2.598	-18.4
7.39	-8.724	-9.017	-58.8
7.4	-8.723	-13.459	-67.8
7.41	-8.724	-16.253	-99.4
7.42	-8.725	-17.705	-117.2
7.43	-8.726	-18.200	-94.5
7.44	-8.726	-18.153	-84.1
7.45	-8.723	-18.136	-76.9
7.46	-8.718	-18.728	-70.3
7.47	-8.712	-20.094	-76.0
7.48	-8.705	-21.983	-84.7
7.49	-8.698	-23.658	-102.5
7.5	-8.693	-24.188	-112.2
7.51	-8.689	-23.161	-80.0
7.52	-8.686	-20.794	-44.9
7.53	-8.683	-17.445	-33.3
7.54	-8.684	-13.489	-45.7
7.55	-8.686	-9.452	-97.1
7.56	-8.688	-5.747	-90.5
7.57	-8.689	-2.572	-23.1
7.58	-8.690	-0.147	-28.8
7.59	-8.690	1.259	-63.1
7.6	-8.691	1.452	-53.9
7.61	-8.693	0.441	-61.3
7.62	-8.693	-1.508	-72.6
7.63	-8.691	-4.073	-57.1
7.64	-8.686	-6.930	-31.6
7.65	-8.683	-9.725	-23.8
7.66	-8.681	-12.203	-53.1
7.67	-8.679	-14.269	-68.5
7.68	-8.679	-15.928	-52.4
7.69	-8.679	-17.036	-51.2
7.7	-8.678	-17.473	-45.0
7.71	-8.673	-17.484	-30.3
7.72	-8.668	-17.356	-23.2
7.73	-8.663	-17.241	-9.1
7.74	-8.660	-17.231	-9.9
7.75	-8.659	-17.122	10.0
7.76	-8.659	-16.736	33.0
7.77	-8.658	-16.358	-8.4
7.78	-8.654	-15.981	-49.8
7.79	-8.649	-15.403	-65.8
7.8	-8.641	-14.977	-67.5
7.81	-8.633	-14.653	-41.4
7.82	-8.628	-14.103	-27.5
7.83	-8.626	-13.763	-27.5
7.84	-8.619	-13.930	12.7
7.85	-8.607	-14.244	181.6
7.86	-8.598	-14.527	448.7
7.87	-8.590	-14.872	501.2
7.88	-8.581	-15.203	235.4
7.89	-8.571	-15.420	-2.6
7.9	-8.561	-15.533	-73.8
7.91	-8.553	-15.606	-80.5
7.92	-8.547	-15.683	-48.1
7.93	-8.539	-15.655	-31.6
7.94	-8.528	-15.447	-42.7
7.95	-8.516	-15.059	-39.1
7.96	-8.504	-14.352	-35.9
7.97	-8.491	-13.320	-42.1
7.98	-8.481	-11.978	-41.4
7.99	-8.473	-9.367	-14.2
8.0	-8.466	-3.503	17.3
8.01	-8.459	6.719	32.5
8.02	-8.453	19.833	41.8
8.03	-8.446	32.927	61.3
8.04	-8.439	43.364	71.1
8.05	-8.432	49.183	63.5
8.06	-8.427	50.159	130.0
8.07	-8.421	46.800	183.6
8.08	-8.414	39.328	149.2
8.09	-8.407	29.145	108.5
8.1	-8.400	18.155	54.1
8.11	-8.393	7.628	-11.0
8.12	-8.387	-1.666	-28.9
8.13	-8.381	-9.277	-35.8
8.14	-8.376	-14.816	-71.7
8.15	-8.373	-18.116	-87.4
8.16	-8.375	-19.648	-94.3
8.17	-8.377	-20.164	-105.6
8.18	-8.376	-20.125	-109.0
8.19	-8.373	-19.780	-100.7
8.2	-8.369	-19.648	-74.1
8.21	-8.365	-20.522	-82.2
8.22	-8.362	-22.420	-110.8
8.23	-8.358	-24.436	-103.5
8.24	-8.356	-25.742	-95.3
8.25	-8.353	-25.872	-102.5
8.26	-8.352	-24.570	-86.4
8.27	-8.351	-22.030	-58.3
8.28	-8.351	-18.700	-63.1
8.29	-8.353	-15.011	-80.0
8.3	-8.354	-11.416	-74.3
8.31	-8.354	-8.170	-74.6
8.32	-8.355	-5.422	-96.4
8.33	-8.354	-3.452	-69.3
8.34	-8.354	-2.484	-43.7
8.35	-8.353	-2.556	-91.5
8.36	-8.351	-3.525	-105.3
8.37	-8.349	-5.138	-66.4
8.38	-8.347	-7.267	-48.5
8.39	-8.344	-9.716	-70.4
8.4	-8.341	-12.067	-89.6
8.41	-8.339	-14.166	-79.0
8.42	-8.338	-16.184	-81.3
8.43	-8.337	-18.045	-93.5
8.44	-8.336	-19.414	-78.1
8.45	-8.334	-20.305	-44.2
8.46	-8.332	-21.008	-44.5
8.47	-8.331	-21.486	-99.9
8.48	-8.330	-21.592	-114.5
8.49	-8.329	-21.494	-75.6
8.5	-8.328	-21.278	-65.4
8.51	-8.327	-20.750	-82.7
8.52	-8.326	-20.002	-68.8
8.53	-8.325	-19.439	-66.1
8.54	-8.324	-19.056	-95.9
8.55	-8.322	-18.558	-84.2
8.56	-8.322	-18.050	-73.8
8.57	-8.322	-17.734	-76.2
8.58	-8.321	-17.491	-67.1
8.59	-8.320	-17.197	-53.5
8.6	-8.319	-16.956	-38.2
8.61	-8.318	-16.769	-55.3
8.62	-8.317	-16.400	-42.1
8.63	-8.317	-15.941	-17.5
8.64	-8.317	-15.663	-23.9
8.65	-8.317	-15.492	27.7
8.66	-8.317	-15.384	49.8
8.67	-8.316	-15.398	-18.8
8.68	-8.314	-15.450	-70.9
8.69	-8.313	-15.392	-66.1
8.7	-8.313	-15.177	-67.5
8.71	-8.314	-14.873	-88.2
8.72	-8.318	-14.616	-58.3
8.73	-8.319	-14.456	-7.8
8.74	-8.316	-14.328	103.5
8.75	-8.313	-14.297	383.5
8.76	-8.316	-14.516	631.1
8.77	-8.318	-14.923	467.8
8.78	-8.319	-15.302	91.8
8.79	-8.319	-15.586	-55.5
8.8	-8.319	-15.888	-74.1
8.81	-8.317	-16.205	-84.2
8.82	-8.313	-16.470	-74.7
8.83	-8.308	-16.788	-69.7
8.84	-8.302	-16.950	-62.6
8.85	-8.297	-16.458	-66.3
8.86	-8.293	-15.500	-53.3
8.87	-8.290	-14.141	-19.0
8.88	-8.289	-10.538	-3.3
8.89	-8.288	-2.163	-9.3
8.9	-8.287	10.989	2.3
8.91	-8.287	26.080	32.5
8.92	-8.286	39.572	30.1
8.93	-8.284	48.008	42.3
8.94	-8.282	50.823	94.9
8.95	-8.279	51.081	113.3
8.96	-8.277	49.942	114.9
8.97	-8.275	44.833	123.8
8.98	-8.273	34.808	126.1
8.99	-8.272	22.669	116.6
9.0	-8.269	10.947	77.9
9.01	-8.268	0.450	24.2
9.02	-8.264	-8.566	-21.5
9.03	-8.262	-15.695	-79.7
9.04	-8.260	-20.423	-117.5
9.05	-8.259	-22.858	-89.3
9.06	-8.257	-23.773	-82.9
9.07	-8.254	-23.825	-111.0
9.08	-8.252	-23.361	-136.0
9.09	-8.252	-22.898	-136.2
9.1	-8.250	-23.036	-82.1
9.11	-8.247	-23.961	-84.3
9.12	-8.244	-25.103	-132.3
9.13	-8.241	-25.605	-121.2
9.14	-8.239	-25.105	-92.3
9.15	-8.238	-23.841	-70.8
9.16	-8.238	-22.077	-73.9
9.17	-8.236	-19.694	-99.6
9.18	-8.234	-16.764	-90.8
9.19	-8.234	-13.847	-72.7
9.2	-8.234	-11.275	-95.3
9.21	-8.234	-8.981	-99.8
9.22	-8.232	-7.039	-57.8
9.23	-8.229	-5.770	-43.8
9.24	-8.226	-5.380	-64.5
9.25	-8.223	-5.730	-91.6
9.26	-8.219	-6.583	-100.8
9.27	-8.216	-8.034	-85.0
9.28	-8.214	-10.170	-68.9
9.29	-8.212	-12.533	-67.1
9.3	-8.210	-14.719	-85.2
9.31	-8.207	-16.791	-90.8
9.32	-8.206	-18.769	-73.6
9.33	-8.204	-20.523	-65.7
9.34	-8.204	-21.845	-79.0
9.35	-8.204	-22.559	-67.7
9.36	-8.205	-22.866	-54.8
9.37	-8.205	-23.016	-78.2
9.38	-8.204	-22.769	-97.5
9.39	-8.204	-21.866	-90.3
9.4	-8.203	-20.738	-70.8
9.41	-8.201	-20.075	-63.0
9.42	-8.201	-19.816	-70.2
9.43	-8.199	-19.336	-70.8
9.44	-8.196	-18.652	-62.8
9.45	-8.194	-18.175	-72.7
9.46	-8.193	-17.816	-80.4
9.47	-8.191	-17.392	-62.3
9.48	-8.191	-17.114	-55.7
9.49	-8.193	-17.044	-63.3
9.5	-8.194	-16.881	-42.0
9.51	-8.194	-16.539	14.1
9.52	-8.194	-16.241	36.4
9.53	-8.193	-16.063	-13.8
9.54	-8.191	-15.880	-76.0
9.55	-8.190	-15.673	-116.2
9.56	-8.190	-15.419	-106.8
9.57	-8.191	-15.067	-70.2
9.58	-8.193	-14.788	-67.0
9.59	-8.194	-14.747	-48.2
9.6	-8.193	-14.783	30.4
9.61	-8.191	-14.722	221.0
9.62	-8.191	-14.695	519.4
9.63	-8.195	-14.802	580.4
9.64	-8.198	-14.952	278.4
9.65	-8.200	-15.141	10.5
9.66	-8.202	-15.444	-60.6
9.67	-8.203	-15.878	-61.1
9.68	-8.202	-16.498	-74.4
9.69	-8.201	-17.247	-96.6
9.7	-8.201	-17.806	-84.3
9.71	-8.200	-17.788	-50.1
9.72	-8.199	-17.167	-19.6
9.73	-8.197	-16.114	-29.1
9.74	-8.196	-13.963	-49.5
9.75	-8.197	-8.683	-11.3
9.76	-8.198	1.513	32.1
9.77	-8.199	15.891	22.8
9.78	-8.200	31.167	45.5
9.79	-8.204	43.231	92.8
9.8	-8.215	49.439	96.0
9.81	-8.232	51.025	121.4
9.82	-8.255	50.753	165.4
9.83	-8.279	47.925	193.7
9.84	-8.303	40.433	193.5
9.85	-8.324	29.358	146.7
9.86	-8.345	17.211	118.1
9.87	-8.363	5.509	88.8
9.88	-8.379	-4.841	25.7
9.89	-8.391	-13.391	-30.1
9.9	-8.402	-19.873	-85.3
9.91	-8.413	-24.133	-114.6
9.92	-8.422	-26.431	-92.3
9.93	-8.429	-27.273	-89.2
9.94	-8.436	-27.091	-113.9
9.95	-8.443	-26.445	-122.6
9.96	-8.449	-26.098	-124.8
9.97	-8.456	-26.369	-120.2
9.98	-8.464	-26.989	-118.7
9.99	-8.471	-27.478	-95.9
10.0	-8.480	-27.159	-61.8
10.01	-8.490	-25.575	-79.9
10.02	-8.501	-23.048	-110.0
10.03	-8.511	-20.088	-104.1
10.04	-8.522	-16.772	-79.7
10.05	-8.533	-13.284	-55.3
10.06	-8.543	-10.075	-52.7
10.07	-8.551	-7.342	-80.6
10.08	-8.559	-5.055	-100.5
10.09	-8.567	-3.397	-79.5
10.1	-8.574	-2.638	-59.8
10.11	-8.581	-2.856	-47.7
10.12	-8.588	-3.959	-49.3
10.13	-8.593	-5.669	-77.9
10.14	-8.596	-7.744	-67.2
10.15	-8.599	-10.123	-55.3
10.16	-8.601	-12.703	-55.8
10.17	-8.602	-15.120	-53.1
10.18	-8.603	-16.934	-63.2
10.19	-8.603	-18.247	-46.9
10.2	-8.603	-19.472	-48.9
10.21	-8.603	-20.491	-74.2
10.22	-8.602	-20.991	-59.3
10.23	-8.600	-21.164	-19.2
10.24	-8.598	-21.242	8.2
10.25	-8.596	-20.970	2.3
10.26	-8.595	-20.295	-4.5
10.27	-8.594	-19.589	18.6
10.28	-8.594	-18.895	9.6
10.29	-8.594	-18.048	-17.6
10.3	-8.596	-17.191	-28.3
10.31	-8.596	-16.528	-49.6
10.32	-8.596	-15.911	-52.4
10.33	-8.596	-15.259	-57.9
10.34	-8.597	-14.778	-62.5
10.35	-8.596	-14.423	-17.4
10.36	-8.588	-14.047	62.4
10.37	-8.577	-13.570	269.0
10.38	-8.569	-12.994	560.3
10.39	-8.566	-12.869	531.0
10.4	-8.560	-13.144	166.0
10.41	-8.554	-13.116	-47.9
10.42	-8.549	-13.147	-65.2
10.43	-8.547	-13.645	-71.0
10.44	-8.545	-14.289	-64.4
10.45	-8.541	-14.917	-65.1
10.46	-8.536	-15.495	-56.8
10.47	-8.530	-15.764	-33.4
10.48	-8.525	-15.639	-28.9
10.49	-8.524	-15.283	-34.7
10.5	-8.526	-14.400	-11.1
10.51	-8.532	-11.622	14.9
10.52	-8.540	-5.016	17.8
10.53	-8.549	6.067	41.0
10.54	-8.559	19.878	80.4
10.55	-8.569	33.389	97.6
10.56	-8.576	43.811	117.7
10.57	-8.581	49.392	160.0
10.58	-8.584	50.789	163.3
10.59	-8.585	49.089	160.5
10.6	-8.585	43.358	209.4
10.61	-8.586	33.669	201.7
10.62	-8.589	22.130	123.7
10.63	-8.594	10.575	70.0
10.64	-8.600	0.020	22.6
10.65	-8.606	-8.983	-39.7
10.66	-8.614	-16.181	-88.8
10.67	-8.624	-21.450	-90.6
10.68	-8.635	-24.834	-73.8
10.69	-8.644	-26.555	-102.3
10.7	-8.654	-26.897	-126.7
10.71	-8.663	-26.445	-110.8
10.72	-8.671	-25.806	-108.4
10.73	-8.678	-25.414	-102.3
10.74	-8.684	-25.830	-79.5
10.75	-8.691	-26.933	-89.7
10.76	-8.698	-27.542	-86.4
10.77	-8.704	-26.756	-61.4
10.78	-8.711	-24.747	-67.3
10.79	-8.718	-22.109	-70.6
10.8	-8.725	-18.981	-70.3
10.81	-8.731	-15.439	-88.1
10.82	-8.737	-12.153	-79.5
10.83	-8.743	-9.030	-51.8
10.84	-8.748	-5.875	-42.2
10.85	-8.752	-3.486	-31.4
10.86	-8.756	-1.981	-37.2
10.87	-8.760	-1.273	-66.3
10.88	-8.764	-1.684	-75.6
10.89	-8.769	-3.061	-52.0
10.9	-8.773	-5.169	-45.0
10.91	-8.777	-7.684	-55.2
10.92	-8.783	-10.127	-42.0
10.93	-8.788	-12.389	-26.8
10.94	-8.794	-14.486	-27.3
10.95	-8.799	-16.367	-20.3
10.96	-8.806	-17.983	-17.4
10.97	-8.812	-19.142	-14.3
10.98	-8.818	-19.814	36.0
10.99	-8.822	-20.228	54.5
11.0	-8.828	-20.417	0.3
11.01	-8.832	-20.261	-33.8
11.02	-8.837	-19.872	-51.1
11.03	-8.841	-19.398	-57.7
11.04	-8.846	-18.895	-38.8
11.05	-8.853	-18.470	-28.5
11.06	-8.860	-18.113	-13.3
11.07	-8.863	-17.719	42.4
11.08	-8.862	-17.353	192.6
11.09	-8.864	-16.967	446.8
11.1	-8.867	-16.378	521.3
11.11	-8.867	-15.706	260.5
11.12	-8.867	-15.020	23.9
11.13	-8.867	-14.356	-49.2
11.14	-8.867	-13.977	-49.2
11.15	-8.867	-13.994	-19.3
11.16	-8.863	-14.428	-34.4
11.17	-8.854	-14.988	-44.1
11.18	-8.846	-15.020	-29.8
11.19	-8.839	-14.448	-9.3
11.2	-8.834	-13.736	-4.0
11.21	-8.831	-12.853	-29.1
11.22	-8.830	-10.781	-13.4
11.23	-8.828	-5.655	27.3
11.24	-8.825	3.944	54.1
11.25	-8.819	17.223	75.2
11.26	-8.811	31.600	87.6
11.27	-8.799	43.458	119.5
11.28	-8.781	49.614	137.4
11.29	-8.761	51.063	119.5
11.3	-8.743	51.019	131.3
11.31	-8.730	49.280	166.4
11.32	-8.721	42.911	162.5
11.33	-8.717	32.008	115.7
11.34	-8.716	19.706	52.8
11.35	-8.713	7.919	10.0
11.36	-8.706	-2.441	-34.6
11.37	-8.696	-10.652	-78.5
11.38	-8.686	-16.580	-75.1
11.39	-8.684	-20.505	-73.5
11.4	-8.683	-22.744	-101.7
11.41	-8.681	-23.663	-116.6
11.42	-8.676	-23.731	-101.9
11.43	-8.668	-23.516	-68.9
11.44	-8.659	-23.703	-59.5
11.45	-8.649	-24.739	-81.1
11.46	-8.639	-26.461	-103.0
11.47	-8.632	-28.045	-113.6
11.48	-8.624	-28.613	-88.6
11.49	-8.616	-27.997	-65.1
11.5	-8.609	-26.328	-76.6
11.51	-8.601	-23.527	-73.1
11.52	-8.593	-19.786	-46.3
11.53	-8.584	-15.680	-51.4
11.54	-8.576	-11.520	-94.6
11.55	-8.569	-7.372	-97.4
11.56	-8.563	-3.595	-46.5
11.57	-8.558	-0.817	-42.8
11.58	-8.552	0.366	-64.8
11.59	-8.545	-0.261	-51.9
11.6	-8.537	-2.191	-39.7
11.61	-8.529	-4.766	-51.8
11.62	-8.521	-7.880	-66.8
11.63	-8.513	-11.409	-71.8
11.64	-8.506	-14.631	-62.7
11.65	-8.501	-17.006	-35.8
11.66	-8.494	-18.673	-20.6
11.67	-8.488	-19.944	4.8
11.68	-8.481	-20.816	21.8
11.69	-8.474	-21.142	-9.7
11.7	-8.466	-20.903	-36.5
11.71	-8.460	-20.288	-35.7
11.72	-8.455	-19.759	-50.5
11.73	-8.452	-19.375	-83.6
11.74	-8.450	-18.852	-95.4
11.75	-8.449	-18.334	-58.2
11.76	-8.447	-18.161	10.4
11.77	-8.441	-18.311	105.3
11.78	-8.436	-18.592	345.3
11.79	-8.435	-18.430	554.0
11.8	-8.435	-17.469	382.1
11.81	-8.434	-16.980	50.5
11.82	-8.432	-17.088	-83.9
11.83	-8.430	-16.416	-78.3
11.84	-8.428	-15.606	-66.6
11.85	-8.424	-15.783	-72.9
11.86	-8.416	-16.016	-68.6
11.87	-8.406	-15.389	-73.1
11.88	-8.395	-14.516	-81.7
11.89	-8.384	-13.903	-27.9
11.9	-8.374	-13.175	5.0
11.91	-8.367	-11.069	-24.2
11.92	-8.361	-5.600	-26.0
11.93	-8.357	4.475	9.9
11.94	-8.354	18.209	42.8
11.95	-8.350	32.872	36.8
11.96	-8.346	44.461	54.2
11.97	-8.342	49.973	104.1
11.98	-8.338	51.089	137.8
11.99	-8.335	50.736	145.7
12.0	-8.332	47.567	125.5
12.01	-8.328	39.036	121.8
12.02	-8.325	26.719	105.5
12.03	-8.322	14.000	54.7
12.04	-8.319	2.497	-16.6
12.05	-8.315	-7.177	-58.9
12.06	-8.310	-14.716	-69.4
12.07	-8.308	-19.880	-110.4
12.08	-8.311	-22.717	-119.0
12.09	-8.314	-23.902	-96.4
12.1	-8.316	-24.280	-107.4
12.11	-8.319	-24.303	-136.1
12.12	-8.321	-24.381	-138.3
12.13	-8.321	-25.191	-108.4
12.14	-8.320	-26.945	-92.4
12.15	-8.319	-28.864	-95.4
12.16	-8.321	-29.905	-90.4
12.17	-8.323	-29.739	-89.1
12.18	-8.328	-28.597	-96.7
12.19	-8.334	-26.619	-104.3
12.2	-8.339	-23.894	-90.5
12.21	-8.346	-20.683	-71.4
12.22	-8.351	-17.350	-91.1
12.23	-8.355	-14.098	-88.0
12.24	-8.357	-10.945	-69.7
12.25	-8.358	-8.173	-73.0
12.26	-8.356	-6.369	-72.3
12.27	-8.353	-5.756	-84.6
12.28	-8.349	-6.016	-89.2
12.29	-8.347	-6.952	-77.1
12.3	-8.344	-8.656	-78.4
12.31	-8.342	-10.941	-71.2
12.32	-8.341	-13.367	-66.3
12.33	-8.341	-15.589	-75.8
12.34	-8.340	-17.495	-69.6
12.35	-8.339	-19.166	-65.2
12.36	-8.340	-20.600	-75.0
12.37	-8.340	-21.680	-79.4
12.38	-8.340	-22.303	-68.8
12.39	-8.341	-22.450	-53.9
12.4	-8.341	-22.281	-47.1
12.41	-8.342	-22.025	-66.8
12.42	-8.343	-21.717	-72.4
12.43	-8.343	-21.250	-54.4
12.44	-8.342	-20.689	-42.6
12.45	-8.342	-20.336	-21.3
12.46	-8.342	-20.277	-15.0
12.47	-8.344	-20.194	-16.3
12.48	-8.344	-19.789	19.2
12.49	-8.345	-19.173	30.5
12.5	-8.345	-18.570	-21.7
12.51	-8.344	-17.952	-53.1
12.52	-8.343	-17.406	-50.7
12.53	-8.342	-17.097	-66.2
12.54	-8.343	-16.864	-78.9
12.55	-8.345	-16.642	-40.3
12.56	-8.344	-16.544	8.8
12.57	-8.339	-16.387	120.8
12.58	-8.333	-16.064	422.6
12.59	-8.331	-15.739	625.0
12.6	-8.331	-15.561	410.3
12.61	-8.329	-15.633	80.4
12.62	-8.328	-15.942	-59.8
12.63	-8.326	-16.366	-80.5
12.64	-8.322	-16.838	-85.0
12.65	-8.318	-17.194	-78.2
12.66	-8.311	-17.345	-37.0
12.67	-8.302	-17.330	-27.6
12.68	-8.293	-16.938	-45.3
12.69	-8.286	-15.877	-47.8
12.7	-8.281	-13.683	-58.4
12.71	-8.277	-8.763	-25.6
12.72	-8.274	0.988	24.3
12.73	-8.269	15.544	22.8
12.74	-8.264	31.888	44.6
12.75	-8.259	44.608	75.9
12.76	-8.253	50.167	85.8
12.77	-8.247	51.108	97.4
12.78	-8.241	51.097	104.1
12.79	-8.235	50.034	147.0
12.8	-8.231	44.705	177.9
12.81	-8.228	33.712	155.4
12.82	-8.225	20.317	112.1
12.83	-8.222	7.719	52.9
12.84	-8.219	-2.991	22.4
12.85	-8.216	-11.447	-18.8
12.86	-8.213	-17.397	-68.6
12.87	-8.211	-20.836	-76.0
12.88	-8.211	-22.403	-116.9
12.89	-8.209	-22.791	-150.8
12.9	-8.206	-22.409	-131.8
12.91	-8.204	-21.944	-110.1
12.92	-8.203	-22.213	-107.0
12.93	-8.202	-23.483	-116.4
12.94	-8.201	-25.378	-123.4
12.95	-8.199	-27.122	-125.9
12.96	-8.199	-27.927	-104.1
12.97	-8.198	-27.531	-87.7
12.98	-8.197	-26.073	-82.5
12.99	-8.198	-23.763	-78.6
13.0	-8.199	-20.905	-96.2
13.01	-8.199	-17.777	-96.6
13.02	-8.200	-14.636	-103.2
13.03	-8.200	-11.819	-107.2
13.04	-8.200	-9.555	-71.3
13.05	-8.201	-7.916	-78.1
13.06	-8.201	-6.955	-92.0
13.07	-8.201	-6.702	-74.5
13.08	-8.201	-7.144	-86.0
13.09	-8.202	-8.242	-95.3
13.1	-8.203	-9.803	-81.5
13.11	-8.203	-11.820	-73.3
13.12	-8.203	-14.238	-69.8
13.13	-8.204	-16.533	-74.1
13.14	-8.205	-18.467	-93.0
13.15	-8.207	-20.188	-79.5
13.16	-8.209	-21.577	-59.8
13.17	-8.211	-22.383	-69.3
13.18	-8.214	-22.739	-54.1
13.19	-8.217	-22.836	-46.8
13.2	-8.223	-22.656	-41.7
13.21	-8.228	-22.364	-9.6
13.22	-8.233	-22.123	5.3
13.23	-8.239	-21.783	4.3
13.24	-8.245	-21.253	-20.2
13.25	-8.251	-20.711	-43.7
13.26	-8.257	-20.206	-57.3
13.27	-8.261	-19.605	-91.9
13.28	-8.266	-18.900	-121.1
13.29	-8.271	-18.211	-90.5
13.3	-8.273	-17.597	-5.3
13.31	-8.272	-16.998	99.2
13.32	-8.269	-16.417	315.3
13.33	-8.271	-15.953	568.8
13.34	-8.276	-15.588	501.7
13.35	-8.280	-15.347	170.9
13.36	-8.284	-15.417	-32.3
13.37	-8.288	-15.739	-81.1
13.38	-8.293	-16.097	-85.1
13.39	-8.296	-16.452	-87.0
13.4	-8.299	-16.672	-91.4
13.41	-8.303	-16.527	-64.3
13.42	-8.308	-16.098	-42.0
13.43	-8.315	-15.464	-46.9
13.44	-8.326	-14.245	-41.1
13.45	-8.339	-11.294	-17.9
13.46	-8.353	-4.472	-1.3
13.47	-8.367	7.639	12.0
13.48	-8.381	23.608	27.5
13.49	-8.393	38.927	67.3
13.5	-8.402	48.200	99.7
13.51	-8.410	50.917	106.0
13.52	-8.417	51.123	137.6
13.53	-8.424	50.786	185.0
13.54	-8.431	47.661	197.6
13.55	-8.438	38.791	185.3
13.56	-8.444	25.734	165.2
13.57	-8.450	12.322	101.4
13.58	-8.457	0.388	20.8
13.59	-8.464	-9.328	-33.5
13.6	-8.469	-16.400	-72.1
13.61	-8.474	-20.853	-83.2
13.62	-8.479	-23.205	-95.2
13.63	-8.482	-24.044	-124.8
13.64	-8.484	-23.872	-129.7
13.65	-8.486	-23.425	-102.8
13.66	-8.490	-23.520	-114.9
13.67	-8.493	-24.536	-155.1
13.68	-8.496	-26.316	-131.8
13.69	-8.498	-28.247	-100.2
13.7	-8.501	-29.455	-84.8
13.71	-8.505	-29.338	-83.9
13.72	-8.509	-27.781	-110.4
13.73	-8.515	-25.092	-99.7
13.74	-8.521	-21.750	-89.8
13.75	-8.527	-18.048	-93.3
13.76	-8.534	-14.244	-71.0
13.77	-8.539	-10.745	-59.4
13.78	-8.543	-7.795	-55.2
13.79	-8.546	-5.469	-59.2
13.8	-8.549	-3.950	-86.8
13.81	-8.551	-3.444	-78.0
13.82	-8.553	-4.045	-48.1
13.83	-8.554	-5.639	-65.3
13.84	-8.556	-7.945	-80.8
13.85	-8.557	-10.695	-60.2
13.86	-8.559	-13.552	-32.7
13.87	-8.561	-16.178	-33.7
13.88	-8.564	-18.403	-36.0
13.89	-8.568	-20.239	-7.4
13.9	-8.571	-21.636	-13.9
13.91	-8.573	-22.423	-3.3
13.92	-8.576	-22.730	33.2
13.93	-8.576	-22.828	-12.6
13.94	-8.576	-22.717	-66.8
13.95	-8.572	-22.284	-57.6
13.96	-8.566	-21.591	-41.7
13.97	-8.558	-20.863	-54.0
13.98	-8.548	-20.194	-58.1
13.99	-8.537	-19.508	-28.6
14.0	-8.521	-18.887	50.1
14.01	-8.500	-18.467	249.9
14.02	-8.484	-18.114	524.3
14.03	-8.474	-17.566	571.6
14.04	-8.464	-16.856	275.2
14.05	-8.456	-16.213	-20.7
14.06	-8.449	-15.664	-87.4
14.07	-8.445	-15.156	-38.0
14.08	-8.442	-14.783	-8.1
14.09	-8.439	-14.564	-42.5
14.1	-8.436	-14.228	-76.3
14.11	-8.432	-13.570	-71.7
14.12	-8.429	-12.867	-36.3
14.13	-8.429	-12.373	9.8
14.14	-8.433	-11.373	16.5
14.15	-8.441	-7.934	14.2
14.16	-8.455	0.030	24.9
14.17	-8.470	12.977	40.4
14.18	-8.486	28.761	50.0
14.19	-8.499	42.464	92.4
14.2	-8.511	49.503	157.3
14.21	-8.522	51.066	163.3
14.22	-8.533	51.113	172.9
14.23	-8.543	50.295	195.5
14.24	-8.552	45.456	182.1
14.25	-8.559	34.681	158.7
14.26	-8.564	21.044	120.7
14.27	-8.566	8.033	66.6
14.28	-8.569	-2.933	18.2
14.29	-8.572	-11.292	-39.1
14.3	-8.576	-17.139	-97.2
14.31	-8.581	-20.819	-115.4
14.32	-8.588	-22.684	-108.3
14.33	-8.593	-23.241	-111.0
14.34	-8.598	-23.225	-115.2
14.35	-8.604	-23.508	-106.9
14.36	-8.611	-24.711	-118.3
14.37	-8.615	-26.839	-134.2
14.38	-8.619	-29.359	-107.8
14.39	-8.624	-31.427	-89.9
14.4	-8.631	-31.977	-82.1
14.41	-8.639	-30.553	-83.8
14.42	-8.647	-28.100	-92.6
14.43	-8.656	-25.159	-77.5
14.44	-8.665	-21.152	-87.7
14.45	-8.674	-16.247	-91.5
14.46	-8.681	-11.500	-67.0
14.47	-8.687	-7.728	-76.2
14.48	-8.693	-5.055	-80.7
14.49	-8.699	-3.341	-70.7
14.5	-8.704	-2.720	-65.2
14.51	-8.708	-3.227	-45.2
14.52	-8.712	-4.730	-43.0
14.53	-8.716	-7.205	-65.8
14.54	-8.722	-10.214	-67.1
14.55	-8.728	-13.178	-52.9
14.56	-8.736	-15.825	-54.3
14.57	-8.744	-18.038	-38.0
14.58	-8.752	-19.927	-17.4
14.59	-8.761	-21.527	-19.2
14.6	-8.769	-22.570	5.1
14.61	-8.777	-22.914	48.9
14.62	-8.785	-22.839	23.5
14.63	-8.792	-22.686	-47.6
14.64	-8.797	-22.483	-77.3
14.65	-8.801	-22.083	-61.9
14.66	-8.808	-21.492	-40.7
14.67	-8.816	-20.819	-47.1
14.68	-8.824	-20.134	-43.1
14.69	-8.827	-19.492	-7.1
14.7	-8.828	-18.838	132.4
14.71	-8.830	-18.095	457.7
14.72	-8.832	-17.366	612.7
14.73	-8.832	-16.788	328.8
14.74	-8.832	-16.447	4.5
14.75	-8.832	-16.283	-89.1
14.76	-8.834	-16.114	-69.5
14.77	-8.838	-16.041	-32.1
14.78	-8.840	-16.048	-22.8
14.79	-8.839	-15.717	-28.5
14.8	-8.835	-14.884	-17.6
14.81	-8.831	-13.806	-9.9
14.82	-8.827	-12.736	-40.8
14.83	-8.823	-11.309	-56.7
14.84	-8.819	-7.763	-1.0
14.85	-8.814	0.528	56.1
14.86	-8.806	14.697	58.7
14.87	-8.794	32.053	64.3
14.88	-8.781	45.394	79.8
14.89	-8.766	50.506	87.3
14.9	-8.754	51.127	113.2
14.91	-8.746	51.136	143.9
14.92	-8.743	51.075	162.2
14.93	-8.740	49.541	183.6
14.94	-8.736	42.508	170.3
14.95	-8.731	29.244	92.6
14.96	-8.725	14.586	44.4
14.97	-8.717	2.000	34.8
14.98	-8.707	-7.672	-27.1
14.99	-8.697	-14.161	-94.5
15.0	-8.688	-18.088	-95.6
15.01	-8.683	-20.377	-104.0
15.02	-8.680	-21.503	-109.3
15.03	-8.677	-21.920	-76.2
15.04	-8.671	-22.511	-62.2
15.05	-8.660	-24.163	-81.9
15.06	-8.649	-27.067	-123.7
15.07	-8.636	-30.748	-102.7
15.08	-8.624	-34.492	-47.1
15.09	-8.612	-37.228	-70.6
15.1	-8.600	-37.780	-126.4
15.11	-8.589	-35.711	-116.9
15.12	-8.579	-31.577	-66.0
15.13	-8.571	-26.333	-57.0
15.14	-8.563	-20.663	-84.5
15.15	-8.554	-14.961	-85.2
15.16	-8.546	-9.819	-54.3
15.17	-8.536	-5.827	-41.0
15.18	-8.526	-3.166	-72.5
15.19	-8.515	-1.903	-102.0
15.2	-8.504	-2.128	-68.5
15.21	-8.492	-3.734	-48.8
15.22	-8.481	-6.519	-61.8
15.23	-8.472	-10.113	-48.5
15.24	-8.462	-13.827	-53.8
15.25	-8.453	-17.059	-67.8
15.26	-8.443	-19.739	-59.6
15.27	-8.434	-21.963	-34.2
15.28	-8.424	-23.550	-24.2
15.29	-8.414	-24.417	-25.4
15.3	-8.406	-24.794	8.0
15.31	-8.398	-24.878	2.6
15.32	-8.389	-24.625	-55.3
15.33	-8.379	-23.934	-82.9
15.34	-8.371	-23.006	-80.9
15.35	-8.365	-22.061	-93.7
15.36	-8.362	-21.150	-106.1
15.37	-8.362	-20.380	-73.1
15.38	-8.362	-19.720	-23.7
15.39	-8.357	-19.077	62.3
15.4	-8.352	-18.564	310.9
15.41	-8.349	-18.231	576.6
15.42	-8.348	-18.022	443.2
15.43	-8.347	-17.942	62.4
15.44	-8.346	-17.967	-81.4
15.45	-8.344	-18.141	-63.4
15.46	-8.341	-18.588	-65.8
15.47	-8.336	-19.173	-101.0
15.48	-8.328	-19.530	-123.8
15.49	-8.318	-19.419	-78.5
15.5	-8.309	-18.889	-49.4
15.51	-8.301	-18.005	-62.3
15.52	-8.296	-16.317	-62.6
15.53	-8.293	-12.188	-34.1
15.54	-8.292	-3.080	-14.6
15.55	-8.291	12.278	-13.8
15.56	-8.291	31.005	4.5
15.57	-8.290	45.192	31.3
15.58	-8.289	50.503	65.5
15.59	-8.287	51.127	93.3
15.6	-8.284	51.134	112.3
15.61	-8.281	51.052	133.8
15.62	-8.278	49.234	117.6
15.63	-8.275	41.666	84.0
15.64	-8.273	28.139	77.3
15.65	-8.272	13.738	49.4
15.66	-8.272	1.784	-8.5
15.67	-8.271	-7.341	-32.5
15.68	-8.269	-13.819	-53.1
15.69	-8.268	-17.938	-104.9
15.7	-8.267	-20.255	-138.2
15.71	-8.269	-21.469	-120.1
15.72	-8.271	-22.356	-102.5
15.73	-8.273	-23.670	-119.2
15.74	-8.274	-25.813	-124.4
15.75	-8.275	-28.808	-117.9
15.76	-8.274	-32.408	-109.6
15.77	-8.273	-36.000	-105.2
15.78	-8.271	-38.544	-98.3
15.79	-8.270	-39.075	-90.0
15.8	-8.270	-37.456	-94.2
15.81	-8.271	-34.352	-94.2
15.82	-8.273	-30.306	-98.6
15.83	-8.274	-25.394	-75.5
15.84	-8.276	-20.000	-68.6
15.85	-8.277	-15.122	-80.5
15.86	-8.276	-11.413	-55.2
15.87	-8.275	-8.792	-75.8
15.88	-8.275	-7.298	-101.7
15.89	-8.275	-7.222	-83.0
15.9	-8.273	-8.392	-74.8
15.91	-8.271	-10.270	-66.7
15.92	-8.269	-12.627	-67.6
15.93	-8.268	-15.328	-87.5
15.94	-8.269	-17.923	-79.6
15.95	-8.269	-20.133	-59.7
15.96	-8.269	-22.083	-58.5
15.97	-8.268	-23.759	-62.4
15.98	-8.268	-24.834	-70.2
15.99	-8.267	-25.298	-68.6
16.0	-8.266	-25.538	-59.2
16.01	-8.264	-25.572	-63.8
16.02	-8.262	-25.288	-84.6
16.03	-8.262	-25.092	-69.4
16.04	-8.262	-25.186	-37.6
16.05	-8.261	-25.278	-35.4
16.06	-8.260	-25.194	-38.8
16.07	-8.259	-24.958	-44.5
16.08	-8.259	-24.744	-60.4
16.09	-8.259	-24.377	-90.9
16.1	-8.259	-23.614	-117.2
16.11	-8.259	-22.430	-79.7
16.12	-8.260	-20.788	-23.8
16.13	-8.260	-19.083	-12.1
16.14	-8.260	-17.648	-11.8
16.15	-8.259	-16.272	-4.6
16.16	-8.256	-15.072	6.9
16.17	-8.252	-14.541	-11.8
16.18	-8.248	-14.581	-43.8
16.19	-8.243	-14.850	-41.0
16.2	-8.239	-15.388	-39.2
16.21	-8.236	-16.134	-39.3
16.22	-8.236	-16.908	-50.5
16.23	-8.238	-17.733	-88.4
16.24	-8.240	-18.253	-68.0
16.25	-8.238	-18.031	48.0
16.26	-8.234	-17.502	271.2
16.27	-8.234	-17.194	551.4
16.28	-8.236	-17.078	588.8
16.29	-8.238	-17.219	282.6
16.3	-8.238	-17.850	10.9
16.31	-8.238	-18.942	-59.4
16.32	-8.236	-20.139	-86.2
16.33	-8.234	-21.005	-92.7
16.34	-8.232	-21.417	-65.6
16.35	-8.230	-21.352	-45.0
16.36	-8.228	-20.588	-34.6
16.37	-8.226	-18.986	-43.4
16.38	-8.224	-16.012	-44.3
16.39	-8.225	-9.620	-12.6
16.4	-8.226	2.867	-14.6
16.41	-8.224	21.238	-22.4
16.42	-8.222	39.181	34.8
16.43	-8.219	48.888	91.0
16.44	-8.216	51.047	90.0
16.45	-8.214	51.134	71.6
16.46	-8.212	51.136	94.4
16.47	-8.210	51.091	144.3
16.48	-8.209	49.800	182.0
16.49	-8.207	43.238	191.9
16.5	-8.207	30.153	159.8
16.51	-8.207	15.530	118.7
16.52	-8.207	3.289	72.5
16.53	-8.209	-6.011	-7.3
16.54	-8.211	-12.316	-67.2
16.55	-8.213	-16.002	-90.3
16.56	-8.215	-18.052	-111.3
16.57	-8.216	-19.216	-138.3
16.58	-8.217	-19.875	-141.3
16.59	-8.216	-20.722	-107.0
16.6	-8.217	-22.589	-98.8
16.61	-8.219	-25.788	-118.3
16.62	-8.219	-29.798	-116.1
16.63	-8.217	-33.545	-114.3
16.64	-8.216	-36.141	-118.6
16.65	-8.216	-37.025	-92.7
16.66	-8.217	-35.917	-87.3
16.67	-8.220	-33.172	-108.8
16.68	-8.222	-29.625	-95.3
16.69	-8.224	-25.730	-63.8
16.7	-8.226	-21.375	-84.3
16.71	-8.228	-16.898	-106.0
16.72	-8.229	-13.189	-67.8
16.73	-8.231	-10.567	-84.8
16.74	-8.232	-8.731	-113.5
16.75	-8.233	-7.798	-68.2
16.76	-8.232	-8.177	-49.3
16.77	-8.231	-9.672	-80.6
16.78	-8.229	-11.813	-93.8
16.79	-8.229	-14.409	-71.3
16.8	-8.228	-17.167	-73.2
16.81	-8.229	-19.594	-75.9
16.82	-8.229	-21.513	-55.7
16.83	-8.231	-23.077	-64.1
16.84	-8.233	-24.397	-76.7
16.85	-8.235	-25.380	-75.6
16.86	-8.238	-25.925	-77.8
16.87	-8.240	-26.175	-73.4
16.88	-8.242	-26.283	-45.5
16.89	-8.246	-26.164	-13.6
16.9	-8.251	-25.753	-17.2
16.91	-8.259	-25.292	-31.6
16.92	-8.271	-24.878	-14.2
16.93	-8.285	-24.178	4.8
16.94	-8.302	-23.125	-0.2
16.95	-8.318	-22.052	-2.4
16.96	-8.332	-21.198	-13.2
16.97	-8.344	-20.417	-57.2
16.98	-8.354	-19.525	-96.1
16.99	-8.363	-18.833	-85.6
17.0	-8.371	-18.544	-51.1
17.01	-8.378	-18.350	-30.0
17.02	-8.381	-18.047	70.9
17.03	-8.384	-17.789	353.3
17.04	-8.390	-17.719	633.5
17.05	-8.399	-17.761	572.4
17.06	-8.406	-17.933	230.0
17.07	-8.412	-18.250	-13.3
17.08	-8.418	-18.589	-68.0
17.09	-8.423	-19.103	-60.0
17.1	-8.428	-19.872	-59.0
17.11	-8.432	-20.427	-57.6
17.12	-8.436	-20.359	-41.9
17.13	-8.439	-19.819	-29.3
17.14	-8.441	-19.048	-23.8
17.15	-8.444	-17.713	-44.6
17.16	-8.450	-14.528	-22.1
17.17	-8.457	-7.133	49.3
17.18	-8.464	6.347	41.4
17.19	-8.470	24.633	26.7
17.2	-8.476	41.238	66.6
17.21	-8.481	49.481	110.9
17.22	-8.487	51.081	166.0
17.23	-8.491	51.136	173.3
17.24	-8.496	51.128	161.3
17.25	-8.499	50.920	202.5
17.26	-8.502	48.059	216.4
17.27	-8.506	38.491	165.8
17.28	-8.510	23.552	131.9
17.29	-8.514	8.533	99.2
17.3	-8.518	-3.873	24.3
17.31	-8.520	-12.920	-53.0
17.32	-8.521	-18.628	-98.9
17.33	-8.524	-21.761	-111.7
17.34	-8.527	-23.214	-125.9
17.35	-8.527	-23.628	-116.5
17.36	-8.527	-23.694	-88.6
17.37	-8.525	-24.323	-98.5
17.38	-8.522	-26.261	-122.7
17.39	-8.516	-29.483	-130.2
17.4	-8.508	-33.080	-112.7
17.41	-8.498	-35.888	-86.2
17.42	-8.489	-36.980	-78.2
17.43	-8.482	-35.933	-84.2
17.44	-8.477	-32.933	-96.4
17.45	-8.473	-28.495	-106.3
17.46	-8.472	-23.248	-101.4
17.47	-8.471	-17.861	-85.0
17.48	-8.470	-12.888	-86.1
17.49	-8.469	-8.703	-96.8
17.5	-8.467	-5.525	-86.7
17.51	-8.465	-3.561	-57.6
17.52	-8.463	-2.977	-50.6
17.53	-8.461	-3.623	-93.6
17.54	-8.461	-5.170	-99.7
17.55	-8.461	-7.498	-57.8
17.56	-8.464	-10.430	-67.8
17.57	-8.469	-13.502	-93.4
17.58	-8.474	-16.433	-87.1
17.59	-8.479	-19.202	-83.3
17.6	-8.484	-21.856	-67.8
17.61	-8.488	-24.409	-58.2
17.62	-8.491	-26.583	-59.1
17.63	-8.496	-27.952	-46.4
17.64	-8.502	-28.478	-32.5
17.65	-8.511	-28.527	-21.9
17.66	-8.519	-28.259	6.8
17.67	-8.526	-27.498	30.2
17.68	-8.531	-26.334	-0.5
17.69	-8.534	-25.277	-38.7
17.7	-8.537	-24.672	-64.3
17.71	-8.539	-24.342	-95.3
17.72	-8.543	-23.884	-89.1
17.73	-8.548	-23.058	-77.9
17.74	-8.555	-21.942	-65.7
17.75	-8.559	-20.831	-12.5
17.76	-8.560	-19.772	144.2
17.77	-8.564	-18.495	477.8
17.78	-8.571	-17.075	640.0
17.79	-8.578	-15.945	343.8
17.8	-8.582	-15.178	7.3
17.81	-8.586	-14.659	-75.3
17.82	-8.590	-14.572	-78.9
17.83	-8.594	-15.128	-67.7
17.84	-8.599	-16.142	-39.2
17.85	-8.602	-17.080	-37.7
17.86	-8.603	-17.708	-54.3
17.87	-8.605	-18.088	-63.2
17.88	-8.607	-18.106	-52.3
17.89	-8.611	-17.127	-23.3
17.9	-8.616	-13.489	10.2
17.91	-8.620	-4.900	32.2
17.92	-8.624	9.681	33.0
17.93	-8.627	28.056	34.9
17.94	-8.629	43.350	78.9
17.95	-8.629	50.067	131.6
17.96	-8.629	51.116	157.5
17.97	-8.629	51.134	178.8
17.98	-8.630	51.128	191.6
17.99	-8.631	50.583	197.8
18.0	-8.634	46.231	189.7
18.01	-8.638	34.980	143.7
18.02	-8.641	19.886	80.2
18.03	-8.644	5.823	16.9
18.04	-8.648	-5.425	-27.3
18.05	-8.650	-13.495	-57.8
18.06	-8.653	-18.591	-98.1
18.07	-8.657	-21.388	-122.8
18.08	-8.660	-22.623	-118.3
18.09	-8.663	-23.000	-96.0
18.1	-8.667	-23.536	-93.1
18.11	-8.671	-25.088	-108.9
18.12	-8.674	-27.792	-119.6
18.13	-8.678	-31.278	-106.2
18.14	-8.681	-34.763	-83.7
18.15	-8.684	-37.239	-91.6
18.16	-8.687	-37.931	-100.7
18.17	-8.691	-36.403	-100.9
18.18	-8.696	-32.722	-95.7
18.19	-8.701	-27.561	-72.3
18.2	-8.707	-21.745	-65.4
18.21	-8.712	-15.931	-83.5
18.22	-8.714	-10.497	-75.5
18.23	-8.714	-5.806	-35.3
18.24	-8.714	-2.450	-27.5
18.25	-8.714	-0.669	-64.3
18.26	-8.714	-0.484	-70.1
18.27	-8.714	-2.073	-53.7
18.28	-8.713	-5.370	-52.9
18.29	-8.711	-9.900	-54.9
18.3	-8.709	-14.948	-62.0
18.31	-8.708	-19.639	-61.7
18.32	-8.709	-23.381	-51.2
18.33	-8.712	-26.044	-48.0
18.34	-8.716	-27.378	-67.4
18.35	-8.721	-27.320	-62.1
18.36	-8.726	-26.570	-12.8
18.37	-8.729	-25.783	-14.3
18.38	-8.731	-24.906	-19.0
18.39	-8.730	-23.866	19.6
18.4	-8.728	-23.033	10.9
18.41	-8.724	-22.619	-14.2
18.42	-8.719	-22.356	-18.4
18.43	-8.714	-21.972	-47.4
18.44	-8.709	-21.559	-94.8
18.45	-8.706	-21.181	-102.1
18.46	-8.706	-20.573	-54.8
18.47	-8.705	-19.603	-24.6
18.48	-8.698	-18.467	49.9
18.49	-8.691	-17.308	291.3
18.5	-8.686	-16.133	533.3
18.51	-8.682	-15.150	467.9
18.52	-8.675	-14.580	162.1
18.53	-8.669	-14.308	-57.3
18.54	-8.662	-14.267	-102.5
18.55	-8.658	-14.658	-56.9
18.56	-8.649	-15.406	-43.4
18.57	-8.636	-15.938	-61.9
18.58	-8.619	-15.839	-38.0
18.59	-8.602	-15.292	-23.9
18.6	-8.586	-14.564	-44.8
18.61	-8.572	-13.448	-40.9
18.62	-8.563	-10.830	-26.3
18.63	-8.557	-4.430	-14.8
18.64	-8.552	7.823	15.6
18.65	-8.546	25.206	22.8
18.66	-8.538	41.419	54.8
18.67	-8.528	49.522	91.0
18.68	-8.518	51.083	78.2
18.69	-8.507	51.134	123.3
18.7	-8.498	51.128	175.5
18.71	-8.488	50.916	151.3
18.72	-8.480	47.947	133.8
18.73	-8.473	38.036	142.2
18.74	-8.466	22.772	97.2
18.75	-8.461	7.838	14.1
18.76	-8.456	-4.206	-35.8
18.77	-8.451	-12.939	-69.0
18.78	-8.446	-18.503	-88.3
18.79	-8.443	-21.630	-90.6
18.8	-8.442	-23.145	-115.7
18.81	-8.441	-23.739	-134.5
18.82	-8.441	-24.128	-117.7
18.83	-8.439	-25.100	-106.1
18.84	-8.435	-27.331	-111.0
18.85	-8.431	-31.025	-107.2
18.86	-8.426	-35.589	-100.8
18.87	-8.422	-39.688	-111.4
18.88	-8.419	-41.861	-99.1
18.89	-8.416	-41.334	-81.2
18.9	-8.412	-38.253	-96.3
18.91	-8.408	-33.384	-101.0
18.92	-8.405	-27.838	-92.7
18.93	-8.403	-22.453	-72.8
18.94	-8.401	-17.136	-73.4
18.95	-8.399	-11.936	-87.4
18.96	-8.396	-8.052	-69.8
18.97	-8.394	-5.552	-71.8
18.98	-8.393	-4.017	-93.1
18.99	-8.389	-4.463	-72.8
19.0	-8.384	-6.831	-46.5
19.01	-8.377	-9.950	-58.1
19.02	-8.371	-13.198	-74.0
19.03	-8.366	-16.453	-85.1
19.04	-8.361	-19.514	-76.3
19.05	-8.357	-22.034	-76.7
19.06	-8.355	-24.113	-96.9
19.07	-8.353	-25.816	-87.0
19.08	-8.353	-26.897	-85.5
19.09	-8.352	-27.552	-73.5
19.1	-8.351	-28.044	-60.2
19.11	-8.348	-28.155	-82.1
19.12	-8.346	-27.958	-68.5
19.13	-8.344	-27.611	-43.3
19.14	-8.344	-27.039	-27.7
19.15	-8.343	-26.384	0.5
19.16	-8.343	-25.736	-6.8
19.17	-8.342	-24.998	-35.7
19.18	-8.341	-24.127	-40.4
19.19	-8.339	-23.150	-60.6
19.2	-8.338	-22.209	-93.3
19.21	-8.338	-21.386	-90.6
19.22	-8.339	-20.625	-76.0
19.23	-8.341	-19.933	-54.4
19.24	-8.339	-19.445	4.6
19.25	-8.333	-19.156	135.9
19.26	-8.329	-18.767	416.1
19.27	-8.330	-18.264	630.5
19.28	-8.331	-18.047	427.8
19.29	-8.331	-18.125	60.8
19.3	-8.332	-18.228	-79.5
19.31	-8.333	-18.416	-74.7
19.32	-8.334	-18.794	-74.8
19.33	-8.331	-19.203	-77.4
19.34	-8.326	-19.350	-66.2
19.35	-8.320	-19.061	-60.5
19.36	-8.315	-18.447	-65.6
19.37	-8.311	-17.405	-59.5
19.38	-8.309	-14.842	-39.1
19.39	-8.309	-8.406	-30.0
19.4	-8.311	4.194	-32.3
19.41	-8.311	22.464	-14.1
19.42	-8.311	40.003	38.4
19.43	-8.310	49.159	75.6
19.44	-8.308	51.066	87.7
19.45	-8.306	51.136	104.1
19.46	-8.304	51.136	106.6
19.47	-8.302	51.092	132.9
19.48	-8.301	49.756	170.6
19.49	-8.301	42.748	163.5
19.5	-8.301	28.594	125.2
19.51	-8.301	12.630	57.8
19.52	-8.301	-0.883	-10.3
19.53	-8.301	-11.253	-48.3
19.54	-8.301	-18.275	-102.8
19.55	-8.301	-22.114	-136.1
19.56	-8.301	-23.722	-90.1
19.57	-8.302	-24.256	-76.5
19.58	-8.300	-24.272	-125.2
19.59	-8.298	-24.266	-140.0
19.6	-8.296	-25.256	-106.9
19.61	-8.294	-27.798	-111.7
19.62	-8.291	-31.234	-163.2
19.63	-8.287	-34.661	-145.1
19.64	-8.283	-37.516	-79.1
19.65	-8.280	-39.077	-64.3
19.66	-8.278	-38.889	-105.3
19.67	-8.276	-36.961	-117.7
19.68	-8.276	-33.289	-78.6
19.69	-8.276	-28.294	-82.4
19.7	-8.277	-22.859	-122.8
19.71	-8.278	-17.887	-112.3
19.72	-8.279	-13.839	-89.9
19.73	-8.279	-10.441	-86.0
19.74	-8.279	-7.688	-62.0
19.75	-8.279	-6.284	-63.3
19.76	-8.277	-6.230	-116.9
19.77	-8.275	-6.980	-126.8
19.78	-8.274	-8.742	-71.9
19.79	-8.272	-11.609	-58.5
19.8	-8.271	-14.948	-59.5
19.81	-8.270	-18.241	-77.7
19.82	-8.269	-21.203	-106.8
19.83	-8.268	-23.670	-95.6
19.84	-8.268	-25.641	-74.0
19.85	-8.266	-27.078	-51.2
19.86	-8.266	-27.903	-67.3
19.87	-8.266	-28.242	-68.3
19.88	-8.266	-28.283	-54.1
19.89	-8.266	-28.067	-84.5
19.9	-8.266	-27.672	-88.5
19.91	-8.267	-27.094	-75.1
19.92	-8.268	-26.380	-56.0
19.93	-8.268	-25.772	-32.2
19.94	-8.269	-25.294	-45.5
19.95	-8.271	-24.719	-70.9
19.96	-8.273	-23.970	-62.0
19.97	-8.276	-23.206	-18.9
19.98	-8.279	-22.552	7.9
19.99	-8.282	-21.958	20.3
20.0	-8.285	-21.378	26.9
20.01	-8.287	-20.852	13.8
20.02	-8.289	-20.336	-30.5
20.03	-8.291	-19.722	-74.7
20.04	-8.294	-19.111	-69.3
20.05	-8.297	-18.673	-58.9
20.06	-8.299	-18.355	-47.9
20.07	-8.299	-18.044	8.6
20.08	-8.297	-17.734	136.9
20.09	-8.296	-17.469	407.5
20.1	-8.300	-17.248	655.6
20.11	-8.304	-17.094	493.6
20.12	-8.307	-17.097	112.2
20.13	-8.310	-17.370	-51.7
20.14	-8.311	-17.909	-72.1
20.15	-8.312	-18.645	-73.1
20.16	-8.311	-19.503	-61.8
20.17	-8.310	-20.130	-49.1
20.18	-8.309	-20.183	-39.6
20.19	-8.308	-19.663	-48.8
20.2	-8.306	-18.355	-44.3
20.21	-8.305	-15.003	-32.9
20.22	-8.304	-7.036	-14.1
20.23	-8.303	7.588	8.8
20.24	-8.301	26.988	20.3
20.25	-8.299	43.211	67.4
20.26	-8.297	50.123	91.4
20.27	-8.296	51.122	88.2
20.28	-8.295	51.136	120.8
20.29	-8.294	51.136	136.7
20.3	-8.293	51.083	148.9
20.31	-8.293	49.622	179.8
20.32	-8.291	42.520	191.0
20.33	-8.291	28.661	173.2
20.34	-8.291	13.116	124.2
20.35	-8.291	-0.247	46.3
20.36	-8.291	-10.642	-33.6
20.37	-8.290	-17.838	-88.3
20.38	-8.291	-22.163	-102.6
20.39	-8.291	-24.283	-110.9
20.4	-8.291	-24.834	-118.9
20.41	-8.289	-24.639	-115.4
20.42	-8.289	-24.633	-113.1
20.43	-8.289	-25.564	-130.7
20.44	-8.290	-27.820	-136.3
20.45	-8.289	-31.125	-118.6
20.46	-8.288	-34.427	-140.9
20.47	-8.287	-36.597	-134.8
20.48	-8.288	-37.125	-84.5
20.49	-8.291	-35.952	-95.4
20.5	-8.296	-33.413	-114.9
20.51	-8.304	-30.198	-101.2
20.52	-8.316	-26.586	-87.9
20.53	-8.331	-22.514	-85.1
20.54	-8.347	-18.420	-106.6
20.55	-8.363	-14.895	-99.1
20.56	-8.377	-12.078	-77.0
20.57	-8.390	-10.031	-81.0
20.58	-8.401	-8.959	-83.6
20.59	-8.410	-9.063	-80.5
20.6	-8.419	-10.234	-86.6
20.61	-8.428	-11.988	-97.0
20.62	-8.437	-14.073	-85.3
20.63	-8.444	-16.572	-58.0
20.64	-8.451	-19.303	-50.8
20.65	-8.458	-21.813	-85.4
20.66	-8.464	-23.906	-102.7
20.67	-8.469	-25.706	-72.8
20.68	-8.474	-27.200	-68.4
20.69	-8.478	-28.241	-77.1
20.7	-8.482	-28.752	-63.4
20.71	-8.487	-28.813	-43.8
20.72	-8.491	-28.692	-42.6
20.73	-8.495	-28.459	-51.4
20.74	-8.499	-27.798	-29.6
20.75	-8.502	-26.731	11.9
20.76	-8.506	-25.755	44.3
20.77	-8.509	-24.897	16.8
20.78	-8.511	-23.716	-34.8
20.79	-8.514	-22.200	-54.8
20.8	-8.517	-20.845	-54.4
20.81	-8.520	-19.944	-49.5
20.82	-8.524	-19.281	-69.4
20.83	-8.529	-18.588	-64.8
20.84	-8.534	-17.878	-21.9
20.85	-8.534	-17.308	80.9
20.86	-8.532	-16.914	302.3
20.87	-8.533	-16.639	561.7
20.88	-8.534	-16.569	568.1
20.89	-8.533	-16.802	253.2
20.9	-8.529	-17.238	7.2
20.91	-8.525	-17.788	-58.8
20.92	-8.519	-18.405	-80.1
20.93	-8.511	-18.886	-71.5
20.94	-8.501	-19.042	-80.1
20.95	-8.489	-18.900	-72.8
20.96	-8.478	-18.470	-26.2
20.97	-8.468	-17.567	-5.1
20.98	-8.461	-15.959	-4.5
20.99	-8.454	-12.838	-15.4
21.0	-8.449	-5.847	-9.3
21.01	-8.445	7.416	46.7
21.02	-8.440	25.852	83.0
21.03	-8.436	42.228	93.4
21.04	-8.433	49.820	109.6
21.05	-8.430	51.103	126.3
21.06	-8.428	51.136	143.8
21.07	-8.427	51.136	164.4
21.08	-8.426	51.089	209.6
21.09	-8.424	49.719	229.9
21.1	-8.423	42.772	200.8
21.11	-8.422	28.656	147.5
21.12	-8.421	12.073	83.5
21.13	-8.419	-2.716	15.7
21.14	-8.418	-14.442	-48.3
21.15	-8.417	-22.823	-83.1
21.16	-8.419	-28.092	-105.8
21.17	-8.421	-30.708	-117.3
21.18	-8.422	-31.200	-133.4
21.19	-8.421	-30.347	-135.3
21.2	-8.422	-29.252	-104.8
21.21	-8.424	-28.913	-99.3
21.22	-8.425	-29.844	-119.1
21.23	-8.424	-31.820	-122.3
21.24	-8.423	-33.881	-93.1
21.25	-8.425	-35.014	-99.6
21.26	-8.430	-34.673	-121.7
21.27	-8.438	-32.761	-110.0
21.28	-8.447	-29.517	-87.7
21.29	-8.458	-25.409	-62.7
21.3	-8.471	-20.838	-77.3
21.31	-8.482	-16.142	-101.2
21.32	-8.493	-11.813	-88.5
21.33	-8.504	-8.256	-66.0
21.34	-8.516	-5.658	-65.9
21.35	-8.527	-4.181	-85.9
21.36	-8.537	-4.008	-102.5
21.37	-8.545	-5.155	-93.8
21.38	-8.552	-7.308	-69.2
21.39	-8.558	-9.984	-55.9
21.4	-8.564	-12.922	-65.7
21.41	-8.573	-16.014	-78.7
21.42	-8.583	-18.934	-64.6
21.43	-8.594	-21.350	-68.4
21.44	-8.603	-23.334	-70.6
21.45	-8.611	-25.155	-32.4
21.46	-8.617	-26.894	-5.1
21.47	-8.621	-28.353	12.9
21.48	-8.624	-29.305	19.0
21.49	-8.625	-29.744	-5.2
21.5	-8.627	-29.747	-21.1
21.51	-8.629	-29.314	-51.2
21.52	-8.631	-28.464	-81.4
21.53	-8.634	-27.220	-72.1
21.54	-8.639	-25.795	-56.1
21.55	-8.646	-24.536	-42.6
21.56	-8.651	-23.461	-16.5
21.57	-8.652	-22.327	100.0
21.58	-8.653	-21.042	351.7
21.59	-8.657	-19.798	584.3
21.6	-8.661	-18.873	461.1
21.61	-8.663	-18.250	108.7
21.62	-8.666	-17.727	-27.9
21.63	-8.671	-17.323	-40.9
21.64	-8.676	-17.228	-71.7
21.65	-8.679	-17.453	-66.6
21.66	-8.679	-17.748	-42.6
21.67	-8.677	-17.800	-20.6
21.68	-8.674	-17.478	-19.7
21.69	-8.671	-16.820	-17.3
21.7	-8.669	-15.663	-5.5
21.71	-8.672	-12.716	-9.4
21.72	-8.678	-5.330	-1.6
21.73	-8.681	8.542	40.6
21.74	-8.684	27.131	82.0
21.75	-8.685	42.972	95.5
21.76	-8.686	49.997	110.1
21.77	-8.687	51.113	149.2
21.78	-8.688	51.136	186.7
21.79	-8.689	51.136	190.5
21.8	-8.691	51.103	173.8
21.81	-8.694	49.984	170.2
21.82	-8.696	43.750	156.6
21.83	-8.699	30.494	119.7
21.84	-8.701	14.692	58.0
21.85	-8.701	0.650	-13.8
21.86	-8.700	-10.861	-47.3
21.87	-8.699	-19.925	-62.8
21.88	-8.699	-26.156	-82.9
21.89	-8.702	-29.369	-95.7
21.9	-8.703	-30.355	-104.4
21.91	-8.706	-30.194	-117.6
21.92	-8.707	-29.725	-129.2
21.93	-8.706	-29.769	-111.4
21.94	-8.705	-31.075	-83.6
21.95	-8.704	-33.584	-95.4
21.96	-8.706	-36.144	-123.3
21.97	-8.708	-37.470	-91.4
21.98	-8.711	-37.023	-55.4
21.99	-8.714	-34.816	-72.7
22.0	-8.716	-30.861	-70.3
22.01	-8.718	-25.744	-62.8
22.02	-8.719	-20.705	-80.3
22.03	-8.719	-15.997	-93.4
22.04	-8.717	-11.167	-70.0
22.05	-8.715	-6.777	-31.1
22.06	-8.712	-3.583	-47.4
22.07	-8.707	-1.563	-63.0
22.08	-8.703	-0.903	-52.8
22.09	-8.698	-1.797	-77.5
22.1	-8.695	-3.847	-86.0
22.11	-8.692	-6.745	-65.1
22.12	-8.689	-10.278	-41.3
22.13	-8.684	-13.909	-38.0
22.14	-8.678	-17.117	-48.0
22.15	-8.673	-19.752	-33.4
22.16	-8.670	-21.863	-13.8
22.17	-8.666	-23.547	3.9
22.18	-8.662	-24.908	23.7
22.19	-8.656	-26.013	17.0
22.2	-8.649	-26.744	-24.2
22.21	-8.640	-26.764	-62.0
22.22	-8.630	-26.114	-70.3
22.23	-8.621	-25.269	-61.3
22.24	-8.614	-24.470	-65.0
22.25	-8.610	-23.648	-55.4
22.26	-8.604	-22.788	4.8
22.27	-8.592	-22.095	125.8
22.28	-8.580	-21.708	362.8
22.29	-8.572	-21.452	562.6
22.3	-8.563	-21.091	417.8
22.31	-8.553	-20.659	79.8
22.32	-8.543	-20.470	-79.1
22.33	-8.533	-20.667	-82.8
22.34	-8.523	-20.927	-72.7
22.35	-8.511	-20.941	-50.5
22.36	-8.497	-20.741	-45.0
22.37	-8.483	-20.144	-57.1
22.38	-8.469	-18.839	-48.8
22.39	-8.456	-17.000	-53.4
22.4	-8.445	-14.486	-65.2
22.41	-8.436	-9.234	-47.5
22.42	-8.429	1.880	10.4
22.43	-8.421	19.344	65.5
22.44	-8.413	37.595	44.4
22.45	-8.405	48.320	28.5
22.46	-8.396	51.003	61.5
22.47	-8.387	51.133	105.8
22.48	-8.377	51.139	132.1
22.49	-8.370	51.131	132.3
22.5	-8.363	50.983	156.3
22.51	-8.357	48.283	148.7
22.52	-8.351	38.417	100.8
22.53	-8.346	22.481	75.3
22.54	-8.342	6.511	34.7
22.55	-8.338	-6.573	-44.9
22.56	-8.334	-16.333	-106.5
22.57	-8.331	-22.747	-126.8
22.58	-8.331	-26.297	-122.3
22.59	-8.331	-27.792	-106.4
22.6	-8.330	-28.114	-110.6
22.61	-8.329	-28.145	-127.8
22.62	-8.328	-28.689	-116.7
22.63	-8.326	-30.317	-100.1
22.64	-8.324	-33.120	-105.9
22.65	-8.321	-36.481	-117.9
22.66	-8.319	-39.123	-132.2
22.67	-8.318	-39.958	-105.9
22.68	-8.319	-38.959	-71.4
22.69	-8.319	-36.555	-87.4
22.7	-8.321	-32.888	-120.7
22.71	-8.321	-28.194	-120.6
22.72	-8.322	-23.113	-90.9
22.73	-8.322	-18.169	-67.0
22.74	-8.322	-13.591	-69.5
22.75	-8.322	-9.777	-89.3
22.76	-8.321	-7.298	-80.5
22.77	-8.320	-6.314	-75.2
22.78	-8.319	-6.542	-100.6
22.79	-8.316	-7.911	-97.7
22.8	-8.314	-10.423	-74.0
22.81	-8.312	-13.616	-72.5
22.82	-8.312	-16.841	-105.2
22.83	-8.312	-19.813	-93.9
22.84	-8.312	-22.572	-47.7
22.85	-8.313	-24.877	-72.0
22.86	-8.314	-26.495	-86.1
22.87	-8.314	-27.705	-69.3
22.88	-8.315	-28.697	-68.1
22.89	-8.316	-29.358	-53.4
22.9	-8.318	-29.606	-18.5
22.91	-8.321	-29.439	14.7
22.92	-8.322	-28.928	23.2
22.93	-8.321	-28.253	-16.9
22.94	-8.321	-27.486	-87.4
22.95	-8.318	-26.627	-106.4
22.96	-8.317	-25.802	-57.5
22.97	-8.316	-24.980	-29.9
22.98	-8.316	-24.083	-74.5
22.99	-8.318	-23.258	-96.8
23.0	-8.317	-22.617	-29.8
23.01	-8.313	-22.000	114.8
23.02	-8.311	-21.225	409.4
23.03	-8.314	-20.423	652.4
23.04	-8.318	-19.813	460.4
23.05	-8.319	-19.308	85.7
23.06	-8.321	-18.866	-72.7
23.07	-8.323	-18.663	-101.3
23.08	-8.324	-18.820	-78.3
23.09	-8.321	-19.222	-75.7
23.1	-8.317	-19.397	-98.0
23.11	-8.311	-18.961	-63.9
23.12	-8.306	-17.992	-36.3
23.13	-8.303	-16.569	-17.6
23.14	-8.303	-13.611	-19.5
23.15	-8.303	-6.284	-46.0
23.16	-8.302	7.969	-13.0
23.17	-8.299	27.355	49.1
23.18	-8.297	43.494	76.1
23.19	-8.296	50.206	85.7
23.2	-8.296	51.125	82.3
23.21	-8.294	51.138	102.0
23.22	-8.294	51.139	137.4
23.23	-8.296	51.130	144.9
23.24	-8.297	50.691	170.0
23.25	-8.300	46.595	173.4
23.26	-8.303	35.106	134.9
23.27	-8.306	19.028	101.3
23.28	-8.309	3.814	43.7
23.29	-8.311	-8.400	-29.0
23.3	-8.314	-17.197	-83.1
23.31	-8.318	-22.894	-104.9
23.32	-8.323	-25.927	-110.0
23.33	-8.328	-26.798	-138.0
23.34	-8.331	-26.431	-135.9
23.35	-8.334	-25.998	-105.8
23.36	-8.339	-26.634	-129.1
23.37	-8.342	-28.716	-160.0
23.38	-8.346	-31.797	-131.9
23.39	-8.349	-35.152	-95.0
23.4	-8.350	-37.780	-84.0
23.41	-8.350	-38.663	-86.9
23.42	-8.351	-37.519	-108.6
23.43	-8.353	-34.922	-110.4
23.44	-8.356	-31.469	-93.6
23.45	-8.359	-27.297	-109.1
23.46	-8.361	-22.613	-124.2
23.47	-8.363	-17.967	-95.7
23.48	-8.364	-13.872	-62.9
23.49	-8.364	-10.588	-53.6
23.5	-8.364	-8.295	-74.3
23.51	-8.364	-7.170	-113.8
23.52	-8.364	-7.302	-123.6
23.53	-8.363	-8.581	-95.7
23.54	-8.362	-10.633	-83.6
23.55	-8.361	-13.092	-81.4
23.56	-8.359	-15.906	-64.6
23.57	-8.357	-18.942	-78.4
23.58	-8.356	-21.714	-104.3
23.59	-8.355	-23.928	-99.6
23.6	-8.354	-25.738	-73.8
23.61	-8.353	-27.281	-54.4
23.62	-8.352	-28.381	-65.1
23.63	-8.353	-28.864	-72.8
23.64	-8.353	-29.002	-61.9
23.65	-8.354	-29.042	-59.8
23.66	-8.354	-28.731	-47.2
23.67	-8.354	-27.925	-36.2
23.68	-8.353	-26.997	-4.6
23.69	-8.351	-26.252	27.8
23.7	-8.349	-25.509	-10.8
23.71	-8.348	-24.680	-32.5
23.72	-8.347	-24.017	-35.8
23.73	-8.346	-23.544	-56.7
23.74	-8.347	-22.925	-77.7
23.75	-8.348	-22.033	-88.8
23.76	-8.349	-21.180	-65.2
23.77	-8.348	-20.548	-27.5
23.78	-8.342	-19.991	72.9
23.79	-8.339	-19.375	346.6
23.8	-8.340	-18.727	639.1
23.81	-8.342	-18.286	554.6
23.82	-8.343	-18.227	173.9
23.83	-8.343	-18.319	-59.3
23.84	-8.344	-18.480	-79.6
23.85	-8.344	-19.036	-60.3
23.86	-8.343	-20.005	-71.3
23.87	-8.341	-20.789	-88.7
23.88	-8.339	-20.800	-72.8
23.89	-8.336	-20.034	-59.6
23.9	-8.334	-18.591	-53.1
23.91	-8.332	-15.384	-31.9
23.92	-8.332	-7.672	-10.7
23.93	-8.331	7.033	25.0
23.94	-8.329	26.997	23.8
23.95	-8.328	43.517	6.2
23.96	-8.326	50.242	43.6
23.97	-8.325	51.123	96.8
23.98	-8.325	51.138	142.4
23.99	-8.326	51.139	163.5
24.0	-8.328	51.128	160.2
24.01	-8.332	50.617	160.2
24.02	-8.338	46.111	159.5
24.03	-8.345	33.944	166.8
24.04	-8.354	17.463	137.0
24.05	-8.365	2.323	63.4
24.06	-8.377	-9.586	19.4
24.07	-8.389	-17.959	-63.1
24.08	-8.401	-23.130	-150.6
24.09	-8.413	-25.767	-147.4
24.1	-8.423	-26.436	-109.3
24.11	-8.431	-26.031	-87.7
24.12	-8.439	-25.877	-114.0
24.13	-8.446	-26.875	-164.5
24.14	-8.452	-29.178	-176.3
24.15	-8.456	-32.523	-129.8
24.16	-8.461	-36.247	-87.7
24.17	-8.466	-39.256	-86.5
24.18	-8.472	-40.428	-101.8
24.19	-8.478	-39.330	-118.7
24.2	-8.486	-36.481	-111.2
24.21	-8.496	-32.639	-100.8
24.22	-8.506	-28.128	-127.8
24.23	-8.516	-23.022	-120.5
24.24	-8.525	-17.791	-79.6
24.25	-8.532	-13.314	-53.2
24.26	-8.538	-10.047	-54.4
24.27	-8.543	-7.866	-101.2
24.28	-8.546	-6.773	-116.0
24.29	-8.549	-6.984	-84.0
24.3	-8.553	-8.364	-72.0
24.31	-8.556	-10.430	-82.2
24.32	-8.561	-12.986	-72.6
24.33	-8.564	-15.975	-51.8
24.34	-8.568	-18.988	-68.5
24.35	-8.571	-21.695	-94.8
24.36	-8.573	-24.195	-70.8
24.37	-8.576	-26.434	-48.1
24.38	-8.578	-28.081	-54.7
24.39	-8.580	-29.053	-53.9
24.4	-8.582	-29.548	-36.4
24.41	-8.585	-29.686	-28.3
24.42	-8.587	-29.370	-20.9
24.43	-8.587	-28.561	27.1
24.44	-8.586	-27.453	43.3
24.45	-8.584	-26.219	10.9
24.46	-8.581	-24.911	-26.4
24.47	-8.578	-23.663	-66.2
24.48	-8.575	-22.528	-88.6
24.49	-8.575	-21.416	-78.9
24.5	-8.578	-20.322	-51.9
24.51	-8.579	-19.234	-18.3
24.52	-8.578	-18.078	51.2
24.53	-8.574	-16.913	258.3
24.54	-8.574	-15.914	578.3
24.55	-8.576	-15.303	614.3
24.56	-8.575	-15.234	277.3
24.57	-8.572	-15.628	-1.4
24.58	-8.569	-16.227	-87.6
24.59	-8.565	-16.944	-87.3
24.6	-8.559	-17.877	-60.1
24.61	-8.553	-18.813	-53.7
24.62	-8.544	-19.255	-53.1
24.63	-8.536	-19.078	-40.9
24.64	-8.527	-18.514	-12.9
24.65	-8.519	-17.250	-12.6
24.66	-8.512	-13.639	-27.5
24.67	-8.506	-4.831	7.3
24.68	-8.499	11.334	49.3
24.69	-8.494	31.572	63.0
24.7	-8.489	46.050	68.6
24.71	-8.484	50.728	86.1
24.72	-8.479	51.123	125.4
24.73	-8.473	51.139	161.2
24.74	-8.468	51.136	184.1
24.75	-8.463	51.116	197.8
24.76	-8.459	50.094	199.9
24.77	-8.455	43.611	193.3
24.78	-8.452	29.183	142.0
24.79	-8.449	12.008	69.2
24.8	-8.444	-2.834	15.9
24.81	-8.439	-14.330	-33.0
24.82	-8.433	-22.188	-73.5
24.83	-8.430	-26.542	-116.6
24.84	-8.429	-28.225	-121.9
24.85	-8.426	-28.333	-110.8
24.86	-8.422	-27.809	-134.3
24.87	-8.420	-27.636	-133.4
24.88	-8.418	-28.805	-115.2
24.89	-8.415	-31.583	-117.3
24.9	-8.411	-35.298	-112.6
24.91	-8.407	-38.631	-114.4
24.92	-8.406	-40.270	-118.0
24.93	-8.407	-39.813	-118.4
24.94	-8.409	-37.592	-122.6
24.95	-8.412	-33.941	-92.6
24.96	-8.416	-29.123	-63.0
24.97	-8.419	-23.695	-64.6
24.98	-8.422	-18.445	-86.9
24.99	-8.424	-13.794	-126.9
25.0	-8.427	-9.792	-146.1
25.01	-8.428	-6.716	-93.9
25.02	-8.428	-5.072	-42.4
25.03	-8.426	-5.066	-55.7
25.04	-8.426	-6.438	-89.4
25.05	-8.428	-8.820	-96.1
25.06	-8.432	-12.023	-72.2
25.07	-8.439	-15.711	-83.3
25.08	-8.447	-19.213	-92.3
25.09	-8.458	-22.100	-68.8
25.1	-8.470	-24.372	-58.1
25.11	-8.482	-26.088	-60.6
25.12	-8.496	-27.378	-62.9
25.13	-8.510	-28.348	-47.9
25.14	-8.523	-28.916	-17.0
25.15	-8.534	-29.159	38.6
25.16	-8.543	-29.286	53.5
25.17	-8.550	-29.156	-5.1
25.18	-8.555	-28.547	-59.9
25.19	-8.558	-27.652	-84.7
25.2	-8.561	-26.861	-81.5
25.21	-8.564	-26.180	-80.8
25.22	-8.569	-25.414	-60.5
25.23	-8.576	-24.644	-20.2
25.24	-8.582	-23.863	22.0
25.25	-8.586	-22.908	187.7
25.26	-8.592	-21.873	496.9
25.27	-8.601	-21.086	637.6
25.28	-8.606	-20.616	382.3
25.29	-8.611	-20.219	56.0
25.3	-8.616	-19.900	-64.3
25.31	-8.619	-20.003	-77.1
25.32	-8.624	-20.594	-77.0
25.33	-8.629	-21.019	-92.8
25.34	-8.631	-20.427	-65.4
25.35	-8.632	-18.881	-9.3
25.36	-8.631	-17.127	4.2
25.37	-8.633	-15.278	-15.0
25.38	-8.635	-12.175	-32.0
25.39	-8.639	-5.155	-7.4
25.4	-8.643	8.580	23.3
25.41	-8.646	27.752	52.0
25.42	-8.648	43.783	87.6
25.43	-8.649	50.286	110.8
25.44	-8.649	51.123	121.4
25.45	-8.649	51.138	124.8
25.46	-8.651	51.139	159.7
25.47	-8.652	51.127	185.6
25.48	-8.655	50.886	175.5
25.49	-8.658	47.556	176.8
25.5	-8.661	36.548	168.8
25.51	-8.662	19.778	107.8
25.52	-8.664	3.497	8.7
25.53	-8.663	-9.586	-54.3
25.54	-8.661	-19.078	-76.7
25.55	-8.659	-24.992	-84.1
25.56	-8.659	-27.789	-91.2
25.57	-8.659	-28.456	-119.3
25.58	-8.660	-28.217	-139.2
25.59	-8.662	-28.163	-138.2
25.6	-8.664	-29.158	-131.3
25.61	-8.661	-31.617	-105.9
25.62	-8.659	-35.392	-84.6
25.63	-8.656	-39.689	-94.3
25.64	-8.655	-42.953	-112.9
25.65	-8.656	-43.584	-124.4
25.66	-8.658	-41.291	-117.6
25.67	-8.660	-36.952	-91.6
25.68	-8.663	-31.389	-69.1
25.69	-8.666	-25.170	-77.1
25.7	-8.668	-18.802	-88.7
25.71	-8.669	-12.880	-84.2
25.72	-8.669	-7.998	-75.4
25.73	-8.669	-4.391	-64.0
25.74	-8.668	-2.172	-69.5
25.75	-8.668	-1.714	-78.6
25.76	-8.668	-3.128	-78.3
25.77	-8.666	-5.758	-72.9
25.78	-8.666	-8.845	-59.7
25.79	-8.662	-12.180	-53.2
25.8	-8.660	-15.869	-57.3
25.81	-8.656	-19.628	-67.2
25.82	-8.652	-22.883	-48.6
25.83	-8.648	-25.406	-32.0
25.84	-8.645	-27.248	-43.3
25.85	-8.643	-28.545	-21.2
25.86	-8.641	-29.356	2.1
25.87	-8.639	-29.628	9.2
25.88	-8.636	-29.463	19.7
25.89	-8.631	-28.828	-13.9
25.9	-8.626	-27.661	-59.3
25.91	-8.619	-26.311	-71.1
25.92	-8.613	-24.945	-54.7
25.93	-8.607	-23.356	-49.4
25.94	-8.603	-21.758	-54.5
25.95	-8.598	-20.578	-30.1
25.96	-8.586	-19.714	28.9
25.97	-8.571	-18.977	230.4
25.98	-8.561	-18.519	541.2
25.99	-8.553	-18.506	571.8
26.0	-8.544	-18.727	230.0
26.01	-8.535	-18.816	-40.1
26.02	-8.527	-18.913	-80.9
26.03	-8.519	-19.305	-75.9
26.04	-8.509	-19.800	-61.3
26.05	-8.495	-19.975	-42.4
26.06	-8.479	-19.572	-47.6
26.07	-8.462	-18.722	-45.4
26.08	-8.447	-17.664	-46.2
26.09	-8.434	-15.988	-40.4
26.1	-8.422	-11.848	-22.3
26.11	-8.412	-2.009	-21.3
26.12	-8.404	15.550	0.7
26.13	-8.396	35.636	29.4
26.14	-8.389	47.913	56.6
26.15	-8.383	50.986	90.2
26.16	-8.377	51.131	106.1
26.17	-8.373	51.139	122.4
26.18	-8.369	51.138	136.3
26.19	-8.366	51.125	147.8
26.2	-8.364	50.264	166.7
26.21	-8.361	44.245	167.3
26.22	-8.360	30.158	128.3
26.23	-8.359	12.939	60.0
26.24	-8.359	-1.806	-19.4
26.25	-8.358	-12.761	-76.7
26.26	-8.358	-19.953	-108.9
26.27	-8.359	-24.031	-106.5
26.28	-8.361	-26.025	-95.5
26.29	-8.363	-26.811	-111.8
26.3	-8.364	-27.195	-105.3
26.31	-8.366	-28.222	-102.1
26.32	-8.367	-30.852	-119.2
26.33	-8.367	-35.075	-109.3
26.34	-8.364	-39.936	-93.4
26.35	-8.361	-44.334	-105.9
26.36	-8.359	-47.255	-109.3
26.37	-8.359	-47.855	-98.4
26.38	-8.361	-45.816	-111.6
26.39	-8.364	-41.580	-99.1
26.4	-8.369	-36.048	-59.6
26.41	-8.373	-29.845	-62.8
26.42	-8.376	-23.325	-84.0
26.43	-8.377	-17.172	-104.1
26.44	-8.377	-12.086	-99.5
26.45	-8.375	-8.431	-59.0
26.46	-8.373	-6.430	-64.4
26.47	-8.370	-6.119	-87.7
26.48	-8.368	-7.356	-75.3
26.49	-8.366	-9.736	-81.1
26.5	-8.366	-12.756	-75.1
26.51	-8.366	-16.092	-60.1
26.52	-8.366	-19.428	-88.7
26.53	-8.366	-22.425	-105.5
26.54	-8.366	-24.942	-66.3
26.55	-8.366	-27.059	-47.3
26.56	-8.366	-28.814	-82.5
26.57	-8.366	-30.098	-70.8
26.58	-8.367	-30.848	-20.4
26.59	-8.367	-31.152	-24.7
26.6	-8.368	-31.094	-65.8
26.61	-8.369	-30.736	-78.8
26.62	-8.369	-30.147	-31.3
26.63	-8.369	-29.386	33.7
26.64	-8.368	-28.423	27.4
26.65	-8.366	-27.313	-18.4
26.66	-8.364	-26.388	-52.8
26.67	-8.363	-25.833	-76.4
26.68	-8.361	-25.341	-91.3
26.69	-8.360	-24.370	-87.7
26.7	-8.359	-22.856	-36.3
26.71	-8.355	-21.264	19.3
26.72	-8.348	-19.927	118.3
26.73	-8.342	-18.944	374.9
26.74	-8.340	-18.256	615.5
26.75	-8.338	-17.775	495.2
26.76	-8.336	-17.592	157.5
26.77	-8.333	-17.830	-26.3
26.78	-8.330	-18.405	-80.0
26.79	-8.326	-19.122	-98.0
26.8	-8.321	-19.852	-96.4
26.81	-8.315	-20.338	-72.0
26.82	-8.309	-20.114	-34.1
26.83	-8.301	-19.075	-47.5
26.84	-8.296	-17.403	-49.2
26.85	-8.291	-14.120	-22.9
26.86	-8.289	-6.241	-11.1
26.87	-8.286	9.198	-5.1
26.88	-8.283	29.789	16.3
26.89	-8.279	45.342	47.6
26.9	-8.276	50.636	40.9
26.91	-8.272	51.120	66.1
26.92	-8.269	51.139	130.3
26.93	-8.266	51.139	169.6
26.94	-8.263	51.133	172.0
26.95	-8.260	51.008	165.9
26.96	-8.258	48.488	170.3
26.97	-8.258	38.647	132.0
26.98	-8.259	22.134	88.0
26.99	-8.261	5.792	53.2
27.0	-8.262	-6.538	-15.3
27.01	-8.264	-14.794	-77.8
27.02	-8.266	-19.820	-100.3
27.03	-8.269	-22.463	-102.4
27.04	-8.271	-23.530	-109.5
27.05	-8.273	-24.025	-129.4
27.06	-8.274	-25.055	-131.0
27.07	-8.277	-27.456	-125.2
27.08	-8.279	-31.408	-125.7
27.09	-8.281	-36.438	-109.1
27.1	-8.281	-41.611	-92.3
27.11	-8.283	-45.675	-97.8
27.12	-8.284	-47.422	-119.8
27.13	-8.287	-46.383	-120.5
27.14	-8.290	-43.148	-91.8
27.15	-8.294	-38.488	-76.8
27.16	-8.297	-32.895	-88.6
27.17	-8.301	-26.997	-102.3
27.18	-8.304	-21.422	-81.1
27.19	-8.304	-16.547	-74.2
27.2	-8.304	-12.602	-105.0
27.21	-8.304	-9.908	-88.8
27.22	-8.305	-8.628	-64.6
27.23	-8.306	-8.591	-86.4
27.24	-8.306	-9.667	-99.0
27.25	-8.308	-11.747	-81.0
27.26	-8.309	-14.588	-75.9
27.27	-8.310	-17.872	-73.2
27.28	-8.311	-21.125	-65.2
27.29	-8.311	-23.988	-80.8
27.3	-8.312	-26.436	-94.1
27.31	-8.312	-28.550	-94.1
27.32	-8.313	-30.277	-83.5
27.33	-8.314	-31.386	-75.4
27.34	-8.315	-31.864	-54.7
27.35	-8.316	-31.905	-58.0
27.36	-8.316	-31.617	-88.5
27.37	-8.317	-31.202	-86.2
27.38	-8.317	-30.650	-78.1
27.39	-8.318	-29.705	-30.3
27.4	-8.318	-28.603	18.3
27.41	-8.318	-27.777	1.2
27.42	-8.319	-27.159	-14.3
27.43	-8.319	-26.484	-9.7
27.44	-8.319	-25.777	1.4
27.45	-8.319	-25.077	-7.9
27.46	-8.319	-24.222	-65.9
27.47	-8.319	-23.152	-102.8
27.48	-8.321	-22.030	-67.3
27.49	-8.322	-21.181	-37.8
27.5	-8.322	-20.744	-40.7
27.51	-8.319	-20.525	14.3
27.52	-8.316	-20.244	229.8
27.53	-8.318	-19.842	577.2
27.54	-8.322	-19.527	673.4
27.55	-8.328	-19.314	340.4
27.56	-8.334	-19.084	20.9
27.57	-8.341	-19.081	-48.8
27.58	-8.348	-19.672	-56.2
27.59	-8.353	-20.748	-74.8
27.6	-8.357	-21.753	-53.8
27.61	-8.362	-22.180	-43.8
27.62	-8.366	-21.952	-58.8
27.63	-8.371	-21.175	-39.3
27.64	-8.378	-19.228	-16.1
27.65	-8.387	-13.789	-4.8
27.66	-8.398	-1.317	12.0
27.67	-8.409	19.073	41.7
27.68	-8.421	39.283	63.7
27.69	-8.433	49.305	60.3
27.7	-8.443	51.084	95.9
27.71	-8.454	51.133	141.0
27.72	-8.464	51.139	151.0
27.73	-8.473	51.138	171.2
27.74	-8.481	51.125	196.3
27.75	-8.490	50.455	201.6
27.76	-8.499	45.069	199.4
27.77	-8.507	31.289	182.4
27.78	-8.515	13.416	118.7
27.79	-8.521	-2.212	32.8
27.8	-8.526	-13.805	-21.9
27.81	-8.530	-21.441	-77.3
27.82	-8.535	-25.578	-112.8
27.83	-8.540	-27.147	-103.5
27.84	-8.544	-27.300	-103.7
27.85	-8.547	-27.239	-95.5
27.86	-8.551	-28.148	-85.9
27.87	-8.556	-30.625	-106.5
27.88	-8.560	-34.652	-130.3
27.89	-8.564	-39.584	-110.9
27.9	-8.567	-43.847	-91.5
27.91	-8.571	-45.933	-79.6
27.92	-8.574	-45.477	-65.3
27.93	-8.578	-42.803	-76.0
27.94	-8.583	-38.398	-86.5
27.95	-8.589	-32.820	-100.5
27.96	-8.595	-26.702	-108.9
27.97	-8.601	-20.628	-87.3
27.98	-8.604	-15.047	-40.8
27.99	-8.607	-10.386	-33.5
28.0	-8.609	-7.070	-76.3
28.01	-8.611	-5.350	-84.4
28.02	-8.613	-5.069	-76.4
28.03	-8.613	-6.028	-73.9
28.04	-8.614	-8.248	-62.1
28.05	-8.614	-11.470	-74.4
28.06	-8.616	-15.083	-88.4
28.07	-8.616	-18.547	-62.7
28.08	-8.616	-21.611	-35.4
28.09	-8.615	-24.303	-46.9
28.1	-8.613	-26.641	-62.6
28.11	-8.611	-28.539	-66.3
28.12	-8.607	-29.945	-44.1
28.13	-8.603	-30.820	-15.5
28.14	-8.599	-31.148	2.2
28.15	-8.595	-30.941	-4.4
28.16	-8.592	-30.322	-36.9
28.17	-8.588	-29.442	-1.8
28.18	-8.583	-28.347	54.3
28.19	-8.578	-27.141	25.7
28.2	-8.573	-25.934	-8.3
28.21	-8.568	-24.634	-36.2
28.22	-8.564	-23.239	-80.9
28.23	-8.563	-21.983	-81.8
28.24	-8.565	-20.934	-63.4
28.25	-8.568	-19.852	-35.6
28.26	-8.569	-18.630	62.3
28.27	-8.568	-17.586	279.8
28.28	-8.572	-16.905	560.7
28.29	-8.578	-16.478	588.8
28.3	-8.582	-16.369	278.2
28.31	-8.584	-16.867	24.0
28.32	-8.589	-17.988	-40.0
28.33	-8.594	-19.388	-55.5
28.34	-8.599	-20.853	-56.9
28.35	-8.602	-22.117	-53.8
28.36	-8.604	-22.708	-49.0
28.37	-8.607	-22.425	-38.7
28.38	-8.614	-21.403	-33.2
28.39	-8.625	-19.728	-26.5
28.4	-8.643	-16.291	-3.7
28.41	-8.663	-7.866	20.6
28.42	-8.686	8.648	27.7
28.43	-8.708	30.125	49.0
28.44	-8.731	45.703	82.0
28.45	-8.752	50.714	105.8
28.46	-8.773	51.120	131.3
28.47	-8.790	51.139	165.2
28.48	-8.805	51.139	182.6
28.49	-8.819	51.130	196.4
28.5	-8.832	50.966	212.9
28.51	-8.844	47.989	178.8
28.52	-8.858	37.139	128.6
28.53	-8.873	19.741	79.0
28.54	-8.887	2.723	8.8
28.55	-8.899	-10.480	-43.2
28.56	-8.911	-19.598	-62.6
28.57	-8.921	-25.120	-78.3
28.58	-8.931	-27.769	-98.1
28.59	-8.940	-28.406	-105.0
28.6	-8.947	-28.495	-116.9
28.61	-8.955	-29.491	-125.5
28.62	-8.963	-31.913	-120.8
28.63	-8.970	-35.495	-113.8
28.64	-8.978	-39.902	-120.5
28.65	-8.984	-44.911	-124.6
28.66	-8.991	-49.009	-109.7
28.67	-8.997	-49.891	-87.3
28.68	-9.005	-46.881	-78.3
28.69	-9.014	-41.191	-114.3
28.7	-9.024	-34.319	-113.8
28.71	-9.035	-27.133	-70.3
28.72	-9.046	-20.308	-77.3
28.73	-9.054	-14.244	-94.4
28.74	-9.061	-9.322	-73.6
28.75	-9.066	-6.056	-71.6
28.76	-9.071	-4.431	-84.3
28.77	-9.076	-4.216	-75.7
28.78	-9.081	-5.488	-77.9
28.79	-9.084	-8.009	-75.1
28.8	-9.086	-11.097	-60.3
28.81	-9.088	-14.405	-70.9
28.82	-9.091	-17.775	-101.2
28.83	-9.095	-20.913	-104.4
28.84	-9.097	-23.859	-56.4
28.85	-9.098	-26.458	-19.5
28.86	-9.098	-28.328	-20.4
28.87	-9.098	-29.692	-37.9
28.88	-9.099	-30.688	-43.9
28.89	-9.100	-30.952	-21.4
28.9	-9.101	-30.375	4.3
28.91	-9.099	-29.220	16.5
28.92	-9.097	-27.942	5.8
28.93	-9.094	-26.945	-11.6
28.94	-9.092	-26.203	-30.6
28.95	-9.089	-25.416	-47.3
28.96	-9.086	-24.333	-59.4
28.97	-9.085	-23.128	-58.3
28.98	-9.088	-22.192	-61.1
28.99	-9.091	-21.417	-69.4
29.0	-9.091	-20.445	-0.8
29.01	-9.087	-19.589	189.4
29.02	-9.086	-19.264	461.1
29.03	-9.084	-19.348	552.2
29.04	-9.081	-19.694	321.7
29.05	-9.078	-20.203	62.6
29.06	-9.077	-20.777	-30.8
29.07	-9.076	-21.347	-35.1
29.08	-9.077	-21.711	-57.7
29.09	-9.073	-21.727	-84.2
29.1	-9.066	-21.367	-47.2
29.11	-9.058	-20.422	-22.9
29.12	-9.051	-18.947	-31.9
29.13	-9.045	-17.417	-14.3
29.14	-9.041	-15.281	5.3
29.15	-9.037	-9.680	15.0
29.16	-9.033	3.270	36.4
29.17	-9.027	23.533	51.5
29.18	-9.021	41.945	50.4
29.19	-9.011	49.988	66.2
29.2	-9.002	51.120	102.6
29.21	-8.993	51.136	133.8
29.22	-8.983	51.139	161.8
29.23	-8.969	51.138	185.5
29.24	-8.952	51.125	187.6
29.25	-8.931	50.348	160.1
29.26	-8.911	44.561	113.4
29.27	-8.892	30.502	67.6
29.28	-8.872	12.928	15.9
29.29	-8.851	-2.105	-31.7
29.3	-8.829	-13.103	-53.3
29.31	-8.808	-20.313	-69.7
29.32	-8.791	-24.341	-104.6
29.33	-8.776	-26.100	-100.9
29.34	-8.761	-26.689	-75.0
29.35	-8.744	-27.252	-104.4
29.36	-8.726	-28.892	-131.9
29.37	-8.706	-32.256	-115.7
29.38	-8.688	-37.430	-95.1
29.39	-8.669	-43.630	-78.3
29.4	-8.652	-48.597	-79.1
29.41	-8.634	-50.720	-100.1
29.42	-8.616	-50.436	-79.2
29.43	-8.599	-47.766	-54.7
29.44	-8.582	-42.341	-104.3
29.45	-8.568	-34.947	-109.6
29.46	-8.554	-26.998	-46.1
29.47	-8.539	-19.578	-41.3
29.48	-8.526	-12.977	-85.6
29.49	-8.511	-7.484	-98.3
29.5	-8.496	-3.747	-57.4
29.51	-8.481	-2.152	-53.6
29.52	-8.467	-2.573	-77.1
29.53	-8.456	-4.680	-64.0
29.54	-8.446	-8.067	-47.5
29.55	-8.438	-12.181	-62.0
29.56	-8.429	-16.583	-89.5
29.57	-8.420	-20.909	-84.7
29.58	-8.412	-24.595	-71.2
29.59	-8.405	-27.456	-58.5
29.6	-8.399	-29.819	-39.1
29.61	-8.393	-31.594	-29.1
29.62	-8.387	-32.373	-31.0
29.63	-8.382	-32.389	-35.9
29.64	-8.377	-32.250	-11.9
29.65	-8.372	-32.094	14.0
29.66	-8.368	-31.586	-16.5
29.67	-8.364	-30.661	-37.6
29.68	-8.362	-29.858	-25.8
29.69	-8.360	-29.336	-46.5
29.7	-8.360	-28.650	-92.4
29.71	-8.361	-27.741	-98.0
29.72	-8.364	-26.905	-57.3
29.73	-8.365	-26.145	-39.3
29.74	-8.363	-25.236	24.7
29.75	-8.357	-24.200	270.2
29.76	-8.356	-23.253	571.4
29.77	-8.356	-22.503	549.4
29.78	-8.357	-22.039	205.9
29.79	-8.359	-21.892	-38.0
29.8	-8.361	-21.898	-77.0
29.81	-8.363	-22.030	-57.3
29.82	-8.363	-22.422	-59.8
29.83	-8.358	-22.869	-70.2
29.84	-8.352	-22.825	-71.5
29.85	-8.346	-21.994	-64.1
29.86	-8.341	-20.584	-46.8
29.87	-8.337	-18.648	-33.2
29.88	-8.335	-14.538	-8.6
29.89	-8.334	-4.536	-7.9
29.9	-8.333	13.816	-3.7
29.91	-8.332	34.925	33.1
29.92	-8.331	47.778	58.4
29.93	-8.329	50.980	81.9
29.94	-8.326	51.131	120.2
29.95	-8.322	51.139	131.5
29.96	-8.319	51.139	110.7
29.97	-8.316	51.125	139.3
29.98	-8.313	50.758	185.3
29.99	-8.312	46.650	162.5
30.0	-8.311	34.202	97.0
30.01	-8.311	16.272	36.4
30.02	-8.311	-0.369	-8.1
30.03	-8.309	-12.991	-57.4
30.04	-8.306	-21.345	-101.7
30.05	-8.304	-26.052	-105.3
30.06	-8.303	-28.220	-81.5
30.07	-8.303	-28.934	-111.4
30.08	-8.303	-29.252	-135.8
30.09	-8.303	-30.319	-100.8
30.1	-8.302	-32.942	-96.7
30.11	-8.299	-37.155	-119.3
30.12	-8.297	-42.273	-116.4
30.13	-8.294	-47.056	-95.5
30.14	-8.294	-49.986	-104.5
30.15	-8.293	-50.327	-105.7
30.16	-8.293	-48.378	-69.6
30.17	-8.293	-44.494	-54.8
30.18	-8.293	-39.123	-95.5
30.19	-8.293	-32.888	-118.6
30.2	-8.293	-26.091	-71.3
30.21	-8.291	-19.477	-55.2
30.22	-8.289	-14.122	-82.6
30.23	-8.285	-10.241	-86.0
30.24	-8.281	-7.806	-80.7
30.25	-8.277	-7.086	-85.0
30.26	-8.274	-7.955	-79.8
30.27	-8.270	-9.923	-61.8
30.28	-8.267	-12.750	-51.5
30.29	-8.262	-16.123	-74.4
30.3	-8.259	-19.536	-86.9
30.31	-8.256	-22.844	-70.1
30.32	-8.253	-26.061	-66.1
30.33	-8.250	-28.873	-67.3
30.34	-8.247	-30.683	-69.9
30.35	-8.244	-31.627	-52.5
30.36	-8.244	-32.295	-53.1
30.37	-8.244	-32.525	-90.2
30.38	-8.245	-32.161	-97.2
30.39	-8.244	-31.583	-73.0
30.4	-8.244	-30.731	-39.2
30.41	-8.243	-29.658	-48.2
30.42	-8.242	-28.828	-79.6
30.43	-8.241	-28.033	-57.3
30.44	-8.242	-27.144	-19.5
30.45	-8.244	-26.384	-14.6
30.46	-8.245	-25.638	-21.0
30.47	-8.246	-24.808	-15.4
30.48	-8.246	-23.942	6.2
30.49	-8.245	-23.108	24.8
30.5	-8.245	-22.336	2.4
30.51	-8.244	-21.548	-37.3
30.52	-8.243	-20.819	-32.7
30.53	-8.242	-20.436	-2.9
30.54	-8.244	-20.431	-46.8
30.55	-8.246	-20.581	-116.3
30.56	-8.246	-20.795	-59.9
30.57	-8.244	-21.066	20.7
30.58	-8.241	-21.353	114.9
30.59	-8.239	-21.508	361.2
30.6	-8.242	-21.423	591.8
30.61	-8.246	-21.280	505.5
30.62	-8.249	-21.256	168.6
30.63	-8.252	-21.389	-42.3
30.64	-8.255	-21.736	-79.2
30.65	-8.256	-22.319	-82.5
30.66	-8.257	-23.064	-94.3
30.67	-8.258	-23.734	-93.6
30.68	-8.258	-23.903	-63.9
30.69	-8.255	-23.208	-40.0
30.7	-8.254	-21.381	-20.5
30.71	-8.254	-17.180	-35.4
30.72	-8.256	-7.308	-53.8
30.73	-8.258	11.338	-25.3
30.74	-8.257	33.628	24.1
30.75	-8.254	47.497	48.0
30.76	-8.252	50.967	47.3
30.77	-8.249	51.130	68.0
30.78	-8.247	51.139	90.2
30.79	-8.244	51.139	139.3
30.8	-8.241	51.133	170.0
30.81	-8.239	50.998	150.9
30.82	-8.239	48.309	172.3
30.83	-8.240	37.866	167.0
30.84	-8.242	20.348	90.8
30.85	-8.245	2.834	38.5
30.86	-8.248	-10.750	-7.3
30.87	-8.250	-20.097	-84.6
30.88	-8.252	-25.681	-107.5
30.89	-8.255	-28.327	-115.8
30.9	-8.256	-29.005	-128.4
30.91	-8.255	-28.870	-100.9
30.92	-8.254	-29.033	-103.9
30.93	-8.254	-30.148	-133.4
30.94	-8.254	-32.623	-153.1
30.95	-8.252	-36.580	-137.4
30.96	-8.251	-41.100	-116.6
30.97	-8.251	-44.436	-124.3
30.98	-8.251	-45.441	-88.4
30.99	-8.252	-44.203	-66.9
31.0	-8.254	-41.255	-108.3
31.01	-8.256	-37.058	-114.5
31.02	-8.259	-32.119	-105.3
31.03	-8.264	-26.913	-102.2
31.04	-8.269	-21.869	-82.7
31.05	-8.275	-17.339	-75.3
31.06	-8.284	-13.652	-98.0
31.07	-8.296	-11.108	-107.5
31.08	-8.311	-9.767	-82.8
31.09	-8.329	-9.589	-77.8
31.1	-8.346	-10.505	-79.2
31.11	-8.361	-12.419	-77.4
31.12	-8.374	-15.236	-100.5
31.13	-8.384	-18.564	-93.2
31.14	-8.393	-21.942	-62.9
31.15	-8.401	-25.163	-74.4
31.16	-8.408	-28.059	-65.1
31.17	-8.414	-30.573	-42.6
31.18	-8.421	-32.669	-63.8
31.19	-8.427	-34.130	-92.1
31.2	-8.434	-34.967	-94.4
31.21	-8.441	-35.384	-72.2
31.22	-8.445	-35.372	-53.0
31.23	-8.449	-34.952	-48.6
31.24	-8.453	-34.291	-32.3
31.25	-8.456	-33.408	1.7
31.26	-8.459	-32.255	33.1
31.27	-8.463	-30.942	41.8
31.28	-8.467	-29.653	5.8
31.29	-8.473	-28.377	-45.8
31.3	-8.476	-26.863	-62.6
31.31	-8.480	-25.009	-67.1
31.32	-8.484	-23.131	-78.2
31.33	-8.490	-21.556	-82.5
31.34	-8.496	-20.219	-57.9
31.35	-8.500	-19.089	9.3
31.36	-8.500	-18.339	186.0
31.37	-8.502	-17.933	489.9
31.38	-8.506	-17.691	638.7
31.39	-8.508	-17.581	391.0
31.4	-8.510	-17.728	40.3
31.41	-8.513	-18.205	-77.0
31.42	-8.517	-18.914	-65.5
31.43	-8.519	-19.806	-55.5
31.44	-8.520	-20.823	-61.1
31.45	-8.519	-21.631	-81.8
31.46	-8.518	-21.855	-64.0
31.47	-8.516	-21.558	-18.1
31.48	-8.515	-20.898	-10.0
31.49	-8.516	-19.292	-8.0
31.5	-8.519	-14.573	6.9
31.51	-8.523	-3.175	11.7
31.52	-8.525	16.414	24.0
31.53	-8.526	37.195	52.1
31.54	-8.526	48.608	111.2
31.55	-8.526	51.042	149.0
31.56	-8.527	51.134	142.8
31.57	-8.527	51.139	161.8
31.58	-8.529	51.139	192.3
31.59	-8.531	51.128	197.0
31.6	-8.533	50.930	197.4
31.61	-8.534	47.758	169.5
31.62	-8.534	36.616	104.2
31.63	-8.533	18.886	37.8
31.64	-8.529	1.150	-10.8
31.65	-8.524	-13.417	-50.3
31.66	-8.521	-24.422	-99.5
31.67	-8.520	-31.714	-110.8
31.68	-8.520	-35.355	-112.6
31.69	-8.518	-36.217	-144.4
31.7	-8.517	-35.748	-135.9
31.71	-8.516	-35.330	-111.7
31.72	-8.514	-36.155	-97.1
31.73	-8.509	-38.473	-88.5
31.74	-8.504	-41.200	-102.0
31.75	-8.500	-43.072	-121.3
31.76	-8.499	-43.133	-145.3
31.77	-8.500	-40.778	-135.5
31.78	-8.502	-36.373	-81.3
31.79	-8.503	-30.873	-48.5
31.8	-8.504	-24.888	-69.8
31.81	-8.503	-18.627	-111.4
31.82	-8.501	-12.456	-111.1
31.83	-8.497	-7.048	-87.3
31.84	-8.492	-3.064	-66.4
31.85	-8.486	-0.870	-50.1
31.86	-8.481	-0.494	-77.4
31.87	-8.474	-1.950	-95.9
31.88	-8.470	-5.023	-78.9
31.89	-8.467	-9.072	-76.4
31.9	-8.467	-13.447	-82.4
31.91	-8.469	-17.642	-62.0
31.92	-8.471	-21.341	-56.7
31.93	-8.475	-24.447	-77.5
31.94	-8.480	-26.998	-50.5
31.95	-8.485	-28.994	-9.8
31.96	-8.490	-30.323	5.6
31.97	-8.494	-31.153	13.0
31.98	-8.499	-31.786	2.5
31.99	-8.503	-32.159	-26.5
32.0	-8.509	-32.078	-61.0
32.01	-8.517	-31.583	-79.8
32.02	-8.528	-30.847	-75.2
32.03	-8.540	-29.877	-78.8
32.04	-8.551	-28.652	-70.1
32.05	-8.559	-27.350	-20.6
32.06	-8.561	-26.123	104.7
32.07	-8.558	-24.995	357.9
32.08	-8.558	-24.042	600.3
32.09	-8.560	-23.367	492.6
32.1	-8.563	-22.894	114.8
32.11	-8.565	-22.527	-64.8
32.12	-8.568	-22.317	-60.0
32.13	-8.571	-22.261	-62.2
32.14	-8.574	-22.317	-69.5
32.15	-8.574	-22.445	-75.9
32.16	-8.573	-22.375	-66.2
32.17	-8.571	-21.811	-37.0
32.18	-8.568	-20.922	2.6
32.19	-8.566	-19.745	16.2
32.2	-8.567	-17.038	-1.8
32.21	-8.569	-9.600	-12.1
32.22	-8.572	5.886	7.1
32.23	-8.574	27.319	44.6
32.24	-8.577	44.256	88.7
32.25	-8.578	50.463	128.0
32.26	-8.578	51.123	141.1
32.27	-8.579	51.139	135.0
32.28	-8.581	51.139	161.8
32.29	-8.582	51.134	202.8
32.3	-8.585	51.089	192.8
32.31	-8.588	49.630	161.8
32.32	-8.591	41.786	112.4
32.33	-8.594	25.697	44.1
32.34	-8.598	7.272	-15.3
32.35	-8.599	-8.578	-71.5
32.36	-8.603	-20.952	-83.8
32.37	-8.609	-29.538	-72.5
32.38	-8.617	-34.505	-96.8
32.39	-8.622	-36.711	-121.3
32.4	-8.627	-37.339	-126.6
32.41	-8.631	-37.639	-125.4
32.42	-8.634	-38.625	-107.9
32.43	-8.638	-40.900	-87.6
32.44	-8.642	-44.350	-93.4
32.45	-8.646	-47.714	-97.5
32.46	-8.651	-49.291	-101.7
32.47	-8.655	-48.269	-102.8
32.48	-8.659	-44.900	-86.7
32.49	-8.664	-39.723	-64.9
32.5	-8.669	-33.272	-72.3
32.51	-8.673	-26.213	-91.3
32.52	-8.678	-19.030	-65.1
32.53	-8.680	-12.238	-52.0
32.54	-8.682	-6.475	-70.9
32.55	-8.683	-2.039	-70.4
32.56	-8.683	0.677	-72.1
32.57	-8.684	1.278	-96.5
32.58	-8.686	-0.111	-85.1
32.59	-8.689	-3.125	-45.5
32.6	-8.691	-7.277	-34.7
32.61	-8.693	-12.000	-33.3
32.62	-8.696	-16.844	-37.4
32.63	-8.699	-21.477	-74.1
32.64	-8.704	-25.652	-70.5
32.65	-8.709	-28.964	2.0
32.66	-8.715	-31.144	48.2
32.67	-8.719	-32.333	38.8
32.68	-8.722	-32.797	-3.5
32.69	-8.726	-32.861	-56.3
32.7	-8.730	-32.595	-88.0
32.71	-8.734	-31.836	-75.1
32.72	-8.739	-30.580	-40.8
32.73	-8.746	-29.059	-32.6
32.74	-8.755	-27.622	-41.9
32.75	-8.761	-26.342	-35.6
32.76	-8.761	-25.080	78.1
32.77	-8.759	-23.841	348.1
32.78	-8.756	-22.711	564.5
32.79	-8.749	-21.789	418.3
32.8	-8.740	-21.113	75.1
32.81	-8.732	-20.695	-64.0
32.82	-8.729	-20.527	-77.1
32.83	-8.728	-20.409	-70.9
32.84	-8.724	-20.189	-31.8
32.85	-8.716	-19.736	-39.9
32.86	-8.706	-18.719	-52.4
32.87	-8.697	-17.052	-45.8
32.88	-8.689	-15.067	-34.0
32.89	-8.679	-12.705	-4.5
32.9	-8.669	-8.380	3.6
32.91	-8.658	1.259	-4.7
32.92	-8.648	18.467	8.7
32.93	-8.639	37.623	55.3
32.94	-8.630	48.591	79.0
32.95	-8.619	51.038	67.3
32.96	-8.609	51.134	83.7
32.97	-8.598	51.139	115.0
32.98	-8.588	51.139	140.9
32.99	-8.578	51.125	153.6
33.0	-8.566	50.856	154.9
33.01	-8.556	47.100	132.8
33.02	-8.546	34.664	56.7
33.03	-8.536	15.798	5.9
33.04	-8.526	-2.283	-6.0
33.05	-8.512	-16.297	-68.9
33.06	-8.499	-25.814	-97.8
33.07	-8.489	-31.548	-75.5
33.08	-8.481	-34.523	-91.9
33.09	-8.471	-35.414	-120.0
33.1	-8.459	-35.388	-114.0
33.11	-8.446	-36.184	-84.3
33.12	-8.431	-38.583	-90.2
33.13	-8.416	-42.186	-113.4
33.14	-8.402	-46.314	-99.0
33.15	-8.388	-49.595	-99.4
33.16	-8.376	-50.747	-121.2
33.17	-8.367	-49.503	-102.8
33.18	-8.359	-45.789	-72.0
33.19	-8.351	-40.036	-71.6
33.2	-8.346	-33.058	-66.8
33.21	-8.342	-25.397	-69.2
33.22	-8.340	-17.675	-87.8
33.23	-8.338	-10.575	-83.2
33.24	-8.336	-4.702	-87.4
33.25	-8.334	-0.617	-91.9
33.26	-8.332	1.261	-76.8
33.27	-8.331	0.888	-63.0
33.28	-8.329	-1.425	-38.0
33.29	-8.326	-5.255	-45.9
33.3	-8.322	-10.077	-83.3
33.31	-8.319	-15.188	-77.4
33.32	-8.318	-20.059	-68.9
33.33	-8.317	-24.452	-56.0
33.34	-8.318	-28.017	-20.2
33.35	-8.319	-30.475	0.6
33.36	-8.320	-32.125	19.9
33.37	-8.319	-33.302	5.2
33.38	-8.318	-33.922	-51.9
33.39	-8.317	-34.033	-79.1
33.4	-8.318	-33.847	-79.8
33.41	-8.319	-33.314	-84.8
33.42	-8.322	-32.492	-67.0
33.43	-8.326	-31.638	-43.1
33.44	-8.328	-30.730	-17.8
33.45	-8.326	-29.659	135.8
33.46	-8.327	-28.506	444.1
33.47	-8.332	-27.405	603.7
33.48	-8.340	-26.372	344.5
33.49	-8.348	-25.395	10.9
33.5	-8.359	-24.627	-65.8
33.51	-8.369	-24.169	-73.0
33.52	-8.377	-23.888	-72.6
33.53	-8.381	-23.705	-48.9
33.54	-8.381	-23.522	-64.9
33.55	-8.377	-22.861	-82.4
33.56	-8.371	-21.372	-67.9
33.57	-8.365	-19.420	-44.4
33.58	-8.359	-16.786	-17.4
33.59	-8.354	-10.863	1.9
33.6	-8.349	2.231	-1.4
33.61	-8.344	22.678	4.9
33.62	-8.339	41.497	36.0
33.63	-8.334	49.891	39.6
33.64	-8.328	51.119	60.3
33.65	-8.321	51.136	122.1
33.66	-8.313	51.139	143.6
33.67	-8.303	51.136	123.8
33.68	-8.293	51.117	114.3
33.69	-8.283	50.038	119.3
33.7	-8.272	43.073	88.6
33.71	-8.261	27.467	27.8
33.72	-8.249	8.873	-19.6
33.73	-8.236	-6.870	-60.4
33.74	-8.223	-18.533	-98.7
33.75	-8.209	-26.261	-109.4
33.76	-8.197	-30.717	-132.3
33.77	-8.182	-32.870	-155.6
33.78	-8.166	-33.925	-124.9
33.79	-8.148	-35.130	-100.8
33.8	-8.128	-37.302	-112.8
33.81	-8.107	-40.734	-138.6
33.82	-8.087	-45.145	-155.9
33.83	-8.067	-49.011	-137.0
33.84	-8.048	-50.808	-108.8
33.85	-8.029	-50.811	-112.9
33.86	-8.012	-49.008	-115.1
33.87	-7.998	-44.611	-96.6
33.88	-7.987	-38.194	-101.8
33.89	-7.979	-30.978	-125.1
33.9	-7.973	-23.738	-118.8
33.91	-7.969	-16.931	-100.1
33.92	-7.968	-11.031	-86.1
33.93	-7.967	-6.744	-78.2
33.94	-7.968	-4.419	-99.8
33.95	-7.971	-3.747	-121.4
33.96	-7.975	-4.545	-100.5
33.97	-7.981	-6.828	-63.8
33.98	-7.989	-10.361	-44.1
33.99	-8.001	-14.634	-49.2
34.0	-8.012	-18.625	-78.2
34.01	-8.026	-21.772	-83.2
34.02	-8.039	-24.675	-64.3
34.03	-8.051	-27.348	-60.9
34.04	-8.060	-29.155	-47.1
34.05	-8.066	-30.323	-22.6
34.06	-8.072	-31.264	-34.3
34.07	-8.078	-31.745	-63.8
34.08	-8.084	-31.725	-67.7
34.09	-8.090	-31.330	-40.1
34.1	-8.096	-30.484	4.3
34.11	-8.099	-29.452	6.6
34.12	-8.101	-28.680	-10.4
34.13	-8.103	-28.148	-12.2
34.14	-8.103	-27.613	-7.9
34.15	-8.101	-27.030	20.5
34.16	-8.099	-26.498	-8.2
34.17	-8.097	-26.055	-73.6
34.18	-8.096	-25.480	-84.0
34.19	-8.096	-24.463	-69.3
34.2	-8.095	-23.223	-54.3
34.21	-8.094	-22.311	-57.8
34.22	-8.091	-21.734	-40.5
34.23	-8.085	-21.223	127.0
34.24	-8.082	-20.750	465.7
34.25	-8.083	-20.444	663.6
34.26	-8.084	-20.470	408.1
34.27	-8.084	-20.753	38.9
34.28	-8.084	-21.036	-88.8
34.29	-8.082	-21.427	-94.0
34.3	-8.081	-22.155	-77.9
34.31	-8.080	-22.928	-74.9
34.32	-8.079	-23.234	-82.4
34.33	-8.078	-22.808	-69.9
34.34	-8.076	-21.773	-37.2
34.35	-8.074	-20.036	-23.3
34.36	-8.072	-15.750	-46.3
34.37	-8.071	-5.186	-48.7
34.38	-8.070	13.897	8.9
34.39	-8.068	35.372	36.0
34.4	-8.065	48.020	28.4
34.41	-8.063	51.003	47.4
34.42	-8.062	51.133	77.3
34.43	-8.060	51.139	124.3
34.44	-8.058	51.139	131.9
34.45	-8.056	51.130	136.8
34.46	-8.054	50.961	167.3
34.47	-8.051	47.945	159.0
34.48	-8.049	37.063	134.8
34.49	-8.047	19.716	82.3
34.5	-8.047	2.786	-3.3
34.51	-8.046	-10.392	-66.7
34.52	-8.046	-19.611	-82.3
34.53	-8.046	-25.347	-85.4
34.54	-8.047	-28.430	-113.1
