Interval=	0.01 s
ExcelDateTime=	3.9777417584463677e+004	25/11/2008 10:01:19.297662
TimeFormat=	StartOfBlock
ChannelTitle=	Channel 1	Channel 2	Channel 3
Range=	20.000 mV	50.000 mV	1000.0 µV
0.0	-7.990	-10.784	-15.5
0.01	-7.984	-13.342	-81.3
0.02	-7.979	-16.822	-118.9
0.03	-7.973	-21.369	-122.6
0.04	-7.968	-26.600	-125.2
0.05	-7.964	-31.203	-111.5
0.06	-7.960	-34.142	-124.4
0.07	-7.957	-35.067	-136.0
0.08	-7.954	-34.114	-128.9
0.09	-7.953	-31.627	-126.9
0.1	-7.953	-28.017	-106.9
0.11	-7.953	-23.886	-81.2
0.12	-7.954	-19.473	-96.8
0.13	-7.956	-15.664	-109.0
0.14	-7.958	-13.417	-87.3
0.15	-7.964	-12.273	-90.1
0.16	-7.977	-11.836	-116.4
0.17	-7.999	-12.153	-132.6
0.18	-8.031	-13.114	-126.6
0.19	-8.068	-14.755	-95.7
0.2	-8.106	-17.434	-69.8
0.21	-8.144	-20.614	-80.0
0.22	-8.181	-21.903	-99.4
0.23	-8.215	-21.856	-92.2
0.24	-8.246	-23.273	-89.2
0.25	-8.274	-25.614	-97.9
0.26	-8.299	-27.903	-94.5
0.27	-8.321	-30.134	-109.8
0.28	-8.341	-31.786	-106.9
0.29	-8.358	-32.948	-58.7
0.3	-8.374	-33.802	-38.7
0.31	-8.390	-33.783	-70.6
0.32	-8.408	-33.122	-84.5
0.33	-8.428	-32.403	-55.9
0.34	-8.449	-31.539	-38.8
0.35	-8.469	-30.738	-24.5
0.36	-8.488	-29.927	-15.3
0.37	-8.508	-29.125	-4.2
0.38	-8.527	-28.689	-4.3
0.39	-8.547	-27.502	-30.3
0.4	-8.566	-25.225	-38.7
0.41	-8.584	-23.311	-53.3
0.42	-8.603	-22.334	-57.0
0.43	-8.622	-21.634	-55.1
0.44	-8.643	-20.644	-70.8
0.45	-8.663	-19.411	-25.7
0.46	-8.678	-18.373	116.1
0.47	-8.694	-18.083	380.6
0.48	-8.711	-18.228	597.4
0.49	-8.725	-18.353	437.1
0.5	-8.736	-18.597	97.2
0.51	-8.748	-18.686	-45.4
0.52	-8.758	-18.897	-60.9
0.53	-8.769	-20.020	-63.1
0.54	-8.779	-21.322	-47.1
0.55	-8.784	-21.645	-26.7
0.56	-8.787	-21.503	-28.6
0.57	-8.791	-21.942	-49.0
0.58	-8.794	-22.245	-42.1
0.59	-8.801	-19.997	-23.3
0.6	-8.809	-12.280	6.7
0.61	-8.816	2.591	42.6
0.62	-8.823	23.105	40.0
0.63	-8.828	41.384	56.3
0.64	-8.832	49.755	99.1
0.65	-8.836	51.105	113.2
0.66	-8.837	51.134	127.3
0.67	-8.839	51.139	148.2
0.68	-8.841	51.133	162.2
0.69	-8.846	50.486	163.4
0.7	-8.851	43.055	147.1
0.71	-8.856	24.455	109.1
0.72	-8.860	10.370	36.5
0.73	-8.864	6.909	-28.8
0.74	-8.865	2.277	-51.7
0.75	-8.866	-3.069	-72.6
0.76	-8.866	-6.147	-94.8
0.77	-8.868	-7.244	-91.1
0.78	-8.866	-6.248	-73.1
0.79	-8.861	-4.581	-55.8
0.8	-8.851	-4.219	-67.1
0.81	-8.839	-5.958	-91.3
0.82	-8.829	-9.869	-92.9
0.83	-8.823	-15.372	-88.0
0.84	-8.821	-21.016	-83.6
0.85	-8.819	-24.877	-58.6
0.86	-8.816	-26.091	-33.3
0.87	-8.813	-25.550	-34.0
0.88	-8.806	-23.539	-62.1
0.89	-8.796	-20.106	-81.5
0.9	-8.782	-15.589	-72.8
0.91	-8.763	-10.934	-53.4
0.92	-8.739	-7.094	-34.2
0.93	-8.711	-4.591	-30.5
0.94	-8.679	-2.717	-54.0
0.95	-8.643	-1.391	-69.1
0.96	-8.602	-1.800	-48.7
0.97	-8.560	-4.039	-41.8
0.98	-8.517	-7.728	-64.3
0.99	-8.470	-11.420	-77.4
1.0	-8.418	-13.675	-67.6
1.01	-8.359	-15.969	-60.6
1.02	-8.296	-19.156	-66.3
1.03	-8.234	-21.405	-78.9
1.04	-8.174	-22.164	-64.7
1.05	-8.116	-22.575	-46.7
1.06	-8.063	-23.684	-45.0
1.07	-8.015	-25.002	-38.9
1.08	-7.971	-25.642	-69.3
1.09	-7.931	-25.845	-101.9
1.1	-7.892	-25.848	-107.0
1.11	-7.856	-25.870	-111.4
1.12	-7.822	-25.202	-117.6
1.13	-7.793	-23.622	-106.1
1.14	-7.766	-22.677	-64.8
1.15	-7.734	-22.511	4.4
1.16	-7.699	-22.041	165.1
1.17	-7.668	-21.620	450.8
1.18	-7.642	-22.038	538.2
1.19	-7.615	-22.342	243.3
1.2	-7.590	-21.778	-8.6
1.21	-7.569	-21.219	-39.4
1.22	-7.551	-21.120	-35.3
1.23	-7.534	-21.530	-60.0
1.24	-7.516	-22.061	-63.5
1.25	-7.495	-21.720	-15.4
1.26	-7.474	-20.309	8.9
1.27	-7.452	-18.642	-2.8
1.28	-7.431	-17.981	-18.7
1.29	-7.410	-17.195	-8.7
1.3	-7.391	-10.709	33.0
1.31	-7.376	3.388	63.5
1.32	-7.362	21.506	71.9
1.33	-7.350	38.475	70.7
1.34	-7.338	48.306	95.5
1.35	-7.328	50.956	134.5
1.36	-7.317	51.130	155.1
1.37	-7.309	51.136	156.3
1.38	-7.303	51.069	144.8
1.39	-7.296	49.561	139.1
1.4	-7.289	43.086	120.8
1.41	-7.284	31.345	68.9
1.42	-7.278	18.705	-1.8
1.43	-7.272	8.119	-61.0
1.44	-7.266	0.161	-103.8
1.45	-7.261	-5.238	-103.7
1.46	-7.259	-8.681	-88.5
1.47	-7.259	-10.675	-84.2
1.48	-7.259	-11.622	-68.2
1.49	-7.261	-13.102	-101.7
1.5	-7.261	-16.228	-135.6
1.51	-7.261	-20.434	-114.8
1.52	-7.261	-25.056	-91.8
1.53	-7.263	-29.602	-106.6
1.54	-7.266	-33.398	-116.1
1.55	-7.270	-35.594	-73.8
1.56	-7.276	-35.509	-61.6
1.57	-7.284	-33.188	-93.8
1.58	-7.293	-29.441	-99.3
1.59	-7.299	-25.039	-96.9
1.6	-7.306	-20.402	-90.8
1.61	-7.311	-16.178	-62.6
1.62	-7.315	-13.072	-65.1
1.63	-7.319	-11.125	-79.8
1.64	-7.324	-10.017	-79.2
1.65	-7.328	-9.936	-76.1
1.66	-7.329	-11.214	-56.9
1.67	-7.331	-13.391	-66.6
1.68	-7.333	-15.772	-99.4
1.69	-7.334	-18.291	-83.0
1.7	-7.334	-20.911	-55.3
1.71	-7.336	-23.352	-81.1
1.72	-7.337	-25.492	-107.8
1.73	-7.339	-27.100	-69.3
1.74	-7.341	-28.167	-30.2
1.75	-7.343	-29.314	-48.1
1.76	-7.344	-30.441	-86.4
1.77	-7.348	-30.923	-86.6
1.78	-7.351	-30.981	-65.8
1.79	-7.356	-30.959	-71.2
1.8	-7.361	-30.703	-67.0
1.81	-7.367	-30.159	-29.2
1.82	-7.373	-29.664	-7.4
1.83	-7.379	-29.361	-10.7
1.84	-7.385	-28.898	4.3
1.85	-7.390	-28.128	1.5
1.86	-7.395	-27.353	-50.8
1.87	-7.400	-26.213	-82.8
1.88	-7.406	-24.697	-73.5
1.89	-7.414	-23.888	-77.1
1.9	-7.424	-23.736	-80.4
1.91	-7.435	-23.609	-33.5
1.92	-7.446	-23.550	56.7
1.93	-7.459	-23.611	260.8
1.94	-7.478	-23.666	557.2
1.95	-7.503	-23.392	572.1
1.96	-7.527	-23.005	233.6
1.97	-7.552	-23.003	-32.6
1.98	-7.576	-23.119	-106.8
1.99	-7.597	-23.294	-84.3
2.0	-7.613	-23.922	-41.9
2.01	-7.625	-24.834	-54.1
2.02	-7.633	-25.586	-65.2
2.03	-7.639	-25.789	-46.3
2.04	-7.643	-25.023	-41.7
2.05	-7.646	-23.020	-36.4
2.06	-7.649	-18.147	-18.2
2.07	-7.653	-7.353	-12.6
2.08	-7.656	10.172	17.2
2.09	-7.656	30.609	53.8
2.1	-7.651	45.414	65.8
2.11	-7.642	50.588	87.7
2.12	-7.629	51.128	112.3
2.13	-7.617	51.139	140.5
2.14	-7.605	51.138	137.0
2.15	-7.594	51.092	118.2
2.16	-7.585	49.845	125.6
2.17	-7.578	43.655	112.1
2.18	-7.578	31.881	69.7
2.19	-7.589	19.316	-3.6
2.2	-7.608	8.709	-80.2
2.21	-7.631	0.231	-118.5
2.22	-7.659	-5.788	-115.8
2.23	-7.685	-9.511	-111.8
2.24	-7.706	-11.334	-124.2
2.25	-7.726	-12.233	-116.6
2.26	-7.749	-13.630	-107.8
2.27	-7.777	-16.200	-104.3
2.28	-7.811	-19.742	-116.7
2.29	-7.846	-23.817	-146.8
2.3	-7.879	-27.864	-126.1
2.31	-7.909	-30.938	-81.9
2.32	-7.937	-32.433	-99.7
2.33	-7.961	-32.058	-140.6
2.34	-7.982	-29.734	-117.9
2.35	-7.999	-26.408	-77.2
2.36	-8.014	-22.759	-68.5
2.37	-8.027	-18.516	-93.3
2.38	-8.037	-14.052	-126.0
2.39	-8.045	-10.998	-98.8
2.4	-8.051	-10.161	-72.7
2.41	-8.054	-10.255	-103.0
2.42	-8.057	-10.069	-113.9
2.43	-8.058	-10.367	-77.1
2.44	-8.056	-12.016	-65.1
2.45	-8.051	-14.464	-83.9
2.46	-8.046	-17.383	-92.4
2.47	-8.038	-20.369	-91.0
2.48	-8.029	-22.897	-81.4
2.49	-8.018	-25.172	-73.3
2.5	-8.005	-27.183	-74.8
2.51	-7.990	-28.692	-84.3
2.52	-7.974	-29.448	-91.2
2.53	-7.956	-29.748	-83.3
2.54	-7.934	-30.434	-74.3
2.55	-7.913	-31.342	-78.1
2.56	-7.890	-31.658	-64.0
2.57	-7.868	-31.345	-37.8
2.58	-7.844	-31.184	-34.8
2.59	-7.822	-31.208	-42.3
2.6	-7.803	-30.636	-35.9
2.61	-7.785	-29.584	-14.1
2.62	-7.769	-28.622	-7.6
2.63	-7.754	-27.755	-27.6
2.64	-7.741	-26.844	-61.8
2.65	-7.729	-25.997	-66.8
2.66	-7.719	-25.294	-54.5
2.67	-7.710	-24.553	-83.3
2.68	-7.703	-23.828	-70.7
2.69	-7.693	-23.291	-2.8
2.7	-7.681	-22.822	121.2
2.71	-7.672	-22.305	429.9
2.72	-7.668	-21.847	652.5
2.73	-7.666	-21.688	443.4
2.74	-7.664	-21.769	90.3
2.75	-7.663	-21.938	-68.0
2.76	-7.663	-22.361	-93.7
2.77	-7.662	-23.130	-79.0
2.78	-7.659	-23.947	-77.4
2.79	-7.655	-24.366	-82.8
2.8	-7.651	-24.358	-30.5
2.81	-7.650	-24.088	9.3
2.82	-7.653	-23.066	-12.0
2.83	-7.663	-20.005	-21.6
2.84	-7.681	-12.678	-14.2
2.85	-7.707	1.216	5.1
2.86	-7.736	21.088	47.0
2.87	-7.766	39.789	76.9
2.88	-7.793	49.225	98.9
2.89	-7.819	51.075	124.4
2.9	-7.844	51.136	150.5
2.91	-7.868	51.136	174.2
2.92	-7.891	51.114	184.1
2.93	-7.913	50.225	172.4
2.94	-7.934	44.873	141.4
2.95	-7.955	33.167	98.9
2.96	-7.978	19.258	29.3
2.97	-8.000	7.231	-29.6
2.98	-8.022	-2.263	-59.4
2.99	-8.044	-9.447	-91.9
3.0	-8.066	-14.341	-111.0
3.01	-8.088	-17.206	-117.2
3.02	-8.108	-18.922	-118.8
3.03	-8.129	-20.291	-125.7
3.04	-8.151	-21.708	-128.6
3.05	-8.170	-23.897	-109.6
3.06	-8.189	-27.272	-96.0
3.07	-8.206	-30.703	-95.1
3.08	-8.224	-32.922	-93.9
3.09	-8.242	-33.597	-93.9
3.1	-8.264	-32.564	-85.9
3.11	-8.287	-29.913	-80.8
3.12	-8.310	-26.219	-83.5
3.13	-8.332	-21.964	-74.3
3.14	-8.354	-17.113	-59.0
3.15	-8.375	-12.502	-52.5
3.16	-8.395	-9.325	-55.3
3.17	-8.415	-7.263	-70.0
3.18	-8.434	-5.892	-62.3
3.19	-8.452	-5.598	-47.7
3.2	-8.469	-6.570	-60.2
3.21	-8.486	-8.566	-61.1
3.22	-8.503	-11.150	-52.7
3.23	-8.520	-13.884	-55.5
3.24	-8.536	-16.523	-51.1
3.25	-8.550	-19.123	-35.2
3.26	-8.564	-21.803	-38.1
3.27	-8.578	-24.338	-29.7
3.28	-8.592	-26.241	-15.6
3.29	-8.607	-27.475	-14.5
3.3	-8.622	-28.506	9.0
3.31	-8.636	-29.413	46.8
3.32	-8.648	-30.000	51.3
3.33	-8.661	-30.220	15.0
3.34	-8.674	-29.948	-16.5
3.35	-8.687	-29.245	-33.7
3.36	-8.701	-28.559	-37.4
3.37	-8.716	-27.998	-42.7
3.38	-8.736	-27.173	-53.1
3.39	-8.761	-26.070	-22.5
3.4	-8.783	-25.077	56.8
3.41	-8.801	-24.080	215.9
3.42	-8.820	-22.964	480.5
3.43	-8.840	-22.131	535.9
3.44	-8.856	-21.467	233.3
3.45	-8.869	-20.692	-0.6
3.46	-8.884	-20.211	-22.4
3.47	-8.902	-20.402	-22.8
3.48	-8.919	-21.138	-49.8
3.49	-8.934	-21.889	-73.2
3.5	-8.944	-22.134	-63.4
3.51	-8.955	-21.883	-21.9
3.52	-8.967	-21.383	27.0
3.53	-8.984	-20.609	37.8
3.54	-9.005	-18.850	21.7
3.55	-9.031	-13.995	38.6
3.56	-9.059	-3.400	54.2
3.57	-9.089	13.741	61.6
3.58	-9.119	33.252	78.6
3.59	-9.144	46.509	84.9
3.6	-9.167	50.744	130.9
3.61	-9.189	51.125	202.3
3.62	-9.209	51.139	224.9
3.63	-9.231	51.133	211.0
3.64	-9.252	51.003	172.3
3.65	-9.273	48.866	111.6
3.66	-9.291	41.219	51.5
3.67	-9.308	28.764	11.5
3.68	-9.321	15.783	-9.7
3.69	-9.335	4.750	-24.3
3.7	-9.350	-3.572	-43.3
3.71	-9.368	-9.575	-77.9
3.72	-9.383	-13.934	-92.5
3.73	-9.393	-16.567	-85.8
3.74	-9.399	-18.022	-93.1
3.75	-9.404	-19.741	-88.4
3.76	-9.406	-22.844	-60.7
3.77	-9.408	-27.330	-70.5
3.78	-9.410	-31.778	-83.1
3.79	-9.414	-35.061	-66.0
3.8	-9.418	-36.353	-72.4
3.81	-9.419	-35.288	-63.2
3.82	-9.416	-32.483	-32.8
3.83	-9.407	-28.453	-34.7
3.84	-9.393	-23.463	-65.6
3.85	-9.372	-17.275	-80.3
3.86	-9.346	-10.519	-52.9
3.87	-9.324	-4.848	-11.1
3.88	-9.310	-0.816	-1.3
3.89	-9.297	1.622	-16.3
3.9	-9.284	2.286	-41.8
3.91	-9.266	1.248	-53.8
3.92	-9.242	-1.100	-45.3
3.93	-9.216	-4.070	-27.7
3.94	-9.189	-7.213	1.4
3.95	-9.163	-10.906	11.3
3.96	-9.137	-14.963	-4.1
3.97	-9.114	-18.375	3.2
3.98	-9.092	-20.869	41.3
3.99	-9.075	-22.914	17.4
4.0	-9.064	-24.717	-37.5
4.01	-9.055	-25.941	-39.0
4.02	-9.044	-26.703	-35.8
4.03	-9.028	-27.238	-49.4
4.04	-9.011	-27.658	-56.3
4.05	-8.992	-28.208	-40.9
4.06	-8.970	-28.559	11.0
4.07	-8.946	-28.413	150.8
4.08	-8.929	-28.048	397.7
4.09	-8.914	-27.823	494.2
4.1	-8.898	-27.505	246.3
4.11	-8.878	-26.986	-14.5
4.12	-8.859	-26.755	-63.7
4.13	-8.842	-26.536	-46.5
4.14	-8.828	-26.195	-42.5
4.15	-8.811	-26.223	-42.7
4.16	-8.791	-26.302	-38.5
4.17	-8.771	-25.828	-32.0
4.18	-8.749	-24.795	-23.1
4.19	-8.728	-23.092	-26.8
4.2	-8.706	-20.653	-27.8
4.21	-8.688	-16.708	-19.2
4.22	-8.673	-8.333	-17.2
4.23	-8.659	7.003	19.8
4.24	-8.646	27.113	79.7
4.25	-8.631	43.488	108.1
4.26	-8.614	50.211	107.4
4.27	-8.596	51.127	112.1
4.28	-8.574	51.138	124.1
4.29	-8.552	51.136	127.9
4.3	-8.528	51.108	107.0
4.31	-8.504	50.089	67.7
4.32	-8.481	44.331	49.2
4.33	-8.460	32.270	19.3
4.34	-8.441	18.289	-49.4
4.35	-8.421	6.123	-112.0
4.36	-8.404	-3.191	-128.5
4.37	-8.393	-9.498	-106.3
4.38	-8.381	-13.798	-99.2
4.39	-8.367	-16.802	-101.5
4.4	-8.353	-18.934	-101.7
4.41	-8.334	-21.181	-105.2
4.42	-8.313	-24.130	-118.5
4.43	-8.291	-27.861	-130.6
4.44	-8.269	-32.188	-110.7
4.45	-8.247	-36.141	-101.8
4.46	-8.226	-38.244	-98.5
4.47	-8.207	-38.048	-88.9
4.48	-8.189	-36.117	-77.0
4.49	-8.172	-32.725	-67.9
4.5	-8.155	-28.098	-100.6
4.51	-8.139	-22.514	-107.4
4.52	-8.123	-16.473	-74.6
4.53	-8.106	-11.106	-68.5
4.54	-8.090	-7.034	-69.7
4.55	-8.074	-4.181	-74.3
4.56	-8.057	-2.925	-90.2
4.57	-8.039	-3.486	-102.7
4.58	-8.023	-5.297	-96.8
4.59	-8.008	-8.094	-77.6
4.6	-7.995	-11.677	-73.5
4.61	-7.985	-15.506	-80.4
4.62	-7.977	-18.925	-68.0
4.63	-7.969	-21.758	-53.0
4.64	-7.962	-24.541	-57.5
4.65	-7.954	-27.063	-80.1
4.66	-7.946	-28.795	-79.1
4.67	-7.938	-29.980	4.1
4.68	-7.931	-30.980	40.5
4.69	-7.926	-31.648	-29.2
4.7	-7.920	-31.558	-63.9
4.71	-7.915	-31.183	-52.1
4.72	-7.913	-31.466	-73.5
4.73	-7.913	-31.652	-114.4
4.74	-7.914	-30.883	-115.3
4.75	-7.918	-29.984	-67.6
4.76	-7.918	-29.466	4.6
4.77	-7.914	-28.820	162.8
4.78	-7.911	-27.933	440.5
4.79	-7.912	-27.423	537.6
4.8	-7.913	-26.983	262.6
4.81	-7.912	-26.148	-12.3
4.82	-7.911	-25.817	-74.9
4.83	-7.911	-26.008	-92.9
4.84	-7.909	-25.916	-112.9
4.85	-7.906	-25.700	-83.8
4.86	-7.899	-25.566	-47.1
4.87	-7.890	-25.423	-48.0
4.88	-7.881	-24.944	-53.6
4.89	-7.874	-23.369	-48.7
4.9	-7.867	-19.738	-47.5
4.91	-7.861	-11.913	-47.1
4.92	-7.854	2.614	-3.0
4.93	-7.847	23.067	32.3
4.94	-7.840	41.411	33.2
4.95	-7.831	49.788	74.7
4.96	-7.822	51.109	100.3
4.97	-7.811	51.136	92.3
4.98	-7.799	51.139	108.2
4.99	-7.788	51.127	129.0
5.0	-7.777	50.870	130.2
5.01	-7.766	47.853	95.6
5.02	-7.756	38.502	23.4
5.03	-7.747	24.983	-44.8
5.04	-7.739	12.639	-76.4
5.05	-7.732	3.023	-96.9
5.06	-7.724	-4.422	-103.2
5.07	-7.718	-9.581	-118.5
5.08	-7.711	-12.459	-164.8
5.09	-7.706	-13.639	-155.3
5.1	-7.701	-14.378	-108.8
5.11	-7.697	-16.225	-113.3
5.12	-7.692	-19.136	-148.9
5.13	-7.688	-22.917	-155.9
5.14	-7.684	-27.759	-124.2
5.15	-7.681	-32.381	-101.5
5.16	-7.678	-35.186	-120.2
5.17	-7.676	-35.777	-127.9
5.18	-7.674	-34.334	-113.2
5.19	-7.673	-31.231	-104.1
5.2	-7.673	-27.111	-96.9
5.21	-7.672	-22.763	-98.6
5.22	-7.672	-18.664	-119.8
5.23	-7.671	-14.939	-128.9
5.24	-7.670	-12.106	-95.7
5.25	-7.668	-10.592	-81.4
5.26	-7.666	-10.269	-87.7
5.27	-7.663	-10.959	-85.9
5.28	-7.661	-12.416	-101.6
5.29	-7.659	-14.514	-112.7
5.3	-7.657	-17.077	-107.9
5.31	-7.656	-19.678	-106.7
5.32	-7.656	-22.153	-118.7
5.33	-7.656	-24.544	-105.0
5.34	-7.657	-26.895	-70.4
5.35	-7.658	-28.941	-56.8
5.36	-7.659	-30.392	-60.5
5.37	-7.662	-31.477	-76.2
5.38	-7.664	-32.461	-82.0
5.39	-7.668	-33.202	-89.1
5.4	-7.673	-33.472	-106.8
5.41	-7.677	-33.366	-83.7
5.42	-7.682	-33.075	-38.9
5.43	-7.686	-32.600	-28.3
5.44	-7.691	-31.891	-16.0
5.45	-7.696	-31.070	23.2
5.46	-7.699	-30.311	24.3
5.47	-7.704	-29.453	-35.2
5.48	-7.707	-28.403	-83.2
5.49	-7.711	-27.348	-74.8
5.5	-7.715	-26.280	-71.6
5.51	-7.720	-25.125	-81.0
5.52	-7.724	-24.125	-60.3
5.53	-7.726	-23.419	14.6
5.54	-7.724	-22.728	207.3
5.55	-7.726	-21.986	495.4
5.56	-7.731	-21.394	608.7
5.57	-7.736	-20.945	346.4
5.58	-7.740	-20.759	32.8
5.59	-7.744	-20.997	-67.2
5.6	-7.751	-21.452	-65.8
5.61	-7.761	-22.119	-56.7
5.62	-7.777	-23.005	-72.2
5.63	-7.801	-23.733	-73.3
5.64	-7.830	-23.950	-54.1
5.65	-7.862	-23.288	-44.5
5.66	-7.896	-21.061	-22.3
5.67	-7.928	-15.677	4.7
5.68	-7.956	-4.636	13.6
5.69	-7.981	13.398	27.5
5.7	-8.001	33.934	39.2
5.71	-8.018	47.220	55.2
5.72	-8.032	50.920	91.7
5.73	-8.044	51.128	126.1
5.74	-8.053	51.139	163.1
5.75	-8.062	51.138	170.5
5.76	-8.069	51.130	161.4
5.77	-8.078	50.495	175.4
5.78	-8.085	45.781	145.0
5.79	-8.094	34.366	64.4
5.8	-8.106	20.264	8.4
5.81	-8.119	8.417	-33.9
5.82	-8.134	-0.373	-66.5
5.83	-8.152	-6.531	-86.9
5.84	-8.170	-10.189	-102.2
5.85	-8.188	-11.806	-112.0
5.86	-8.204	-12.688	-121.3
5.87	-8.221	-14.261	-115.4
5.88	-8.236	-16.873	-127.3
5.89	-8.252	-20.530	-126.9
5.9	-8.269	-25.397	-91.5
5.91	-8.286	-30.550	-60.7
5.92	-8.303	-34.527	-68.4
5.93	-8.320	-36.456	-99.3
5.94	-8.338	-36.191	-94.7
5.95	-8.356	-34.064	-80.3
5.96	-8.374	-30.375	-88.3
5.97	-8.393	-25.756	-93.2
5.98	-8.409	-21.019	-66.8
5.99	-8.422	-16.563	-38.5
6.0	-8.432	-12.702	-40.8
6.01	-8.440	-10.003	-57.0
6.02	-8.448	-8.822	-66.6
6.03	-8.456	-8.995	-64.6
6.04	-8.463	-10.292	-67.5
6.05	-8.469	-12.283	-64.1
6.06	-8.474	-14.636	-45.8
6.07	-8.479	-17.470	-25.0
6.08	-8.484	-20.541	-15.7
6.09	-8.488	-23.292	-19.0
6.1	-8.489	-25.595	-18.0
6.11	-8.488	-27.634	-11.0
6.12	-8.481	-29.452	12.2
6.13	-8.467	-30.902	38.1
6.14	-8.447	-31.877	16.3
6.15	-8.424	-32.433	-19.2
6.16	-8.401	-32.597	-42.0
6.17	-8.384	-32.295	-57.9
6.18	-8.375	-31.464	-40.3
6.19	-8.374	-30.350	-32.3
6.2	-8.379	-29.477	-26.5
6.21	-8.384	-28.791	37.6
6.22	-8.387	-27.908	226.0
6.23	-8.399	-26.966	512.1
6.24	-8.421	-26.072	548.2
6.25	-8.444	-25.120	235.0
6.26	-8.468	-24.227	-22.1
6.27	-8.492	-23.617	-65.1
6.28	-8.512	-23.652	-49.1
6.29	-8.529	-24.367	-54.2
6.3	-8.544	-25.142	-61.8
6.31	-8.557	-25.561	-41.8
6.32	-8.568	-25.813	-15.7
6.33	-8.578	-25.892	-9.0
6.34	-8.590	-25.383	-4.3
6.35	-8.602	-23.689	6.6
6.36	-8.614	-18.986	30.8
6.37	-8.625	-8.638	56.9
6.38	-8.633	7.995	54.8
6.39	-8.639	27.967	66.2
6.4	-8.646	43.792	116.4
6.41	-8.653	50.259	154.7
6.42	-8.661	51.123	166.3
6.43	-8.669	51.134	167.7
6.44	-8.682	51.088	167.0
6.45	-8.697	49.747	169.7
6.46	-8.714	43.342	144.4
6.47	-8.731	30.952	86.4
6.48	-8.748	16.945	11.9
6.49	-8.762	4.558	-47.1
6.5	-8.774	-5.297	-70.8
6.51	-8.789	-12.272	-92.8
6.52	-8.806	-16.802	-105.7
6.53	-8.824	-19.539	-99.1
6.54	-8.842	-21.211	-98.8
6.55	-8.863	-22.861	-96.7
6.56	-8.883	-25.439	-83.9
6.57	-8.901	-29.217	-80.2
6.58	-8.918	-33.925	-87.3
6.59	-8.934	-38.867	-96.9
6.6	-8.952	-42.719	-110.1
6.61	-8.970	-44.183	-81.3
6.62	-8.986	-42.970	-48.3
6.63	-8.999	-39.730	-61.2
6.64	-9.010	-35.309	-76.1
6.65	-9.020	-30.016	-75.9
6.66	-9.028	-24.228	-60.6
6.67	-9.036	-19.023	-57.6
6.68	-9.043	-15.080	-68.0
6.69	-9.047	-12.422	-60.2
6.7	-9.051	-11.200	-41.0
6.71	-9.054	-11.453	-28.3
6.72	-9.056	-12.781	-38.4
6.73	-9.054	-15.105	-53.2
6.74	-9.051	-18.373	-50.7
6.75	-9.046	-21.847	-57.9
6.76	-9.036	-24.722	-51.4
6.77	-9.024	-27.038	-11.3
6.78	-9.011	-29.244	16.5
6.79	-8.998	-31.233	32.8
6.8	-8.981	-32.678	37.4
6.81	-8.964	-33.527	14.3
6.82	-8.948	-33.995	-22.7
6.83	-8.931	-34.275	-52.9
6.84	-8.914	-34.094	-57.8
6.85	-8.898	-33.295	-45.8
6.86	-8.883	-32.414	-27.3
6.87	-8.868	-31.702	-10.7
6.88	-8.850	-30.703	-1.5
6.89	-8.829	-29.480	101.5
6.9	-8.811	-28.684	372.7
6.91	-8.797	-28.228	537.2
6.92	-8.782	-27.455	316.4
6.93	-8.765	-26.544	37.9
6.94	-8.748	-26.248	-24.7
6.95	-8.732	-26.580	-43.0
6.96	-8.718	-27.081	-71.9
6.97	-8.703	-27.545	-68.9
6.98	-8.684	-27.938	-52.6
6.99	-8.663	-28.167	-31.5
7.0	-8.641	-28.047	-11.2
7.01	-8.619	-27.336	-8.1
7.02	-8.596	-25.552	-22.0
7.03	-8.575	-21.294	-2.5
7.04	-8.554	-12.405	22.7
7.05	-8.534	2.252	22.1
7.06	-8.514	21.202	31.0
7.07	-8.494	38.908	43.2
7.08	-8.473	48.678	71.7
7.09	-8.453	51.022	123.2
7.1	-8.432	51.122	157.0
7.11	-8.413	50.439	151.3
7.12	-8.396	45.709	127.2
7.13	-8.382	34.431	92.8
7.14	-8.367	19.847	41.9
7.15	-8.351	6.289	-12.4
7.16	-8.334	-4.542	-56.1
7.17	-8.316	-12.414	-93.2
7.18	-8.296	-17.750	-110.8
7.19	-8.277	-20.842	-101.0
7.2	-8.262	-22.197	-97.0
7.21	-8.249	-22.766	-99.5
7.22	-8.240	-23.495	-103.1
7.23	-8.232	-25.167	-114.7
7.24	-8.224	-27.833	-118.0
7.25	-8.213	-30.969	-113.2
7.26	-8.201	-34.397	-103.4
7.27	-8.191	-37.478	-93.6
7.28	-8.182	-38.873	-100.3
7.29	-8.174	-38.170	-108.2
7.3	-8.168	-35.955	-102.1
7.31	-8.163	-32.583	-102.6
7.32	-8.158	-28.230	-118.3
7.33	-8.152	-23.583	-116.0
7.34	-8.146	-19.561	-78.3
7.35	-8.141	-16.644	-65.4
7.36	-8.136	-14.848	-95.3
7.37	-8.133	-14.066	-107.2
7.38	-8.131	-14.303	-95.0
7.39	-8.131	-15.625	-70.9
7.4	-8.131	-17.786	-63.4
7.41	-8.131	-20.250	-92.8
7.42	-8.131	-22.777	-100.1
7.43	-8.131	-25.320	-82.0
7.44	-8.131	-27.583	-87.2
7.45	-8.133	-29.336	-90.0
7.46	-8.133	-30.580	-68.3
7.47	-8.134	-31.266	-56.7
7.48	-8.135	-31.509	-51.2
7.49	-8.136	-31.681	-37.6
7.5	-8.137	-31.816	-35.2
7.51	-8.138	-31.547	-23.0
7.52	-8.139	-30.850	-7.1
7.53	-8.139	-30.161	-23.0
7.54	-8.138	-29.609	-46.2
7.55	-8.137	-28.963	-60.4
7.56	-8.137	-28.227	-62.3
7.57	-8.137	-27.620	-75.2
7.58	-8.138	-26.995	-80.0
7.59	-8.140	-26.117	-43.6
7.6	-8.139	-25.197	13.7
7.61	-8.133	-24.500	196.0
7.62	-8.132	-24.003	496.0
7.63	-8.134	-23.500	544.8
7.64	-8.134	-22.934	246.5
7.65	-8.132	-22.667	10.4
7.66	-8.129	-22.789	-49.1
7.67	-8.126	-22.894	-97.5
7.68	-8.121	-22.930	-116.2
7.69	-8.113	-23.203	-68.5
7.7	-8.101	-23.567	-23.1
7.71	-8.088	-23.456	-34.7
7.72	-8.074	-22.698	-68.9
7.73	-8.060	-21.383	-40.1
7.74	-8.049	-18.434	1.2
7.75	-8.039	-11.377	-8.4
7.76	-8.032	1.506	-17.6
7.77	-8.025	18.991	3.7
7.78	-8.019	36.261	68.2
7.79	-8.012	47.197	115.4
7.8	-8.006	50.750	117.3
7.81	-7.999	50.750	115.4
7.82	-7.993	47.331	126.6
7.83	-7.984	37.772	140.7
7.84	-7.976	24.269	127.1
7.85	-7.968	11.117	76.3
7.86	-7.961	-0.016	13.4
7.87	-7.954	-8.845	-23.2
7.88	-7.947	-15.606	-39.5
7.89	-7.942	-19.938	-71.5
7.9	-7.938	-21.911	-107.2
7.91	-7.934	-22.803	-126.1
7.92	-7.931	-23.005	-124.8
7.93	-7.926	-22.681	-116.3
7.94	-7.921	-22.925	-138.2
7.95	-7.914	-24.372	-156.0
7.96	-7.907	-26.963	-145.7
7.97	-7.900	-29.905	-123.5
7.98	-7.893	-32.147	-110.1
7.99	-7.888	-33.633	-109.8
8.0	-7.884	-33.964	-95.0
8.01	-7.882	-32.317	-92.1
8.02	-7.881	-29.186	-102.7
8.03	-7.880	-25.414	-100.5
8.04	-7.880	-21.566	-101.5
8.05	-7.881	-18.384	-99.6
8.06	-7.882	-16.092	-105.2
8.07	-7.883	-14.464	-127.3
8.08	-7.883	-13.523	-112.3
8.09	-7.883	-13.484	-67.3
8.1	-7.883	-14.497	-60.3
8.11	-7.884	-16.200	-79.2
8.12	-7.884	-18.066	-89.3
8.13	-7.883	-19.973	-89.6
8.14	-7.883	-22.059	-87.3
8.15	-7.881	-24.361	-93.9
8.16	-7.880	-26.358	-108.1
8.17	-7.879	-27.545	-107.4
8.18	-7.879	-28.205	-86.2
8.19	-7.880	-28.458	-81.1
8.2	-7.883	-28.184	-76.1
8.21	-7.886	-27.444	-67.1
8.22	-7.891	-26.253	-85.1
8.23	-7.895	-25.198	-82.8
8.24	-7.899	-24.903	-59.0
8.25	-7.902	-24.761	-59.1
8.26	-7.906	-24.116	-66.2
8.27	-7.907	-23.497	-74.3
8.28	-7.909	-23.203	-64.7
8.29	-7.911	-22.755	-31.8
8.3	-7.912	-22.223	-16.0
8.31	-7.913	-21.902	14.7
8.32	-7.914	-21.605	36.1
8.33	-7.916	-21.298	-25.1
8.34	-7.917	-20.975	-67.9
8.35	-7.919	-20.520	-67.1
8.36	-7.922	-19.970	-79.3
8.37	-7.926	-19.308	-70.4
8.38	-7.929	-18.669	-43.8
8.39	-7.929	-18.434	5.5
8.4	-7.926	-18.589	115.8
8.41	-7.924	-18.855	366.7
8.42	-7.928	-19.130	627.9
8.43	-7.933	-19.431	502.7
8.44	-7.938	-19.836	129.6
8.45	-7.941	-20.264	-66.9
8.46	-7.944	-20.583	-82.2
8.47	-7.947	-21.020	-34.0
8.48	-7.949	-21.678	-35.7
8.49	-7.953	-22.116	-91.2
8.5	-7.961	-22.058	-89.4
8.51	-7.976	-21.564	-42.2
8.52	-7.997	-20.448	-18.0
8.53	-8.024	-17.688	-28.7
8.54	-8.055	-11.153	-16.8
8.55	-8.088	0.825	26.2
8.56	-8.117	17.012	45.0
8.57	-8.144	33.403	69.9
8.58	-8.168	45.164	98.7
8.59	-8.186	49.838	107.8
8.6	-8.200	47.956	141.0
8.61	-8.211	40.281	187.7
8.62	-8.221	28.527	190.7
8.63	-8.230	15.581	166.4
8.64	-8.239	3.481	143.8
8.65	-8.248	-6.677	107.8
8.66	-8.256	-14.405	37.5
8.67	-8.265	-19.567	-31.6
8.68	-8.275	-22.314	-56.7
8.69	-8.286	-23.278	-77.5
8.7	-8.299	-23.328	-105.8
8.71	-8.314	-22.941	-123.0
8.72	-8.330	-22.411	-136.7
8.73	-8.346	-22.283	-145.2
8.74	-8.363	-22.894	-125.1
8.75	-8.377	-24.322	-96.6
8.76	-8.391	-26.405	-95.8
8.77	-8.403	-28.464	-104.3
8.78	-8.414	-29.655	-113.1
8.79	-8.428	-29.455	-104.1
8.8	-8.443	-27.975	-86.3
8.81	-8.458	-25.609	-99.3
8.82	-8.474	-22.603	-105.5
8.83	-8.489	-19.295	-84.5
8.84	-8.504	-16.167	-63.1
8.85	-8.516	-13.614	-61.8
8.86	-8.526	-11.695	-84.8
8.87	-8.534	-10.438	-91.1
8.88	-8.539	-10.284	-62.2
8.89	-8.542	-11.428	-48.3
8.9	-8.544	-13.128	-69.7
8.91	-8.546	-14.567	-71.8
8.92	-8.546	-15.878	-55.4
8.93	-8.545	-17.547	-57.8
8.94	-8.544	-19.266	-64.8
8.95	-8.542	-20.320	-66.0
8.96	-8.538	-20.720	-50.4
8.97	-8.531	-21.170	-43.6
8.98	-8.523	-21.961	-59.0
8.99	-8.517	-22.444	-42.4
9.0	-8.515	-22.220	-15.8
9.01	-8.519	-21.833	11.3
9.02	-8.526	-21.620	57.4
9.03	-8.531	-21.288	40.1
9.04	-8.535	-20.702	-28.9
9.05	-8.539	-20.080	-62.1
9.06	-8.544	-19.611	-72.9
9.07	-8.550	-19.220	-53.9
9.08	-8.558	-18.683	-39.1
9.09	-8.569	-18.094	-51.4
9.1	-8.581	-17.705	-32.5
9.11	-8.590	-17.259	42.0
9.12	-8.594	-16.608	258.6
9.13	-8.602	-16.208	553.2
9.14	-8.612	-16.259	563.1
9.15	-8.619	-16.430	233.5
9.16	-8.627	-16.600	-24.1
9.17	-8.638	-16.983	-64.7
9.18	-8.651	-17.617	-56.3
9.19	-8.666	-18.319	-58.6
9.2	-8.680	-18.903	-74.4
9.21	-8.693	-19.136	-70.8
9.22	-8.706	-18.905	-25.3
9.23	-8.720	-18.341	8.8
9.24	-8.736	-17.292	20.0
9.25	-8.755	-15.384	17.4
9.26	-8.776	-11.247	8.8
9.27	-8.797	-2.311	16.0
9.28	-8.818	11.641	50.2
9.29	-8.836	27.063	95.5
9.3	-8.852	39.347	122.9
9.31	-8.866	45.338	148.8
9.32	-8.881	44.269	162.8
9.33	-8.895	36.873	167.3
9.34	-8.909	25.278	186.6
9.35	-8.924	12.725	175.7
9.36	-8.942	1.388	108.6
9.37	-8.962	-7.703	41.0
9.38	-8.981	-14.256	-8.8
9.39	-8.998	-18.789	-34.9
9.4	-9.011	-21.327	-45.2
9.41	-9.023	-22.186	-80.4
9.42	-9.035	-22.464	-101.3
9.43	-9.048	-22.211	-105.0
9.44	-9.061	-21.469	-110.9
9.45	-9.076	-21.475	-106.0
9.46	-9.092	-22.583	-87.1
9.47	-9.110	-24.009	-89.0
9.48	-9.127	-25.661	-104.6
9.49	-9.143	-27.550	-88.4
9.5	-9.156	-28.830	-68.8
9.51	-9.170	-28.800	-68.9
9.52	-9.184	-26.936	-104.7
9.53	-9.197	-22.980	-104.2
9.54	-9.211	-18.109	-51.8
9.55	-9.223	-13.731	-45.3
9.56	-9.232	-10.145	-53.4
9.57	-9.242	-7.566	-50.4
9.58	-9.252	-6.386	-49.8
9.59	-9.264	-6.450	-34.7
9.6	-9.277	-7.253	-51.3
9.61	-9.289	-8.588	-72.9
9.62	-9.297	-10.378	-55.5
9.63	-9.299	-12.419	-37.8
9.64	-9.294	-14.833	-48.9
9.65	-9.283	-17.255	-76.0
9.66	-9.262	-18.777	-59.3
9.67	-9.238	-19.417	-16.9
9.68	-9.221	-19.808	-18.1
9.69	-9.216	-19.970	-32.7
9.7	-9.217	-19.727	-2.0
9.71	-9.219	-19.581	26.4
9.72	-9.221	-19.889	20.5
9.73	-9.224	-20.033	9.5
9.74	-9.227	-19.583	-20.0
9.75	-9.229	-19.042	-47.4
9.76	-9.225	-18.473	-46.1
9.77	-9.214	-17.516	-46.5
9.78	-9.203	-16.183	-43.5
9.79	-9.193	-14.281	-28.3
9.8	-9.177	-12.530	-5.8
9.81	-9.154	-12.442	78.5
9.82	-9.132	-13.366	288.0
9.83	-9.107	-13.686	478.1
9.84	-9.077	-13.855	383.8
9.85	-9.044	-14.517	113.6
9.86	-9.014	-14.777	-43.0
9.87	-8.989	-14.594	-70.6
9.88	-8.969	-14.916	-43.1
9.89	-8.952	-15.433	-18.8
9.9	-8.934	-15.678	-27.4
9.91	-8.917	-15.867	-31.1
9.92	-8.903	-15.795	-45.1
9.93	-8.889	-15.136	-59.2
9.94	-8.875	-14.039	-20.0
9.95	-8.861	-12.019	19.0
9.96	-8.848	-7.289	22.4
9.97	-8.834	1.595	18.5
9.98	-8.819	14.011	28.7
9.99	-8.805	27.011	64.5
10.0	-8.789	36.795	91.8
10.01	-8.770	40.566	115.3
10.02	-8.751	37.462	130.8
10.03	-8.731	28.931	130.9
10.04	-8.711	17.809	127.9
10.05	-8.691	6.536	95.4
10.06	-8.672	-3.298	55.8
10.07	-8.654	-10.859	19.3
10.08	-8.636	-16.258	-29.3
10.09	-8.616	-19.977	-68.2
10.1	-8.595	-22.119	-101.1
10.11	-8.574	-22.522	-134.3
10.12	-8.558	-21.744	-118.4
10.13	-8.543	-20.933	-68.3
10.14	-8.528	-20.548	-77.0
10.15	-8.514	-20.469	-140.4
10.16	-8.498	-21.025	-145.7
10.17	-8.481	-22.566	-98.8
10.18	-8.467	-24.569	-82.2
10.19	-8.457	-26.139	-89.8
10.2	-8.447	-26.694	-108.2
10.21	-8.437	-25.961	-104.8
10.22	-8.427	-23.730	-86.9
10.23	-8.417	-20.167	-92.4
10.24	-8.406	-16.261	-97.0
10.25	-8.394	-12.952	-79.3
10.26	-8.383	-10.319	-74.8
10.27	-8.369	-8.428	-88.4
10.28	-8.356	-7.536	-87.0
10.29	-8.341	-7.522	-68.7
10.3	-8.327	-8.350	-53.8
10.31	-8.314	-9.934	-67.9
10.32	-8.302	-11.803	-83.9
10.33	-8.291	-13.703	-80.9
10.34	-8.281	-15.586	-68.6
10.35	-8.271	-17.238	-64.6
10.36	-8.263	-18.345	-92.1
10.37	-8.256	-18.820	-99.5
10.38	-8.251	-19.056	-79.0
10.39	-8.245	-19.308	-63.3
10.4	-8.240	-19.323	-52.3
10.41	-8.236	-19.142	-49.7
10.42	-8.234	-19.103	-50.6
10.43	-8.231	-19.056	-69.8
10.44	-8.229	-18.648	-64.8
10.45	-8.227	-18.022	0.7
10.46	-8.224	-17.683	34.9
10.47	-8.220	-17.747	-2.5
10.48	-8.217	-17.716	-71.6
10.49	-8.213	-17.350	-96.3
10.5	-8.209	-16.892	-76.1
10.51	-8.206	-16.497	-82.4
10.52	-8.204	-16.311	-81.3
10.53	-8.203	-16.169	-56.9
10.54	-8.197	-15.778	6.8
10.55	-8.188	-15.370	218.8
10.56	-8.183	-15.042	527.3
10.57	-8.179	-14.706	559.2
10.58	-8.175	-14.630	227.3
10.59	-8.171	-14.875	-57.4
10.6	-8.167	-15.147	-115.7
10.61	-8.164	-15.508	-90.3
10.62	-8.159	-16.066	-84.0
10.63	-8.153	-16.313	-83.4
10.64	-8.144	-15.997	-61.6
10.65	-8.134	-15.509	-35.8
10.66	-8.124	-15.155	-35.3
10.67	-8.114	-14.667	-32.8
10.68	-8.105	-12.683	-19.9
10.69	-8.097	-7.366	-13.9
10.7	-8.088	2.013	9.1
10.71	-8.079	14.430	27.4
10.72	-8.068	27.211	31.4
10.73	-8.058	36.681	55.1
10.74	-8.049	39.977	93.0
10.75	-8.039	36.695	135.2
10.76	-8.029	28.583	153.5
10.77	-8.020	18.137	126.7
10.78	-8.010	7.350	93.5
10.79	-7.999	-2.405	81.8
10.8	-7.989	-10.036	42.9
10.81	-7.982	-15.222	-38.7
10.82	-7.976	-18.389	-83.5
10.83	-7.970	-19.861	-94.2
10.84	-7.964	-19.988	-118.0
10.85	-7.958	-19.527	-132.4
10.86	-7.954	-18.958	-136.9
10.87	-7.949	-18.450	-137.0
10.88	-7.943	-18.314	-137.3
10.89	-7.937	-18.669	-133.0
10.9	-7.929	-19.675	-118.5
10.91	-7.922	-21.475	-115.9
10.92	-7.916	-23.444	-113.8
10.93	-7.909	-24.608	-127.2
10.94	-7.904	-24.345	-134.2
10.95	-7.899	-22.758	-116.9
10.96	-7.896	-20.472	-108.6
10.97	-7.892	-17.805	-102.8
10.98	-7.888	-15.016	-106.4
10.99	-7.884	-12.605	-103.0
11.0	-7.880	-10.750	-94.4
11.01	-7.876	-9.313	-111.8
11.02	-7.873	-8.403	-109.6
11.03	-7.868	-8.398	-80.7
11.04	-7.863	-9.269	-97.0
11.05	-7.859	-10.569	-124.7
11.06	-7.856	-11.917	-89.4
11.07	-7.853	-13.305	-44.8
11.08	-7.850	-14.850	-60.3
11.09	-7.846	-16.267	-95.2
11.1	-7.843	-17.197	-114.7
11.11	-7.841	-17.714	-120.1
11.12	-7.839	-18.127	-95.4
11.13	-7.839	-18.419	-102.5
11.14	-7.839	-18.286	-116.9
11.15	-7.840	-17.872	-76.7
11.16	-7.841	-17.597	-62.4
11.17	-7.841	-17.448	-72.4
11.18	-7.839	-17.323	-92.3
11.19	-7.838	-17.253	-110.5
11.2	-7.838	-17.145	-91.9
11.21	-7.839	-16.919	-89.4
11.22	-7.840	-16.600	-77.1
11.23	-7.841	-16.172	-58.3
11.24	-7.843	-15.741	-81.5
11.25	-7.844	-15.550	-58.6
11.26	-7.846	-15.450	-7.6
11.27	-7.847	-15.133	1.3
11.28	-7.847	-14.714	5.1
11.29	-7.848	-14.516	-14.0
11.3	-7.849	-14.564	-56.7
11.31	-7.851	-14.517	-69.7
11.32	-7.853	-14.256	-78.8
11.33	-7.855	-14.014	-92.7
11.34	-7.857	-13.855	-80.2
11.35	-7.860	-13.686	-62.3
11.36	-7.860	-13.552	-28.9
11.37	-7.858	-13.580	138.6
11.38	-7.861	-13.772	483.0
11.39	-7.866	-13.959	657.0
11.4	-7.873	-14.033	390.5
11.41	-7.877	-14.142	49.9
11.42	-7.881	-14.598	-69.8
11.43	-7.884	-15.402	-92.8
11.44	-7.888	-16.005	-107.1
11.45	-7.890	-16.088	-95.8
11.46	-7.894	-15.938	-57.8
11.47	-7.900	-15.709	-31.8
11.48	-7.911	-14.972	-32.4
11.49	-7.927	-13.516	-38.5
11.5	-7.949	-10.978	-32.5
11.51	-7.977	-5.402	-13.0
11.52	-8.009	4.970	-0.6
11.53	-8.041	18.525	20.6
11.54	-8.071	31.020	54.4
11.55	-8.098	38.966	89.6
11.56	-8.123	40.894	124.2
11.57	-8.144	37.023	141.8
11.58	-8.163	28.903	157.8
11.59	-8.180	18.573	167.8
11.6	-8.196	7.867	168.2
11.61	-8.210	-1.695	136.2
11.62	-8.224	-9.144	78.8
11.63	-8.239	-14.359	34.5
11.64	-8.252	-17.709	-27.2
11.65	-8.265	-19.384	-99.8
11.66	-8.277	-19.436	-122.0
11.67	-8.291	-18.327	-92.8
11.68	-8.307	-16.844	-75.9
11.69	-8.321	-15.728	-92.6
11.7	-8.334	-15.464	-115.0
11.71	-8.346	-16.017	-138.0
11.72	-8.357	-17.208	-130.9
11.73	-8.369	-18.853	-106.0
11.74	-8.381	-20.430	-109.4
11.75	-8.391	-21.284	-98.0
11.76	-8.402	-21.033	-76.0
11.77	-8.413	-19.655	-79.8
11.78	-8.426	-17.433	-86.8
11.79	-8.439	-14.811	-89.7
11.8	-8.454	-12.205	-94.6
11.81	-8.469	-9.764	-92.2
11.82	-8.482	-7.733	-67.3
11.83	-8.493	-6.475	-56.6
11.84	-8.502	-5.805	-75.2
11.85	-8.511	-5.619	-70.0
11.86	-8.518	-6.309	-55.1
11.87	-8.524	-7.784	-69.1
11.88	-8.527	-9.347	-81.6
11.89	-8.529	-10.748	-65.3
11.9	-8.528	-12.220	-41.7
11.91	-8.526	-13.591	-45.7
11.92	-8.522	-14.589	-71.9
11.93	-8.514	-15.383	-66.4
11.94	-8.504	-15.992	-49.3
11.95	-8.489	-16.220	-50.1
11.96	-8.472	-16.216	-46.7
11.97	-8.453	-16.262	-27.2
11.98	-8.434	-16.317	-9.8
11.99	-8.416	-16.142	7.0
12.0	-8.399	-15.792	44.2
12.01	-8.383	-15.539	52.9
12.02	-8.368	-15.353	6.4
12.03	-8.355	-14.920	-53.8
12.04	-8.345	-14.341	-70.3
12.05	-8.338	-13.786	-57.2
12.06	-8.336	-13.166	-55.8
12.07	-8.339	-12.630	-38.7
12.08	-8.344	-12.313	-10.0
12.09	-8.344	-12.086	42.6
12.1	-8.342	-11.834	246.3
12.11	-8.345	-11.573	548.7
12.12	-8.354	-11.488	545.4
12.13	-8.364	-11.720	205.9
12.14	-8.376	-12.044	-28.3
12.15	-8.392	-12.317	-66.2
12.16	-8.411	-12.869	-62.8
12.17	-8.429	-13.713	-57.4
12.18	-8.443	-14.427	-53.4
12.19	-8.451	-14.817	-56.7
12.2	-8.459	-14.844	-47.3
12.21	-8.467	-14.447	-16.6
12.22	-8.475	-13.684	0.6
12.23	-8.482	-12.209	13.7
12.24	-8.491	-8.647	33.8
12.25	-8.503	-1.358	32.6
12.26	-8.518	9.828	32.5
12.27	-8.533	22.642	71.4
12.28	-8.547	33.469	119.3
12.29	-8.561	39.642	142.5
12.3	-8.575	40.384	146.1
12.31	-8.590	36.106	161.2
12.32	-8.603	28.086	179.2
12.33	-8.615	18.589	165.9
12.34	-8.626	9.136	141.1
12.35	-8.638	-0.027	68.6
12.36	-8.652	-7.228	-34.4
12.37	-8.664	-10.681	-68.9
12.38	-8.674	-12.238	-64.1
12.39	-8.681	-13.777	-75.6
12.4	-8.689	-14.158	-87.5
12.41	-8.694	-13.409	-95.4
12.42	-8.696	-12.852	-117.4
12.43	-8.697	-12.672	-126.3
12.44	-8.698	-12.906	-109.5
12.45	-8.697	-13.684	-95.2
12.46	-8.696	-15.305	-93.4
12.47	-8.696	-17.505	-89.1
12.48	-8.696	-18.869	-88.8
12.49	-8.696	-18.797	-78.0
12.5	-8.697	-17.673	-55.2
12.51	-8.700	-15.628	-65.3
12.52	-8.707	-12.794	-89.6
12.53	-8.716	-9.636	-96.5
12.54	-8.726	-6.495	-83.4
12.55	-8.736	-3.763	-57.7
12.56	-8.746	-1.841	-41.5
12.57	-8.757	-0.934	-44.0
12.58	-8.768	-1.086	-59.4
12.59	-8.778	-1.884	-68.1
12.6	-8.786	-3.250	-54.4
12.61	-8.791	-5.286	-39.8
12.62	-8.796	-7.472	-43.9
12.63	-8.799	-9.427	-44.3
12.64	-8.801	-11.369	-38.0
12.65	-8.801	-13.263	-40.7
12.66	-8.803	-14.648	-38.5
12.67	-8.806	-15.391	-40.3
12.68	-8.811	-15.745	-28.9
12.69	-8.817	-15.923	-8.5
12.7	-8.822	-15.994	5.1
12.71	-8.826	-15.989	28.4
12.72	-8.829	-15.823	18.3
12.73	-8.827	-15.361	-20.3
12.74	-8.821	-14.802	-30.2
12.75	-8.814	-14.423	-20.3
12.76	-8.805	-14.098	-46.3
12.77	-8.797	-13.594	-85.9
12.78	-8.791	-13.023	-62.7
12.79	-8.784	-12.561	14.4
12.8	-8.773	-12.203	125.7
12.81	-8.764	-11.916	332.6
12.82	-8.760	-11.708	512.7
12.83	-8.756	-11.577	392.3
12.84	-8.748	-11.422	109.9
12.85	-8.738	-11.294	-41.2
12.86	-8.726	-11.577	-62.5
12.87	-8.713	-12.342	-29.4
12.88	-8.697	-13.172	-20.7
12.89	-8.678	-13.619	-60.4
12.9	-8.657	-13.497	-79.9
12.91	-8.638	-13.119	-57.8
12.92	-8.619	-12.761	-11.3
12.93	-8.602	-11.947	8.0
12.94	-8.586	-9.644	-4.5
12.95	-8.570	-4.509	8.3
12.96	-8.554	4.547	31.7
12.97	-8.534	17.006	34.8
12.98	-8.511	30.378	48.1
12.99	-8.486	41.467	79.8
13.0	-8.463	47.602	101.3
13.01	-8.441	47.506	134.8
13.02	-8.421	41.931	153.4
13.03	-8.399	32.886	135.3
13.04	-8.377	22.564	107.9
13.05	-8.356	12.794	70.3
13.06	-8.336	4.406	22.2
13.07	-8.316	-2.392	-31.4
13.08	-8.296	-7.180	-85.2
13.09	-8.276	-9.728	-135.2
13.1	-8.257	-10.533	-136.1
13.11	-8.243	-10.298	-103.9
13.12	-8.236	-9.553	-81.3
13.13	-8.231	-8.973	-79.2
13.14	-8.228	-9.058	-103.2
13.15	-8.225	-9.892	-136.3
13.16	-8.223	-11.502	-156.6
13.17	-8.219	-13.706	-131.9
13.18	-8.214	-16.084	-85.4
13.19	-8.208	-18.045	-78.1
13.2	-8.203	-18.873	-106.3
13.21	-8.196	-18.105	-111.5
13.22	-8.192	-15.891	-93.0
13.23	-8.189	-13.064	-71.0
13.24	-8.189	-10.261	-85.0
13.25	-8.189	-7.436	-126.8
13.26	-8.188	-4.766	-116.9
13.27	-8.186	-2.942	-71.9
13.28	-8.183	-2.256	-61.0
13.29	-8.181	-2.203	-90.3
13.3	-8.179	-2.536	-95.4
13.31	-8.178	-3.834	-55.5
13.32	-8.178	-6.081	-51.7
13.33	-8.179	-8.292	-103.0
13.34	-8.179	-10.031	-118.2
13.35	-8.178	-11.681	-76.3
13.36	-8.178	-13.528	-49.7
13.37	-8.177	-15.356	-63.0
13.38	-8.178	-16.709	-85.3
13.39	-8.180	-17.444	-92.9
13.4	-8.185	-17.834	-80.9
13.41	-8.191	-18.070	-63.9
13.42	-8.196	-18.073	-50.3
13.43	-8.201	-17.803	-33.4
13.44	-8.205	-17.497	-20.7
13.45	-8.207	-17.386	12.3
13.46	-8.207	-17.272	26.7
13.47	-8.204	-16.867	-19.0
13.48	-8.201	-16.297	-57.8
13.49	-8.197	-15.747	-73.0
13.5	-8.195	-15.095	-89.6
13.51	-8.194	-14.389	-80.9
13.52	-8.193	-14.083	-46.6
13.53	-8.192	-14.141	-19.9
13.54	-8.188	-14.019	17.0
13.55	-8.182	-13.705	174.6
13.56	-8.179	-13.427	499.8
13.57	-8.179	-13.178	599.9
13.58	-8.178	-13.063	274.5
13.59	-8.174	-13.256	-29.0
13.6	-8.170	-13.770	-101.1
13.61	-8.166	-14.306	-79.4
13.62	-8.162	-14.622	-65.9
13.63	-8.155	-15.089	-84.4
13.64	-8.146	-15.722	-81.9
13.65	-8.136	-15.772	-78.3
13.66	-8.124	-15.192	-79.5
13.67	-8.114	-14.311	-26.9
13.68	-8.104	-12.406	12.4
13.69	-8.095	-7.527	-13.7
13.7	-8.087	2.244	-27.3
13.71	-8.078	16.097	12.6
13.72	-8.068	30.511	62.4
13.73	-8.056	41.895	71.3
13.74	-8.046	48.245	69.2
13.75	-8.037	49.591	82.6
13.76	-8.031	46.595	113.2
13.77	-8.026	39.538	155.4
13.78	-8.023	29.581	161.3
13.79	-8.019	19.223	100.1
13.8	-8.016	10.291	9.3
13.81	-8.014	2.847	-31.2
13.82	-8.012	-3.061	-51.8
13.83	-8.011	-6.692	-102.8
13.84	-8.010	-8.480	-120.0
13.85	-8.009	-9.578	-114.5
13.86	-8.009	-9.755	-137.6
13.87	-8.006	-9.005	-152.8
13.88	-8.002	-8.770	-136.0
13.89	-7.998	-9.833	-99.1
13.9	-7.994	-11.528	-96.9
13.91	-7.992	-13.269	-126.1
13.92	-7.991	-15.291	-131.2
13.93	-7.989	-17.150	-105.7
13.94	-7.988	-17.964	-105.6
13.95	-7.987	-17.616	-139.8
13.96	-7.986	-16.291	-133.3
13.97	-7.985	-14.323	-92.3
13.98	-7.985	-12.031	-67.8
13.99	-7.984	-9.547	-87.9
14.0	-7.984	-7.041	-94.1
14.01	-7.984	-4.991	-67.4
14.02	-7.984	-3.916	-66.7
14.03	-7.983	-3.747	-94.6
14.04	-7.982	-3.988	-107.2
14.05	-7.981	-4.595	-89.4
14.06	-7.981	-5.877	-86.6
14.07	-7.981	-7.542	-89.9
14.08	-7.981	-9.213	-83.9
14.09	-7.982	-11.017	-68.1
14.1	-7.982	-12.891	-49.7
14.11	-7.984	-14.541	-73.8
14.12	-7.986	-15.933	-103.5
14.13	-7.987	-17.034	-97.1
14.14	-7.990	-17.745	-74.2
14.15	-7.993	-18.159	-69.7
14.16	-7.996	-18.381	-83.1
14.17	-8.000	-18.503	-62.4
14.18	-8.004	-18.706	-50.8
14.19	-8.008	-18.839	-74.9
14.2	-8.011	-18.678	-60.3
14.21	-8.014	-18.552	-24.3
14.22	-8.016	-18.617	-7.0
14.23	-8.018	-18.452	20.4
14.24	-8.018	-17.947	32.4
14.25	-8.018	-17.472	-22.3
14.26	-8.019	-17.175	-83.1
14.27	-8.019	-16.856	-73.3
14.28	-8.021	-16.244	-56.4
14.29	-8.023	-15.528	-75.5
14.3	-8.024	-15.184	-63.7
14.31	-8.024	-15.084	2.5
14.32	-8.021	-14.831	134.0
14.33	-8.019	-14.536	408.3
14.34	-8.023	-14.477	625.8
14.35	-8.028	-14.588	442.9
14.36	-8.032	-14.781	91.9
14.37	-8.035	-15.005	-49.6
14.38	-8.039	-15.256	-58.2
14.39	-8.041	-15.836	-55.8
14.4	-8.043	-16.784	-63.1
14.41	-8.045	-17.544	-99.6
14.42	-8.047	-17.555	-104.9
14.43	-8.053	-16.877	-41.7
14.44	-8.064	-15.867	10.8
14.45	-8.081	-13.952	4.6
14.46	-8.103	-9.102	-11.4
14.47	-8.130	0.566	12.5
14.48	-8.158	14.391	45.1
14.49	-8.185	29.283	66.5
14.5	-8.210	41.703	83.0
14.51	-8.232	48.808	91.2
14.52	-8.251	50.691	136.0
14.53	-8.266	48.720	181.4
14.54	-8.279	42.533	191.1
14.55	-8.291	33.011	177.0
14.56	-8.303	22.417	136.3
14.57	-8.314	12.395	106.0
14.58	-8.324	4.028	40.6
14.59	-8.334	-2.367	-30.8
14.6	-8.344	-6.830	-57.8
14.61	-8.353	-9.470	-95.7
14.62	-8.363	-10.486	-115.9
14.63	-8.373	-10.473	-111.4
14.64	-8.383	-10.230	-131.5
14.65	-8.391	-10.008	-136.1
14.66	-8.400	-10.208	-130.4
14.67	-8.409	-11.536	-132.4
14.68	-8.418	-13.772	-101.3
14.69	-8.425	-16.028	-97.6
14.7	-8.434	-17.723	-103.6
14.71	-8.441	-18.619	-86.0
14.72	-8.450	-18.495	-78.5
14.73	-8.461	-17.317	-103.0
14.74	-8.472	-15.419	-122.1
14.75	-8.483	-13.036	-85.0
14.76	-8.493	-10.244	-67.3
14.77	-8.501	-7.459	-76.1
14.78	-8.508	-5.206	-80.3
14.79	-8.512	-3.586	-93.9
14.8	-8.514	-2.672	-85.5
14.81	-8.514	-2.714	-60.6
14.82	-8.513	-3.605	-42.8
14.83	-8.509	-5.014	-57.2
14.84	-8.504	-6.748	-92.0
14.85	-8.499	-8.602	-84.9
14.86	-8.492	-10.417	-59.3
14.87	-8.484	-12.152	-60.6
14.88	-8.477	-13.728	-67.5
14.89	-8.470	-15.069	-35.5
14.9	-8.464	-16.147	13.3
14.91	-8.459	-17.017	41.2
14.92	-8.457	-17.694	26.6
14.93	-8.457	-18.108	-28.6
14.94	-8.460	-18.269	-68.2
14.95	-8.464	-18.180	-73.8
14.96	-8.468	-17.853	-68.3
14.97	-8.473	-17.409	-74.8
14.98	-8.480	-16.980	-74.6
14.99	-8.489	-16.675	-31.3
15.0	-8.496	-16.452	67.8
15.01	-8.499	-16.227	266.3
15.02	-8.507	-16.053	534.0
15.03	-8.517	-15.881	560.4
15.04	-8.524	-15.806	238.1
15.05	-8.528	-15.961	-28.5
15.06	-8.531	-16.147	-80.6
15.07	-8.534	-16.380	-76.8
15.08	-8.537	-16.844	-70.0
15.09	-8.542	-17.281	-75.9
15.1	-8.546	-17.330	-58.5
15.11	-8.548	-16.945	-15.5
15.12	-8.549	-16.266	-5.7
15.13	-8.551	-15.450	-18.8
15.14	-8.556	-13.784	-21.7
15.15	-8.563	-9.200	-6.3
15.16	-8.574	0.061	33.6
15.17	-8.587	13.552	66.0
15.18	-8.602	28.727	78.7
15.19	-8.618	41.766	110.2
15.2	-8.636	49.041	154.1
15.21	-8.652	50.961	182.1
15.22	-8.668	50.184	168.8
15.23	-8.683	46.267	161.7
15.24	-8.698	37.958	169.2
15.25	-8.714	26.556	139.8
15.26	-8.729	15.708	70.0
15.27	-8.744	7.667	-27.2
15.28	-8.757	1.164	-83.8
15.29	-8.768	-4.308	-71.4
15.3	-8.777	-7.756	-77.8
15.31	-8.788	-9.744	-104.1
15.32	-8.799	-10.867	-106.1
15.33	-8.811	-11.222	-118.7
15.34	-8.824	-11.292	-136.5
15.35	-8.837	-11.597	-114.9
15.36	-8.848	-13.253	-82.9
15.37	-8.857	-16.242	-85.9
15.38	-8.866	-19.113	-100.6
15.39	-8.877	-21.023	-105.4
15.4	-8.889	-21.852	-90.0
15.41	-8.902	-21.352	-69.1
15.42	-8.916	-19.402	-79.6
15.43	-8.929	-16.367	-84.8
15.44	-8.941	-12.745	-79.7
15.45	-8.949	-9.077	-76.7
15.46	-8.956	-5.855	-60.8
15.47	-8.961	-3.420	-57.8
15.48	-8.964	-1.734	-49.6
15.49	-8.964	-0.595	-37.8
15.5	-8.960	-0.567	-50.2
15.51	-8.951	-1.984	-74.2
15.52	-8.940	-3.948	-93.3
15.53	-8.927	-5.964	-70.0
15.54	-8.913	-8.267	-25.8
15.55	-8.900	-10.734	-8.2
15.56	-8.887	-13.067	0.3
15.57	-8.874	-15.138	-3.5
15.58	-8.860	-16.864	6.1
15.59	-8.845	-18.041	17.3
15.6	-8.829	-18.528	-13.4
15.61	-8.814	-18.516	-35.5
15.62	-8.801	-18.447	-42.8
15.63	-8.789	-18.523	-55.3
15.64	-8.779	-18.397	-81.7
15.65	-8.772	-17.945	-82.9
15.66	-8.766	-17.697	-17.5
15.67	-8.755	-17.641	36.4
15.68	-8.739	-17.386	165.3
15.69	-8.724	-17.278	450.0
15.7	-8.713	-17.458	545.0
15.71	-8.701	-17.564	249.6
15.72	-8.686	-17.456	-39.2
15.73	-8.672	-17.228	-73.2
15.74	-8.658	-17.216	-40.2
15.75	-8.643	-17.550	-54.5
15.76	-8.626	-17.970	-75.4
15.77	-8.607	-18.258	-59.0
15.78	-8.586	-18.184	-27.9
15.79	-8.564	-17.592	-25.8
15.8	-8.543	-16.541	-32.8
15.81	-8.523	-14.531	-23.0
15.82	-8.504	-9.900	-8.3
15.83	-8.486	-0.716	11.5
15.84	-8.467	13.336	40.9
15.85	-8.446	29.908	64.3
15.86	-8.424	43.588	80.5
15.87	-8.401	49.941	109.8
15.88	-8.380	51.098	147.1
15.89	-8.359	51.109	153.3
15.9	-8.339	50.298	146.1
15.91	-8.319	45.831	147.2
15.92	-8.301	36.305	115.3
15.93	-8.281	24.759	44.5
15.94	-8.262	14.341	-36.1
15.95	-8.244	6.173	-74.9
15.96	-8.228	0.288	-67.5
15.97	-8.214	-3.622	-81.1
15.98	-8.205	-5.777	-112.2
15.99	-8.199	-6.658	-130.4
16.0	-8.195	-6.892	-127.6
16.01	-8.191	-7.336	-117.4
16.02	-8.188	-8.673	-128.0
16.03	-8.184	-10.813	-142.5
16.04	-8.181	-13.500	-131.6
16.05	-8.178	-16.789	-109.6
16.06	-8.174	-19.922	-96.5
16.07	-8.170	-21.683	-108.4
16.08	-8.167	-21.842	-124.6
16.09	-8.162	-20.745	-109.9
16.1	-8.159	-18.780	-98.2
16.11	-8.156	-16.250	-90.3
16.12	-8.153	-13.359	-79.7
16.13	-8.151	-10.452	-87.7
16.14	-8.148	-7.917	-106.1
16.15	-8.145	-5.973	-102.5
16.16	-8.142	-4.823	-81.1
16.17	-8.138	-4.666	-84.8
16.18	-8.135	-5.523	-84.1
16.19	-8.133	-7.267	-65.9
16.2	-8.131	-9.608	-71.3
16.21	-8.131	-12.103	-92.1
16.22	-8.133	-14.348	-90.1
16.23	-8.137	-16.384	-61.3
16.24	-8.141	-18.467	-56.0
16.25	-8.146	-20.416	-52.3
16.26	-8.151	-21.873	-19.6
16.27	-8.156	-22.869	5.4
16.28	-8.159	-23.561	10.0
16.29	-8.159	-24.003	-31.4
16.3	-8.159	-24.222	-78.1
16.31	-8.156	-24.206	-91.1
16.32	-8.154	-23.930	-91.0
16.33	-8.152	-23.473	-95.1
16.34	-8.152	-23.122	-72.4
16.35	-8.149	-22.872	-20.2
16.36	-8.144	-22.438	81.7
16.37	-8.139	-21.900	359.1
16.38	-8.138	-21.383	611.7
16.39	-8.139	-20.861	463.2
16.4	-8.139	-20.398	91.5
16.41	-8.138	-20.002	-92.2
16.42	-8.137	-19.836	-99.6
16.43	-8.135	-19.922	-108.7
16.44	-8.133	-19.917	-105.2
16.45	-8.128	-19.825	-61.8
16.46	-8.123	-19.692	-35.7
16.47	-8.118	-19.270	-39.0
16.48	-8.114	-18.286	-54.1
16.49	-8.112	-15.942	-40.4
16.5	-8.111	-10.770	1.5
16.51	-8.109	-1.316	20.3
16.52	-8.109	13.470	7.6
16.53	-8.108	31.519	13.7
16.54	-8.107	45.319	53.6
16.55	-8.107	50.509	96.9
16.56	-8.105	51.127	137.9
16.57	-8.103	51.130	151.0
16.58	-8.101	50.630	129.2
16.59	-8.100	46.994	143.1
16.6	-8.100	38.073	153.5
16.61	-8.100	26.406	82.5
16.62	-8.101	15.872	-21.7
16.63	-8.103	7.688	-83.9
16.64	-8.105	1.539	-91.6
16.65	-8.107	-2.506	-87.7
16.66	-8.109	-4.650	-111.4
16.67	-8.113	-5.839	-158.2
16.68	-8.114	-6.744	-167.2
16.69	-8.114	-7.784	-143.8
16.7	-8.116	-9.438	-129.8
16.71	-8.116	-12.077	-124.2
16.72	-8.116	-15.734	-121.2
16.73	-8.114	-19.481	-124.6
16.74	-8.112	-22.195	-115.8
16.75	-8.109	-23.975	-108.1
16.76	-8.107	-24.794	-129.2
16.77	-8.107	-23.803	-139.0
16.78	-8.107	-21.197	-117.5
16.79	-8.107	-18.091	-97.0
16.8	-8.109	-14.938	-100.8
16.81	-8.111	-11.784	-110.6
16.82	-8.113	-9.066	-96.4
16.83	-8.114	-7.208	-88.2
16.84	-8.114	-6.398	-90.5
16.85	-8.115	-6.703	-78.0
16.86	-8.115	-7.770	-82.0
16.87	-8.116	-9.228	-101.2
16.88	-8.117	-11.011	-103.8
16.89	-8.118	-13.069	-85.4
16.9	-8.121	-15.294	-69.7
16.91	-8.124	-17.414	-79.0
16.92	-8.127	-19.206	-90.0
16.93	-8.131	-20.694	-78.2
16.94	-8.134	-22.044	-43.4
16.95	-8.136	-23.266	-13.3
16.96	-8.138	-24.081	-2.1
16.97	-8.140	-24.477	-4.3
16.98	-8.141	-24.778	-17.3
16.99	-8.143	-25.008	-33.4
17.0	-8.143	-24.927	-82.8
17.01	-8.144	-24.550	-108.9
17.02	-8.146	-24.186	-79.4
17.03	-8.149	-23.895	-68.4
17.04	-8.151	-23.428	-51.3
17.05	-8.149	-22.809	-1.9
17.06	-8.145	-22.223	145.8
17.07	-8.143	-21.655	462.8
17.08	-8.147	-21.020	637.5
17.09	-8.153	-20.400	375.5
17.1	-8.160	-19.989	37.3
17.11	-8.171	-19.873	-74.2
17.12	-8.184	-19.981	-84.3
17.13	-8.201	-20.230	-70.0
17.14	-8.219	-20.520	-58.8
17.15	-8.238	-20.583	-61.8
17.16	-8.258	-20.206	-56.7
17.17	-8.279	-19.453	-47.0
17.18	-8.300	-18.094	-38.5
17.19	-8.322	-14.884	-3.2
17.2	-8.346	-7.625	22.3
17.21	-8.371	5.181	13.6
17.22	-8.394	22.427	37.9
17.23	-8.418	39.038	85.3
17.24	-8.441	48.572	106.3
17.25	-8.463	51.008	126.3
17.26	-8.482	51.127	164.2
17.27	-8.499	51.023	191.5
17.28	-8.513	49.167	203.0
17.29	-8.524	42.484	183.7
17.3	-8.535	31.533	138.5
17.31	-8.545	20.178	92.9
17.32	-8.556	10.520	40.5
17.33	-8.567	3.109	-32.5
17.34	-8.578	-1.869	-90.0
17.35	-8.587	-5.003	-98.1
17.36	-8.596	-7.063	-95.9
17.37	-8.604	-8.306	-100.3
17.38	-8.610	-9.150	-117.3
17.39	-8.617	-10.369	-134.9
17.4	-8.625	-12.688	-115.4
17.41	-8.631	-16.369	-93.5
17.42	-8.636	-20.889	-102.8
17.43	-8.638	-25.120	-102.5
17.44	-8.640	-28.203	-86.1
17.45	-8.641	-29.569	-71.9
17.46	-8.641	-28.553	-81.1
17.47	-8.638	-25.389	-112.6
17.48	-8.631	-21.238	-91.8
17.49	-8.619	-16.845	-61.1
17.5	-8.601	-12.502	-74.7
17.51	-8.580	-8.778	-81.8
17.52	-8.556	-6.158	-65.5
17.53	-8.531	-4.591	-47.6
17.54	-8.508	-3.841	-58.8
17.55	-8.484	-3.938	-60.5
17.56	-8.463	-5.044	-51.3
17.57	-8.443	-6.984	-63.5
17.58	-8.425	-9.383	-66.8
17.59	-8.411	-11.920	-53.8
17.6	-8.402	-14.341	-6.0
17.61	-8.398	-16.533	45.5
17.62	-8.397	-18.438	25.9
17.63	-8.399	-20.002	-25.6
17.64	-8.404	-21.275	-54.6
17.65	-8.411	-22.278	-67.0
17.66	-8.422	-22.955	-75.6
17.67	-8.438	-23.266	-74.7
17.68	-8.457	-23.394	-65.8
17.69	-8.482	-23.688	-45.5
17.7	-8.509	-24.098	11.0
17.71	-8.534	-24.239	172.4
17.72	-8.563	-24.125	470.8
17.73	-8.594	-24.113	586.3
17.74	-8.619	-24.198	302.9
17.75	-8.637	-24.216	13.5
17.76	-8.652	-24.278	-65.8
17.77	-8.669	-24.534	-84.3
17.78	-8.688	-24.939	-71.6
17.79	-8.705	-25.253	-35.2
17.8	-8.724	-25.095	-37.5
17.81	-8.742	-24.306	-59.8
17.82	-8.762	-23.175	-40.9
17.83	-8.783	-21.313	-19.6
17.84	-8.807	-17.823	-28.1
17.85	-8.834	-12.052	-18.9
17.86	-8.863	-1.158	35.9
17.87	-8.892	16.688	74.9
17.88	-8.921	35.969	85.8
17.89	-8.946	47.764	90.8
17.9	-8.967	50.950	120.3
17.91	-8.983	51.130	172.2
17.92	-8.998	51.131	182.5
17.93	-9.013	50.909	195.0
17.94	-9.029	48.419	185.5
17.95	-9.049	40.747	114.7
17.96	-9.071	29.191	55.8
17.97	-9.095	17.866	5.1
17.98	-9.122	9.003	-36.7
17.99	-9.146	2.525	-59.8
18.0	-9.168	-2.330	-82.1
18.01	-9.191	-5.369	-102.4
18.02	-9.218	-6.688	-96.5
18.03	-9.246	-7.777	-82.0
18.04	-9.276	-9.836	-100.1
18.05	-9.306	-12.970	-106.2
18.06	-9.336	-17.144	-84.1
18.07	-9.367	-22.306	-74.2
18.08	-9.398	-27.770	-75.4
18.09	-9.424	-31.973	-77.7
18.1	-9.449	-33.336	-92.2
18.11	-9.475	-31.719	-93.9
18.12	-9.501	-28.377	-78.7
18.13	-9.526	-23.606	-69.7
18.14	-9.550	-17.472	-59.2
18.15	-9.572	-11.594	-38.9
18.16	-9.590	-6.997	-16.7
18.17	-9.603	-3.602	-19.4
18.18	-9.614	-1.802	-30.0
18.19	-9.623	-1.802	-37.3
18.2	-9.633	-3.081	-65.0
18.21	-9.643	-5.055	-77.2
18.22	-9.654	-7.550	-34.5
18.23	-9.666	-10.442	19.9
18.24	-9.678	-13.498	41.8
18.25	-9.688	-16.472	47.7
18.26	-9.693	-18.991	59.2
18.27	-9.694	-21.155	37.2
18.28	-9.691	-23.113	-13.2
18.29	-9.679	-24.425	-34.9
18.3	-9.660	-24.739	-22.4
18.31	-9.634	-24.678	-12.0
18.32	-9.606	-25.083	-25.5
18.33	-9.583	-25.642	-34.0
18.34	-9.561	-25.688	-18.4
18.35	-9.531	-25.375	67.3
18.36	-9.501	-24.988	297.2
18.37	-9.473	-24.411	499.9
18.38	-9.444	-23.675	366.3
18.39	-9.416	-22.763	71.3
18.4	-9.388	-21.658	-47.2
18.41	-9.362	-20.720	-39.2
18.42	-9.339	-20.163	-40.3
18.43	-9.318	-19.761	-42.3
18.44	-9.298	-19.247	0.3
18.45	-9.277	-18.555	12.8
18.46	-9.254	-17.656	-19.2
18.47	-9.229	-16.541	-23.2
18.48	-9.204	-14.916	-8.8
18.49	-9.181	-11.234	-3.3
18.5	-9.160	-2.797	11.0
18.51	-9.139	12.086	39.8
18.52	-9.117	30.895	68.4
18.53	-9.093	45.294	82.2
18.54	-9.068	50.556	105.6
18.55	-9.041	51.127	142.6
18.56	-9.014	51.136	151.9
18.57	-8.988	51.091	143.1
18.58	-8.963	49.863	126.9
18.59	-8.936	44.055	109.5
18.6	-8.912	32.977	88.4
18.61	-8.891	20.939	18.0
18.62	-8.873	11.142	-62.3
18.63	-8.854	3.997	-68.0
18.64	-8.837	-1.003	-64.3
18.65	-8.824	-4.648	-81.5
18.66	-8.815	-7.356	-89.7
18.67	-8.804	-9.442	-116.2
18.68	-8.793	-11.875	-114.7
18.69	-8.779	-15.516	-83.3
18.7	-8.762	-19.859	-98.9
18.71	-8.744	-24.584	-118.3
18.72	-8.726	-30.103	-77.8
18.73	-8.709	-35.267	-56.6
18.74	-8.693	-37.933	-99.6
18.75	-8.678	-37.273	-113.3
18.76	-8.666	-34.052	-75.4
18.77	-8.655	-29.445	-59.4
18.78	-8.644	-23.942	-72.7
18.79	-8.629	-17.991	-86.8
18.8	-8.612	-12.750	-81.5
18.81	-8.591	-9.023	-55.8
18.82	-8.569	-7.019	-50.2
18.83	-8.546	-6.647	-76.3
18.84	-8.524	-7.566	-90.3
18.85	-8.504	-9.644	-77.3
18.86	-8.487	-12.477	-63.8
18.87	-8.472	-15.364	-69.5
18.88	-8.459	-18.180	-69.0
18.89	-8.448	-20.866	-49.4
18.9	-8.438	-23.158	-27.7
18.91	-8.428	-25.122	-17.4
18.92	-8.416	-26.814	-22.4
18.93	-8.403	-28.053	-8.3
18.94	-8.390	-28.905	5.9
18.95	-8.376	-29.567	-24.0
18.96	-8.361	-29.845	-64.1
18.97	-8.346	-29.597	-94.3
18.98	-8.330	-29.188	-103.8
18.99	-8.318	-28.842	-77.3
19.0	-8.311	-28.406	-45.9
19.01	-8.304	-27.878	-7.8
19.02	-8.294	-27.359	103.6
19.03	-8.287	-26.706	344.8
19.04	-8.284	-25.845	499.2
19.05	-8.279	-25.050	303.5
19.06	-8.272	-24.514	13.7
19.07	-8.264	-24.136	-78.3
19.08	-8.257	-23.991	-66.7
19.09	-8.250	-24.228	-48.9
19.1	-8.243	-24.463	-56.9
19.11	-8.234	-24.258	-88.8
19.12	-8.227	-23.689	-81.1
19.13	-8.220	-22.780	-43.7
19.14	-8.216	-21.175	-39.8
19.15	-8.215	-17.667	-36.6
19.16	-8.217	-9.792	1.7
19.17	-8.223	4.573	18.0
19.18	-8.231	24.238	22.8
19.19	-8.240	41.688	41.1
19.2	-8.248	49.759	76.5
19.21	-8.254	51.103	103.7
19.22	-8.261	51.134	101.3
19.23	-8.265	51.131	116.8
19.24	-8.268	50.770	153.7
19.25	-8.269	47.419	164.8
19.26	-8.269	38.114	126.1
19.27	-8.269	25.439	38.1
19.28	-8.270	14.088	-33.3
19.29	-8.272	5.395	-57.3
19.3	-8.273	-1.077	-86.5
19.31	-8.273	-5.686	-105.7
19.32	-8.277	-8.561	-111.9
19.33	-8.284	-10.438	-124.3
19.34	-8.292	-12.519	-118.4
19.35	-8.297	-15.534	-103.9
19.36	-8.299	-19.609	-103.2
19.37	-8.298	-24.656	-112.6
19.38	-8.295	-30.275	-123.0
19.39	-8.291	-35.508	-112.1
19.4	-8.286	-39.011	-81.4
19.41	-8.281	-39.916	-74.6
19.42	-8.277	-38.347	-89.8
19.43	-8.274	-34.931	-96.3
19.44	-8.272	-30.323	-90.7
19.45	-8.268	-25.198	-89.8
19.46	-8.264	-20.256	-100.1
19.47	-8.258	-16.137	-101.1
19.48	-8.251	-13.259	-70.3
19.49	-8.246	-11.848	-38.3
19.5	-8.240	-11.891	-50.8
19.51	-8.236	-12.992	-96.5
19.52	-8.232	-14.823	-115.6
19.53	-8.227	-17.358	-88.4
19.54	-8.220	-20.250	-61.3
19.55	-8.212	-22.867	-60.5
19.56	-8.203	-25.113	-69.0
19.57	-8.194	-27.208	-58.8
19.58	-8.186	-29.136	-44.5
19.59	-8.178	-30.553	-70.6
19.6	-8.169	-31.219	-108.6
19.61	-8.160	-31.472	-86.6
19.62	-8.151	-31.695	-48.8
19.63	-8.141	-31.808	-60.0
19.64	-8.130	-31.698	-75.7
19.65	-8.119	-31.441	-64.6
19.66	-8.109	-31.073	-62.5
19.67	-8.098	-30.480	-71.4
19.68	-8.088	-29.600	-69.1
19.69	-8.079	-28.839	-55.4
19.7	-8.070	-28.253	-55.6
19.71	-8.061	-27.163	-51.7
19.72	-8.054	-25.861	-37.5
19.73	-8.046	-25.453	-39.9
19.74	-8.039	-25.859	-24.4
19.75	-8.032	-25.991	16.2
19.76	-8.025	-25.206	0.8
19.77	-8.018	-24.181	-65.0
19.78	-8.012	-23.766	-58.1
19.79	-8.007	-23.553	-34.4
19.8	-8.002	-23.244	-65.7
19.81	-7.998	-22.984	-84.5
19.82	-7.994	-22.656	-69.4
19.83	-7.988	-22.563	-32.5
19.84	-7.978	-22.894	60.8
19.85	-7.968	-23.239	279.2
19.86	-7.962	-23.422	559.8
19.87	-7.959	-23.558	542.7
19.88	-7.954	-23.820	202.0
19.89	-7.949	-24.370	-40.0
19.9	-7.944	-25.027	-89.8
19.91	-7.938	-25.650	-87.7
19.92	-7.933	-26.283	-75.2
19.93	-7.926	-26.563	-61.6
19.94	-7.918	-26.023	-58.3
19.95	-7.911	-24.814	-56.0
19.96	-7.904	-23.217	-42.7
19.97	-7.901	-19.645	-35.7
19.98	-7.898	-10.767	-35.4
19.99	-7.897	5.403	-15.8
20.0	-7.896	26.461	7.5
20.01	-7.894	43.466	17.8
20.02	-7.893	50.258	38.9
20.03	-7.890	51.128	65.8
20.04	-7.887	51.134	96.0
20.05	-7.884	51.125	132.8
20.06	-7.881	50.400	155.0
20.07	-7.877	45.784	159.9
20.08	-7.874	36.014	158.5
20.09	-7.871	24.978	112.8
20.1	-7.868	15.008	28.8
20.11	-7.866	6.145	-26.9
20.12	-7.864	-0.434	-64.9
20.13	-7.862	-4.627	-116.8
20.14	-7.862	-7.716	-147.8
20.15	-7.862	-10.047	-141.8
20.16	-7.862	-11.770	-131.6
20.17	-7.862	-13.892	-127.4
20.18	-7.862	-16.953	-119.3
20.19	-7.864	-20.780	-123.9
20.2	-7.864	-25.352	-129.6
20.21	-7.866	-30.269	-115.3
20.22	-7.868	-34.072	-136.6
20.23	-7.869	-35.614	-157.6
20.24	-7.870	-35.097	-115.7
20.25	-7.871	-33.119	-79.9
20.26	-7.873	-29.972	-88.0
20.27	-7.876	-26.136	-113.2
20.28	-7.880	-22.309	-108.7
20.29	-7.884	-18.975	-88.1
20.3	-7.889	-16.453	-87.1
20.31	-7.893	-14.909	-102.9
20.32	-7.899	-14.236	-115.0
20.33	-7.904	-14.273	-100.9
20.34	-7.913	-15.025	-83.8
20.35	-7.924	-16.483	-57.1
20.36	-7.941	-18.381	-56.5
20.37	-7.963	-20.333	-93.0
20.38	-7.990	-22.108	-96.3
20.39	-8.021	-23.766	-70.7
20.4	-8.055	-25.294	-52.7
20.41	-8.088	-26.786	-76.3
20.42	-8.119	-28.448	-100.7
20.43	-8.148	-29.850	-72.3
20.44	-8.172	-30.977	-43.8
20.45	-8.195	-32.066	-62.3
20.46	-8.215	-32.456	-73.7
20.47	-8.232	-32.148	-51.2
20.48	-8.247	-31.977	-42.7
20.49	-8.261	-31.983	-35.9
20.5	-8.273	-31.834	-17.7
20.51	-8.283	-31.597	5.4
20.52	-8.292	-31.105	26.7
20.53	-8.301	-30.470	-2.3
20.54	-8.309	-30.144	-44.1
20.55	-8.318	-29.664	-58.3
20.56	-8.328	-28.698	-74.1
20.57	-8.339	-27.702	-70.7
20.58	-8.353	-26.745	-59.1
20.59	-8.366	-25.767	-43.4
20.6	-8.376	-24.975	49.7
20.61	-8.384	-24.261	305.7
20.62	-8.393	-23.269	628.2
20.63	-8.402	-22.359	624.7
20.64	-8.411	-22.303	259.6
20.65	-8.418	-22.978	-17.6
20.66	-8.426	-23.500	-86.1
20.67	-8.434	-23.764	-79.5
20.68	-8.443	-24.420	-42.6
20.69	-8.449	-25.288	-49.3
20.7	-8.453	-25.573	-82.8
20.71	-8.453	-25.158	-50.2
20.72	-8.449	-24.542	16.4
20.73	-8.443	-23.603	38.7
20.74	-8.436	-20.516	5.8
20.75	-8.431	-12.641	-1.7
20.76	-8.429	1.142	40.7
20.77	-8.430	19.305	62.2
20.78	-8.433	37.033	70.8
20.79	-8.438	47.817	109.3
20.8	-8.444	50.906	173.7
20.81	-8.449	51.119	209.8
20.82	-8.458	50.634	189.9
20.83	-8.469	46.564	175.9
20.84	-8.481	36.006	181.2
20.85	-8.493	22.189	125.3
20.86	-8.508	9.731	49.7
20.87	-8.523	-0.367	34.6
20.88	-8.536	-8.078	5.4
20.89	-8.546	-13.309	-85.1
20.9	-8.556	-16.280	-131.8
20.91	-8.565	-17.711	-100.6
20.92	-8.573	-18.525	-74.7
20.93	-8.579	-19.195	-78.9
20.94	-8.586	-20.123	-118.0
20.95	-8.590	-21.755	-120.6
20.96	-8.592	-24.539	-84.7
20.97	-8.594	-28.688	-84.2
20.98	-8.596	-32.791	-101.3
20.99	-8.599	-34.766	-94.4
21.0	-8.604	-34.436	-60.4
21.01	-8.611	-32.652	-60.3
21.02	-8.621	-29.355	-78.0
21.03	-8.634	-24.666	-75.6
21.04	-8.652	-19.895	-63.2
21.05	-8.673	-16.125	-68.7
21.06	-8.699	-13.295	-84.8
21.07	-8.726	-11.242	-57.0
21.08	-8.754	-10.284	-34.2
21.09	-8.781	-10.605	-58.5
21.1	-8.809	-11.995	-73.3
21.11	-8.836	-14.114	-57.9
21.12	-8.861	-16.747	-41.8
21.13	-8.883	-19.689	-47.6
21.14	-8.903	-22.419	-59.3
21.15	-8.922	-24.480	-61.3
21.16	-8.939	-25.914	-36.4
21.17	-8.957	-27.131	-18.4
21.18	-8.974	-28.073	-27.9
21.19	-8.991	-28.480	-11.8
21.2	-9.006	-28.655	6.6
21.21	-9.019	-28.828	1.8
21.22	-9.034	-28.895	10.7
21.23	-9.049	-28.522	20.1
21.24	-9.066	-27.850	2.6
21.25	-9.084	-27.142	-29.6
21.26	-9.104	-26.222	-35.1
21.27	-9.124	-25.456	-25.6
21.28	-9.146	-24.973	-33.1
21.29	-9.171	-24.427	-38.5
21.3	-9.195	-23.764	-11.8
21.31	-9.216	-22.808	123.6
21.32	-9.239	-21.705	401.6
21.33	-9.264	-20.998	588.0
21.34	-9.287	-20.733	409.1
21.35	-9.306	-20.834	94.1
21.36	-9.322	-21.417	-29.7
21.37	-9.336	-22.091	-38.8
21.38	-9.351	-22.327	-42.3
21.39	-9.361	-22.481	-38.9
21.4	-9.366	-22.781	-24.0
21.41	-9.367	-22.520	5.0
21.42	-9.369	-21.572	20.8
21.43	-9.370	-20.748	19.5
21.44	-9.369	-19.963	18.7
21.45	-9.365	-17.313	24.3
21.46	-9.356	-10.553	60.9
21.47	-9.341	1.377	85.5
21.48	-9.316	18.012	79.3
21.49	-9.281	35.609	92.6
21.5	-9.244	47.194	133.9
21.51	-9.207	50.814	172.8
21.52	-9.177	51.048	183.8
21.53	-9.151	49.398	180.8
21.54	-9.128	42.364	174.0
21.55	-9.108	29.619	158.6
21.56	-9.092	15.727	106.6
21.57	-9.078	3.747	48.9
21.58	-9.067	-5.641	12.8
21.59	-9.056	-12.170	-32.5
21.6	-9.044	-16.239	-49.9
21.61	-9.034	-18.755	-56.9
21.62	-9.029	-20.103	-89.8
21.63	-9.026	-20.375	-95.6
21.64	-9.021	-20.223	-68.7
21.65	-9.012	-20.536	-60.8
21.66	-8.998	-21.945	-69.3
21.67	-8.983	-24.520	-72.0
21.68	-8.969	-27.923	-70.6
21.69	-8.954	-31.569	-68.5
21.7	-8.939	-34.081	-78.8
21.71	-8.922	-34.269	-90.8
21.72	-8.905	-32.319	-72.8
21.73	-8.887	-28.789	-65.3
21.74	-8.869	-23.956	-74.1
21.75	-8.853	-18.659	-58.3
21.76	-8.837	-14.016	-48.7
21.77	-8.822	-10.502	-58.3
21.78	-8.808	-8.319	-75.6
21.79	-8.793	-7.575	-76.2
21.8	-8.779	-8.120	-61.5
21.81	-8.764	-9.817	-67.3
21.82	-8.749	-12.480	-47.3
21.83	-8.736	-15.605	-20.6
21.84	-8.724	-18.538	-55.6
21.85	-8.713	-20.998	-82.7
21.86	-8.702	-23.094	-59.3
21.87	-8.691	-24.891	-30.0
21.88	-8.680	-26.195	-28.5
21.89	-8.667	-26.691	-47.5
21.9	-8.652	-26.670	-38.1
21.91	-8.636	-26.548	14.4
21.92	-8.617	-26.173	32.3
21.93	-8.601	-25.731	-15.9
21.94	-8.586	-25.531	-55.9
21.95	-8.573	-25.197	-78.7
21.96	-8.563	-24.505	-81.1
21.97	-8.553	-23.897	-60.0
21.98	-8.547	-23.655	-55.2
21.99	-8.540	-23.311	-50.0
22.0	-8.528	-22.459	41.0
22.01	-8.514	-21.578	308.7
22.02	-8.504	-21.200	560.2
22.03	-8.494	-21.109	438.8
22.04	-8.482	-20.861	84.5
22.05	-8.471	-20.406	-89.9
22.06	-8.459	-20.089	-85.3
22.07	-8.450	-20.114	-77.3
22.08	-8.439	-20.364	-65.7
22.09	-8.426	-20.656	-67.8
22.1	-8.411	-20.792	-79.3
22.11	-8.394	-20.616	-47.4
22.12	-8.379	-20.031	-33.7
22.13	-8.364	-18.848	-38.9
22.14	-8.352	-16.111	-27.3
22.15	-8.342	-9.825	-11.9
22.16	-8.336	1.522	0.9
22.17	-8.329	17.219	2.3
22.18	-8.321	33.780	29.8
22.19	-8.312	45.702	91.9
22.2	-8.301	50.388	113.6
22.21	-8.291	49.955	102.2
22.22	-8.281	44.634	109.9
22.23	-8.271	33.845	111.7
22.24	-8.262	20.611	84.3
22.25	-8.257	7.892	38.3
22.26	-8.255	-2.931	3.1
22.27	-8.255	-10.922	-42.4
22.28	-8.254	-16.158	-93.7
22.29	-8.252	-19.419	-116.5
22.3	-8.250	-21.053	-121.8
22.31	-8.251	-21.338	-132.3
22.32	-8.251	-20.991	-131.4
22.33	-8.251	-20.797	-116.7
22.34	-8.251	-21.188	-123.8
22.35	-8.250	-22.377	-130.5
22.36	-8.249	-24.536	-124.8
22.37	-8.249	-27.306	-125.7
22.38	-8.249	-29.730	-133.3
22.39	-8.251	-30.981	-113.0
22.4	-8.255	-30.655	-87.5
22.41	-8.259	-28.747	-90.3
22.42	-8.263	-25.803	-97.5
22.43	-8.264	-22.484	-114.8
22.44	-8.264	-19.023	-112.8
22.45	-8.262	-15.475	-103.7
22.46	-8.259	-12.350	-98.4
22.47	-8.256	-10.488	-75.2
22.48	-8.254	-9.931	-73.7
22.49	-8.252	-10.105	-87.3
22.5	-8.251	-11.023	-85.3
22.51	-8.251	-12.811	-79.4
22.52	-8.251	-15.034	-85.6
22.53	-8.251	-17.172	-88.5
22.54	-8.250	-19.091	-68.9
22.55	-8.250	-20.838	-65.5
22.56	-8.250	-22.336	-86.9
22.57	-8.249	-23.534	-87.9
22.58	-8.246	-24.334	-82.0
22.59	-8.242	-24.608	-78.0
22.6	-8.237	-24.550	-73.2
22.61	-8.232	-24.319	-68.7
22.62	-8.227	-23.909	-51.1
22.63	-8.223	-23.581	-67.8
22.64	-8.218	-23.384	-77.8
22.65	-8.214	-23.080	-58.3
22.66	-8.208	-22.663	-64.0
22.67	-8.202	-22.091	-71.2
22.68	-8.195	-21.388	-54.9
22.69	-8.188	-20.888	-23.5
22.7	-8.181	-20.564	-6.5
22.71	-8.173	-20.178	4.6
22.72	-8.165	-19.891	13.8
22.73	-8.157	-19.628	-1.6
22.74	-8.148	-19.219	-46.5
22.75	-8.138	-18.869	-87.0
22.76	-8.129	-18.466	-76.8
22.77	-8.119	-17.823	-69.1
22.78	-8.113	-17.261	-79.5
22.79	-8.106	-17.025	-31.9
22.8	-8.096	-17.052	69.6
22.81	-8.082	-17.047	257.2
22.82	-8.072	-16.444	517.9
22.83	-8.064	-15.958	532.6
22.84	-8.056	-16.964	233.3
22.85	-8.049	-18.394	-4.7
22.86	-8.042	-18.633	-81.1
22.87	-8.035	-18.430	-105.1
22.88	-8.027	-18.708	-84.0
22.89	-8.018	-18.903	-55.8
22.9	-8.009	-18.716	-44.0
22.91	-7.999	-18.589	-58.4
22.92	-7.991	-18.183	-62.9
22.93	-7.984	-16.681	-30.3
22.94	-7.978	-13.091	-12.5
22.95	-7.973	-5.134	-16.7
22.96	-7.969	8.689	-13.4
22.97	-7.963	25.758	22.4
22.98	-7.958	40.492	66.3
22.99	-7.953	48.631	98.8
23.0	-7.946	50.747	112.9
23.01	-7.938	48.734	116.1
23.02	-7.930	41.527	136.1
23.03	-7.921	29.809	140.3
23.04	-7.914	16.788	129.4
23.05	-7.907	4.423	97.0
23.06	-7.901	-5.952	37.1
23.07	-7.896	-13.467	-4.6
23.08	-7.892	-18.320	-51.4
23.09	-7.889	-21.031	-89.2
23.1	-7.888	-22.027	-94.2
23.11	-7.886	-21.823	-119.1
23.12	-7.884	-20.908	-150.3
23.13	-7.883	-19.717	-154.7
23.14	-7.881	-18.950	-126.6
23.15	-7.879	-19.375	-89.8
23.16	-7.879	-21.017	-98.5
23.17	-7.878	-23.253	-128.7
23.18	-7.876	-25.120	-135.9
23.19	-7.876	-26.039	-112.3
23.2	-7.876	-26.372	-91.3
23.21	-7.876	-25.906	-113.0
23.22	-7.876	-23.845	-136.3
23.23	-7.878	-20.588	-133.3
23.24	-7.878	-17.306	-91.1
23.25	-7.879	-14.481	-49.4
23.26	-7.881	-12.147	-74.3
23.27	-7.883	-10.502	-104.7
23.28	-7.884	-9.705	-94.7
23.29	-7.884	-9.675	-88.2
23.3	-7.885	-10.208	-86.1
23.31	-7.885	-11.134	-75.9
23.32	-7.886	-12.389	-81.9
23.33	-7.888	-14.052	-95.4
23.34	-7.889	-16.006	-108.9
23.35	-7.891	-17.748	-110.5
23.36	-7.893	-19.059	-70.7
23.37	-7.896	-20.200	-57.8
23.38	-7.901	-21.150	-83.9
23.39	-7.906	-21.745	-82.0
23.4	-7.913	-22.139	-75.4
23.41	-7.923	-22.366	-81.3
23.42	-7.937	-22.316	-90.6
23.43	-7.955	-22.081	-93.9
23.44	-7.976	-21.850	-60.7
23.45	-8.000	-21.688	-13.5
23.46	-8.025	-21.489	3.8
23.47	-8.049	-21.223	17.5
23.48	-8.072	-20.844	5.8
23.49	-8.092	-20.380	-42.5
23.5	-8.108	-20.059	-86.0
23.51	-8.122	-19.791	-96.0
23.52	-8.134	-19.373	-66.7
23.53	-8.146	-18.973	-65.3
23.54	-8.158	-18.733	-65.3
23.55	-8.172	-18.447	-15.7
23.56	-8.183	-18.025	92.2
23.57	-8.194	-17.605	350.8
23.58	-8.209	-17.273	612.6
23.59	-8.226	-17.094	486.5
23.6	-8.242	-16.939	114.8
23.61	-8.260	-16.745	-57.9
23.62	-8.277	-16.831	-58.3
23.63	-8.294	-17.266	-68.4
23.64	-8.309	-17.733	-84.0
23.65	-8.323	-18.159	-56.9
23.66	-8.334	-18.458	-29.5
23.67	-8.344	-18.255	-33.5
23.68	-8.354	-17.547	-31.3
23.69	-8.368	-16.391	-21.4
23.7	-8.383	-13.452	-20.9
23.71	-8.399	-6.181	6.9
23.72	-8.415	6.398	58.9
23.73	-8.430	21.791	89.0
23.74	-8.444	35.895	106.5
23.75	-8.458	45.619	115.1
23.76	-8.471	49.700	127.1
23.77	-8.482	48.089	170.6
23.78	-8.490	41.314	195.3
23.79	-8.497	31.147	173.6
23.8	-8.505	19.616	164.9
23.81	-8.513	7.877	131.4
23.82	-8.520	-2.873	57.0
23.83	-8.527	-11.300	-8.4
23.84	-8.533	-16.992	-68.0
23.85	-8.539	-20.663	-101.0
23.86	-8.546	-22.708	-100.3
23.87	-8.554	-22.959	-100.9
23.88	-8.560	-21.886	-107.2
23.89	-8.566	-20.506	-103.6
23.9	-8.571	-19.495	-107.0
23.91	-8.576	-19.103	-94.4
23.92	-8.580	-19.530	-85.9
23.93	-8.584	-20.878	-105.2
23.94	-8.588	-22.548	-97.6
23.95	-8.593	-23.436	-86.3
23.96	-8.601	-23.019	-94.2
23.97	-8.609	-21.439	-89.6
23.98	-8.619	-19.011	-70.3
23.99	-8.629	-16.127	-59.0
24.0	-8.639	-12.923	-70.7
24.01	-8.646	-9.577	-83.5
24.02	-8.651	-6.731	-55.6
24.03	-8.654	-4.852	-48.1
24.04	-8.656	-3.916	-88.9
24.05	-8.658	-3.811	-98.3
24.06	-8.660	-4.589	-67.4
24.07	-8.660	-6.248	-48.1
24.08	-8.658	-8.445	-50.4
24.09	-8.653	-11.002	-45.3
24.1	-8.648	-13.778	-43.8
24.11	-8.642	-16.222	-62.4
24.12	-8.634	-17.948	-80.8
24.13	-8.626	-19.038	-42.4
24.14	-8.619	-20.041	0.5
24.15	-8.611	-21.016	-25.2
24.16	-8.603	-21.367	-12.0
24.17	-8.596	-21.170	42.0
24.18	-8.589	-20.863	22.3
24.19	-8.581	-20.436	-40.2
24.2	-8.572	-19.852	-79.6
24.21	-8.564	-19.381	-81.4
24.22	-8.558	-19.047	-61.8
24.23	-8.554	-18.727	-64.1
24.24	-8.554	-18.259	-60.3
24.25	-8.553	-17.441	-0.8
24.26	-8.549	-16.473	188.2
24.27	-8.549	-15.842	487.3
24.28	-8.558	-15.597	557.5
24.29	-8.569	-15.450	252.2
24.3	-8.582	-15.433	-11.0
24.31	-8.601	-15.694	-55.1
24.32	-8.622	-16.002	-65.3
24.33	-8.641	-16.045	-74.4
24.34	-8.655	-15.964	-61.9
24.35	-8.664	-16.150	-49.8
24.36	-8.672	-16.506	-28.0
24.37	-8.684	-16.444	-6.3
24.38	-8.701	-15.845	-11.7
24.39	-8.720	-14.808	-12.0
24.4	-8.740	-12.000	-1.2
24.41	-8.761	-5.156	8.2
24.42	-8.781	6.313	28.4
24.43	-8.803	20.453	69.7
24.44	-8.826	33.975	94.0
24.45	-8.848	43.820	113.3
24.46	-8.868	48.327	168.1
24.47	-8.888	47.583	190.8
24.48	-8.908	42.389	168.0
24.49	-8.928	32.923	158.6
24.5	-8.947	20.722	142.5
24.51	-8.967	9.727	85.3
24.52	-8.990	1.413	14.3
24.53	-9.011	-6.045	-29.7
24.54	-9.031	-12.430	-57.2
24.55	-9.055	-16.048	-91.3
24.56	-9.082	-17.367	-97.6
24.57	-9.110	-17.898	-90.9
24.58	-9.135	-18.047	-109.9
24.59	-9.161	-17.286	-113.9
24.6	-9.187	-16.173	-93.7
24.61	-9.216	-16.336	-81.0
24.62	-9.248	-18.058	-69.3
24.63	-9.285	-20.063	-69.5
24.64	-9.325	-21.252	-83.5
24.65	-9.365	-21.452	-81.1
24.66	-9.403	-20.898	-55.8
24.67	-9.438	-19.347	-46.8
24.68	-9.469	-16.533	-47.4
24.69	-9.499	-12.877	-28.4
24.7	-9.527	-9.206	-19.0
24.71	-9.553	-6.266	-28.3
24.72	-9.576	-3.781	-32.5
24.73	-9.600	-1.359	-26.6
24.74	-9.624	0.392	-19.4
24.75	-9.648	0.800	-21.6
24.76	-9.671	-0.373	-34.1
24.77	-9.691	-2.436	-31.9
24.78	-9.711	-4.769	-28.2
24.79	-9.728	-7.720	-45.2
24.8	-9.745	-10.934	-39.1
24.81	-9.763	-13.523	-22.3
24.82	-9.780	-15.463	-9.8
24.83	-9.795	-17.086	5.0
24.84	-9.806	-18.400	1.0
24.85	-9.813	-18.995	27.0
24.86	-9.816	-18.775	55.1
24.87	-9.818	-18.481	15.0
24.88	-9.822	-18.470	-29.3
24.89	-9.829	-18.431	-40.2
24.9	-9.839	-18.098	-46.3
24.91	-9.854	-17.508	-49.4
24.92	-9.873	-16.916	-38.4
24.93	-9.884	-16.273	-3.6
24.94	-9.885	-15.420	84.5
24.95	-9.884	-14.659	299.5
24.96	-9.890	-14.300	512.8
24.97	-9.893	-14.128	398.2
24.98	-9.889	-13.783	111.3
24.99	-9.880	-13.313	-40.4
25.0	-9.867	-12.991	-76.5
25.01	-9.851	-12.931	-35.6
25.02	-9.830	-13.225	-19.6
25.03	-9.806	-13.766	-44.2
25.04	-9.784	-13.942	-59.8
25.05	-9.766	-13.600	-43.6
25.06	-9.749	-13.302	-2.6
25.07	-9.731	-12.742	-11.2
25.08	-9.713	-10.555	-36.6
25.09	-9.696	-5.334	-2.4
25.1	-9.681	4.100	36.7
25.11	-9.667	17.602	28.0
25.12	-9.650	32.667	39.8
25.13	-9.630	44.613	84.9
25.14	-9.607	50.084	109.6
25.15	-9.584	51.078	123.3
25.16	-9.561	50.345	137.2
25.17	-9.537	46.045	120.5
25.18	-9.514	36.488	97.5
25.19	-9.492	24.358	63.0
25.2	-9.471	13.016	-15.0
25.21	-9.451	3.641	-66.5
25.22	-9.432	-3.678	-71.4
25.23	-9.416	-8.844	-87.5
25.24	-9.406	-11.800	-117.0
25.25	-9.397	-13.091	-111.1
25.26	-9.384	-13.459	-101.6
25.27	-9.368	-13.370	-125.5
25.28	-9.349	-13.219	-128.3
25.29	-9.328	-13.514	-114.6
25.3	-9.305	-14.902	-115.2
25.31	-9.283	-17.347	-114.8
25.32	-9.261	-19.569	-102.7
25.33	-9.239	-20.347	-100.7
25.34	-9.219	-19.884	-88.6
25.35	-9.197	-18.853	-68.3
25.36	-9.176	-17.041	-77.1
25.37	-9.156	-14.072	-107.3
25.38	-9.138	-10.241	-124.4
25.39	-9.121	-6.355	-95.4
25.4	-9.104	-3.067	-71.9
25.41	-9.088	-0.505	-77.7
25.42	-9.069	1.283	-92.8
25.43	-9.051	1.975	-98.7
25.44	-9.033	1.413	-83.1
25.45	-9.015	-0.097	-66.2
25.46	-8.997	-2.330	-62.3
25.47	-8.978	-5.242	-70.8
25.48	-8.961	-8.406	-82.7
25.49	-8.946	-11.363	-107.0
25.5	-8.933	-13.934	-97.6
25.51	-8.922	-15.881	-65.3
25.52	-8.914	-17.200	-39.2
25.53	-8.905	-18.306	-18.2
25.54	-8.894	-19.223	-42.4
25.55	-8.883	-19.644	-35.7
25.56	-8.871	-19.770	9.3
25.57	-8.861	-19.900	-5.8
25.58	-8.852	-19.903	-43.3
25.59	-8.844	-19.552	-65.3
25.6	-8.837	-18.878	-79.6
25.61	-8.831	-18.164	-69.5
25.62	-8.828	-17.769	-46.2
25.63	-8.826	-17.709	-29.4
25.64	-8.821	-17.470	-6.2
25.65	-8.814	-16.886	170.9
25.66	-8.809	-16.458	496.5
25.67	-8.807	-16.330	537.0
25.68	-8.802	-16.053	198.0
25.69	-8.795	-15.719	-49.6
25.7	-8.788	-15.845	-66.3
25.71	-8.782	-16.278	-65.2
25.72	-8.774	-16.548	-93.0
25.73	-8.764	-16.778	-87.9
25.74	-8.751	-17.127	-50.7
25.75	-8.738	-17.205	-22.3
25.76	-8.726	-16.848	-33.4
25.77	-8.716	-15.952	-39.3
25.78	-8.707	-13.525	-23.4
25.79	-8.701	-7.681	-7.5
25.8	-8.696	3.248	24.9
25.81	-8.691	18.647	33.3
25.82	-8.683	34.889	36.1
25.83	-8.674	46.339	68.7
25.84	-8.664	50.603	112.7
25.85	-8.654	51.125	135.4
25.86	-8.646	51.031	123.1
25.87	-8.636	49.253	129.3
25.88	-8.626	42.627	138.6
25.89	-8.617	31.519	100.8
25.9	-8.607	19.870	22.7
25.91	-8.596	9.719	-44.5
25.92	-8.584	1.269	-69.1
25.93	-8.571	-5.244	-86.3
25.94	-8.559	-9.681	-96.9
25.95	-8.547	-12.050	-105.0
25.96	-8.536	-12.652	-117.3
25.97	-8.523	-12.295	-119.1
25.98	-8.510	-12.142	-114.9
25.99	-8.496	-12.928	-118.5
26.0	-8.480	-14.600	-128.1
26.01	-8.466	-16.772	-129.1
26.02	-8.450	-19.280	-109.3
26.03	-8.435	-21.791	-91.4
26.04	-8.421	-23.183	-91.0
26.05	-8.408	-22.613	-88.5
26.06	-8.397	-20.080	-94.8
26.07	-8.387	-16.269	-93.0
26.08	-8.378	-12.397	-80.7
26.09	-8.369	-9.070	-95.4
26.1	-8.359	-5.717	-147.5
26.11	-8.349	-2.159	-155.1
26.12	-8.339	0.439	-65.6
26.13	-8.328	1.198	-22.5
26.14	-8.316	0.475	-53.8
26.15	-8.303	-0.975	-77.4
26.16	-8.288	-3.053	-104.0
26.17	-8.273	-5.913	-107.1
26.18	-8.257	-8.984	-93.3
26.19	-8.242	-11.772	-93.9
26.2	-8.229	-14.328	-82.9
26.21	-8.218	-16.552	-69.1
26.22	-8.207	-18.439	-76.0
26.23	-8.196	-20.003	-92.5
26.24	-8.186	-20.891	-92.9
26.25	-8.176	-21.305	-85.8
26.26	-8.165	-21.767	-72.4
26.27	-8.154	-22.069	-65.2
26.28	-8.143	-21.919	-80.9
26.29	-8.132	-21.558	-60.0
26.3	-8.122	-21.373	-23.8
26.31	-8.111	-21.419	-16.0
26.32	-8.100	-21.361	-6.4
26.33	-8.089	-21.133	-20.3
26.34	-8.079	-20.844	-52.8
26.35	-8.070	-20.395	-70.4
26.36	-8.061	-19.848	-78.5
26.37	-8.054	-19.275	-91.4
26.38	-8.047	-18.650	-109.7
26.39	-8.042	-17.931	-84.4
26.4	-8.036	-17.208	2.2
26.41	-8.027	-16.811	112.3
26.42	-8.016	-16.822	331.7
26.43	-8.009	-16.803	558.7
26.44	-8.004	-16.373	422.3
26.45	-7.999	-15.936	70.9
26.46	-7.995	-15.956	-75.1
26.47	-7.991	-16.311	-71.1
26.48	-7.986	-16.817	-72.9
26.49	-7.981	-17.422	-83.5
26.5	-7.976	-18.177	-80.0
26.51	-7.971	-18.786	-63.3
26.52	-7.966	-18.673	-66.4
26.53	-7.960	-17.722	-66.0
26.54	-7.956	-15.378	-34.1
26.55	-7.954	-9.669	-6.0
26.56	-7.954	1.483	-1.7
26.57	-7.953	17.839	16.9
26.58	-7.951	35.230	60.6
26.59	-7.949	46.872	87.5
26.6	-7.946	50.742	104.8
26.61	-7.944	51.128	109.4
26.62	-7.944	51.116	111.0
26.63	-7.944	50.355	130.9
26.64	-7.944	45.952	159.7
26.65	-7.947	36.317	170.5
26.66	-7.951	24.288	120.0
26.67	-7.955	13.008	17.8
26.68	-7.958	3.981	-71.6
26.69	-7.962	-2.414	-98.6
26.7	-7.967	-6.888	-86.6
26.71	-7.974	-9.778	-107.0
26.72	-7.980	-10.956	-173.4
26.73	-7.984	-11.023	-182.3
26.74	-7.989	-11.222	-132.1
26.75	-7.995	-12.348	-131.2
26.76	-8.000	-14.320	-153.1
26.77	-8.004	-16.789	-138.5
26.78	-8.008	-19.531	-118.1
26.79	-8.011	-21.877	-124.9
26.8	-8.014	-22.834	-142.6
26.81	-8.018	-22.219	-129.9
26.82	-8.021	-20.600	-101.5
26.83	-8.024	-18.311	-109.5
26.84	-8.028	-15.438	-127.1
26.85	-8.032	-12.447	-102.6
26.86	-8.036	-9.806	-79.8
26.87	-8.039	-7.586	-119.1
26.88	-8.043	-5.925	-137.2
26.89	-8.045	-5.083	-95.0
26.9	-8.047	-5.173	-64.5
26.91	-8.049	-6.102	-76.8
26.92	-8.050	-7.506	-117.0
26.93	-8.051	-9.173	-115.1
26.94	-8.054	-11.225	-89.4
26.95	-8.061	-13.473	-86.0
26.96	-8.071	-15.553	-86.8
26.97	-8.084	-17.534	-86.7
26.98	-8.103	-19.489	-78.6
26.99	-8.125	-21.136	-53.8
27.0	-8.150	-22.258	-29.0
27.01	-8.177	-23.019	-11.8
27.02	-8.204	-23.656	17.1
27.03	-8.231	-24.161	4.0
27.04	-8.256	-24.408	-49.4
27.05	-8.279	-24.445	-70.5
27.06	-8.299	-24.458	-68.4
27.07	-8.316	-24.527	-70.9
27.08	-8.331	-24.580	-72.8
27.09	-8.344	-24.488	-64.8
27.1	-8.355	-24.228	-0.8
27.11	-8.361	-23.820	173.0
27.12	-8.367	-23.416	473.3
27.13	-8.377	-23.092	625.0
27.14	-8.389	-22.666	343.0
27.15	-8.400	-22.316	10.5
27.16	-8.411	-22.230	-54.7
27.17	-8.422	-22.202	-53.0
27.18	-8.433	-22.336	-75.5
27.19	-8.446	-22.683	-59.9
27.2	-8.457	-22.861	-32.3
27.21	-8.467	-22.619	-28.6
27.22	-8.474	-21.920	-13.4
27.23	-8.482	-20.875	20.2
27.24	-8.492	-18.964	25.1
27.25	-8.504	-14.514	-12.4
27.26	-8.517	-5.459	2.8
27.27	-8.530	9.181	73.8
27.28	-8.541	27.020	110.2
27.29	-8.551	42.028	135.3
27.3	-8.558	49.459	172.8
27.31	-8.564	51.067	191.3
27.32	-8.569	51.128	206.5
27.33	-8.574	50.734	217.2
27.34	-8.578	47.558	200.5
27.35	-8.582	39.123	157.7
27.36	-8.585	26.827	96.8
27.37	-8.588	13.777	58.0
27.38	-8.589	2.336	1.7
27.39	-8.589	-6.250	-80.7
27.4	-8.591	-12.183	-108.5
27.41	-8.594	-15.913	-97.8
27.42	-8.597	-17.617	-101.3
27.43	-8.596	-17.816	-96.7
27.44	-8.592	-17.741	-87.0
27.45	-8.587	-18.180	-114.3
27.46	-8.578	-19.177	-117.4
27.47	-8.564	-21.103	-87.7
27.48	-8.548	-23.952	-80.9
27.49	-8.532	-26.339	-99.3
27.5	-8.518	-26.920	-110.8
27.51	-8.506	-25.795	-77.7
27.52	-8.497	-23.431	-53.1
27.53	-8.491	-19.911	-54.8
27.54	-8.486	-15.680	-49.6
27.55	-8.482	-11.486	-60.2
27.56	-8.478	-7.652	-71.7
27.57	-8.473	-4.248	-77.8
27.58	-8.467	-1.655	-73.7
27.59	-8.463	-0.320	-42.7
27.6	-8.457	-0.422	-31.0
27.61	-8.454	-1.780	-52.3
27.62	-8.453	-4.183	-53.1
27.63	-8.453	-7.400	-23.8
27.64	-8.457	-10.861	-12.7
27.65	-8.464	-14.028	-15.8
27.66	-8.476	-16.692	6.5
27.67	-8.489	-18.936	11.8
27.68	-8.506	-20.963	-22.6
27.69	-8.525	-22.750	-51.7
27.7	-8.546	-24.106	-76.7
27.71	-8.568	-24.956	-83.4
27.72	-8.587	-25.470	-72.3
27.73	-8.604	-25.816	-41.0
27.74	-8.619	-25.897	25.8
27.75	-8.631	-25.725	183.7
27.76	-8.646	-25.494	448.6
27.77	-8.666	-25.200	517.8
27.78	-8.688	-24.739	225.3
27.79	-8.710	-24.009	-36.4
27.8	-8.736	-23.103	-54.0
27.81	-8.766	-22.522	-39.7
27.82	-8.796	-22.523	-54.8
27.83	-8.821	-22.652	-60.4
27.84	-8.842	-22.333	-38.0
27.85	-8.859	-21.694	-16.1
27.86	-8.874	-20.717	-19.5
27.87	-8.888	-19.161	-7.6
27.88	-8.902	-17.458	7.3
27.89	-8.919	-13.781	22.4
27.9	-8.936	-4.761	47.8
27.91	-8.956	9.913	72.8
27.92	-8.976	27.592	85.0
27.93	-8.995	42.594	104.1
27.94	-9.013	49.752	128.8
27.95	-9.030	51.094	158.7
27.96	-9.049	51.133	193.6
27.97	-9.070	51.102	209.5
27.98	-9.091	50.003	198.2
27.99	-9.112	44.142	149.7
28.0	-9.133	32.352	67.3
28.01	-9.154	19.253	-17.3
28.02	-9.175	8.011	-38.0
28.03	-9.195	-1.303	-36.4
28.04	-9.216	-8.059	-66.5
28.05	-9.241	-11.842	-95.2
28.06	-9.267	-13.702	-88.8
28.07	-9.289	-14.967	-85.7
28.08	-9.308	-16.181	-109.1
28.09	-9.327	-17.611	-98.1
28.1	-9.346	-19.742	-80.7
28.11	-9.363	-22.952	-85.2
28.12	-9.376	-26.703	-76.8
28.13	-9.388	-29.545	-55.9
28.14	-9.401	-30.678	-35.3
28.15	-9.414	-30.350	-50.7
28.16	-9.427	-28.352	-76.2
28.17	-9.438	-24.530	-63.2
28.18	-9.447	-19.819	-64.1
28.19	-9.456	-14.848	-65.6
28.2	-9.463	-9.550	-50.7
28.21	-9.467	-4.439	-43.9
28.22	-9.467	-0.605	-26.1
28.23	-9.467	1.083	-24.8
28.24	-9.469	0.888	-25.4
28.25	-9.473	-0.639	-11.5
28.26	-9.476	-3.963	-2.2
28.27	-9.476	-8.119	-3.6
28.28	-9.474	-11.669	1.7
28.29	-9.471	-15.095	51.6
28.3	-9.465	-18.475	57.6
28.31	-9.454	-21.209	-17.2
28.32	-9.437	-23.309	-59.5
28.33	-9.416	-24.814	-54.5
28.34	-9.391	-25.544	-61.9
28.35	-9.369	-25.639	-53.0
28.36	-9.348	-25.573	-14.1
28.37	-9.318	-25.522	22.4
28.38	-9.279	-25.205	137.7
28.39	-9.249	-24.689	354.0
28.4	-9.232	-24.233	410.5
28.41	-9.221	-23.664	191.1
28.42	-9.211	-22.791	0.1
28.43	-9.198	-21.852	-36.6
28.44	-9.183	-21.111	-50.8
28.45	-9.166	-20.645	-40.7
28.46	-9.148	-20.494	-9.0
28.47	-9.126	-20.495	-4.1
28.48	-9.104	-20.172	-25.8
28.49	-9.086	-19.322	-49.4
28.5	-9.069	-18.094	-21.6
28.51	-9.054	-16.147	30.7
28.52	-9.040	-12.227	33.3
28.53	-9.028	-4.066	22.4
28.54	-9.014	9.803	41.2
28.55	-8.996	27.508	55.6
28.56	-8.974	42.716	69.9
28.57	-8.950	49.834	96.7
28.58	-8.924	51.098	129.8
28.59	-8.899	51.128	147.9
28.6	-8.877	50.981	138.5
28.61	-8.857	48.708	125.1
28.62	-8.841	40.702	99.4
28.63	-8.826	27.620	50.2
28.64	-8.813	14.123	-12.6
28.65	-8.799	3.025	-69.4
28.66	-8.784	-5.225	-100.5
28.67	-8.773	-10.944	-101.5
28.68	-8.768	-14.455	-85.5
28.69	-8.761	-16.173	-82.5
28.7	-8.752	-16.869	-96.6
28.71	-8.739	-17.564	-107.1
28.72	-8.725	-19.069	-96.3
28.73	-8.711	-21.578	-80.1
28.74	-8.696	-25.058	-93.9
28.75	-8.680	-29.008	-123.8
28.76	-8.665	-31.716	-135.6
28.77	-8.651	-32.069	-100.2
28.78	-8.637	-30.744	-49.7
28.79	-8.624	-28.108	-41.9
28.8	-8.613	-23.723	-61.2
28.81	-8.598	-18.270	-78.8
28.82	-8.582	-13.273	-82.4
28.83	-8.564	-9.161	-84.0
28.84	-8.544	-5.556	-99.9
28.85	-8.521	-2.916	-104.7
28.86	-8.499	-1.978	-63.6
28.87	-8.478	-2.497	-17.7
28.88	-8.461	-4.177	-14.0
28.89	-8.447	-7.097	-26.7
28.9	-8.436	-10.688	-30.6
28.91	-8.426	-14.094	-42.2
28.92	-8.416	-17.142	-37.7
28.93	-8.404	-20.042	-12.3
28.94	-8.390	-22.467	-37.7
28.95	-8.375	-23.978	-69.7
28.96	-8.359	-24.903	-69.6
28.97	-8.343	-25.809	-72.6
28.98	-8.329	-26.745	-73.2
28.99	-8.316	-27.172	-64.6
29.0	-8.302	-26.750	-39.1
29.01	-8.285	-25.970	83.2
29.02	-8.270	-25.545	356.7
29.03	-8.261	-25.409	503.0
29.04	-8.252	-24.930	294.5
29.05	-8.242	-24.056	14.4
29.06	-8.231	-23.555	-72.9
29.07	-8.218	-23.759	-54.8
29.08	-8.206	-23.942	-63.4
29.09	-8.192	-23.505	-85.4
29.1	-8.178	-22.691	-83.4
29.11	-8.165	-21.791	-55.5
29.12	-8.152	-20.625	-24.3
29.13	-8.138	-19.012	-34.7
29.14	-8.127	-16.477	-46.9
29.15	-8.119	-10.953	-20.6
29.16	-8.114	0.267	3.9
29.17	-8.111	17.398	2.0
29.18	-8.109	35.747	26.3
29.19	-8.107	47.472	77.8
29.2	-8.106	50.891	97.4
29.21	-8.105	51.127	100.3
29.22	-8.102	51.131	128.2
29.23	-8.099	50.777	152.7
29.24	-8.094	47.422	139.4
29.25	-8.091	37.977	95.3
29.26	-8.088	24.986	31.4
29.27	-8.086	13.231	-44.3
29.28	-8.084	4.033	-85.6
29.29	-8.081	-2.742	-89.0
29.3	-8.081	-7.338	-91.8
29.31	-8.083	-10.283	-103.7
29.32	-8.087	-12.184	-114.5
29.33	-8.090	-13.713	-123.3
29.34	-8.092	-15.400	-135.6
29.35	-8.092	-17.722	-128.2
29.36	-8.092	-21.156	-125.6
29.37	-8.092	-25.413	-98.7
29.38	-8.092	-29.430	-74.1
29.39	-8.093	-32.305	-106.8
29.4	-8.094	-33.444	-119.2
29.41	-8.096	-32.413	-98.3
29.42	-8.097	-29.450	-87.2
29.43	-8.098	-25.467	-82.0
29.44	-8.098	-21.084	-94.7
29.45	-8.098	-16.406	-101.0
29.46	-8.096	-11.933	-82.8
29.47	-8.093	-8.625	-65.9
29.48	-8.089	-6.938	-65.7
29.49	-8.086	-6.653	-83.7
29.5	-8.082	-7.428	-94.2
29.51	-8.079	-9.142	-102.2
29.52	-8.076	-11.645	-90.7
29.53	-8.072	-14.398	-77.1
29.54	-8.070	-17.173	-76.1
29.55	-8.067	-20.063	-65.7
29.56	-8.064	-22.573	-61.9
29.57	-8.061	-24.513	-61.2
29.58	-8.056	-25.955	-68.0
29.59	-8.053	-26.992	-74.1
29.6	-8.049	-27.838	-79.0
29.61	-8.046	-28.139	-97.8
29.62	-8.044	-28.042	-83.8
29.63	-8.041	-28.130	-40.9
29.64	-8.038	-28.198	-15.9
29.65	-8.036	-27.858	-20.7
29.66	-8.033	-27.181	-27.1
29.67	-8.029	-26.484	5.3
29.68	-8.026	-25.884	9.2
29.69	-8.022	-25.261	-47.0
29.7	-8.018	-24.483	-73.8
29.71	-8.014	-23.748	-58.8
29.72	-8.009	-23.033	-64.6
29.73	-8.004	-22.081	-83.6
29.74	-8.001	-21.552	-68.9
29.75	-7.996	-21.514	-11.9
29.76	-7.987	-20.973	118.1
29.77	-7.980	-20.105	385.3
29.78	-7.976	-19.464	593.2
29.79	-7.974	-18.734	407.8
29.8	-7.969	-18.294	69.7
29.81	-7.966	-18.823	-76.0
29.82	-7.961	-19.719	-99.8
29.83	-7.956	-20.322	-79.4
29.84	-7.950	-20.798	-74.1
29.85	-7.943	-21.234	-71.8
29.86	-7.937	-21.356	-54.7
29.87	-7.931	-20.731	-51.9
29.88	-7.925	-18.752	-43.6
29.89	-7.920	-14.128	-28.0
29.9	-7.916	-4.316	1.5
29.91	-7.913	12.284	15.2
29.92	-7.910	32.030	13.4
29.93	-7.906	46.016	35.6
29.94	-7.901	50.686	67.1
29.95	-7.894	51.125	93.6
29.96	-7.889	51.138	107.3
29.97	-7.883	51.130	114.9
29.98	-7.878	50.641	146.3
29.99	-7.874	46.844	156.3
30.0	-7.872	37.356	111.1
30.01	-7.871	25.236	47.6
30.02	-7.871	14.516	-9.8
30.03	-7.871	6.109	-49.1
30.04	-7.871	0.241	-99.8
30.05	-7.873	-2.995	-138.9
30.06	-7.875	-4.688	-117.8
30.07	-7.877	-6.384	-106.8
30.08	-7.877	-8.434	-138.6
30.09	-7.876	-10.753	-157.1
30.1	-7.876	-14.016	-150.9
30.11	-7.876	-18.447	-121.0
30.12	-7.877	-23.405	-113.3
30.13	-7.878	-28.006	-131.6
30.14	-7.881	-31.125	-110.1
30.15	-7.883	-32.228	-98.7
30.16	-7.886	-31.530	-112.6
30.17	-7.889	-29.197	-122.8
30.18	-7.891	-25.642	-115.3
30.19	-7.895	-21.742	-79.3
30.2	-7.899	-18.194	-60.6
30.21	-7.903	-15.184	-96.8
30.22	-7.907	-12.825	-132.9
30.23	-7.910	-11.366	-105.7
30.24	-7.913	-10.858	-80.9
30.25	-7.916	-11.192	-77.0
30.26	-7.917	-12.333	-73.5
30.27	-7.918	-14.152	-73.5
30.28	-7.918	-16.369	-79.4
30.29	-7.918	-18.692	-108.4
30.3	-7.919	-20.927	-95.9
30.31	-7.923	-22.961	-78.6
30.32	-7.927	-24.683	-86.3
30.33	-7.931	-26.009	-66.5
30.34	-7.936	-27.047	-57.3
30.35	-7.941	-27.978	-54.7
30.36	-7.945	-28.748	-53.9
30.37	-7.949	-29.189	-53.8
30.38	-7.952	-29.273	-11.0
30.39	-7.955	-29.083	30.9
30.4	-7.958	-28.739	13.7
30.41	-7.960	-28.305	-33.1
30.42	-7.962	-27.753	-69.9
30.43	-7.964	-27.053	-75.4
30.44	-7.965	-26.302	-79.6
30.45	-7.966	-25.761	-88.2
30.46	-7.968	-25.352	-71.5
30.47	-7.968	-24.777	-29.6
30.48	-7.964	-24.053	94.9
30.49	-7.962	-23.363	360.8
30.5	-7.966	-22.948	595.4
30.51	-7.971	-22.759	471.7
30.52	-7.976	-22.588	114.8
30.53	-7.979	-22.691	-51.8
30.54	-7.982	-23.227	-48.5
30.55	-7.984	-23.955	-60.8
30.56	-7.984	-24.780	-67.0
30.57	-7.981	-25.569	-72.4
30.58	-7.979	-25.798	-81.8
30.59	-7.976	-25.233	-59.2
30.6	-7.974	-24.016	-29.3
30.61	-7.974	-21.334	-20.5
30.62	-7.975	-15.005	-8.3
30.63	-7.978	-2.780	32.5
30.64	-7.982	15.256	53.8
30.65	-7.987	34.422	51.9
30.66	-7.993	46.917	67.9
30.67	-8.001	50.795	100.5
30.68	-8.009	51.123	149.7
30.69	-8.021	51.075	187.0
30.7	-8.034	49.638	192.1
30.71	-8.047	43.283	181.8
30.72	-8.063	31.488	152.2
30.73	-8.080	18.502	95.6
30.74	-8.097	7.348	46.1
30.75	-8.114	-1.403	-4.6
30.76	-8.130	-7.694	-66.1
30.77	-8.146	-11.753	-108.9
30.78	-8.162	-14.233	-123.3
30.79	-8.180	-15.848	-131.3
30.8	-8.195	-17.208	-158.2
30.81	-8.209	-18.917	-153.5
30.82	-8.223	-21.356	-114.5
30.83	-8.235	-24.731	-103.6
30.84	-8.247	-29.017	-113.7
30.85	-8.258	-33.308	-114.9
30.86	-8.267	-36.294	-131.8
30.87	-8.276	-37.392	-131.8
30.88	-8.286	-36.695	-111.7
30.89	-8.296	-34.602	-102.9
30.9	-8.306	-31.488	-84.1
30.91	-8.317	-27.655	-94.2
30.92	-8.327	-23.730	-103.5
30.93	-8.338	-20.319	-78.5
30.94	-8.346	-17.677	-73.1
30.95	-8.354	-16.063	-82.6
30.96	-8.359	-15.478	-88.1
30.97	-8.364	-15.625	-90.5
30.98	-8.369	-16.569	-82.6
30.99	-8.373	-18.366	-75.6
31.0	-8.376	-20.570	-71.0
31.01	-8.378	-22.820	-77.6
31.02	-8.381	-24.994	-71.9
31.03	-8.385	-26.853	-46.5
31.04	-8.388	-28.298	-42.6
31.05	-8.391	-29.427	-51.8
31.06	-8.394	-30.233	-52.2
31.07	-8.396	-30.773	-16.9
31.08	-8.397	-31.153	33.1
31.09	-8.399	-31.377	17.2
31.1	-8.400	-31.342	-24.2
31.11	-8.402	-31.028	-39.6
31.12	-8.403	-30.606	-35.8
31.13	-8.406	-30.056	-44.7
31.14	-8.409	-29.308	-82.8
31.15	-8.414	-28.534	-75.5
31.16	-8.418	-27.770	-37.9
31.17	-8.419	-26.928	29.7
31.18	-8.415	-26.175	246.5
31.19	-8.415	-25.634	559.0
31.2	-8.419	-25.231	580.8
31.21	-8.420	-24.977	224.4
31.22	-8.418	-24.978	-32.5
31.23	-8.415	-25.191	-58.1
31.24	-8.412	-25.513	-61.4
31.25	-8.409	-26.114	-69.4
31.26	-8.405	-26.767	-59.2
31.27	-8.400	-26.909	-41.9
31.28	-8.394	-26.550	-34.9
31.29	-8.386	-25.900	-28.4
31.3	-8.376	-24.727	-15.8
31.31	-8.366	-21.803	4.0
31.32	-8.357	-14.878	24.8
31.33	-8.349	-2.305	27.0
31.34	-8.341	14.997	56.1
31.35	-8.333	33.027	117.8
31.36	-8.324	45.716	145.6
31.37	-8.314	50.500	137.7
31.38	-8.304	50.867	151.0
31.39	-8.293	48.108	192.2
31.4	-8.283	39.616	205.2
31.41	-8.273	26.706	157.2
31.42	-8.266	13.489	116.5
31.43	-8.261	1.939	103.9
31.44	-8.258	-7.308	44.4
31.45	-8.258	-13.928	-48.0
31.46	-8.259	-18.003	-95.8
31.47	-8.264	-20.127	-104.7
31.48	-8.273	-21.109	-119.3
31.49	-8.284	-21.486	-128.6
31.5	-8.297	-21.691	-131.8
31.51	-8.311	-22.352	-122.0
31.52	-8.330	-24.094	-93.0
31.53	-8.351	-27.000	-95.0
31.54	-8.372	-30.422	-134.9
31.55	-8.393	-33.372	-139.0
31.56	-8.411	-35.020	-97.5
31.57	-8.426	-35.094	-66.2
31.58	-8.443	-33.605	-63.6
31.59	-8.464	-30.644	-99.8
31.6	-8.488	-26.717	-118.4
31.61	-8.512	-22.608	-89.0
31.62	-8.534	-19.072	-75.2
31.63	-8.552	-16.497	-93.8
31.64	-8.568	-14.639	-93.4
31.65	-8.584	-13.509	-55.0
31.66	-8.600	-13.597	-38.5
31.67	-8.614	-14.700	-48.5
31.68	-8.627	-16.386	-78.7
31.69	-8.640	-18.663	-90.7
31.7	-8.652	-21.241	-53.9
31.71	-8.667	-23.614	-63.0
31.72	-8.681	-25.525	-67.9
31.73	-8.696	-26.859	-34.8
31.74	-8.711	-27.691	-13.7
31.75	-8.729	-28.217	16.0
31.76	-8.748	-28.564	36.9
31.77	-8.766	-28.598	26.1
31.78	-8.783	-28.344	-16.2
31.79	-8.800	-28.161	-51.6
31.8	-8.817	-27.889	-68.1
31.81	-8.834	-27.070	-58.9
31.82	-8.854	-25.913	-40.9
31.83	-8.881	-25.283	-33.0
31.84	-8.914	-25.447	-19.3
31.85	-8.944	-25.289	24.7
31.86	-8.969	-24.464	195.3
31.87	-8.994	-24.266	488.4
31.88	-9.021	-24.589	563.9
31.89	-9.044	-24.181	278.0
31.9	-9.064	-23.386	40.7
31.91	-9.086	-23.228	-20.0
31.92	-9.111	-23.556	-52.1
31.93	-9.141	-23.747	-44.2
31.94	-9.169	-23.823	-22.8
31.95	-9.194	-23.759	-13.6
31.96	-9.215	-22.975	-22.5
31.97	-9.234	-21.880	-13.7
31.98	-9.251	-21.108	20.6
31.99	-9.268	-18.944	29.0
32.0	-9.285	-12.888	48.3
32.01	-9.303	-1.716	70.1
32.02	-9.319	14.323	73.4
32.03	-9.332	32.191	100.6
32.04	-9.344	45.384	127.7
32.05	-9.356	50.463	141.7
32.06	-9.367	50.886	155.1
32.07	-9.377	48.294	176.1
32.08	-9.383	39.889	215.5
32.09	-9.384	26.386	218.8
32.1	-9.379	12.494	168.9
32.11	-9.369	1.245	100.9
32.12	-9.359	-7.138	43.8
32.13	-9.351	-13.197	-11.8
32.14	-9.344	-17.083	-60.1
32.15	-9.341	-18.955	-72.3
32.16	-9.346	-19.472	-70.3
32.17	-9.357	-19.556	-75.1
32.18	-9.365	-19.620	-76.8
32.19	-9.366	-19.728	-60.4
32.2	-9.359	-20.567	-45.7
32.21	-9.348	-22.834	-47.4
32.22	-9.334	-26.133	-44.8
32.23	-9.321	-29.409	-50.3
32.24	-9.307	-31.450	-60.1
32.25	-9.291	-31.420	-22.8
32.26	-9.274	-29.455	17.1
32.27	-9.257	-26.166	-6.5
32.28	-9.239	-21.952	-44.4
32.29	-9.221	-17.336	-50.2
32.3	-9.202	-13.231	-32.5
32.31	-9.179	-10.428	-13.9
32.32	-9.151	-8.930	-17.3
32.33	-9.122	-8.348	-38.5
32.34	-9.093	-8.769	-25.8
32.35	-9.065	-10.305	10.8
32.36	-9.037	-12.619	17.0
32.37	-9.010	-15.272	-5.0
32.38	-8.985	-17.838	-28.0
32.39	-8.960	-20.039	-11.5
32.4	-8.935	-21.895	14.9
32.41	-8.909	-23.511	27.1
32.42	-8.882	-24.841	33.3
32.43	-8.854	-25.659	13.4
32.44	-8.825	-25.830	-9.2
32.45	-8.796	-25.634	-11.5
32.46	-8.766	-25.561	-9.8
32.47	-8.735	-25.461	-19.0
32.48	-8.702	-24.917	-59.2
32.49	-8.670	-24.352	-69.0
32.5	-8.638	-24.056	-17.1
32.51	-8.597	-23.481	16.2
32.52	-8.550	-22.656	148.5
32.53	-8.508	-22.152	437.2
32.54	-8.468	-21.817	516.9
32.55	-8.428	-21.259	245.4
32.56	-8.387	-20.825	-0.5
32.57	-8.348	-20.791	-79.4
32.58	-8.311	-20.759	-127.4
32.59	-8.277	-20.708	-130.3
32.6	-8.239	-20.794	-92.4
32.61	-8.199	-20.616	-90.3
32.62	-8.159	-19.831	-84.7
32.63	-8.120	-18.686	-49.6
32.64	-8.083	-17.423	-28.3
32.65	-8.049	-15.114	-3.7
32.66	-8.019	-9.447	1.7
32.67	-7.993	1.670	-39.4
32.68	-7.968	17.836	-54.3
32.69	-7.946	34.898	8.8
32.7	-7.925	46.522	76.0
32.71	-7.907	50.595	101.9
32.72	-7.890	49.839	131.9
32.73	-7.874	44.200	142.2
32.74	-7.858	33.180	122.1
32.75	-7.844	20.167	131.4
32.76	-7.830	8.347	103.6
32.77	-7.817	-0.978	29.7
32.78	-7.805	-7.691	-10.6
32.79	-7.793	-12.383	-48.3
32.8	-7.782	-15.345	-87.7
32.81	-7.774	-16.742	-115.1
32.82	-7.767	-17.203	-130.7
32.83	-7.761	-17.373	-102.0
32.84	-7.755	-17.584	-73.5
32.85	-7.749	-18.327	-83.0
32.86	-7.744	-20.067	-102.3
32.87	-7.737	-22.741	-128.2
32.88	-7.729	-25.847	-109.9
32.89	-7.722	-28.523	-91.9
32.9	-7.715	-30.048	-111.2
32.91	-7.709	-30.038	-97.7
32.92	-7.704	-28.208	-79.7
32.93	-7.699	-25.011	-86.5
32.94	-7.696	-21.377	-103.4
32.95	-7.692	-17.680	-106.6
32.96	-7.689	-14.038	-74.0
32.97	-7.685	-11.048	-68.3
32.98	-7.680	-9.397	-89.4
32.99	-7.676	-9.033	-97.7
33.0	-7.671	-9.600	-105.8
33.01	-7.669	-10.973	-76.3
33.02	-7.668	-12.794	-47.0
33.03	-7.669	-14.695	-60.6
33.04	-7.671	-16.698	-75.8
33.05	-7.676	-18.820	-90.3
33.06	-7.684	-20.833	-101.0
33.07	-7.697	-22.388	-121.4
33.08	-7.714	-23.273	-132.6
33.09	-7.732	-23.566	-79.9
33.1	-7.748	-23.578	-42.5
33.11	-7.764	-23.602	-50.7
33.12	-7.778	-23.736	-68.1
33.13	-7.792	-23.791	-88.6
33.14	-7.804	-23.605	-72.8
33.15	-7.814	-23.298	-31.4
33.16	-7.825	-22.802	-6.1
33.17	-7.836	-22.242	-1.2
33.18	-7.845	-21.975	9.3
33.19	-7.853	-21.800	34.4
33.2	-7.858	-21.503	25.7
33.21	-7.861	-21.211	-10.1
33.22	-7.861	-20.811	-28.0
33.23	-7.862	-20.250	-52.5
33.24	-7.862	-19.606	-88.3
33.25	-7.864	-18.847	-92.2
33.26	-7.866	-18.203	-59.2
33.27	-7.869	-17.905	-7.1
33.28	-7.866	-17.738	77.2
33.29	-7.864	-17.397	313.9
33.3	-7.865	-16.975	581.2
33.31	-7.866	-16.886	483.3
33.32	-7.864	-17.189	129.3
33.33	-7.862	-17.492	-76.1
33.34	-7.859	-17.703	-103.3
33.35	-7.857	-18.042	-81.1
33.36	-7.854	-18.628	-70.2
33.37	-7.849	-19.239	-88.8
33.38	-7.842	-19.377	-116.2
33.39	-7.834	-18.819	-98.6
33.4	-7.826	-17.637	-27.0
33.41	-7.819	-15.236	-0.6
33.42	-7.813	-9.425	-20.3
33.43	-7.808	2.158	-16.4
33.44	-7.803	18.942	-9.1
33.45	-7.796	36.145	25.2
33.46	-7.789	47.217	69.7
33.47	-7.782	50.775	78.3
33.48	-7.775	50.591	89.4
33.49	-7.768	46.719	127.7
33.5	-7.762	37.164	167.5
33.51	-7.756	24.555	166.2
33.52	-7.751	12.708	124.3
33.53	-7.745	2.972	81.8
33.54	-7.740	-4.353	28.6
33.55	-7.735	-9.325	-34.3
33.56	-7.729	-12.291	-70.0
33.57	-7.724	-13.575	-103.0
33.58	-7.721	-13.813	-120.4
33.59	-7.719	-14.005	-101.0
33.6	-7.718	-14.553	-111.3
33.61	-7.716	-15.245	-145.3
33.62	-7.714	-16.017	-147.8
33.63	-7.710	-18.030	-132.0
33.64	-7.707	-22.098	-105.0
33.65	-7.706	-26.053	-107.2
33.66	-7.706	-27.817	-127.5
33.67	-7.709	-27.633	-104.8
33.68	-7.716	-26.248	-74.1
33.69	-7.727	-24.117	-86.7
33.7	-7.739	-21.158	-119.4
33.71	-7.753	-17.423	-116.2
33.72	-7.769	-13.956	-90.8
33.73	-7.786	-11.502	-91.7
33.74	-7.803	-9.763	-112.3
33.75	-7.819	-8.592	-107.2
33.76	-7.831	-8.381	-84.8
33.77	-7.841	-9.220	-100.4
33.78	-7.848	-10.622	-104.5
33.79	-7.854	-12.256	-76.6
33.8	-7.857	-14.034	-77.7
33.81	-7.859	-15.659	-89.5
33.82	-7.861	-17.017	-88.3
33.83	-7.862	-18.259	-74.3
33.84	-7.863	-19.417	-59.1
33.85	-7.865	-20.467	-72.5
33.86	-7.866	-21.239	-92.5
33.87	-7.868	-21.578	-92.7
33.88	-7.869	-21.616	-77.9
33.89	-7.870	-21.555	-65.7
33.9	-7.872	-21.433	-62.6
33.91	-7.873	-21.139	-71.2
33.92	-7.874	-20.755	-77.3
33.93	-7.874	-20.617	-59.8
33.94	-7.874	-20.627	-56.5
33.95	-7.875	-20.356	-46.6
33.96	-7.874	-19.853	-10.7
33.97	-7.873	-19.417	21.6
33.98	-7.871	-19.119	24.3
33.99	-7.868	-18.819	-28.3
34.0	-7.863	-18.431	-64.1
34.01	-7.859	-18.041	-58.4
34.02	-7.855	-17.669	-69.5
34.03	-7.852	-17.241	-84.4
34.04	-7.849	-16.845	-71.2
34.05	-7.844	-16.597	-22.8
34.06	-7.838	-16.280	62.3
34.07	-7.830	-15.872	259.7
34.08	-7.828	-15.577	574.4
34.09	-7.831	-15.341	602.8
