Interval=	0.01 s
ExcelDateTime=	3.9777429944128060e+004	25/11/2008 10:19:07.172665
TimeFormat=	StartOfBlock
ChannelTitle=	Channel 1	Channel 2	Channel 3
Range=	20.000 mV	50.000 mV	1000.0 µV
0.0	-7.460	-20.059	0.7
0.01	-7.458	-19.720	22.9
0.02	-7.453	-19.502	150.5
0.03	-7.449	-19.263	443.0
0.04	-7.453	-19.061	625.1
0.05	-7.459	-19.094	397.0
0.06	-7.464	-19.225	45.5
0.07	-7.471	-19.263	-95.7
0.08	-7.478	-19.395	-97.7
0.09	-7.476	-19.677	-88.2
0.1	-7.468	-19.602	-91.7
0.11	-7.461	-18.891	-95.3
0.12	-7.458	-18.014	-80.8
0.13	-7.455	-17.219	-67.4
0.14	-7.454	-15.734	-59.3
0.15	-7.454	-11.606	-33.3
0.16	-7.456	-2.566	-16.7
0.17	-7.458	11.463	-21.3
0.18	-7.461	27.495	-8.7
0.19	-7.466	41.166	39.5
0.2	-7.472	48.822	57.6
0.21	-7.479	50.572	58.1
0.22	-7.487	47.795	105.5
0.23	-7.494	40.197	146.8
0.24	-7.501	29.391	159.9
0.25	-7.505	18.109	164.3
0.26	-7.511	7.570	144.9
0.27	-7.518	-1.506	96.8
0.28	-7.526	-8.528	39.2
0.29	-7.536	-13.428	12.7
0.3	-7.547	-16.614	-22.6
0.31	-7.560	-18.517	-89.0
0.32	-7.581	-19.597	-130.2
0.33	-7.609	-20.458	-146.1
0.34	-7.644	-21.463	-142.3
0.35	-7.684	-22.767	-134.3
0.36	-7.732	-24.717	-125.7
0.37	-7.787	-27.389	-126.3
0.38	-7.850	-30.097	-151.3
0.39	-7.918	-31.955	-152.2
0.4	-7.987	-32.605	-127.0
0.41	-8.058	-31.967	-114.8
0.42	-8.126	-29.870	-125.4
0.43	-8.195	-26.614	-112.3
0.44	-8.265	-23.023	-76.2
0.45	-8.335	-19.588	-96.9
0.46	-8.402	-16.384	-139.6
0.47	-8.464	-13.694	-106.0
0.48	-8.518	-11.761	-51.3
0.49	-8.569	-10.436	-78.9
0.5	-8.619	-9.703	-112.2
0.51	-8.670	-9.933	-82.5
0.52	-8.726	-11.155	-79.8
0.53	-8.787	-12.859	-92.5
0.54	-8.853	-14.656	-67.8
0.55	-8.916	-16.488	-51.3
0.56	-8.974	-18.300	-69.3
0.57	-9.027	-19.925	-92.1
0.58	-9.078	-21.258	-83.0
0.59	-9.124	-22.186	-60.5
0.6	-9.169	-22.736	-57.2
0.61	-9.211	-23.289	-63.3
0.62	-9.251	-23.891	-54.5
0.63	-9.287	-24.030	-66.5
0.64	-9.323	-23.692	-70.9
0.65	-9.356	-23.508	-34.3
0.66	-9.388	-23.652	-36.2
0.67	-9.418	-23.503	-17.9
0.68	-9.447	-22.731	44.6
0.69	-9.477	-21.853	53.3
0.7	-9.506	-21.323	-7.2
0.71	-9.533	-20.786	-79.3
0.72	-9.561	-19.852	-73.0
0.73	-9.589	-18.747	-35.3
0.74	-9.617	-17.667	-47.2
0.75	-9.644	-16.580	-66.7
0.76	-9.671	-15.731	-30.7
0.77	-9.694	-15.375	50.7
0.78	-9.717	-15.188	217.0
0.79	-9.739	-14.883	508.9
0.8	-9.762	-14.788	605.0
0.81	-9.779	-15.109	311.7
0.82	-9.797	-15.469	8.6
0.83	-9.820	-15.688	-86.6
0.84	-9.842	-16.183	-76.8
0.85	-9.863	-17.034	-38.0
0.86	-9.880	-17.578	-33.6
0.87	-9.897	-17.380	-37.1
0.88	-9.916	-16.778	-27.3
0.89	-9.933	-16.281	-26.0
0.9	-9.949	-15.597	-25.6
0.91	-9.966	-12.806	-18.1
0.92	-9.984	-5.464	9.8
0.93	-10.000	6.859	43.7
0.94	-10.014	21.891	66.1
0.95	-10.029	36.202	71.9
0.96	-10.046	46.219	82.3
0.97	-10.064	50.170	126.3
0.98	-10.086	48.698	172.4
0.99	-10.109	41.992	182.8
1.0	-10.132	31.150	164.2
1.01	-10.151	19.156	160.2
1.02	-10.165	8.194	182.5
1.03	-10.178	-0.853	163.3
1.04	-10.192	-7.970	82.8
1.05	-10.206	-13.436	1.1
1.06	-10.219	-17.262	-32.6
1.07	-10.231	-19.394	-33.1
1.08	-10.245	-20.241	-50.1
1.09	-10.259	-20.600	-78.1
1.1	-10.271	-21.077	-111.3
1.11	-10.279	-21.836	-125.8
1.12	-10.286	-23.094	-92.8
1.13	-10.293	-25.183	-74.8
1.14	-10.299	-27.867	-93.2
1.15	-10.304	-30.238	-104.2
1.16	-10.308	-31.195	-89.8
1.17	-10.313	-30.205	-71.0
1.18	-10.315	-27.713	-63.4
1.19	-10.317	-24.366	-75.3
1.2	-10.316	-20.406	-78.1
1.21	-10.313	-16.297	-42.7
1.22	-10.307	-12.764	-43.3
1.23	-10.299	-10.005	-78.0
1.24	-10.290	-7.872	-72.4
1.25	-10.279	-6.720	-47.3
1.26	-10.268	-6.944	-68.8
1.27	-10.258	-8.092	-86.6
1.28	-10.249	-9.497	-47.8
1.29	-10.240	-11.297	-34.7
1.3	-10.230	-13.850	-46.8
1.31	-10.214	-16.489	-55.1
1.32	-10.191	-18.248	-56.7
1.33	-10.161	-19.238	-38.2
1.34	-10.128	-20.267	-15.7
1.35	-10.093	-21.511	-21.7
1.36	-10.058	-22.331	-7.1
1.37	-10.021	-22.414	46.8
1.38	-9.986	-22.213	24.8
1.39	-9.950	-22.144	-36.4
1.4	-9.914	-22.008	-71.8
1.41	-9.876	-21.480	-84.0
1.42	-9.836	-20.819	-47.1
1.43	-9.797	-20.402	-29.8
1.44	-9.757	-20.102	-32.5
1.45	-9.708	-19.827	-19.3
1.46	-9.649	-19.745	35.8
1.47	-9.588	-19.625	252.8
1.48	-9.529	-19.119	516.0
1.49	-9.472	-18.509	474.6
1.5	-9.410	-18.289	162.0
1.51	-9.346	-18.363	-49.6
1.52	-9.283	-18.313	-81.2
1.53	-9.219	-18.098	-64.0
1.54	-9.153	-17.914	-62.3
1.55	-9.086	-17.663	-85.3
1.56	-9.020	-17.164	-73.4
1.57	-8.956	-16.466	-30.6
1.58	-8.894	-15.498	-9.4
1.59	-8.832	-13.603	-20.7
1.6	-8.773	-9.425	-41.5
1.61	-8.717	-1.483	-32.4
1.62	-8.666	10.395	-5.6
1.63	-8.616	24.211	30.0
1.64	-8.568	36.595	70.8
1.65	-8.521	44.166	104.8
1.66	-8.476	45.105	108.0
1.67	-8.432	40.039	105.4
1.68	-8.387	30.973	126.4
1.69	-8.341	19.856	133.7
1.7	-8.300	8.486	123.9
1.71	-8.262	-1.305	105.1
1.72	-8.226	-8.738	80.9
1.73	-8.190	-14.336	46.9
1.74	-8.156	-18.444	-32.0
1.75	-8.122	-20.770	-91.7
1.76	-8.090	-21.486	-94.5
1.77	-8.060	-21.717	-112.8
1.78	-8.033	-22.252	-146.2
1.79	-8.004	-22.883	-153.4
1.8	-7.977	-23.639	-133.2
1.81	-7.951	-25.128	-115.3
1.82	-7.924	-27.533	-145.7
1.83	-7.896	-29.905	-180.6
1.84	-7.869	-31.133	-143.8
1.85	-7.845	-31.036	-102.3
1.86	-7.823	-29.759	-110.8
1.87	-7.802	-27.447	-142.2
1.88	-7.781	-24.453	-139.8
1.89	-7.761	-21.141	-107.8
1.9	-7.743	-17.816	-96.2
1.91	-7.726	-14.883	-98.0
1.92	-7.711	-12.666	-114.2
1.93	-7.695	-11.206	-133.8
1.94	-7.680	-10.633	-116.3
1.95	-7.665	-11.050	-102.7
1.96	-7.650	-12.023	-115.9
1.97	-7.636	-13.108	-94.4
1.98	-7.626	-14.388	-79.8
1.99	-7.615	-15.927	-112.1
2.0	-7.603	-17.439	-134.2
2.01	-7.589	-18.797	-120.0
2.02	-7.578	-20.155	-86.6
2.03	-7.568	-21.413	-76.7
2.04	-7.561	-22.147	-98.1
2.05	-7.554	-22.303	-100.4
2.06	-7.548	-22.316	-80.2
2.07	-7.541	-22.320	-77.4
2.08	-7.534	-22.013	-88.0
2.09	-7.529	-21.475	-57.4
2.1	-7.524	-21.122	1.8
2.11	-7.519	-20.894	17.6
2.12	-7.513	-20.428	-27.8
2.13	-7.508	-19.814	-87.1
2.14	-7.503	-19.367	-104.4
2.15	-7.499	-18.970	-120.0
2.16	-7.498	-18.394	-126.7
2.17	-7.498	-17.788	-81.2
2.18	-7.497	-17.503	-36.6
2.19	-7.492	-17.528	32.9
2.2	-7.487	-17.405	235.9
2.21	-7.487	-16.997	531.9
2.22	-7.490	-16.637	591.0
2.23	-7.491	-16.456	248.0
2.24	-7.493	-16.405	-64.1
2.25	-7.495	-16.530	-94.2
2.26	-7.495	-16.780	-72.5
2.27	-7.489	-16.998	-75.9
2.28	-7.484	-17.033	-73.2
2.29	-7.480	-16.778	-79.2
2.3	-7.478	-16.206	-80.7
2.31	-7.474	-15.320	-67.4
2.32	-7.469	-13.511	-53.8
2.33	-7.468	-8.791	-37.7
2.34	-7.468	0.500	-6.8
2.35	-7.468	13.000	20.8
2.36	-7.469	25.205	29.0
2.37	-7.471	34.306	4.5
2.38	-7.472	38.777	39.6
2.39	-7.472	37.739	129.7
2.4	-7.472	31.459	131.0
2.41	-7.471	21.877	123.2
2.42	-7.470	11.513	156.8
2.43	-7.469	2.019	174.6
2.44	-7.469	-5.963	165.5
2.45	-7.471	-12.138	93.5
2.46	-7.474	-16.439	13.1
2.47	-7.478	-19.203	-28.4
2.48	-7.479	-20.814	-69.5
2.49	-7.482	-21.325	-111.6
2.5	-7.489	-20.970	-117.9
2.51	-7.498	-20.548	-123.1
2.52	-7.506	-20.692	-160.9
2.53	-7.510	-21.402	-167.2
2.54	-7.513	-22.591	-124.5
2.55	-7.514	-24.205	-91.8
2.56	-7.514	-25.859	-88.8
2.57	-7.512	-27.114	-115.3
2.58	-7.510	-27.570	-158.1
2.59	-7.511	-26.788	-149.6
2.6	-7.517	-24.878	-100.3
2.61	-7.528	-22.461	-80.9
2.62	-7.546	-19.933	-94.7
2.63	-7.572	-17.236	-116.5
2.64	-7.612	-14.398	-112.8
2.65	-7.668	-11.881	-106.2
2.66	-7.744	-10.144	-108.6
2.67	-7.836	-9.241	-93.6
2.68	-7.936	-8.950	-80.5
2.69	-8.035	-9.205	-73.8
2.7	-8.129	-10.114	-77.7
2.71	-8.215	-11.570	-93.9
2.72	-8.296	-13.180	-106.3
2.73	-8.370	-14.675	-99.9
2.74	-8.436	-16.091	-88.3
2.75	-8.494	-17.406	-76.3
2.76	-8.549	-18.419	-67.4
2.77	-8.604	-19.081	-78.5
2.78	-8.659	-19.595	-86.1
2.79	-8.715	-20.119	-78.8
2.8	-8.769	-20.648	-79.9
2.81	-8.822	-20.998	-73.2
2.82	-8.873	-20.980	-41.1
2.83	-8.921	-20.713	-25.5
2.84	-8.967	-20.398	-41.5
2.85	-9.011	-19.953	-52.1
2.86	-9.051	-19.116	-16.1
2.87	-9.087	-17.903	40.4
2.88	-9.120	-16.661	65.1
2.89	-9.152	-15.583	22.8
2.9	-9.183	-14.548	-33.3
2.91	-9.214	-13.647	-25.0
2.92	-9.246	-13.130	-23.0
2.93	-9.279	-12.975	-36.1
2.94	-9.314	-13.027	-38.6
2.95	-9.346	-13.211	-25.6
2.96	-9.374	-13.506	64.0
2.97	-9.400	-13.761	280.9
2.98	-9.426	-13.759	576.3
2.99	-9.451	-13.425	620.1
3.0	-9.477	-13.020	288.4
3.01	-9.505	-12.986	-2.2
3.02	-9.533	-13.389	-69.4
3.03	-9.558	-13.914	-46.8
3.04	-9.580	-14.300	-8.4
3.05	-9.603	-14.516	-14.5
3.06	-9.626	-14.648	-43.4
3.07	-9.648	-14.698	-44.7
3.08	-9.669	-14.545	-31.8
3.09	-9.690	-13.563	-8.7
3.1	-9.710	-10.166	13.8
3.11	-9.729	-2.741	22.0
3.12	-9.747	8.473	35.7
3.13	-9.766	21.064	49.5
3.14	-9.785	31.956	67.0
3.15	-9.805	38.825	107.5
3.16	-9.825	40.297	154.8
3.17	-9.847	36.133	176.4
3.18	-9.871	27.736	173.9
3.19	-9.895	17.519	170.7
3.2	-9.918	7.522	173.2
3.21	-9.936	-1.209	168.3
3.22	-9.956	-8.345	132.7
3.23	-9.978	-13.739	46.1
3.24	-10.000	-17.170	-5.8
3.25	-10.021	-18.797	-3.9
3.26	-10.042	-19.342	-27.9
3.27	-10.061	-19.420	-61.8
3.28	-10.078	-19.202	-99.2
3.29	-10.090	-18.913	-109.5
3.3	-10.101	-19.120	-100.8
3.31	-10.114	-20.150	-104.3
3.32	-10.125	-21.720	-99.1
3.33	-10.133	-23.253	-86.0
3.34	-10.138	-24.119	-81.6
3.35	-10.143	-23.914	-83.7
3.36	-10.147	-22.675	-70.0
3.37	-10.149	-20.534	-60.7
3.38	-10.150	-17.491	-59.7
3.39	-10.148	-13.988	-53.3
3.4	-10.143	-10.806	-57.1
3.41	-10.136	-8.183	-76.8
3.42	-10.128	-6.127	-72.3
3.43	-10.115	-4.856	-38.5
3.44	-10.098	-4.369	-27.4
3.45	-10.074	-4.539	-39.6
3.46	-10.047	-5.477	-45.6
3.47	-10.017	-7.227	-58.0
3.48	-9.984	-9.456	-64.3
3.49	-9.953	-11.514	-37.3
3.5	-9.925	-12.984	-23.8
3.51	-9.901	-14.123	-40.9
3.52	-9.877	-15.263	-56.1
3.53	-9.850	-16.239	-69.6
3.54	-9.820	-16.844	-56.8
3.55	-9.788	-17.188	-1.7
3.56	-9.756	-17.347	25.5
3.57	-9.723	-17.338	4.1
3.58	-9.689	-17.397	23.2
3.59	-9.652	-17.598	31.1
3.6	-9.616	-17.588	-19.8
3.61	-9.577	-17.155	-18.2
3.62	-9.536	-16.580	-8.4
3.63	-9.492	-16.153	-56.8
3.64	-9.449	-15.889	-100.1
3.65	-9.406	-15.680	-81.1
3.66	-9.359	-15.458	-10.9
3.67	-9.306	-15.236	68.7
3.68	-9.251	-15.044	249.8
3.69	-9.200	-14.847	506.5
3.7	-9.155	-14.583	511.3
3.71	-9.112	-14.342	215.5
3.72	-9.071	-14.280	-10.0
3.73	-9.033	-14.352	-67.0
3.74	-8.992	-14.472	-78.9
3.75	-8.947	-14.598	-50.5
3.76	-8.898	-14.520	-35.7
3.77	-8.846	-14.027	-60.4
3.78	-8.793	-13.248	-68.4
3.79	-8.738	-12.442	-63.4
3.8	-8.683	-11.181	-34.4
3.81	-8.628	-8.055	-6.7
3.82	-8.574	-1.678	10.9
3.83	-8.523	8.119	31.1
3.84	-8.476	20.050	9.3
3.85	-8.433	31.598	30.5
3.86	-8.392	39.702	100.5
3.87	-8.353	42.309	103.3
3.88	-8.315	39.442	91.0
3.89	-8.281	32.513	139.5
3.9	-8.250	23.394	175.0
3.91	-8.221	13.891	151.5
3.92	-8.191	5.244	109.2
3.93	-8.163	-1.861	81.3
3.94	-8.137	-7.223	47.2
3.95	-8.113	-11.130	-5.9
3.96	-8.088	-13.788	-67.8
3.97	-8.064	-15.159	-118.9
3.98	-8.042	-15.584	-114.9
3.99	-8.021	-15.859	-111.1
4.0	-7.999	-16.436	-147.5
4.01	-7.975	-17.202	-142.8
4.02	-7.953	-18.222	-116.9
4.03	-7.933	-19.864	-113.2
4.04	-7.912	-22.066	-126.3
4.05	-7.891	-24.142	-152.6
4.06	-7.870	-25.202	-132.5
4.07	-7.851	-24.755	-105.1
4.08	-7.834	-23.152	-104.6
4.09	-7.819	-21.000	-106.7
4.1	-7.805	-18.334	-131.6
4.11	-7.791	-15.203	-117.7
4.12	-7.778	-12.228	-77.1
4.13	-7.765	-9.839	-91.1
4.14	-7.753	-8.063	-117.6
4.15	-7.741	-7.034	-103.9
4.16	-7.729	-6.873	-83.8
4.17	-7.718	-7.306	-98.1
4.18	-7.707	-8.092	-105.6
4.19	-7.693	-9.338	-81.7
4.2	-7.680	-10.986	-80.7
4.21	-7.668	-12.695	-102.7
4.22	-7.656	-14.202	-100.2
4.23	-7.647	-15.491	-85.8
4.24	-7.639	-16.727	-72.8
4.25	-7.631	-17.830	-79.7
4.26	-7.622	-18.494	-91.8
4.27	-7.614	-18.827	-66.4
4.28	-7.608	-19.175	-38.3
4.29	-7.602	-19.388	-55.2
4.3	-7.596	-19.134	-74.6
4.31	-7.592	-18.602	-24.7
4.32	-7.588	-18.167	13.9
4.33	-7.583	-17.883	-10.8
4.34	-7.578	-17.597	-24.8
4.35	-7.573	-17.170	-53.1
4.36	-7.569	-16.619	-83.7
4.37	-7.567	-16.166	-67.9
4.38	-7.566	-15.945	-69.8
4.39	-7.563	-15.786	-110.1
4.4	-7.561	-15.477	-71.2
4.41	-7.554	-15.197	55.8
4.42	-7.548	-15.188	240.8
4.43	-7.546	-15.203	507.8
4.44	-7.548	-14.986	576.2
4.45	-7.549	-14.725	307.0
4.46	-7.551	-14.628	27.5
4.47	-7.554	-14.636	-94.1
4.48	-7.554	-14.697	-118.8
4.49	-7.549	-14.913	-93.2
4.5	-7.541	-15.223	-78.5
4.51	-7.534	-15.150	-71.7
4.52	-7.529	-14.302	-54.0
4.53	-7.526	-12.934	-29.6
4.54	-7.524	-10.997	-41.0
4.55	-7.523	-6.828	-86.6
4.56	-7.522	1.527	-64.4
4.57	-7.521	13.714	24.1
4.58	-7.521	26.772	71.7
4.59	-7.519	37.227	68.3
4.6	-7.518	43.155	65.0
4.61	-7.516	44.211	66.8
4.62	-7.515	40.736	116.6
4.63	-7.514	33.672	150.4
4.64	-7.514	24.680	137.6
4.65	-7.514	15.586	164.8
4.66	-7.514	7.434	179.9
4.67	-7.516	0.494	124.9
4.68	-7.518	-4.956	34.0
4.69	-7.519	-8.723	-35.8
4.7	-7.520	-11.086	-55.4
4.71	-7.523	-12.489	-93.7
4.72	-7.530	-13.291	-142.8
4.73	-7.540	-13.769	-137.5
4.74	-7.549	-14.252	-123.6
4.75	-7.555	-15.123	-127.4
4.76	-7.560	-16.608	-136.3
4.77	-7.564	-18.652	-129.2
4.78	-7.567	-21.003	-119.3
4.79	-7.571	-23.197	-119.0
4.8	-7.576	-24.478	-124.9
4.81	-7.585	-24.267	-133.3
4.82	-7.601	-22.716	-112.6
4.83	-7.624	-20.461	-99.2
4.84	-7.657	-17.895	-117.8
4.85	-7.697	-15.069	-125.7
4.86	-7.745	-12.288	-100.2
4.87	-7.800	-9.989	-84.9
4.88	-7.860	-8.219	-109.7
4.89	-7.922	-6.983	-96.7
4.9	-7.984	-6.411	-66.1
4.91	-8.043	-6.398	-97.7
4.92	-8.098	-6.872	-118.8
4.93	-8.148	-7.978	-90.2
4.94	-8.197	-9.619	-75.5
4.95	-8.243	-11.394	-91.0
4.96	-8.288	-13.089	-95.0
4.97	-8.331	-14.677	-79.4
4.98	-8.375	-16.169	-77.0
4.99	-8.419	-17.567	-83.9
5.0	-8.463	-18.691	-93.5
5.01	-8.508	-19.267	-98.4
5.02	-8.555	-19.369	-62.7
5.03	-8.606	-19.391	-51.5
5.04	-8.660	-19.569	-86.0
5.05	-8.719	-19.658	-86.1
5.06	-8.781	-19.270	-47.7
5.07	-8.841	-18.553	5.3
5.08	-8.898	-18.053	12.5
5.09	-8.950	-17.936	-3.3
5.1	-8.996	-17.770	10.6
5.11	-9.037	-17.219	-0.5
5.12	-9.077	-16.525	-8.3
5.13	-9.115	-16.080	-23.9
5.14	-9.154	-15.867	-95.2
5.15	-9.192	-15.703	-105.2
5.16	-9.231	-15.511	-33.3
5.17	-9.268	-15.344	11.3
5.18	-9.301	-15.367	46.0
5.19	-9.331	-15.489	209.5
5.2	-9.363	-15.350	505.4
5.21	-9.393	-14.998	607.6
5.22	-9.422	-14.869	340.5
5.23	-9.453	-14.955	35.0
5.24	-9.484	-14.891	-53.4
5.25	-9.512	-14.742	-44.5
5.26	-9.539	-14.778	-45.2
5.27	-9.566	-14.770	-58.0
5.28	-9.594	-14.375	-67.7
5.29	-9.621	-13.719	-48.3
5.3	-9.648	-12.972	-19.3
5.31	-9.675	-11.730	-2.7
5.32	-9.701	-8.681	17.2
5.33	-9.725	-1.938	21.0
5.34	-9.751	9.259	11.4
5.35	-9.774	23.008	34.3
5.36	-9.793	36.064	91.7
5.37	-9.810	45.591	138.3
5.38	-9.828	50.084	145.2
5.39	-9.845	50.409	141.6
5.4	-9.862	46.939	156.6
5.41	-9.880	39.227	191.3
5.42	-9.900	28.969	216.9
5.43	-9.921	18.241	203.5
5.44	-9.943	8.273	144.8
5.45	-9.961	0.034	79.8
5.46	-9.979	-6.155	34.0
5.47	-9.995	-10.580	-17.4
5.48	-10.015	-13.422	-62.7
5.49	-10.036	-14.678	-82.1
5.5	-10.057	-14.780	-66.3
5.51	-10.074	-14.506	-59.5
5.52	-10.089	-14.498	-86.5
5.53	-10.103	-15.313	-127.1
5.54	-10.114	-17.275	-136.6
5.55	-10.123	-19.978	-85.6
5.56	-10.132	-22.663	-51.1
5.57	-10.141	-24.766	-49.6
5.58	-10.151	-25.380	-73.0
5.59	-10.162	-23.794	-92.5
5.6	-10.172	-21.092	-79.0
5.61	-10.182	-18.320	-72.0
5.62	-10.191	-14.838	-67.3
5.63	-10.199	-10.733	-43.8
5.64	-10.208	-7.222	-21.7
5.65	-10.213	-4.589	-41.4
5.66	-10.217	-2.634	-92.6
5.67	-10.221	-1.731	-88.0
5.68	-10.224	-2.003	-52.3
5.69	-10.224	-3.134	-34.6
5.7	-10.223	-4.830	-13.6
5.71	-10.219	-6.842	-23.5
5.72	-10.215	-9.053	-64.1
5.73	-10.210	-11.230	-93.5
5.74	-10.206	-13.209	-73.3
5.75	-10.200	-15.058	-21.3
5.76	-10.193	-16.572	1.3
5.77	-10.183	-17.528	-7.3
5.78	-10.171	-18.169	-18.3
5.79	-10.158	-18.634	19.1
5.8	-10.148	-18.659	41.8
5.81	-10.139	-18.231	0.7
5.82	-10.131	-17.870	-32.3
5.83	-10.121	-17.798	-60.1
5.84	-10.107	-17.556	-79.0
5.85	-10.090	-16.939	-64.4
5.86	-10.072	-16.334	-25.4
5.87	-10.051	-15.909	-11.0
5.88	-10.023	-15.494	9.1
5.89	-9.992	-15.005	167.2
5.9	-9.971	-14.425	426.1
5.91	-9.957	-13.919	520.4
5.92	-9.948	-13.892	301.7
5.93	-9.940	-14.350	33.5
5.94	-9.934	-14.809	-56.0
5.95	-9.926	-15.030	-56.6
5.96	-9.909	-15.202	-61.6
5.97	-9.880	-15.366	-75.3
5.98	-9.848	-15.167	-90.2
5.99	-9.819	-14.422	-70.8
6.0	-9.795	-13.431	-12.9
6.01	-9.771	-12.331	9.8
6.02	-9.748	-10.095	-11.8
6.03	-9.725	-4.648	-16.0
6.04	-9.699	5.350	1.4
6.05	-9.666	18.980	18.4
6.06	-9.623	33.509	46.8
6.07	-9.571	44.847	78.4
6.08	-9.514	50.088	109.2
6.09	-9.457	51.069	119.7
6.1	-9.402	50.233	132.8
6.11	-9.346	45.855	156.3
6.12	-9.290	36.745	133.0
6.13	-9.232	25.597	108.8
6.14	-9.175	15.048	118.0
6.15	-9.118	5.841	90.5
6.16	-9.063	-1.772	-15.1
6.17	-9.010	-7.497	-98.3
6.18	-8.959	-11.167	-88.2
6.19	-8.910	-13.130	-74.3
6.2	-8.861	-14.238	-97.4
6.21	-8.808	-15.138	-100.7
6.22	-8.751	-16.055	-106.1
6.23	-8.690	-17.448	-129.2
6.24	-8.629	-19.909	-122.0
6.25	-8.571	-23.288	-103.7
6.26	-8.515	-26.684	-95.9
6.27	-8.460	-29.264	-102.7
6.28	-8.408	-30.723	-109.6
6.29	-8.358	-30.691	-103.3
6.3	-8.314	-28.670	-103.8
6.31	-8.269	-25.006	-92.5
6.32	-8.224	-20.791	-83.2
6.33	-8.183	-16.520	-110.9
6.34	-8.143	-11.952	-111.5
6.35	-8.104	-7.513	-64.2
6.36	-8.064	-4.433	-56.0
6.37	-8.026	-3.098	-88.4
6.38	-7.990	-2.761	-105.8
6.39	-7.954	-3.155	-107.3
6.4	-7.918	-4.655	-82.4
6.41	-7.884	-7.117	-71.9
6.42	-7.853	-9.886	-83.1
6.43	-7.824	-12.573	-83.7
6.44	-7.798	-15.172	-95.2
6.45	-7.773	-17.634	-92.5
6.46	-7.748	-19.631	-78.8
6.47	-7.724	-20.878	-68.2
6.48	-7.702	-21.661	-47.3
6.49	-7.682	-22.327	-31.6
6.5	-7.663	-22.623	-15.6
6.51	-7.645	-22.330	5.8
6.52	-7.630	-21.839	-10.5
6.53	-7.616	-21.488	-58.1
6.54	-7.601	-21.002	-98.8
6.55	-7.589	-20.195	-110.4
6.56	-7.578	-19.486	-99.3
6.57	-7.568	-19.109	-93.0
6.58	-7.558	-18.828	-61.1
6.59	-7.546	-18.514	23.9
6.6	-7.532	-18.092	204.7
6.61	-7.523	-17.511	482.7
6.62	-7.519	-17.055	576.1
6.63	-7.513	-16.959	290.5
6.64	-7.506	-17.038	-24.7
6.65	-7.501	-17.105	-90.5
6.66	-7.494	-17.302	-70.1
6.67	-7.484	-17.645	-71.7
6.68	-7.474	-17.653	-94.9
6.69	-7.466	-17.045	-99.7
6.7	-7.461	-16.181	-74.7
6.71	-7.454	-15.166	-70.0
6.72	-7.447	-13.245	-59.6
6.73	-7.439	-8.897	-32.6
6.74	-7.433	-0.467	-14.3
6.75	-7.428	12.348	-9.1
6.76	-7.425	27.709	8.4
6.77	-7.422	41.469	56.3
6.78	-7.418	49.105	83.2
6.79	-7.414	51.028	71.1
6.8	-7.410	50.988	80.5
6.81	-7.407	49.172	121.2
6.82	-7.404	42.963	163.7
6.83	-7.402	32.539	173.8
6.84	-7.400	20.764	109.9
6.85	-7.399	10.048	51.3
6.86	-7.399	1.781	63.8
6.87	-7.401	-4.280	34.4
6.88	-7.402	-9.219	-46.9
6.89	-7.405	-13.064	-138.6
6.9	-7.409	-15.331	-165.9
6.91	-7.414	-16.505	-114.2
6.92	-7.417	-17.595	-102.0
6.93	-7.418	-19.136	-135.8
6.94	-7.418	-21.181	-148.0
6.95	-7.418	-23.773	-124.3
6.96	-7.418	-26.744	-123.3
6.97	-7.416	-29.475	-134.3
6.98	-7.416	-31.339	-127.9
6.99	-7.418	-31.858	-120.5
7.0	-7.420	-30.672	-126.4
7.01	-7.423	-28.050	-114.1
7.02	-7.428	-24.894	-83.9
7.03	-7.431	-21.748	-111.0
7.04	-7.434	-18.330	-136.0
7.05	-7.436	-14.555	-104.8
7.06	-7.438	-11.244	-72.3
7.07	-7.439	-9.123	-68.4
7.08	-7.440	-8.011	-107.4
7.09	-7.441	-7.456	-118.5
7.1	-7.442	-7.613	-82.8
7.11	-7.442	-8.822	-71.9
7.12	-7.443	-10.658	-97.8
7.13	-7.444	-12.383	-113.8
7.14	-7.447	-14.041	-87.7
7.15	-7.449	-16.056	-73.4
7.16	-7.453	-18.234	-88.3
7.17	-7.456	-19.977	-86.6
7.18	-7.461	-21.072	-74.5
7.19	-7.465	-21.802	-63.3
7.2	-7.470	-22.445	-83.6
7.21	-7.476	-22.820	-93.8
7.22	-7.482	-22.667	-80.3
7.23	-7.489	-22.316	-71.5
7.24	-7.498	-22.202	-44.1
7.25	-7.509	-22.197	-56.8
7.26	-7.526	-21.997	-69.5
7.27	-7.548	-21.586	-28.9
7.28	-7.579	-21.106	9.2
7.29	-7.618	-20.678	30.2
7.3	-7.665	-20.263	-1.8
7.31	-7.718	-19.656	-68.1
7.32	-7.776	-18.786	-77.9
7.33	-7.838	-17.956	-65.4
7.34	-7.909	-17.484	-81.2
7.35	-7.987	-17.209	-90.2
7.36	-8.069	-16.798	-52.9
7.37	-8.145	-16.313	28.5
7.38	-8.214	-16.080	166.3
7.39	-8.277	-16.089	434.8
7.4	-8.338	-16.053	636.7
7.41	-8.394	-15.984	438.6
7.42	-8.446	-16.139	101.8
7.43	-8.496	-16.609	-30.3
7.44	-8.547	-17.181	-91.4
7.45	-8.598	-17.677	-113.3
7.46	-8.648	-18.122	-86.4
7.47	-8.699	-18.459	-77.0
7.48	-8.754	-18.394	-61.5
7.49	-8.808	-17.813	-39.9
7.5	-8.859	-16.519	-31.7
7.51	-8.910	-13.077	-21.4
7.52	-8.959	-5.211	2.8
7.53	-9.004	7.958	17.4
7.54	-9.047	24.616	27.8
7.55	-9.088	40.025	59.4
7.56	-9.127	48.766	100.5
7.57	-9.165	51.014	127.1
7.58	-9.203	51.127	133.0
7.59	-9.239	50.991	151.1
7.6	-9.277	48.891	176.8
7.61	-9.316	41.517	179.2
7.62	-9.354	29.467	173.7
7.63	-9.393	16.877	155.9
7.64	-9.432	6.050	116.5
7.65	-9.467	-2.634	72.1
7.66	-9.504	-9.113	10.3
7.67	-9.540	-13.469	-74.3
7.68	-9.576	-16.180	-104.6
7.69	-9.610	-17.713	-79.7
7.7	-9.643	-18.295	-86.2
7.71	-9.674	-18.609	-98.2
7.72	-9.705	-19.844	-75.8
7.73	-9.734	-22.327	-98.5
7.74	-9.759	-25.373	-104.5
7.75	-9.784	-28.509	-72.6
7.76	-9.811	-31.002	-86.4
7.77	-9.839	-31.528	-92.3
7.78	-9.867	-29.858	-69.6
7.79	-9.898	-27.088	-63.2
7.8	-9.931	-23.656	-91.7
7.81	-9.963	-19.200	-86.1
7.82	-9.991	-14.356	-39.1
7.83	-10.017	-10.275	-32.0
7.84	-10.045	-7.070	-60.0
7.85	-10.071	-4.513	-66.8
7.86	-10.096	-2.930	-54.7
7.87	-10.118	-2.563	-57.3
7.88	-10.137	-3.188	-57.5
7.89	-10.154	-4.558	-46.7
7.9	-10.174	-6.553	-58.6
7.91	-10.194	-9.078	-54.1
7.92	-10.214	-11.898	-23.8
7.93	-10.234	-14.477	-40.5
7.94	-10.256	-16.422	-57.0
7.95	-10.279	-17.930	-24.6
7.96	-10.303	-19.284	-8.5
7.97	-10.324	-20.388	-13.9
7.98	-10.341	-21.203	14.8
7.99	-10.356	-21.813	40.5
8.0	-10.372	-22.048	23.0
8.01	-10.388	-21.764	-5.8
8.02	-10.404	-21.161	-46.6
8.03	-10.419	-20.481	-78.8
8.04	-10.434	-19.814	-74.6
8.05	-10.447	-19.188	-59.4
8.06	-10.459	-18.553	-21.7
8.07	-10.466	-17.845	46.4
8.08	-10.469	-17.016	152.9
8.09	-10.474	-16.172	357.5
8.1	-10.481	-15.483	518.9
8.11	-10.483	-14.972	362.7
8.12	-10.482	-14.694	77.0
8.13	-10.483	-14.780	-30.4
8.14	-10.486	-15.072	-53.5
8.15	-10.484	-15.234	-55.2
8.16	-10.476	-15.303	-44.8
8.17	-10.463	-15.325	-41.4
8.18	-10.454	-14.931	-37.2
8.19	-10.447	-13.923	-15.5
8.2	-10.436	-12.703	3.6
8.21	-10.418	-11.063	-4.9
8.22	-10.399	-6.945	0.2
8.23	-10.379	2.078	4.9
8.24	-10.354	16.262	36.3
8.25	-10.320	32.691	82.3
8.26	-10.279	45.317	81.4
8.27	-10.233	50.427	83.9
8.28	-10.191	51.128	133.5
8.29	-10.156	51.128	176.0
8.3	-10.128	50.695	164.3
8.31	-10.099	47.059	122.7
8.32	-10.068	37.336	125.2
8.33	-10.033	23.998	144.9
8.34	-9.992	11.481	87.5
8.35	-9.946	1.344	10.6
8.36	-9.896	-6.488	-26.5
8.37	-9.843	-12.414	-68.5
8.38	-9.796	-16.666	-116.1
8.39	-9.754	-19.306	-107.8
8.4	-9.713	-20.850	-81.3
8.41	-9.668	-22.164	-97.5
8.42	-9.622	-23.673	-123.1
8.43	-9.579	-25.663	-117.6
8.44	-9.537	-28.481	-95.9
8.45	-9.498	-31.872	-117.2
8.46	-9.459	-34.897	-122.3
8.47	-9.419	-36.375	-105.3
8.48	-9.379	-35.445	-109.5
8.49	-9.337	-32.498	-93.2
8.5	-9.294	-28.361	-85.1
8.51	-9.251	-23.303	-86.5
8.52	-9.208	-17.788	-104.3
8.53	-9.164	-12.472	-118.1
8.54	-9.121	-7.791	-72.8
8.55	-9.077	-4.086	-59.7
8.56	-9.033	-1.794	-100.0
8.57	-8.986	-1.234	-98.2
8.58	-8.937	-2.258	-67.4
8.59	-8.888	-4.428	-60.6
8.6	-8.839	-7.442	-71.4
8.61	-8.791	-10.980	-72.8
8.62	-8.744	-14.420	-58.9
8.63	-8.698	-17.262	-53.7
8.64	-8.656	-19.536	-58.3
8.65	-8.614	-21.303	-48.6
8.66	-8.572	-22.272	-9.3
8.67	-8.533	-22.397	7.3
8.68	-8.497	-22.192	-30.6
8.69	-8.463	-21.906	-75.9
8.7	-8.428	-21.473	-115.8
8.71	-8.396	-21.066	-115.2
8.72	-8.366	-20.866	-95.5
8.73	-8.338	-20.669	-89.7
8.74	-8.308	-20.178	-62.1
8.75	-8.274	-19.669	12.4
8.76	-8.238	-19.445	224.2
8.77	-8.203	-19.144	492.4
8.78	-8.170	-18.519	462.5
8.79	-8.136	-18.113	152.0
8.8	-8.103	-18.302	-72.8
8.81	-8.069	-18.583	-138.3
8.82	-8.039	-18.455	-104.3
8.83	-8.008	-18.375	-53.6
8.84	-7.976	-18.758	-64.3
8.85	-7.944	-18.747	-72.8
8.86	-7.914	-17.730	-64.0
8.87	-7.884	-16.338	-66.9
8.88	-7.853	-14.409	-63.9
8.89	-7.822	-9.914	-56.3
8.9	-7.795	-0.741	-6.2
8.91	-7.771	13.350	43.8
8.92	-7.749	30.084	25.7
8.93	-7.727	43.850	16.1
8.94	-7.706	50.063	51.6
8.95	-7.686	51.108	91.2
8.96	-7.668	51.127	108.0
8.97	-7.650	50.720	121.7
8.98	-7.634	47.272	151.5
8.99	-7.617	37.989	163.8
9.0	-7.599	24.933	125.2
9.01	-7.583	12.148	54.8
9.02	-7.569	1.583	-19.4
9.03	-7.555	-6.316	-55.1
9.04	-7.541	-12.002	-54.7
9.05	-7.528	-16.127	-91.3
9.06	-7.519	-19.181	-132.3
9.07	-7.511	-21.361	-135.4
9.08	-7.501	-22.889	-114.8
9.09	-7.492	-24.563	-101.5
9.1	-7.483	-27.241	-136.8
9.11	-7.475	-30.886	-168.5
9.12	-7.466	-34.531	-144.0
9.13	-7.458	-37.170	-108.2
9.14	-7.451	-38.519	-92.4
9.15	-7.444	-38.444	-109.9
9.16	-7.439	-36.566	-139.5
9.17	-7.436	-33.002	-111.8
9.18	-7.433	-28.558	-72.7
9.19	-7.429	-23.966	-84.9
9.2	-7.426	-19.545	-102.6
9.21	-7.423	-15.403	-104.8
9.22	-7.421	-11.758	-93.3
9.23	-7.418	-9.188	-67.5
9.24	-7.413	-8.037	-79.2
9.25	-7.408	-8.037	-107.9
9.26	-7.403	-8.791	-97.4
9.27	-7.399	-10.108	-83.7
9.28	-7.396	-12.025	-78.8
9.29	-7.394	-14.481	-78.8
9.3	-7.394	-17.052	-108.9
9.31	-7.393	-19.248	-116.1
9.32	-7.391	-20.989	-76.3
9.33	-7.389	-22.533	-54.4
9.34	-7.389	-23.967	-70.4
9.35	-7.389	-24.969	-91.6
9.36	-7.389	-25.255	-86.6
9.37	-7.391	-25.144	-66.1
9.38	-7.392	-25.248	-54.9
9.39	-7.394	-25.475	-53.1
9.4	-7.396	-25.158	-49.0
9.41	-7.399	-24.264	1.2
9.42	-7.402	-23.602	50.8
9.43	-7.404	-23.591	-3.9
9.44	-7.404	-23.427	-88.2
9.45	-7.403	-22.278	-96.7
9.46	-7.402	-20.728	-50.6
9.47	-7.404	-19.838	-30.3
9.48	-7.407	-19.495	-110.1
9.49	-7.412	-18.906	-117.6
9.5	-7.413	-18.017	18.0
9.51	-7.409	-17.505	175.8
9.52	-7.408	-17.716	430.3
9.53	-7.413	-17.970	608.6
9.54	-7.422	-17.641	427.5
9.55	-7.428	-17.236	109.9
9.56	-7.438	-17.512	-39.8
9.57	-7.446	-18.214	-121.6
9.58	-7.449	-18.509	-130.5
9.59	-7.444	-18.241	-64.5
9.6	-7.439	-17.836	-62.3
9.61	-7.438	-17.422	-65.9
9.62	-7.439	-16.623	-58.3
9.63	-7.442	-14.781	-50.7
9.64	-7.453	-10.650	-25.1
9.65	-7.473	-2.066	-20.0
9.66	-7.509	12.372	-13.8
9.67	-7.562	30.339	19.6
9.68	-7.632	44.591	44.1
9.69	-7.716	50.355	57.3
9.7	-7.815	51.128	87.6
9.71	-7.923	51.134	117.6
9.72	-8.034	51.088	145.1
9.73	-8.140	49.783	163.8
9.74	-8.236	43.570	168.7
9.75	-8.317	31.323	173.3
9.76	-8.385	17.150	133.3
9.77	-8.444	4.708	76.5
9.78	-8.499	-5.077	31.6
9.79	-8.551	-12.328	-38.2
9.8	-8.603	-17.134	-81.3
9.81	-8.656	-19.856	-76.4
9.82	-8.707	-21.614	-90.2
9.83	-8.754	-23.395	-118.1
9.84	-8.798	-25.552	-116.4
9.85	-8.841	-28.258	-119.4
9.86	-8.884	-31.564	-130.4
9.87	-8.925	-34.994	-111.4
9.88	-8.964	-37.805	-102.4
9.89	-9.004	-39.356	-99.5
9.9	-9.045	-39.081	-91.6
9.91	-9.087	-36.825	-97.5
9.92	-9.129	-33.005	-85.7
9.93	-9.171	-28.080	-68.7
9.94	-9.210	-22.595	-78.7
9.95	-9.246	-17.405	-75.7
9.96	-9.280	-12.984	-66.3
9.97	-9.311	-9.309	-79.5
9.98	-9.342	-6.641	-76.8
9.99	-9.372	-5.391	-76.8
10.0	-9.402	-5.359	-75.3
10.01	-9.431	-6.081	-47.3
10.02	-9.459	-7.497	-28.5
10.03	-9.486	-9.664	-52.2
10.04	-9.512	-12.247	-105.0
10.05	-9.536	-14.852	-95.6
10.06	-9.561	-17.411	-52.5
10.07	-9.584	-19.816	-46.8
10.08	-9.606	-21.778	-36.0
10.09	-9.628	-23.136	-19.3
10.1	-9.651	-23.875	-25.7
10.11	-9.676	-24.150	-38.3
10.12	-9.699	-24.417	-26.8
10.13	-9.722	-24.781	-2.5
10.14	-9.746	-24.739	27.5
10.15	-9.771	-24.152	43.1
10.16	-9.796	-23.538	14.2
10.17	-9.818	-23.195	-38.8
10.18	-9.838	-22.813	-70.2
10.19	-9.857	-22.128	-58.5
10.2	-9.880	-21.189	-37.7
10.21	-9.905	-20.142	-16.6
10.22	-9.926	-19.225	-2.9
10.23	-9.941	-18.508	59.3
10.24	-9.954	-17.614	301.9
10.25	-9.967	-16.403	578.7
10.26	-9.978	-15.506	510.6
10.27	-9.988	-15.273	152.8
10.28	-9.999	-15.255	-47.3
10.29	-10.013	-15.294	-40.0
10.3	-10.024	-15.631	-20.9
10.31	-10.031	-16.063	-44.2
10.32	-10.037	-16.231	-59.3
10.33	-10.045	-16.136	-38.4
10.34	-10.053	-15.850	-32.2
10.35	-10.058	-15.355	-17.1
10.36	-10.062	-13.981	11.2
10.37	-10.067	-9.692	17.0
10.38	-10.072	-0.092	16.8
10.39	-10.074	15.241	34.0
10.4	-10.072	32.964	56.5
10.41	-10.068	45.900	79.2
10.42	-10.063	50.597	118.4
10.43	-10.059	51.128	143.0
10.44	-10.058	51.133	151.8
10.45	-10.058	51.030	161.1
10.46	-10.056	48.944	169.3
10.47	-10.056	40.775	187.1
10.48	-10.057	26.778	174.3
10.49	-10.056	12.231	108.8
10.5	-10.052	0.161	27.6
10.51	-10.041	-9.055	-13.8
10.52	-10.029	-15.253	-37.8
10.53	-10.022	-18.819	-77.7
10.54	-10.024	-20.958	-88.8
10.55	-10.026	-22.633	-84.4
10.56	-10.023	-24.070	-83.0
10.57	-10.013	-25.588	-87.0
10.58	-10.002	-27.859	-105.8
10.59	-9.989	-31.148	-104.9
10.6	-9.974	-34.950	-107.7
10.61	-9.956	-38.269	-129.0
10.62	-9.935	-40.069	-100.9
10.63	-9.914	-39.698	-53.5
10.64	-9.896	-37.052	-49.3
10.65	-9.881	-32.608	-67.8
10.66	-9.869	-27.106	-85.0
10.67	-9.857	-21.203	-83.0
10.68	-9.842	-15.631	-90.6
10.69	-9.824	-11.023	-95.9
10.7	-9.803	-7.431	-60.3
10.71	-9.777	-4.805	-38.0
10.72	-9.748	-3.597	-54.7
10.73	-9.711	-4.144	-90.3
10.74	-9.669	-6.059	-95.5
10.75	-9.621	-8.834	-58.0
10.76	-9.571	-12.253	-37.8
10.77	-9.519	-15.927	-52.1
10.78	-9.465	-19.266	-74.4
10.79	-9.409	-21.931	-55.6
10.8	-9.351	-23.978	-32.3
10.81	-9.289	-25.516	-22.2
10.82	-9.225	-26.473	30.0
10.83	-9.158	-26.914	30.4
10.84	-9.089	-26.986	-34.1
10.85	-9.021	-26.611	-78.7
10.86	-8.954	-25.748	-96.5
10.87	-8.889	-24.677	-88.2
10.88	-8.827	-23.702	-68.5
10.89	-8.768	-22.858	-36.6
10.9	-8.710	-22.033	-30.4
10.91	-8.648	-21.181	7.4
10.92	-8.585	-20.575	210.1
10.93	-8.526	-20.423	475.8
10.94	-8.478	-20.328	492.3
10.95	-8.432	-19.873	199.1
10.96	-8.386	-19.306	-28.0
10.97	-8.342	-19.180	-75.1
10.98	-8.301	-19.556	-96.4
10.99	-8.259	-19.738	-86.8
11.0	-8.213	-19.166	-64.5
11.01	-8.164	-18.155	-53.2
11.02	-8.116	-17.169	-62.2
11.03	-8.067	-16.170	-76.6
11.04	-8.019	-14.492	-61.1
11.05	-7.973	-10.672	-27.7
11.06	-7.931	-2.723	-3.0
11.07	-7.892	10.448	-7.8
11.08	-7.855	27.333	4.7
11.09	-7.820	42.275	41.0
11.1	-7.788	49.639	61.6
11.11	-7.756	51.086	81.9
11.12	-7.728	51.128	107.8
11.13	-7.701	50.806	116.6
11.14	-7.676	47.625	111.9
11.15	-7.651	38.255	123.3
11.16	-7.628	24.358	118.6
11.17	-7.608	10.547	71.9
11.18	-7.590	-0.811	12.5
11.19	-7.573	-9.409	-42.3
11.2	-7.558	-15.870	-78.0
11.21	-7.545	-20.633	-109.7
11.22	-7.535	-23.675	-150.3
11.23	-7.525	-25.356	-146.8
11.24	-7.514	-26.766	-120.3
11.25	-7.501	-28.759	-146.5
11.26	-7.490	-31.364	-167.2
11.27	-7.481	-34.294	-135.4
11.28	-7.471	-37.337	-113.7
11.29	-7.461	-40.069	-126.9
11.3	-7.452	-41.611	-151.4
11.31	-7.444	-41.261	-144.1
11.32	-7.438	-39.113	-104.3
11.33	-7.431	-35.798	-89.8
11.34	-7.426	-31.859	-98.5
11.35	-7.421	-27.575	-121.7
11.36	-7.418	-23.123	-134.0
11.37	-7.414	-18.828	-114.2
11.38	-7.411	-15.278	-104.9
11.39	-7.408	-12.780	-98.4
11.4	-7.406	-11.119	-93.7
11.41	-7.402	-10.267	-98.5
11.42	-7.399	-10.619	-103.3
11.43	-7.396	-12.264	-114.4
11.44	-7.393	-14.656	-110.5
11.45	-7.391	-17.039	-96.7
11.46	-7.390	-19.120	-86.8
11.47	-7.390	-21.156	-71.5
11.48	-7.391	-23.192	-105.8
11.49	-7.391	-24.763	-140.5
11.5	-7.392	-25.675	-97.0
11.51	-7.391	-26.409	-56.9
11.52	-7.392	-27.072	-72.9
11.53	-7.392	-27.133	-104.4
11.54	-7.392	-26.730	-85.4
11.55	-7.393	-26.605	-56.1
11.56	-7.394	-26.608	-34.8
11.57	-7.396	-26.041	10.0
11.58	-7.398	-25.063	21.7
11.59	-7.399	-24.302	-21.4
11.6	-7.399	-23.827	-89.2
11.61	-7.399	-23.130	-131.9
11.62	-7.401	-22.059	-118.7
11.63	-7.404	-21.225	-67.4
11.64	-7.409	-20.900	-50.4
11.65	-7.413	-20.469	-58.7
11.66	-7.412	-19.597	41.9
11.67	-7.410	-18.866	306.2
11.68	-7.414	-18.714	560.0
11.69	-7.421	-18.678	512.8
11.7	-7.429	-18.308	206.1
11.71	-7.436	-18.117	-11.7
11.72	-7.446	-18.598	-72.2
11.73	-7.451	-19.175	-125.2
11.74	-7.447	-19.280	-141.8
11.75	-7.442	-19.189	-98.4
11.76	-7.438	-19.144	-69.3
11.77	-7.436	-18.672	-62.6
11.78	-7.436	-17.188	-59.8
11.79	-7.438	-14.092	-59.4
11.8	-7.441	-7.573	-60.9
11.81	-7.442	4.600	-50.2
11.82	-7.445	21.839	-5.0
11.83	-7.448	38.714	41.2
11.84	-7.452	48.464	53.0
11.85	-7.456	50.994	38.6
11.86	-7.462	51.123	52.7
11.87	-7.469	50.961	102.6
11.88	-7.478	48.695	134.8
11.89	-7.488	41.056	155.2
11.9	-7.501	28.673	156.2
11.91	-7.520	15.336	120.7
11.92	-7.546	3.409	65.3
11.93	-7.581	-6.098	11.2
11.94	-7.624	-13.094	-32.5
11.95	-7.676	-17.891	-78.0
11.96	-7.735	-20.775	-128.5
11.97	-7.801	-22.308	-154.6
11.98	-7.868	-23.397	-146.0
11.99	-7.934	-24.816	-152.0
12.0	-8.001	-26.638	-156.8
12.01	-8.072	-28.795	-147.8
12.02	-8.149	-31.611	-129.6
12.03	-8.231	-34.911	-137.1
12.04	-8.317	-37.472	-172.4
12.05	-8.402	-38.316	-132.3
12.06	-8.484	-37.548	-92.8
12.07	-8.561	-35.516	-132.8
12.08	-8.634	-32.416	-148.8
12.09	-8.700	-28.652	-109.3
12.1	-8.761	-24.711	-95.8
12.11	-8.818	-20.931	-99.2
12.12	-8.873	-17.723	-86.9
12.13	-8.924	-15.448	-94.6
12.14	-8.974	-13.977	-101.9
12.15	-9.023	-13.075	-89.8
12.16	-9.073	-12.947	-81.3
12.17	-9.122	-13.780	-89.5
12.18	-9.168	-15.325	-89.2
12.19	-9.211	-17.203	-70.2
12.2	-9.253	-19.128	-64.5
12.21	-9.292	-20.825	-74.4
12.22	-9.329	-22.052	-81.3
12.23	-9.363	-22.791	-70.5
12.24	-9.396	-23.431	-48.2
12.25	-9.428	-24.227	-32.8
12.26	-9.459	-24.789	-48.3
12.27	-9.491	-24.891	-46.6
12.28	-9.523	-24.756	-19.7
12.29	-9.556	-24.555	-8.6
12.3	-9.589	-24.294	24.7
12.31	-9.623	-23.956	49.9
12.32	-9.653	-23.700	23.2
12.33	-9.681	-23.567	-22.7
12.34	-9.706	-23.241	-42.3
12.35	-9.729	-22.508	-53.4
12.36	-9.754	-21.636	-53.2
12.37	-9.780	-20.961	-53.4
12.38	-9.803	-20.355	-36.3
12.39	-9.821	-19.588	47.8
12.4	-9.836	-18.708	213.6
12.41	-9.855	-17.834	482.4
12.42	-9.874	-17.283	565.8
12.43	-9.890	-17.356	298.2
12.44	-9.906	-17.723	42.5
12.45	-9.924	-17.863	-23.1
12.46	-9.944	-17.925	-27.2
12.47	-9.964	-18.347	-37.8
12.48	-9.981	-18.959	-61.0
12.49	-9.998	-19.181	-71.0
12.5	-10.015	-18.942	-35.5
12.51	-10.031	-18.397	2.0
12.52	-10.045	-17.228	-15.1
12.53	-10.058	-14.622	-10.7
12.54	-10.071	-8.766	17.2
12.55	-10.085	2.197	20.0
12.56	-10.098	17.558	57.5
12.57	-10.109	33.795	88.3
12.58	-10.121	45.675	78.4
12.59	-10.133	50.447	118.3
12.6	-10.145	51.080	164.5
12.61	-10.158	49.905	164.9
12.62	-10.170	44.300	182.1
12.63	-10.179	33.145	189.5
12.64	-10.184	19.902	164.9
12.65	-10.191	7.739	117.4
12.66	-10.198	-2.397	71.1
12.67	-10.203	-10.311	35.7
12.68	-10.206	-16.000	-14.1
12.69	-10.209	-19.661	-50.8
12.7	-10.216	-21.881	-71.6
12.71	-10.223	-23.406	-96.3
12.72	-10.228	-24.469	-114.0
12.73	-10.231	-25.173	-103.5
12.74	-10.236	-26.283	-65.1
12.75	-10.239	-28.402	-76.7
12.76	-10.240	-31.127	-121.0
12.77	-10.237	-33.714	-105.4
12.78	-10.235	-35.706	-81.5
12.79	-10.233	-36.405	-98.1
12.8	-10.231	-34.828	-98.1
12.81	-10.226	-31.209	-52.5
12.82	-10.217	-26.897	-25.5
12.83	-10.204	-22.516	-75.6
12.84	-10.187	-18.050	-105.3
12.85	-10.166	-13.953	-63.8
12.86	-10.141	-10.855	-48.8
12.87	-10.112	-9.055	-52.3
12.88	-10.082	-8.505	-62.4
12.89	-10.054	-8.898	-73.4
12.9	-10.029	-10.027	-49.2
12.91	-10.004	-11.911	-36.1
12.92	-9.980	-14.286	-64.0
12.93	-9.956	-16.619	-61.8
12.94	-9.936	-18.739	-24.8
12.95	-9.917	-20.700	-20.0
12.96	-9.897	-22.550	-15.6
12.97	-9.873	-24.250	5.3
12.98	-9.845	-25.497	13.5
12.99	-9.813	-25.911	-13.5
13.0	-9.777	-25.467	-38.1
13.01	-9.741	-24.695	-40.1
13.02	-9.704	-24.277	-54.9
13.03	-9.668	-24.336	-80.6
13.04	-9.629	-24.428	-80.8
13.05	-9.582	-24.255	-44.7
13.06	-9.524	-24.116	-2.4
13.07	-9.454	-24.238	98.6
13.08	-9.383	-24.219	348.4
13.09	-9.315	-23.823	545.0
13.1	-9.252	-23.502	383.9
13.11	-9.193	-23.386	66.6
13.12	-9.141	-22.923	-82.9
13.13	-9.092	-21.952	-86.7
13.14	-9.044	-20.977	-73.9
13.15	-8.993	-20.233	-81.0
13.16	-8.941	-19.378	-71.2
13.17	-8.888	-18.194	-51.3
13.18	-8.831	-17.014	-26.8
13.19	-8.770	-16.242	-12.8
13.2	-8.707	-15.177	-27.6
13.21	-8.645	-11.609	-55.3
13.22	-8.588	-3.463	-36.4
13.23	-8.536	9.080	13.5
13.24	-8.489	23.438	35.2
13.25	-8.443	36.516	61.3
13.26	-8.399	45.741	77.1
13.27	-8.358	49.031	91.6
13.28	-8.318	45.622	127.5
13.29	-8.279	36.816	132.8
13.3	-8.239	25.223	109.1
13.31	-8.199	13.302	110.1
13.32	-8.158	2.506	99.7
13.33	-8.117	-6.516	53.2
13.34	-8.079	-13.434	-5.1
13.35	-8.040	-18.208	-78.5
13.36	-8.001	-21.091	-114.6
13.37	-7.966	-22.581	-119.1
13.38	-7.934	-23.620	-127.2
13.39	-7.900	-24.780	-130.8
13.4	-7.867	-25.683	-134.1
13.41	-7.834	-26.400	-121.4
13.42	-7.806	-27.859	-125.8
13.43	-7.778	-30.203	-157.3
13.44	-7.751	-32.334	-155.5
13.45	-7.723	-33.325	-123.8
13.46	-7.697	-33.038	-107.0
13.47	-7.673	-31.459	-115.5
13.48	-7.653	-28.673	-123.1
13.49	-7.635	-25.131	-112.5
13.5	-7.617	-21.439	-110.3
13.51	-7.598	-18.098	-115.3
13.52	-7.581	-15.491	-104.4
13.53	-7.566	-13.738	-110.2
13.54	-7.553	-12.536	-111.0
13.55	-7.539	-11.798	-77.3
13.56	-7.526	-11.941	-81.2
13.57	-7.513	-12.988	-120.4
13.58	-7.501	-14.406	-118.8
13.59	-7.490	-15.892	-88.9
13.6	-7.478	-17.505	-87.3
13.61	-7.466	-19.177	-109.6
13.62	-7.456	-20.627	-116.1
13.63	-7.447	-21.742	-103.5
13.64	-7.439	-22.600	-90.2
13.65	-7.432	-23.225	-86.3
13.66	-7.426	-23.673	-93.8
13.67	-7.422	-23.928	-81.4
13.68	-7.418	-23.830	-57.3
13.69	-7.414	-23.372	-47.5
13.7	-7.411	-22.855	-26.3
13.71	-7.406	-22.481	-13.1
13.72	-7.401	-22.069	-29.2
13.73	-7.395	-21.516	-60.3
13.74	-7.391	-20.975	-95.9
13.75	-7.388	-20.555	-94.9
13.76	-7.387	-20.211	-81.8
13.77	-7.388	-19.858	-84.9
13.78	-7.388	-19.575	-72.8
13.79	-7.386	-19.534	-17.8
13.8	-7.381	-19.672	115.2
13.81	-7.378	-19.538	380.1
13.82	-7.379	-18.919	591.3
13.83	-7.383	-18.314	426.3
13.84	-7.386	-18.198	82.2
13.85	-7.390	-18.383	-96.8
13.86	-7.394	-18.455	-108.1
13.87	-7.392	-18.350	-64.2
13.88	-7.386	-18.303	-61.3
13.89	-7.381	-18.216	-82.3
13.9	-7.379	-17.786	-92.8
13.91	-7.378	-16.991	-96.2
13.92	-7.376	-15.580	-60.4
13.93	-7.374	-12.356	-25.3
13.94	-7.374	-5.688	-28.0
13.95	-7.374	4.855	-23.0
13.96	-7.376	17.511	3.7
13.97	-7.377	29.158	38.3
13.98	-7.378	37.102	58.6
13.99	-7.378	39.955	72.6
14.0	-7.379	37.552	108.8
14.01	-7.379	30.853	141.9
14.02	-7.380	21.439	137.3
14.03	-7.381	11.045	140.0
14.04	-7.383	1.498	145.9
14.05	-7.384	-6.053	110.4
14.06	-7.386	-11.797	69.8
14.07	-7.389	-16.178	9.4
14.08	-7.393	-19.009	-63.3
14.09	-7.396	-20.373	-93.7
14.1	-7.404	-21.027	-96.0
14.11	-7.414	-21.377	-99.6
14.12	-7.424	-21.438	-131.5
14.13	-7.434	-21.708	-148.0
14.14	-7.445	-22.795	-149.3
14.15	-7.460	-24.670	-149.1
14.16	-7.482	-26.788	-109.2
14.17	-7.513	-28.463	-92.5
14.18	-7.553	-29.172	-106.4
14.19	-7.605	-28.714	-119.0
14.2	-7.669	-27.239	-130.8
14.21	-7.743	-25.059	-129.3
14.22	-7.824	-22.328	-119.5
14.23	-7.909	-19.184	-100.1
14.24	-7.994	-16.142	-75.0
14.25	-8.076	-13.752	-62.3
14.26	-8.154	-12.005	-85.8
14.27	-8.229	-10.672	-122.6
14.28	-8.301	-10.039	-106.1
14.29	-8.367	-10.498	-71.4
14.3	-8.430	-11.733	-86.0
14.31	-8.492	-13.136	-73.9
14.32	-8.553	-14.639	-38.5
14.33	-8.609	-16.398	-58.3
14.34	-8.662	-18.033	-92.7
14.35	-8.716	-19.048	-107.4
14.36	-8.769	-19.578	-73.7
14.37	-8.821	-19.909	-36.0
14.38	-8.873	-20.119	-47.6
14.39	-8.924	-20.391	-63.6
14.4	-8.975	-20.773	-78.3
14.41	-9.024	-20.958	-76.2
14.42	-9.071	-20.709	-45.2
14.43	-9.117	-20.223	-27.6
14.44	-9.163	-19.895	-22.6
14.45	-9.207	-19.895	-9.6
14.46	-9.249	-20.045	16.5
14.47	-9.290	-19.984	46.6
14.48	-9.330	-19.608	45.5
14.49	-9.368	-19.278	15.0
14.5	-9.403	-19.009	-49.0
14.51	-9.438	-18.252	-84.9
14.52	-9.473	-16.903	-41.0
14.53	-9.507	-15.598	-22.8
14.54	-9.543	-14.878	-42.0
14.55	-9.575	-14.506	-34.5
14.56	-9.604	-13.892	81.7
14.57	-9.631	-13.016	373.7
14.58	-9.657	-12.325	628.5
14.59	-9.680	-12.241	524.4
14.6	-9.703	-12.969	180.4
14.61	-9.728	-14.194	-24.8
14.62	-9.755	-15.208	-53.8
14.63	-9.782	-15.567	-28.8
14.64	-9.807	-15.623	-49.8
14.65	-9.829	-15.808	-97.8
14.66	-9.854	-15.881	-54.2
14.67	-9.877	-15.483	4.3
14.68	-9.897	-14.398	11.3
14.69	-9.916	-12.208	8.3
14.7	-9.938	-8.044	-1.8
14.71	-9.959	-0.680	5.2
14.72	-9.979	10.063	39.4
14.73	-9.996	22.163	78.4
14.74	-10.011	32.823	109.0
14.75	-10.024	39.850	119.6
14.76	-10.037	41.772	113.1
14.77	-10.049	38.378	148.5
14.78	-10.060	30.831	204.7
14.79	-10.070	20.809	204.1
14.8	-10.083	10.408	185.0
14.81	-10.097	1.536	158.3
14.82	-10.112	-5.380	117.4
14.83	-10.127	-10.859	75.2
14.84	-10.141	-14.866	19.6
14.85	-10.153	-17.177	-16.8
14.86	-10.165	-18.247	-45.0
14.87	-10.178	-18.614	-76.2
14.88	-10.189	-18.683	-86.1
14.89	-10.197	-18.830	-88.8
14.9	-10.205	-19.284	-71.2
14.91	-10.213	-20.373	-59.0
14.92	-10.221	-22.248	-71.2
14.93	-10.226	-24.272	-107.3
14.94	-10.231	-25.527	-128.3
14.95	-10.235	-25.623	-80.6
14.96	-10.238	-24.372	-43.3
14.97	-10.239	-21.717	-47.1
14.98	-10.237	-18.317	-52.9
14.99	-10.231	-14.931	-51.0
15.0	-10.220	-11.698	-63.0
15.01	-10.206	-8.822	-81.8
15.02	-10.190	-6.822	-67.6
15.03	-10.175	-5.964	-29.9
15.04	-10.164	-6.081	-32.9
15.05	-10.154	-6.814	-59.0
15.06	-10.145	-7.958	-50.5
15.07	-10.131	-9.300	-53.6
15.08	-10.111	-10.727	-63.1
15.09	-10.084	-12.481	-58.9
15.1	-10.056	-14.492	-53.3
15.11	-10.030	-16.091	-48.9
15.12	-10.008	-16.963	-41.6
15.13	-9.991	-17.545	-22.1
15.14	-9.973	-18.005	-30.0
15.15	-9.953	-18.191	-44.7
15.16	-9.929	-18.286	7.4
15.17	-9.898	-18.297	59.8
15.18	-9.862	-18.066	32.1
15.19	-9.822	-17.842	-15.8
15.2	-9.783	-17.831	-62.4
15.21	-9.742	-17.820	-82.6
15.22	-9.705	-17.694	-61.8
15.23	-9.676	-17.528	-54.7
15.24	-9.652	-17.106	-38.2
15.25	-9.624	-16.278	-5.1
15.26	-9.584	-15.513	84.1
15.27	-9.537	-15.166	304.5
15.28	-9.491	-14.998	510.3
15.29	-9.440	-14.820	415.1
15.3	-9.383	-14.736	115.6
15.31	-9.322	-14.780	-43.4
15.32	-9.262	-14.877	-70.2
15.33	-9.201	-15.089	-69.0
15.34	-9.139	-15.336	-63.8
15.35	-9.077	-15.216	-77.2
15.36	-9.014	-14.603	-68.1
15.37	-8.951	-13.888	-35.8
15.38	-8.881	-13.439	-42.0
15.39	-8.808	-12.684	-56.5
15.4	-8.731	-9.773	-24.9
15.41	-8.656	-2.873	22.0
15.42	-8.584	7.716	50.6
15.43	-8.521	19.425	42.3
15.44	-8.464	29.334	9.3
15.45	-8.416	35.441	27.0
15.46	-8.374	36.547	105.9
15.47	-8.337	32.264	155.1
15.48	-8.303	23.766	142.3
15.49	-8.269	13.759	119.6
15.5	-8.234	4.695	120.1
15.51	-8.199	-2.684	116.0
15.52	-8.165	-8.573	67.7
15.53	-8.133	-12.895	-4.3
15.54	-8.099	-15.431	-55.1
15.55	-8.066	-16.433	-88.3
15.56	-8.034	-16.661	-116.4
15.57	-8.008	-16.814	-141.5
15.58	-7.981	-17.106	-144.5
15.59	-7.953	-17.522	-115.8
15.6	-7.926	-18.484	-102.9
15.61	-7.899	-20.425	-130.5
15.62	-7.874	-22.836	-145.9
15.63	-7.850	-24.809	-135.7
15.64	-7.827	-25.955	-122.6
15.65	-7.803	-26.172	-120.0
15.66	-7.780	-25.155	-138.8
15.67	-7.759	-22.652	-127.3
15.68	-7.739	-19.136	-98.0
15.69	-7.721	-15.700	-95.8
15.7	-7.704	-12.959	-109.1
15.71	-7.689	-10.617	-119.7
15.72	-7.675	-8.478	-97.5
15.73	-7.659	-7.189	-74.2
15.74	-7.642	-7.367	-98.9
15.75	-7.625	-8.470	-142.2
15.76	-7.609	-9.366	-130.9
15.77	-7.593	-9.809	-75.7
15.78	-7.578	-10.897	-60.5
15.79	-7.562	-13.042	-100.9
15.8	-7.548	-14.983	-137.4
15.81	-7.534	-16.105	-108.5
15.82	-7.521	-17.028	-60.5
15.83	-7.507	-17.891	-83.6
15.84	-7.496	-18.305	-118.0
15.85	-7.486	-18.358	-104.9
15.86	-7.478	-18.455	-89.5
15.87	-7.471	-18.480	-95.3
15.88	-7.464	-18.053	-89.7
15.89	-7.459	-17.384	-83.4
15.9	-7.455	-16.988	-81.7
15.91	-7.451	-16.891	-71.7
15.92	-7.449	-16.723	-63.4
15.93	-7.446	-16.433	-20.4
15.94	-7.443	-16.394	13.8
15.95	-7.439	-16.747	-20.8
15.96	-7.435	-16.869	-76.5
15.97	-7.432	-16.220	-88.1
15.98	-7.431	-15.381	-63.1
15.99	-7.431	-15.006	-73.4
16.0	-7.431	-14.884	-123.3
16.01	-7.431	-14.769	-99.8
16.02	-7.428	-14.663	1.7
16.03	-7.423	-14.364	164.4
16.04	-7.421	-13.961	445.8
16.05	-7.423	-13.948	612.0
16.06	-7.427	-14.331	358.2
16.07	-7.431	-14.720	21.4
16.08	-7.436	-15.063	-70.1
16.09	-7.439	-15.500	-107.7
16.1	-7.436	-15.853	-122.7
16.11	-7.429	-15.778	-95.3
16.12	-7.426	-15.239	-88.9
16.13	-7.425	-14.498	-74.8
16.14	-7.423	-13.648	-48.6
16.15	-7.421	-12.077	-48.4
16.16	-7.419	-8.408	-50.5
16.17	-7.419	-1.283	-33.0
16.18	-7.421	9.208	-23.8
16.19	-7.423	21.098	-2.3
16.2	-7.425	31.406	50.5
16.21	-7.426	37.470	80.3
16.22	-7.427	38.263	58.0
16.23	-7.427	34.306	87.2
16.24	-7.427	27.039	151.0
16.25	-7.427	18.333	140.4
16.26	-7.427	9.770	125.8
16.27	-7.428	2.305	123.1
16.28	-7.431	-3.809	89.4
16.29	-7.433	-8.605	63.4
16.3	-7.436	-12.047	22.5
16.31	-7.439	-14.355	-51.5
16.32	-7.442	-15.830	-114.8
16.33	-7.447	-16.580	-148.6
16.34	-7.456	-16.811	-141.4
16.35	-7.463	-17.008	-120.9
16.36	-7.466	-17.706	-130.2
16.37	-7.467	-19.048	-138.6
16.38	-7.467	-20.816	-141.5
16.39	-7.466	-22.772	-141.8
16.4	-7.464	-24.383	-130.0
16.41	-7.463	-24.955	-125.8
16.42	-7.464	-24.367	-112.6
16.43	-7.467	-22.833	-113.2
16.44	-7.472	-20.656	-131.0
16.45	-7.478	-18.284	-107.3
16.46	-7.484	-15.841	-89.7
16.47	-7.489	-13.330	-111.1
16.48	-7.494	-11.133	-110.0
16.49	-7.498	-9.470	-90.3
16.5	-7.502	-8.219	-89.5
16.51	-7.508	-7.642	-86.3
16.52	-7.516	-8.061	-93.5
16.53	-7.528	-9.106	-111.5
16.54	-7.546	-10.388	-85.5
16.55	-7.574	-11.831	-72.8
16.56	-7.614	-13.178	-102.5
16.57	-7.668	-14.234	-93.5
16.58	-7.735	-15.233	-63.5
16.59	-7.814	-16.275	-86.5
16.6	-7.903	-17.016	-102.9
16.61	-8.001	-17.459	-78.3
16.62	-8.102	-17.948	-69.6
16.63	-8.197	-18.411	-85.3
16.64	-8.280	-18.634	-95.7
16.65	-8.348	-18.633	-62.0
16.66	-8.402	-18.492	-44.4
16.67	-8.447	-18.377	-56.7
16.68	-8.489	-18.367	-39.2
16.69	-8.532	-18.267	-4.5
16.7	-8.579	-18.061	27.2
16.71	-8.630	-17.870	3.9
16.72	-8.686	-17.600	-35.8
16.73	-8.746	-17.295	-44.9
16.74	-8.804	-17.061	-67.4
16.75	-8.861	-16.672	-69.8
16.76	-8.916	-15.900	-57.1
16.77	-8.966	-14.980	-54.4
16.78	-9.011	-14.242	-31.3
16.79	-9.051	-13.708	48.7
16.8	-9.091	-13.286	285.8
16.81	-9.134	-12.880	607.2
16.82	-9.176	-12.555	605.0
16.83	-9.213	-12.505	234.4
16.84	-9.250	-12.730	-36.2
16.85	-9.290	-13.161	-69.9
16.86	-9.328	-13.845	-38.5
16.87	-9.363	-14.633	-32.5
16.88	-9.395	-15.055	-45.5
16.89	-9.427	-14.914	-62.0
16.9	-9.457	-14.495	-50.8
16.91	-9.484	-13.920	-17.4
16.92	-9.513	-12.622	-17.7
16.93	-9.543	-9.366	2.6
16.94	-9.570	-2.750	49.0
16.95	-9.596	7.731	42.8
16.96	-9.621	20.564	40.5
16.97	-9.646	32.591	96.9
16.98	-9.672	40.938	130.0
16.99	-9.697	44.133	122.2
17.0	-9.723	41.678	149.1
17.01	-9.749	34.170	203.5
17.02	-9.774	23.659	218.0
17.03	-9.801	12.825	207.1
17.04	-9.827	3.620	194.8
17.05	-9.854	-3.558	154.3
17.06	-9.881	-9.138	62.6
17.07	-9.908	-13.028	-23.2
17.08	-9.931	-14.889	-43.3
17.09	-9.951	-15.252	-33.0
17.1	-9.972	-15.095	-52.4
17.11	-9.994	-14.878	-95.3
17.12	-10.015	-15.039	-103.9
17.13	-10.034	-15.569	-90.8
17.14	-10.053	-16.567	-82.9
17.15	-10.069	-18.792	-78.5
17.16	-10.086	-21.809	-91.7
17.17	-10.099	-24.253	-112.5
17.18	-10.113	-25.070	-98.0
17.19	-10.125	-23.972	-51.6
17.2	-10.138	-21.511	-46.9
17.21	-10.153	-18.317	-62.8
17.22	-10.168	-14.470	-65.8
17.23	-10.183	-10.534	-76.8
17.24	-10.197	-7.503	-70.4
17.25	-10.209	-5.491	-49.3
17.26	-10.217	-4.013	-33.7
17.27	-10.225	-3.159	-37.6
17.28	-10.232	-3.352	-54.3
17.29	-10.236	-4.323	-53.3
17.3	-10.239	-5.920	-38.5
17.31	-10.241	-8.141	-57.8
17.32	-10.243	-10.392	-70.5
17.33	-10.248	-12.170	-32.8
17.34	-10.253	-13.547	-29.8
17.35	-10.255	-14.744	-49.6
17.36	-10.255	-15.806	-32.0
17.37	-10.256	-16.463	-21.4
17.38	-10.258	-16.530	-13.2
17.39	-10.258	-16.331	-1.5
17.4	-10.256	-16.214	4.2
17.41	-10.252	-16.150	33.1
17.42	-10.244	-16.100	52.0
17.43	-10.236	-16.167	16.3
17.44	-10.228	-16.255	-15.5
17.45	-10.217	-16.131	-33.1
17.46	-10.206	-15.806	-66.3
17.47	-10.199	-15.473	-73.9
17.48	-10.202	-15.131	-50.8
17.49	-10.203	-14.545	-0.4
17.5	-10.195	-13.756	80.0
17.51	-10.181	-13.131	268.0
17.52	-10.171	-12.870	513.6
17.53	-10.163	-12.806	490.3
17.54	-10.154	-12.752	191.4
17.55	-10.151	-12.886	-15.3
17.56	-10.156	-13.273	-51.5
17.57	-10.161	-13.513	-39.3
17.58	-10.161	-13.495	-20.9
17.59	-10.154	-13.561	-37.6
17.6	-10.147	-13.638	-57.4
17.61	-10.142	-13.288	-33.6
17.62	-10.136	-12.514	-5.1
17.63	-10.122	-11.495	-5.5
17.64	-10.101	-9.375	-9.8
17.65	-10.077	-4.184	12.5
17.66	-10.047	5.159	43.4
17.67	-10.008	17.358	65.8
17.68	-9.959	29.717	62.8
17.69	-9.907	39.523	63.8
17.7	-9.858	44.713	103.3
17.71	-9.809	44.445	142.5
17.72	-9.758	39.231	158.2
17.73	-9.702	30.781	153.2
17.74	-9.642	21.291	152.3
17.75	-9.578	12.256	133.8
17.76	-9.512	4.195	98.8
17.77	-9.444	-2.547	44.4
17.78	-9.377	-7.564	-19.9
17.79	-9.311	-10.769	-35.4
17.8	-9.249	-12.439	-64.5
17.81	-9.191	-13.247	-97.9
17.82	-9.139	-13.925	-93.0
17.83	-9.085	-14.661	-100.4
17.84	-9.027	-15.500	-113.2
17.85	-8.966	-16.989	-102.5
17.86	-8.904	-19.605	-81.1
17.87	-8.838	-22.839	-106.3
17.88	-8.770	-25.452	-132.0
17.89	-8.701	-26.464	-100.6
17.9	-8.633	-25.758	-74.7
17.91	-8.566	-23.855	-88.2
17.92	-8.498	-21.095	-105.7
17.93	-8.431	-17.564	-92.5
17.94	-8.367	-13.742	-74.3
17.95	-8.306	-10.388	-70.2
17.96	-8.246	-7.717	-86.0
17.97	-8.189	-5.503	-103.1
17.98	-8.138	-3.817	-79.8
17.99	-8.089	-3.250	-62.1
18.0	-8.044	-4.067	-87.6
18.01	-8.002	-5.423	-94.1
18.02	-7.963	-6.570	-67.0
18.03	-7.923	-8.072	-63.0
18.04	-7.886	-10.605	-100.6
18.05	-7.853	-13.416	-134.2
18.06	-7.822	-15.373	-110.3
18.07	-7.793	-16.469	-45.4
18.08	-7.766	-17.270	-30.5
18.09	-7.741	-18.066	-76.3
18.1	-7.718	-18.594	-91.6
18.11	-7.697	-18.516	-44.0
18.12	-7.679	-18.139	6.4
18.13	-7.663	-17.934	-18.0
18.14	-7.648	-18.017	-78.8
18.15	-7.629	-18.228	-78.3
18.16	-7.610	-18.631	-42.8
18.17	-7.593	-19.389	-53.8
18.18	-7.578	-19.898	-103.3
18.19	-7.566	-19.434	-118.1
18.2	-7.554	-18.553	-68.0
18.21	-7.540	-18.113	-24.3
18.22	-7.526	-17.691	128.8
18.23	-7.517	-16.677	495.5
18.24	-7.513	-15.544	619.1
18.25	-7.508	-14.872	287.7
18.26	-7.501	-14.600	-30.5
18.27	-7.497	-14.583	-118.8
18.28	-7.491	-14.803	-116.4
18.29	-7.482	-15.238	-94.0
18.3	-7.472	-15.694	-81.6
18.31	-7.466	-15.669	-88.1
18.32	-7.461	-15.045	-86.0
18.33	-7.454	-14.152	-63.3
18.34	-7.447	-12.617	-63.6
18.35	-7.441	-8.816	-80.3
18.36	-7.436	-1.033	-35.8
18.37	-7.433	10.573	21.8
18.38	-7.429	23.733	31.5
18.39	-7.425	35.489	28.2
18.4	-7.422	43.478	40.4
18.41	-7.419	46.447	76.5
18.42	-7.418	44.166	105.3
18.43	-7.416	37.528	112.7
18.44	-7.414	28.705	123.3
18.45	-7.413	19.822	134.8
18.46	-7.412	11.584	138.1
18.47	-7.412	4.070	99.5
18.48	-7.413	-2.173	-1.1
18.49	-7.414	-6.720	-53.2
18.5	-7.414	-9.841	-52.8
18.51	-7.414	-11.952	-101.5
18.52	-7.417	-13.300	-155.3
18.53	-7.421	-14.228	-161.3
18.54	-7.424	-15.156	-145.0
18.55	-7.424	-16.434	-127.6
18.56	-7.423	-18.303	-106.6
18.57	-7.421	-20.705	-109.5
18.58	-7.421	-23.277	-143.2
18.59	-7.421	-25.483	-143.3
18.6	-7.421	-26.678	-135.4
18.61	-7.421	-26.566	-130.4
18.62	-7.424	-25.409	-99.6
18.63	-7.427	-23.417	-90.6
18.64	-7.431	-20.561	-101.4
18.65	-7.433	-17.292	-111.3
18.66	-7.435	-14.366	-109.8
18.67	-7.437	-12.031	-111.4
18.68	-7.439	-10.247	-114.2
18.69	-7.440	-9.030	-82.1
18.7	-7.441	-8.422	-73.1
18.71	-7.443	-8.423	-99.2
18.72	-7.445	-8.928	-101.9
18.73	-7.446	-9.886	-98.8
18.74	-7.447	-11.369	-95.6
18.75	-7.449	-13.191	-95.2
18.76	-7.452	-14.903	-101.2
18.77	-7.454	-16.303	-75.3
18.78	-7.458	-17.495	-67.0
18.79	-7.461	-18.577	-107.0
18.8	-7.465	-19.439	-104.5
18.81	-7.468	-19.908	-80.1
18.82	-7.471	-20.083	-79.7
18.83	-7.474	-20.173	-72.8
18.84	-7.478	-20.080	-79.0
18.85	-7.482	-19.673	-93.0
18.86	-7.488	-19.266	-76.8
18.87	-7.495	-19.097	-45.9
18.88	-7.504	-18.920	-32.2
18.89	-7.516	-18.569	-7.0
18.9	-7.531	-18.173	30.9
18.91	-7.551	-17.806	12.8
18.92	-7.578	-17.567	-38.5
18.93	-7.616	-17.433	-67.3
18.94	-7.666	-16.992	-77.7
18.95	-7.729	-16.177	-79.7
18.96	-7.805	-15.575	-73.5
18.97	-7.890	-15.427	-80.1
18.98	-7.974	-15.384	-59.3
18.99	-8.053	-15.258	81.2
19.0	-8.127	-15.069	358.8
19.01	-8.203	-14.841	640.7
19.02	-8.278	-14.705	578.6
19.03	-8.350	-14.806	192.6
19.04	-8.416	-15.191	-68.1
19.05	-8.477	-15.792	-98.8
19.06	-8.535	-16.414	-83.3
19.07	-8.589	-16.820	-87.6
19.08	-8.641	-16.922	-71.0
19.09	-8.691	-16.798	-52.2
19.1	-8.741	-16.538	-60.6
19.11	-8.786	-16.033	-65.0
19.12	-8.830	-14.339	-34.7
19.13	-8.871	-9.291	-11.4
19.14	-8.912	0.730	-0.3
19.15	-8.954	14.600	30.6
19.16	-8.994	29.134	33.8
19.17	-9.032	41.209	43.8
19.18	-9.071	48.444	104.9
19.19	-9.109	50.742	161.5
19.2	-9.149	49.517	148.0
19.21	-9.188	44.397	121.7
19.22	-9.226	35.481	154.4
19.23	-9.263	24.830	173.6
19.24	-9.298	14.463	150.0
19.25	-9.333	5.744	124.5
19.26	-9.367	-1.173	69.8
19.27	-9.399	-6.694	-30.3
19.28	-9.429	-10.691	-82.8
19.29	-9.461	-12.939	-63.2
19.3	-9.492	-13.973	-73.0
19.31	-9.521	-14.733	-114.9
19.32	-9.548	-15.675	-133.2
19.33	-9.574	-17.022	-119.7
19.34	-9.600	-19.220	-97.7
19.35	-9.627	-22.211	-91.0
19.36	-9.651	-25.097	-88.5
19.37	-9.674	-27.008	-102.3
19.38	-9.697	-27.464	-116.0
19.39	-9.721	-26.280	-119.9
19.4	-9.746	-23.803	-109.9
19.41	-9.770	-20.659	-68.5
19.42	-9.794	-17.233	-55.9
19.43	-9.818	-13.628	-65.9
19.44	-9.839	-10.102	-77.2
19.45	-9.857	-7.188	-82.7
19.46	-9.876	-5.228	-83.9
19.47	-9.894	-4.258	-97.0
19.48	-9.908	-4.288	-73.3
19.49	-9.922	-5.217	-41.9
19.5	-9.938	-6.719	-60.5
19.51	-9.953	-8.513	-71.3
19.52	-9.968	-10.408	-56.7
19.53	-9.982	-12.281	-73.9
19.54	-9.994	-14.116	-86.3
19.55	-10.004	-15.664	-75.8
19.56	-10.014	-16.639	-52.2
19.57	-10.026	-17.180	-12.6
19.58	-10.037	-17.725	-6.4
19.59	-10.048	-18.495	-41.4
19.6	-10.059	-19.248	-50.3
19.61	-10.068	-19.669	-7.9
19.62	-10.074	-19.752	48.1
19.63	-10.081	-19.681	60.1
19.64	-10.088	-19.558	-5.8
19.65	-10.093	-19.252	-62.8
19.66	-10.099	-18.602	-58.3
19.67	-10.105	-17.703	-33.6
19.68	-10.113	-16.780	-28.4
19.69	-10.121	-16.192	-47.3
19.7	-10.128	-16.286	-28.1
19.71	-10.128	-16.598	26.2
19.72	-10.125	-16.125	123.8
19.73	-10.125	-15.003	371.1
19.74	-10.126	-14.384	578.3
19.75	-10.124	-14.436	396.5
19.76	-10.123	-14.278	48.6
19.77	-10.125	-14.034	-54.1
19.78	-10.129	-14.267	-37.7
19.79	-10.128	-14.486	-48.6
19.8	-10.118	-14.534	-38.2
19.81	-10.105	-14.614	-26.8
19.82	-10.097	-14.436	-32.0
19.83	-10.089	-13.922	-53.4
19.84	-10.079	-13.175	-30.9
19.85	-10.067	-11.303	12.9
19.86	-10.055	-6.769	9.3
19.87	-10.043	1.756	21.4
19.88	-10.027	14.481	60.4
19.89	-10.009	29.094	59.8
19.9	-9.990	41.802	62.9
19.91	-9.972	49.053	111.5
19.92	-9.951	51.009	152.7
19.93	-9.926	50.678	152.5
19.94	-9.893	47.450	152.3
19.95	-9.853	39.319	171.8
19.96	-9.811	28.086	159.7
19.97	-9.769	16.814	125.8
19.98	-9.730	6.983	78.4
19.99	-9.693	-0.839	17.8
20.0	-9.656	-6.706	-14.9
20.01	-9.618	-10.858	-50.6
20.02	-9.578	-13.497	-92.9
20.03	-9.534	-15.216	-89.3
20.04	-9.484	-16.659	-72.5
20.05	-9.421	-17.947	-83.1
20.06	-9.353	-19.242	-101.2
20.07	-9.280	-21.191	-100.1
20.08	-9.209	-24.127	-97.4
20.09	-9.143	-27.413	-126.5
20.1	-9.081	-29.891	-122.9
20.11	-9.025	-30.692	-64.4
20.12	-8.973	-29.658	-48.8
20.13	-8.922	-27.284	-72.8
20.14	-8.871	-24.039	-90.9
20.15	-8.822	-20.011	-112.0
20.16	-8.773	-15.586	-90.1
20.17	-8.723	-11.559	-39.5
20.18	-8.673	-8.287	-49.2
20.19	-8.623	-5.628	-79.1
20.2	-8.576	-3.666	-73.7
20.21	-8.533	-2.739	-70.9
20.22	-8.494	-3.098	-75.3
20.23	-8.461	-4.797	-80.3
20.24	-8.431	-7.470	-79.8
20.25	-8.404	-10.316	-61.7
20.26	-8.379	-12.795	-51.2
20.27	-8.354	-15.139	-48.6
20.28	-8.332	-17.619	-68.5
20.29	-8.312	-19.764	-87.1
20.3	-8.295	-21.034	-47.5
20.31	-8.279	-21.634	-4.6
20.32	-8.262	-21.928	0.0
20.33	-8.245	-21.927	-14.0
20.34	-8.226	-21.659	-30.6
20.35	-8.206	-21.245	-40.8
20.36	-8.186	-20.742	-63.1
20.37	-8.166	-20.225	-88.1
20.38	-8.148	-19.863	-88.0
20.39	-8.132	-19.608	-71.4
20.4	-8.116	-19.248	-53.2
20.41	-8.095	-18.800	10.4
20.42	-8.072	-18.256	192.9
20.43	-8.051	-17.659	476.6
20.44	-8.036	-17.266	543.3
20.45	-8.019	-16.970	224.5
20.46	-8.002	-16.591	-41.9
20.47	-7.987	-16.353	-60.4
20.48	-7.971	-16.422	-66.5
20.49	-7.953	-16.644	-102.0
20.5	-7.931	-16.766	-109.7
20.51	-7.911	-16.489	-86.5
20.52	-7.893	-15.606	-52.0
20.53	-7.873	-14.416	-37.7
20.54	-7.853	-13.027	-34.7
20.55	-7.833	-9.745	-34.3
20.56	-7.816	-1.977	-33.2
20.57	-7.800	10.709	-9.9
20.58	-7.784	25.933	19.9
20.59	-7.766	39.848	38.9
20.6	-7.748	48.311	62.9
20.61	-7.732	50.898	102.0
20.62	-7.717	50.850	135.7
20.63	-7.702	48.314	139.2
20.64	-7.688	40.956	127.3
20.65	-7.674	29.906	121.3
20.66	-7.662	18.333	111.2
20.67	-7.651	7.928	78.9
20.68	-7.641	-0.559	31.2
20.69	-7.631	-6.870	-26.1
20.7	-7.619	-11.392	-81.0
20.71	-7.609	-14.700	-106.4
20.72	-7.601	-16.922	-126.7
20.73	-7.597	-18.117	-143.1
20.74	-7.591	-18.795	-130.3
20.75	-7.584	-19.728	-132.7
20.76	-7.577	-21.519	-152.7
20.77	-7.571	-24.255	-132.8
20.78	-7.566	-27.355	-117.0
20.79	-7.561	-29.984	-126.4
20.8	-7.555	-31.613	-105.6
20.81	-7.550	-32.011	-100.3
20.82	-7.548	-31.098	-120.3
20.83	-7.544	-28.886	-122.5
20.84	-7.541	-25.567	-111.2
20.85	-7.538	-21.723	-89.0
20.86	-7.534	-17.964	-103.3
20.87	-7.531	-14.502	-131.1
20.88	-7.527	-11.534	-100.6
20.89	-7.524	-9.342	-71.1
20.9	-7.521	-8.020	-77.7
20.91	-7.518	-7.745	-79.9
20.92	-7.516	-8.630	-97.7
20.93	-7.513	-10.205	-114.4
20.94	-7.511	-11.948	-93.8
20.95	-7.509	-13.725	-67.5
20.96	-7.507	-15.503	-75.9
20.97	-7.506	-17.242	-98.2
20.98	-7.504	-18.852	-97.3
20.99	-7.504	-20.092	-106.1
21.0	-7.504	-20.945	-87.1
21.01	-7.505	-21.769	-47.7
21.02	-7.506	-22.516	-68.8
21.03	-7.507	-22.797	-112.6
21.04	-7.508	-22.742	-85.0
21.05	-7.508	-22.698	-53.4
21.06	-7.509	-22.580	-102.3
21.07	-7.510	-22.178	-80.7
21.08	-7.511	-21.633	2.8
21.09	-7.513	-21.103	0.9
21.1	-7.516	-20.575	-15.8
21.11	-7.517	-20.153	-3.7
21.12	-7.518	-19.822	-24.8
21.13	-7.518	-19.300	-62.9
21.14	-7.517	-18.648	-61.1
21.15	-7.517	-18.194	-41.4
21.16	-7.519	-17.822	-78.4
21.17	-7.523	-17.334	-105.4
21.18	-7.526	-17.030	-41.1
21.19	-7.524	-17.081	47.5
21.2	-7.521	-17.123	260.9
21.21	-7.523	-16.922	598.0
21.22	-7.529	-16.709	620.8
21.23	-7.536	-16.670	251.6
21.24	-7.544	-16.830	-48.2
21.25	-7.554	-17.220	-116.2
21.26	-7.558	-17.736	-99.0
21.27	-7.554	-18.097	-63.7
21.28	-7.546	-18.147	-47.8
21.29	-7.540	-17.900	-51.0
21.3	-7.537	-17.278	-49.8
21.31	-7.535	-15.980	-67.1
21.32	-7.535	-13.175	-53.2
21.33	-7.537	-7.064	-19.1
21.34	-7.543	3.973	-4.3
21.35	-7.552	19.178	29.4
21.36	-7.570	35.041	52.3
21.37	-7.600	46.286	61.2
21.38	-7.646	50.570	85.2
21.39	-7.707	51.125	109.3
21.4	-7.779	50.911	130.5
21.41	-7.859	48.545	156.6
21.42	-7.942	41.250	171.9
21.43	-8.026	30.059	160.4
21.44	-8.110	18.288	150.4
21.45	-8.194	7.503	114.1
21.46	-8.279	-1.728	36.9
21.47	-8.362	-8.998	5.5
21.48	-8.439	-13.992	-13.2
21.49	-8.508	-16.884	-74.7
21.5	-8.573	-18.439	-109.5
21.51	-8.636	-19.370	-125.5
21.52	-8.694	-20.192	-142.8
21.53	-8.749	-21.452	-123.8
21.54	-8.806	-23.392	-97.2
21.55	-8.863	-25.830	-89.0
21.56	-8.914	-28.434	-97.1
21.57	-8.959	-30.686	-119.9
21.58	-9.002	-31.941	-135.4
21.59	-9.045	-31.666	-118.0
21.6	-9.089	-29.828	-68.7
21.61	-9.134	-27.053	-42.7
21.62	-9.181	-23.872	-65.0
21.63	-9.226	-20.311	-93.3
21.64	-9.270	-16.505	-107.7
21.65	-9.312	-12.880	-89.5
21.66	-9.351	-9.630	-53.9
21.67	-9.390	-6.919	-44.9
21.68	-9.429	-5.317	-51.8
21.69	-9.466	-5.092	-77.1
21.7	-9.502	-5.803	-97.1
21.71	-9.538	-7.088	-66.7
21.72	-9.572	-8.900	-35.8
21.73	-9.607	-11.230	-46.0
21.74	-9.643	-13.884	-55.4
21.75	-9.679	-16.530	-51.0
21.76	-9.714	-18.998	-55.3
21.77	-9.746	-21.330	-47.5
21.78	-9.776	-23.425	-30.8
21.79	-9.804	-24.781	-28.0
21.8	-9.832	-25.133	-34.2
21.81	-9.859	-24.941	-43.5
21.82	-9.887	-24.486	-63.1
21.83	-9.912	-23.552	-70.3
21.84	-9.937	-22.206	-3.2
21.85	-9.959	-20.783	83.4
21.86	-9.979	-19.445	71.5
21.87	-9.996	-18.339	11.6
21.88	-10.014	-17.642	-38.1
21.89	-10.034	-17.355	-72.2
21.9	-10.054	-17.150	-40.0
21.91	-10.074	-16.627	-17.3
21.92	-10.094	-15.892	-28.8
21.93	-10.113	-15.419	-3.3
21.94	-10.125	-15.264	18.0
21.95	-10.134	-14.978	119.5
21.96	-10.146	-14.389	428.7
21.97	-10.160	-13.781	618.7
21.98	-10.174	-13.373	388.9
21.99	-10.186	-13.231	53.3
22.0	-10.199	-13.473	-76.1
22.01	-10.213	-14.150	-57.3
22.02	-10.226	-15.023	-34.5
22.03	-10.238	-15.563	-31.7
22.04	-10.249	-15.442	-27.3
22.05	-10.261	-15.050	-23.4
22.06	-10.271	-14.827	-13.8
22.07	-10.276	-14.327	-26.0
22.08	-10.278	-12.303	-11.3
22.09	-10.280	-7.070	48.2
22.1	-10.281	2.870	56.8
22.11	-10.283	17.375	37.1
22.12	-10.284	33.533	66.7
22.13	-10.285	45.641	112.3
22.14	-10.286	50.466	122.5
22.15	-10.288	51.127	132.8
22.16	-10.289	51.123	154.8
22.17	-10.289	50.464	166.5
22.18	-10.288	46.120	169.1
22.19	-10.284	35.917	154.1
22.2	-10.279	22.728	143.6
22.21	-10.269	10.214	114.3
22.22	-10.252	-0.345	62.2
22.23	-10.224	-8.658	3.1
22.24	-10.194	-14.780	-64.3
22.25	-10.167	-18.677	-95.2
22.26	-10.142	-20.525	-101.7
22.27	-10.112	-21.164	-101.0
22.28	-10.074	-21.419	-91.6
22.29	-10.031	-21.889	-87.4
22.3	-9.988	-23.353	-70.1
22.31	-9.943	-26.009	-71.2
22.32	-9.895	-28.930	-101.5
22.33	-9.845	-31.045	-89.1
22.34	-9.799	-31.898	-55.0
22.35	-9.758	-31.327	-78.3
22.36	-9.719	-29.144	-109.4
22.37	-9.681	-25.358	-89.9
22.38	-9.644	-20.552	-59.0
22.39	-9.606	-15.603	-49.3
22.4	-9.568	-10.948	-67.1
22.41	-9.528	-6.688	-80.4
22.42	-9.489	-3.283	-56.4
22.43	-9.453	-1.500	-38.6
22.44	-9.417	-1.544	-67.7
22.45	-9.381	-2.938	-96.2
22.46	-9.347	-5.380	-78.3
22.47	-9.313	-8.630	-45.3
22.48	-9.279	-11.903	-44.6
22.49	-9.244	-14.705	-58.8
22.5	-9.210	-17.408	-58.4
22.51	-9.177	-20.063	-62.6
22.52	-9.143	-22.086	-62.9
22.53	-9.106	-23.389	-11.8
22.54	-9.064	-24.294	45.6
22.55	-9.018	-24.795	18.5
22.56	-8.964	-24.755	-41.3
22.57	-8.904	-24.392	-60.1
22.58	-8.835	-24.181	-65.7
22.59	-8.760	-24.194	-79.5
22.6	-8.682	-23.891	-86.6
22.61	-8.603	-22.955	-53.1
22.62	-8.525	-21.866	-24.3
22.63	-8.449	-20.913	-5.4
22.64	-8.376	-19.750	163.0
22.65	-8.311	-18.450	453.5
22.66	-8.261	-17.628	540.6
22.67	-8.220	-17.286	262.2
22.68	-8.181	-16.816	-22.5
22.69	-8.144	-16.109	-85.4
22.7	-8.109	-15.638	-80.8
22.71	-8.072	-15.481	-96.2
22.72	-8.035	-15.003	-106.4
22.73	-7.996	-14.019	-74.0
22.74	-7.958	-13.048	-36.6
22.75	-7.922	-12.247	-46.3
22.76	-7.888	-10.939	-82.7
22.77	-7.853	-7.795	-52.1
22.78	-7.821	-0.967	2.0
22.79	-7.794	10.628	-7.0
22.8	-7.770	25.716	-9.6
22.81	-7.749	40.117	32.4
22.82	-7.729	48.627	57.2
22.83	-7.708	50.973	56.0
22.84	-7.688	51.114	86.1
22.85	-7.667	50.413	131.2
22.86	-7.648	45.923	148.2
22.87	-7.630	35.655	133.3
22.88	-7.614	22.703	90.8
22.89	-7.598	10.575	56.8
22.9	-7.584	0.125	19.1
22.91	-7.573	-8.373	-40.0
22.92	-7.562	-14.453	-92.3
22.93	-7.553	-18.233	-109.3
22.94	-7.547	-20.605	-104.7
22.95	-7.543	-22.170	-147.5
22.96	-7.538	-23.108	-171.2
22.97	-7.531	-23.834	-127.6
22.98	-7.524	-24.963	-118.3
22.99	-7.518	-26.891	-146.3
23.0	-7.510	-29.542	-134.6
23.01	-7.501	-32.248	-118.9
23.02	-7.494	-34.072	-138.1
23.03	-7.489	-34.486	-143.1
23.04	-7.486	-33.452	-116.5
23.05	-7.483	-31.152	-104.0
23.06	-7.480	-27.997	-107.9
23.07	-7.476	-24.398	-83.8
23.08	-7.473	-20.641	-89.3
23.09	-7.471	-16.963	-133.6
23.1	-7.470	-13.566	-127.4
23.11	-7.470	-10.803	-86.8
23.12	-7.471	-9.097	-90.4
23.13	-7.471	-8.517	-111.9
23.14	-7.471	-8.805	-89.4
23.15	-7.471	-9.750	-72.1
23.16	-7.472	-11.289	-88.8
23.17	-7.473	-13.425	-112.1
23.18	-7.474	-16.044	-112.1
23.19	-7.474	-18.708	-112.0
23.2	-7.474	-20.891	-114.6
23.21	-7.473	-22.444	-72.5
23.22	-7.474	-23.556	-43.1
23.23	-7.474	-24.356	-73.0
23.24	-7.476	-24.816	-109.0
23.25	-7.479	-24.955	-83.4
23.26	-7.481	-24.945	-15.8
23.27	-7.484	-24.780	12.6
23.28	-7.487	-24.280	-10.8
23.29	-7.488	-23.477	-43.5
23.3	-7.487	-22.519	-62.8
23.31	-7.486	-21.644	-71.2
23.32	-7.486	-21.055	-96.2
23.33	-7.489	-20.522	-112.9
23.34	-7.493	-19.848	-83.9
23.35	-7.496	-19.267	-29.8
23.36	-7.494	-18.914	38.6
23.37	-7.492	-18.525	256.4
23.38	-7.494	-17.881	568.3
23.39	-7.501	-17.223	558.6
23.4	-7.507	-16.945	220.6
23.41	-7.514	-16.969	-39.2
23.42	-7.521	-16.877	-105.9
23.43	-7.524	-16.967	-87.6
23.44	-7.519	-17.825	-72.4
23.45	-7.511	-18.473	-94.5
23.46	-7.506	-17.480	-114.9
23.47	-7.504	-15.833	-83.1
23.48	-7.503	-15.019	-41.4
23.49	-7.503	-13.042	-41.1
23.5	-7.504	-6.684	-21.7
23.51	-7.504	4.816	9.8
23.52	-7.505	20.302	5.1
23.53	-7.506	36.402	1.1
23.54	-7.506	47.203	37.3
23.55	-7.508	50.781	85.1
23.56	-7.509	51.128	108.2
23.57	-7.511	51.095	119.7
23.58	-7.513	49.952	150.7
23.59	-7.515	44.353	166.3
23.6	-7.518	33.139	134.9
23.61	-7.520	19.888	136.9
23.62	-7.523	7.586	117.1
23.63	-7.525	-2.859	22.5
23.64	-7.528	-10.925	-48.8
23.65	-7.532	-16.558	-73.2
23.66	-7.538	-20.117	-74.7
23.67	-7.548	-22.108	-95.3
23.68	-7.559	-23.070	-145.1
23.69	-7.569	-23.530	-166.3
23.7	-7.582	-24.047	-155.9
23.71	-7.597	-25.247	-140.5
23.72	-7.617	-27.403	-116.3
23.73	-7.645	-30.011	-92.3
23.74	-7.688	-32.091	-97.2
23.75	-7.748	-32.997	-133.9
23.76	-7.828	-32.686	-158.6
23.77	-7.925	-31.302	-135.7
23.78	-8.032	-29.020	-101.2
23.79	-8.139	-26.069	-92.0
23.8	-8.240	-22.655	-82.1
23.81	-8.331	-19.023	-71.2
23.82	-8.410	-15.566	-99.3
23.83	-8.479	-12.663	-126.0
23.84	-8.539	-10.523	-94.7
23.85	-8.592	-9.275	-66.7
23.86	-8.641	-8.944	-77.9
23.87	-8.684	-9.411	-75.0
23.88	-8.726	-10.569	-84.6
23.89	-8.769	-12.448	-110.8
23.9	-8.814	-14.892	-99.7
23.91	-8.863	-17.470	-82.8
23.92	-8.917	-19.802	-67.3
23.93	-8.974	-21.755	-48.4
23.94	-9.031	-23.463	-48.5
23.95	-9.086	-24.833	-46.1
23.96	-9.139	-25.561	-27.0
23.97	-9.190	-25.719	-24.9
23.98	-9.239	-25.500	-33.1
23.99	-9.283	-24.839	13.8
24.0	-9.322	-23.756	49.5
24.01	-9.361	-22.623	5.4
24.02	-9.398	-21.880	-37.8
24.03	-9.432	-21.588	-60.2
24.04	-9.467	-21.073	-67.4
24.05	-9.502	-19.719	-65.5
24.06	-9.536	-19.253	-45.9
24.07	-9.566	-20.441	14.8
24.08	-9.594	-20.873	87.5
24.09	-9.619	-20.522	259.5
24.1	-9.646	-20.258	536.0
24.11	-9.670	-19.580	565.2
24.12	-9.693	-18.742	210.9
24.13	-9.716	-17.678	-56.1
24.14	-9.740	-16.538	-43.3
24.15	-9.764	-15.928	-18.1
24.16	-9.786	-15.413	-26.2
24.17	-9.806	-14.811	-29.9
24.18	-9.824	-14.414	-65.4
24.19	-9.844	-13.908	-96.5
24.2	-9.864	-13.236	-49.2
24.21	-9.884	-12.181	23.4
24.22	-9.904	-9.084	30.9
24.23	-9.923	-1.145	10.2
24.24	-9.941	12.675	20.4
24.25	-9.958	29.384	64.0
24.26	-9.974	43.175	75.8
24.27	-9.988	49.786	69.7
24.28	-10.001	51.091	133.4
24.29	-10.013	51.133	184.7
24.3	-10.024	51.080	182.9
24.31	-10.037	49.686	166.1
24.32	-10.051	43.291	152.4
24.33	-10.064	30.933	161.8
24.34	-10.078	16.833	123.4
24.35	-10.091	4.608	67.4
24.36	-10.101	-4.952	34.5
24.37	-10.109	-12.063	-21.8
24.38	-10.121	-16.986	-90.0
24.39	-10.134	-20.091	-124.7
24.4	-10.144	-21.713	-100.9
24.41	-10.152	-22.506	-64.2
24.42	-10.158	-23.334	-74.3
24.43	-10.164	-24.641	-115.2
24.44	-10.171	-26.777	-117.1
24.45	-10.176	-29.653	-97.5
24.46	-10.182	-32.566	-104.5
24.47	-10.189	-34.563	-92.8
24.48	-10.198	-34.697	-62.4
24.49	-10.207	-32.647	-70.5
24.5	-10.214	-28.822	-78.1
24.51	-10.218	-23.942	-71.1
24.52	-10.221	-18.711	-83.3
24.53	-10.221	-13.623	-68.2
24.54	-10.221	-9.034	-51.9
24.55	-10.218	-5.167	-58.6
24.56	-10.215	-2.223	-51.9
24.57	-10.210	-0.598	-52.1
24.58	-10.204	-0.636	-53.9
24.59	-10.197	-2.105	-49.8
24.6	-10.188	-4.242	-46.5
24.61	-10.175	-6.606	-36.2
24.62	-10.156	-9.411	-31.7
24.63	-10.132	-12.719	-49.2
24.64	-10.108	-15.916	-69.8
24.65	-10.086	-18.305	-20.5
24.66	-10.067	-20.006	63.9
24.67	-10.045	-21.713	59.3
24.68	-10.021	-23.359	-20.1
24.69	-9.996	-24.222	-78.7
24.7	-9.967	-24.277	-63.4
24.71	-9.936	-24.059	-41.0
24.72	-9.902	-23.534	-66.6
24.73	-9.871	-22.453	-59.6
24.74	-9.836	-21.278	-12.8
24.75	-9.793	-20.523	24.7
24.76	-9.742	-19.853	139.3
24.77	-9.693	-19.058	408.9
24.78	-9.644	-18.695	535.4
24.79	-9.594	-18.819	259.2
24.8	-9.544	-18.777	-18.8
24.81	-9.496	-18.512	-45.8
24.82	-9.449	-18.631	-43.9
24.83	-9.399	-19.078	-91.8
24.84	-9.346	-19.084	-92.9
24.85	-9.291	-18.441	-39.9
24.86	-9.241	-17.566	-32.1
24.87	-9.193	-16.577	-60.7
24.88	-9.146	-14.758	-51.3
24.89	-9.098	-11.163	-9.2
24.9	-9.052	-4.311	7.5
24.91	-9.009	7.753	7.0
24.92	-8.969	24.572	15.8
24.93	-8.931	40.581	27.9
24.94	-8.894	49.148	53.1
24.95	-8.858	51.056	94.1
24.96	-8.821	51.133	116.4
24.97	-8.782	51.092	140.7
24.98	-8.742	49.856	162.7
24.99	-8.703	43.714	146.3
25.0	-8.665	31.314	123.6
25.01	-8.628	16.764	88.5
25.02	-8.593	3.828	13.7
25.03	-8.559	-6.328	-46.2
25.04	-8.525	-13.588	-50.1
25.05	-8.492	-18.470	-61.7
25.06	-8.462	-21.564	-100.2
25.07	-8.433	-23.152	-140.2
25.08	-8.402	-23.589	-133.7
25.09	-8.370	-23.900	-93.7
25.1	-8.339	-25.316	-102.1
25.11	-8.306	-28.120	-129.3
25.12	-8.273	-31.623	-135.0
25.13	-8.241	-35.084	-102.9
25.14	-8.211	-37.784	-77.6
25.15	-8.182	-38.827	-120.0
25.16	-8.154	-37.681	-138.9
25.17	-8.127	-34.431	-100.3
25.18	-8.103	-29.653	-77.8
25.19	-8.079	-24.334	-78.3
25.2	-8.056	-19.281	-103.7
25.21	-8.032	-14.652	-119.6
25.22	-8.008	-10.463	-83.1
25.23	-7.984	-7.272	-52.1
25.24	-7.960	-5.545	-74.3
25.25	-7.937	-5.056	-116.6
25.26	-7.914	-5.569	-117.6
25.27	-7.894	-7.016	-69.2
25.28	-7.875	-9.214	-79.0
25.29	-7.857	-11.980	-110.0
25.3	-7.840	-15.095	-82.2
25.31	-7.822	-18.041	-80.4
25.32	-7.807	-20.248	-68.1
25.33	-7.794	-21.888	-28.8
25.34	-7.782	-23.580	-34.0
25.35	-7.770	-25.169	-60.5
25.36	-7.760	-25.972	-19.9
25.37	-7.749	-26.020	28.1
25.38	-7.741	-25.908	-31.8
25.39	-7.733	-25.741	-110.4
25.4	-7.726	-25.094	-119.3
25.41	-7.720	-24.092	-88.6
25.42	-7.715	-23.453	-71.2
25.43	-7.711	-23.250	-77.8
25.44	-7.705	-23.025	-49.7
25.45	-7.699	-22.656	67.1
25.46	-7.695	-22.075	335.3
25.47	-7.695	-21.397	592.6
25.48	-7.697	-21.002	457.8
25.49	-7.697	-20.670	73.1
