Interval=	0.01 s
ExcelDateTime=	3.9777415132669732e+004	25/11/2008 9:57:47.462665
TimeFormat=	StartOfBlock
ChannelTitle=	Channel 1	Channel 2	Channel 3
Range=	20.000 mV	50.000 mV	1000.0 µV
0.0	-9.640	-22.008	7.5
0.01	-9.634	-26.283	38.3
0.02	-9.622	-29.677	56.7
0.03	-9.606	-31.820	26.4
0.04	-9.586	-32.936	-7.3
0.05	-9.566	-33.423	-13.1
0.06	-9.549	-33.591	-16.9
0.07	-9.533	-33.423	-45.0
0.08	-9.516	-32.903	-66.9
0.09	-9.492	-32.134	-31.8
0.1	-9.459	-30.994	22.6
0.11	-9.420	-29.466	124.8
0.12	-9.384	-27.777	372.6
0.13	-9.356	-26.211	536.6
0.14	-9.333	-24.986	339.1
0.15	-9.314	-24.002	39.4
0.16	-9.299	-23.038	-56.4
0.17	-9.284	-22.131	-43.0
0.18	-9.271	-21.625	-43.0
0.19	-9.254	-21.830	-53.0
0.2	-9.236	-22.439	-51.2
0.21	-9.217	-22.666	-39.1
0.22	-9.201	-22.144	-21.7
0.23	-9.185	-21.073	-2.1
0.24	-9.168	-19.325	6.5
0.25	-9.150	-14.995	0.5
0.26	-9.133	-3.628	8.7
0.27	-9.117	17.442	27.3
0.28	-9.101	39.144	32.3
0.29	-9.081	49.517	52.9
0.3	-9.058	51.109	77.6
0.31	-9.034	51.134	103.5
0.32	-9.008	51.139	131.9
0.33	-8.978	51.139	122.7
0.34	-8.947	51.139	110.3
0.35	-8.916	51.127	120.4
0.36	-8.884	50.556	87.9
0.37	-8.852	45.338	34.4
0.38	-8.818	30.964	-2.5
0.39	-8.782	11.317	-49.1
0.4	-8.748	-6.648	-80.7
0.41	-8.717	-20.638	-97.2
0.42	-8.689	-30.616	-109.8
0.43	-8.661	-37.044	-109.3
0.44	-8.634	-40.502	-96.6
0.45	-8.607	-41.986	-85.7
0.46	-8.580	-43.083	-99.8
0.47	-8.553	-45.097	-118.3
0.48	-8.524	-48.017	-119.6
0.49	-8.494	-50.308	-115.3
0.5	-8.464	-51.073	-96.2
0.51	-8.434	-51.022	-85.3
0.52	-8.404	-49.730	-92.6
0.53	-8.375	-45.447	-92.7
0.54	-8.346	-38.228	-100.0
0.55	-8.316	-29.617	-109.5
0.56	-8.285	-20.436	-99.7
0.57	-8.254	-10.984	-84.9
0.58	-8.225	-2.309	-90.1
0.59	-8.197	4.036	-98.1
0.6	-8.170	8.156	-105.9
0.61	-8.144	10.445	-117.7
0.62	-8.117	9.956	-101.8
0.63	-8.093	6.441	-90.3
0.64	-8.069	1.063	-99.4
0.65	-8.046	-4.941	-98.7
0.66	-8.023	-10.853	-76.0
0.67	-8.002	-16.252	-65.8
0.68	-7.982	-21.181	-75.2
0.69	-7.964	-25.817	-54.7
0.7	-7.948	-30.109	-27.6
0.71	-7.934	-33.766	-9.0
0.72	-7.920	-36.369	-12.0
0.73	-7.907	-37.867	-47.0
0.74	-7.896	-38.550	-73.2
0.75	-7.886	-38.728	-73.1
0.76	-7.879	-38.561	-77.5
0.77	-7.873	-38.087	-96.8
0.78	-7.868	-37.386	-88.8
0.79	-7.862	-36.402	-50.9
0.8	-7.853	-35.141	4.3
0.81	-7.840	-33.939	170.4
0.82	-7.829	-33.017	470.3
0.83	-7.820	-32.077	539.1
0.84	-7.813	-30.831	230.8
0.85	-7.806	-29.686	-39.2
0.86	-7.801	-28.969	-96.3
0.87	-7.794	-28.489	-91.0
0.88	-7.788	-28.222	-94.4
0.89	-7.779	-28.238	-96.5
0.9	-7.769	-28.358	-87.6
0.91	-7.759	-28.125	-70.5
0.92	-7.749	-26.941	-61.8
0.93	-7.739	-24.127	-53.9
0.94	-7.730	-17.877	-35.2
0.95	-7.723	-4.009	-37.0
0.96	-7.715	19.113	-25.6
0.97	-7.707	40.727	-2.5
0.98	-7.697	49.927	17.2
0.99	-7.688	51.113	51.0
1.0	-7.678	51.138	66.8
1.01	-7.666	51.139	74.0
1.02	-7.653	51.139	85.8
1.03	-7.641	51.136	96.8
1.04	-7.629	51.123	89.2
1.05	-7.619	50.172	70.3
1.06	-7.608	43.264	44.7
1.07	-7.598	26.750	-4.3
1.08	-7.587	6.241	-51.8
1.09	-7.576	-11.572	-87.8
1.1	-7.566	-25.194	-124.7
1.11	-7.556	-34.769	-144.5
1.12	-7.546	-40.669	-134.3
1.13	-7.535	-43.430	-135.8
1.14	-7.523	-44.150	-140.9
1.15	-7.510	-44.469	-134.1
1.16	-7.496	-45.778	-137.4
1.17	-7.482	-48.242	-157.9
1.18	-7.469	-50.342	-155.4
1.19	-7.454	-51.072	-128.4
1.2	-7.441	-51.084	-116.5
1.21	-7.428	-50.219	-116.6
1.22	-7.414	-46.928	-121.1
1.23	-7.399	-41.011	-128.4
1.24	-7.383	-33.902	-132.6
1.25	-7.367	-26.573	-123.2
1.26	-7.351	-19.348	-114.2
1.27	-7.334	-12.550	-118.9
1.28	-7.317	-6.741	-124.2
1.29	-7.300	-2.570	-113.8
1.3	-7.282	-0.459	-124.9
1.31	-7.264	-0.475	-145.8
1.32	-7.246	-2.406	-123.4
1.33	-7.226	-5.806	-103.2
1.34	-7.208	-10.103	-125.2
1.35	-7.191	-14.781	-133.9
1.36	-7.173	-19.367	-116.6
1.37	-7.155	-23.534	-122.2
1.38	-7.137	-27.308	-118.9
1.39	-7.118	-30.761	-103.1
1.4	-7.099	-33.759	-113.8
1.41	-7.080	-36.130	-114.9
1.42	-7.059	-37.881	-96.4
1.43	-7.039	-39.095	-99.8
1.44	-7.019	-39.780	-106.4
1.45	-6.999	-40.056	-101.1
1.46	-6.978	-40.239	-114.6
1.47	-6.958	-40.413	-112.1
1.48	-6.937	-39.980	-93.5
1.49	-6.916	-38.848	-82.8
1.5	-6.894	-37.798	-60.2
1.51	-6.874	-36.936	-53.8
1.52	-6.853	-35.942	-56.3
1.53	-6.832	-34.856	-18.7
1.54	-6.811	-33.805	7.7
1.55	-6.792	-32.852	-48.1
1.56	-6.773	-31.842	-92.8
1.57	-6.754	-30.530	-74.0
1.58	-6.739	-28.961	-83.5
1.59	-6.726	-27.403	-117.1
1.6	-6.713	-26.191	-95.6
1.61	-6.700	-25.195	-22.2
1.62	-6.684	-24.058	71.7
1.63	-6.669	-22.884	299.7
1.64	-6.657	-21.903	592.9
1.65	-6.648	-21.198	552.3
1.66	-6.639	-20.883	205.0
1.67	-6.630	-21.088	-41.2
1.68	-6.621	-21.888	-111.6
1.69	-6.612	-23.208	-96.9
1.7	-6.604	-24.816	-79.1
1.71	-6.598	-26.372	-90.5
1.72	-6.590	-27.523	-75.2
1.73	-6.583	-27.753	-50.4
1.74	-6.576	-26.275	-55.3
1.75	-6.571	-21.316	-60.9
1.76	-6.567	-8.398	-45.1
1.77	-6.565	15.386	-4.9
1.78	-6.563	39.098	43.7
1.79	-6.560	49.681	56.8
1.8	-6.556	51.108	55.5
1.81	-6.552	51.136	68.7
1.82	-6.548	51.139	89.0
1.83	-6.544	51.139	107.3
1.84	-6.542	51.139	125.3
1.85	-6.541	51.133	147.1
1.86	-6.543	51.011	158.8
1.87	-6.547	48.253	148.3
1.88	-6.553	36.620	94.9
1.89	-6.561	16.077	48.4
1.9	-6.569	-5.272	9.6
1.91	-6.578	-22.542	-67.8
1.92	-6.588	-35.127	-102.4
1.93	-6.598	-43.272	-92.3
1.94	-6.608	-47.583	-98.6
1.95	-6.618	-48.759	-116.8
1.96	-6.630	-47.991	-121.5
1.97	-6.643	-46.950	-110.1
1.98	-6.655	-47.072	-119.7
1.99	-6.668	-48.638	-123.0
2.0	-6.683	-50.339	-100.7
2.01	-6.699	-51.005	-90.9
2.02	-6.721	-50.330	-79.0
2.03	-6.746	-47.420	-79.2
2.04	-6.777	-42.136	-92.1
2.05	-6.810	-35.745	-83.8
2.06	-6.844	-29.070	-85.7
2.07	-6.876	-22.336	-89.2
2.08	-6.907	-15.952	-77.8
2.09	-6.938	-10.463	-71.1
2.1	-6.968	-6.245	-62.3
2.11	-6.998	-3.677	-70.4
2.12	-7.029	-3.072	-71.6
2.13	-7.062	-4.319	-60.6
2.14	-7.096	-7.102	-78.3
2.15	-7.129	-11.105	-77.4
2.16	-7.163	-15.781	-65.1
2.17	-7.196	-20.553	-61.1
2.18	-7.228	-25.111	-65.6
2.19	-7.258	-29.256	-79.6
2.2	-7.287	-32.941	-70.2
2.21	-7.316	-36.314	-59.5
2.22	-7.347	-39.231	-46.7
2.23	-7.378	-41.247	-37.3
2.24	-7.411	-42.261	-30.3
2.25	-7.444	-42.728	-2.1
2.26	-7.475	-43.153	24.3
2.27	-7.505	-43.567	26.5
2.28	-7.533	-43.666	-9.2
2.29	-7.558	-43.267	-48.0
2.3	-7.581	-42.447	-52.8
2.31	-7.604	-41.323	-61.3
2.32	-7.628	-39.964	-75.1
2.33	-7.652	-38.517	-56.9
2.34	-7.679	-37.119	-20.7
2.35	-7.703	-35.745	69.2
2.36	-7.723	-34.378	308.9
2.37	-7.744	-32.980	604.5
2.38	-7.766	-31.453	576.2
2.39	-7.787	-29.970	211.2
2.4	-7.809	-28.930	-44.2
2.41	-7.831	-28.481	-87.2
2.42	-7.854	-28.483	-73.2
2.43	-7.878	-28.728	-69.3
2.44	-7.901	-29.058	-57.8
2.45	-7.921	-29.356	-43.5
2.46	-7.939	-29.463	-45.3
2.47	-7.958	-28.986	-31.3
2.48	-7.976	-27.288	-12.9
2.49	-7.996	-22.744	2.4
2.5	-8.016	-11.345	12.1
2.51	-8.036	10.367	20.7
2.52	-8.056	34.805	59.8
2.53	-8.074	48.294	97.1
2.54	-8.092	51.038	105.7
2.55	-8.109	51.131	117.2
2.56	-8.124	51.139	149.6
2.57	-8.140	51.138	180.0
2.58	-8.156	51.123	191.3
2.59	-8.173	50.419	195.5
2.6	-8.191	44.459	166.0
2.61	-8.209	28.625	114.8
2.62	-8.225	7.234	61.0
2.63	-8.241	-12.580	2.9
2.64	-8.257	-28.533	-34.5
2.65	-8.276	-40.314	-73.4
2.66	-8.297	-47.584	-107.8
2.67	-8.316	-50.564	-121.2
2.68	-8.332	-51.120	-122.9
2.69	-8.348	-51.131	-113.1
2.7	-8.362	-51.038	-90.2
2.71	-8.376	-50.897	-77.2
2.72	-8.389	-50.945	-95.3
2.73	-8.403	-51.094	-108.6
2.74	-8.417	-51.136	-106.1
2.75	-8.431	-51.005	-97.3
2.76	-8.446	-49.653	-85.2
2.77	-8.462	-45.459	-79.2
2.78	-8.479	-38.703	-74.0
2.79	-8.497	-30.836	-65.4
2.8	-8.516	-22.767	-68.4
2.81	-8.534	-15.352	-81.5
2.82	-8.550	-8.995	-73.3
2.83	-8.565	-3.842	-62.8
2.84	-8.580	-0.395	-55.9
2.85	-8.594	0.808	-46.0
2.86	-8.610	-0.636	-43.1
2.87	-8.627	-4.506	-49.9
2.88	-8.646	-9.747	-65.3
2.89	-8.663	-15.203	-58.7
2.9	-8.683	-20.234	-31.5
2.91	-8.703	-24.698	-29.6
2.92	-8.726	-28.045	-16.7
2.93	-8.746	-30.383	53.7
2.94	-8.764	-32.828	73.4
2.95	-8.781	-35.203	5.0
2.96	-8.797	-36.789	-61.2
2.97	-8.815	-37.606	-79.2
2.98	-8.832	-37.638	-49.6
2.99	-8.852	-37.072	-45.5
3.0	-8.874	-36.398	-49.2
3.01	-8.894	-35.659	1.6
3.02	-8.908	-34.714	77.5
3.03	-8.921	-33.708	261.3
3.04	-8.936	-32.841	497.0
3.05	-8.949	-32.139	457.8
3.06	-8.957	-31.447	148.1
3.07	-8.964	-30.613	-47.4
3.08	-8.972	-29.672	-36.4
3.09	-8.981	-28.928	-14.2
3.1	-8.989	-28.692	-26.1
3.11	-8.991	-28.870	-34.7
3.12	-8.991	-28.973	-34.9
3.13	-8.989	-28.450	-29.3
3.14	-8.991	-27.123	-32.0
3.15	-8.993	-25.095	-14.8
3.16	-8.996	-21.517	10.4
3.17	-8.999	-13.347	27.6
3.18	-9.000	3.509	45.5
3.19	-8.999	26.989	63.3
3.2	-8.999	44.780	89.9
3.21	-8.998	50.636	94.3
3.22	-8.997	51.117	100.5
3.23	-8.998	51.139	134.1
3.24	-9.001	51.125	172.2
3.25	-9.008	50.748	178.2
3.26	-9.014	46.486	153.9
3.27	-9.018	33.300	130.3
3.28	-9.021	13.814	87.2
3.29	-9.019	-4.891	36.9
3.3	-9.013	-20.130	-5.9
3.31	-9.002	-31.894	-31.7
3.32	-8.996	-40.286	-59.5
3.33	-8.992	-45.466	-100.0
3.34	-8.984	-47.734	-94.0
3.35	-8.973	-47.617	-81.3
3.36	-8.962	-46.100	-85.6
3.37	-8.951	-44.388	-90.2
3.38	-8.942	-43.463	-99.1
3.39	-8.933	-43.783	-75.6
3.4	-8.925	-44.955	-69.4
3.41	-8.917	-45.769	-98.3
3.42	-8.908	-44.953	-89.4
3.43	-8.897	-41.914	-76.4
3.44	-8.885	-36.847	-75.6
3.45	-8.872	-30.419	-57.8
3.46	-8.858	-23.316	-51.3
3.47	-8.842	-16.113	-60.7
3.48	-8.827	-9.289	-70.1
3.49	-8.811	-3.423	-76.0
3.5	-8.795	0.709	-59.1
3.51	-8.779	2.602	-50.0
3.52	-8.764	2.169	-74.8
3.53	-8.748	-0.297	-68.8
3.54	-8.731	-4.167	-37.5
3.55	-8.716	-8.845	-50.3
3.56	-8.700	-13.880	-54.8
3.57	-8.686	-18.770	-22.0
3.58	-8.671	-22.963	-8.1
3.59	-8.656	-26.164	1.3
3.6	-8.641	-28.444	-3.3
3.61	-8.626	-29.936	-47.2
3.62	-8.613	-30.767	-85.8
3.63	-8.601	-31.016	-93.3
3.64	-8.591	-30.622	-92.3
3.65	-8.582	-29.592	-80.3
3.66	-8.576	-28.194	-47.5
3.67	-8.570	-26.891	-18.6
3.68	-8.559	-25.989	50.9
3.69	-8.547	-25.403	267.2
3.7	-8.539	-24.834	470.6
3.71	-8.532	-24.059	362.8
3.72	-8.526	-23.159	83.8
3.73	-8.519	-22.477	-62.5
3.74	-8.512	-22.252	-91.4
3.75	-8.504	-22.452	-85.1
3.76	-8.494	-22.889	-85.8
3.77	-8.482	-23.213	-104.0
3.78	-8.469	-23.019	-84.0
3.79	-8.456	-22.281	-57.0
3.8	-8.443	-21.058	-47.9
3.81	-8.431	-18.583	-43.3
3.82	-8.422	-12.627	-54.9
3.83	-8.414	0.241	-46.2
3.84	-8.409	20.620	-17.0
3.85	-8.404	40.144	10.3
3.86	-8.399	49.491	44.7
3.87	-8.393	51.092	55.1
3.88	-8.387	51.122	49.8
3.89	-8.383	50.844	59.0
3.9	-8.377	47.244	86.1
3.91	-8.373	35.433	113.8
3.92	-8.370	17.173	97.3
3.93	-8.367	-0.914	64.5
3.94	-8.366	-15.594	28.6
3.95	-8.364	-26.461	-32.7
3.96	-8.363	-33.841	-83.8
3.97	-8.361	-38.248	-113.8
3.98	-8.360	-40.283	-134.0
3.99	-8.359	-40.530	-146.3
4.0	-8.358	-39.238	-141.2
4.01	-8.356	-36.911	-129.8
4.02	-8.352	-34.781	-121.5
4.03	-8.347	-33.897	-135.6
4.04	-8.341	-34.513	-153.5
4.05	-8.334	-35.859	-138.7
4.06	-8.327	-36.517	-125.9
4.07	-8.319	-35.644	-118.9
4.08	-8.311	-33.266	-123.3
4.09	-8.303	-29.753	-129.2
4.1	-8.294	-25.491	-118.1
4.11	-8.284	-20.802	-120.3
4.12	-8.272	-16.061	-127.1
4.13	-8.257	-11.622	-107.0
4.14	-8.240	-7.906	-102.1
4.15	-8.221	-5.450	-124.4
4.16	-8.202	-4.475	-125.7
4.17	-8.181	-4.877	-128.8
4.18	-8.158	-6.531	-126.2
4.19	-8.131	-9.169	-106.8
4.2	-8.102	-12.373	-111.6
4.21	-8.071	-15.700	-129.1
4.22	-8.042	-18.705	-135.7
4.23	-8.012	-21.184	-131.3
4.24	-7.982	-23.117	-124.1
4.25	-7.954	-24.423	-136.5
4.26	-7.927	-25.081	-137.2
4.27	-7.901	-25.305	-110.7
4.28	-7.876	-25.314	-106.8
4.29	-7.851	-25.133	-122.8
4.3	-7.828	-24.880	-132.0
4.31	-7.807	-24.647	-119.6
4.32	-7.788	-24.286	-99.5
4.33	-7.769	-23.739	-88.2
4.34	-7.750	-23.077	-78.8
4.35	-7.731	-22.284	-53.2
4.36	-7.713	-21.438	-18.2
4.37	-7.696	-20.722	-39.9
4.38	-7.679	-20.314	-91.8
4.39	-7.663	-20.138	-115.6
4.4	-7.648	-19.758	-110.5
4.41	-7.635	-19.006	-99.1
4.42	-7.622	-18.186	-104.7
4.43	-7.609	-17.503	-78.9
4.44	-7.593	-16.950	-7.1
4.45	-7.574	-16.606	125.8
4.46	-7.557	-16.538	385.3
4.47	-7.543	-16.573	567.3
4.48	-7.529	-16.572	372.0
4.49	-7.515	-16.511	42.2
4.5	-7.501	-16.436	-86.0
4.51	-7.485	-16.578	-100.4
4.52	-7.468	-17.111	-98.7
4.53	-7.451	-17.825	-115.4
4.54	-7.435	-18.305	-137.1
4.55	-7.419	-18.113	-95.4
4.56	-7.402	-16.916	-44.8
4.57	-7.387	-14.070	-44.9
4.58	-7.374	-7.406	-74.8
4.59	-7.362	6.314	-59.7
4.6	-7.351	26.358	-19.9
4.61	-7.339	43.372	-16.5
4.62	-7.328	50.245	5.8
4.63	-7.316	51.119	42.7
4.64	-7.304	51.053	61.0
4.65	-7.293	49.125	73.0
4.66	-7.280	40.470	96.3
4.67	-7.268	24.164	117.0
4.68	-7.256	6.069	126.7
4.69	-7.244	-9.214	119.9
4.7	-7.234	-20.716	73.9
4.71	-7.224	-28.772	18.7
4.72	-7.214	-33.934	-25.6
4.73	-7.204	-36.544	-75.4
4.74	-7.196	-37.061	-116.8
4.75	-7.189	-35.980	-124.7
4.76	-7.181	-33.698	-133.5
4.77	-7.173	-30.897	-160.6
4.78	-7.166	-28.450	-160.1
4.79	-7.158	-27.081	-163.4
4.8	-7.151	-27.189	-164.7
4.81	-7.141	-28.389	-125.1
4.82	-7.132	-29.550	-112.7
4.83	-7.123	-29.600	-129.1
4.84	-7.115	-28.170	-131.4
4.85	-7.108	-25.548	-145.3
4.86	-7.103	-22.191	-148.4
4.87	-7.099	-18.505	-116.4
4.88	-7.096	-14.853	-89.0
4.89	-7.093	-11.494	-95.3
4.9	-7.091	-8.719	-117.8
4.91	-7.089	-6.778	-110.9
4.92	-7.088	-5.713	-100.9
4.93	-7.086	-5.548	-102.9
4.94	-7.084	-6.413	-96.9
4.95	-7.083	-8.217	-100.3
4.96	-7.083	-10.514	-108.4
4.97	-7.083	-12.891	-105.1
4.98	-7.083	-15.173	-86.9
4.99	-7.083	-17.177	-83.9
5.0	-7.084	-18.792	-100.2
5.01	-7.086	-20.055	-90.0
5.02	-7.087	-20.992	-80.2
5.03	-7.089	-21.606	-88.2
5.04	-7.091	-21.786	-76.3
5.05	-7.094	-21.442	-57.8
5.06	-7.098	-20.827	-43.4
5.07	-7.101	-20.341	-26.9
5.08	-7.105	-20.067	3.2
5.09	-7.108	-19.827	8.4
5.1	-7.111	-19.483	-30.8
5.11	-7.114	-19.031	-62.5
5.12	-7.117	-18.530	-83.5
5.13	-7.120	-17.898	-93.0
5.14	-7.124	-17.236	-90.6
5.15	-7.129	-16.813	-90.5
5.16	-7.133	-16.330	-59.8
5.17	-7.134	-15.613	54.6
5.18	-7.133	-15.038	300.8
5.19	-7.136	-14.711	597.5
5.2	-7.144	-14.514	591.0
5.21	-7.151	-14.309	222.0
5.22	-7.159	-13.914	-57.0
5.23	-7.166	-13.503	-102.4
5.24	-7.172	-13.486	-83.7
5.25	-7.176	-13.922	-69.8
5.26	-7.177	-14.444	-72.5
5.27	-7.176	-14.586	-72.0
5.28	-7.176	-14.144	-62.5
5.29	-7.175	-13.170	-66.8
5.3	-7.176	-11.111	-64.8
5.31	-7.177	-5.775	-33.9
5.32	-7.178	5.769	-7.3
5.33	-7.179	23.522	18.3
5.34	-7.181	40.619	46.8
5.35	-7.182	49.320	61.6
5.36	-7.184	51.063	87.3
5.37	-7.187	50.613	112.8
5.38	-7.189	46.220	113.8
5.39	-7.192	34.197	140.1
5.4	-7.195	17.270	169.8
5.41	-7.199	0.975	157.4
5.42	-7.204	-12.353	137.3
5.43	-7.210	-22.320	93.4
5.44	-7.216	-29.138	30.7
5.45	-7.222	-33.172	-15.5
5.46	-7.228	-34.784	-52.4
5.47	-7.234	-34.459	-100.3
5.48	-7.242	-32.898	-143.1
5.49	-7.250	-30.678	-145.3
5.5	-7.258	-28.233	-136.0
5.51	-7.266	-26.239	-141.5
5.52	-7.276	-25.322	-141.6
5.53	-7.285	-25.622	-137.2
5.54	-7.294	-26.688	-131.2
5.55	-7.303	-27.492	-128.7
5.56	-7.312	-27.009	-124.5
5.57	-7.321	-24.931	-101.4
5.58	-7.329	-21.742	-100.4
5.59	-7.338	-18.137	-119.0
5.6	-7.348	-14.498	-123.0
5.61	-7.359	-10.989	-119.1
5.62	-7.370	-7.788	-103.6
5.63	-7.382	-5.172	-82.8
5.64	-7.393	-3.505	-74.6
5.65	-7.405	-3.034	-89.6
5.66	-7.417	-3.673	-109.6
5.67	-7.430	-5.109	-112.0
5.68	-7.444	-7.127	-97.5
5.69	-7.458	-9.567	-94.9
5.7	-7.475	-12.109	-105.1
5.71	-7.492	-14.434	-92.1
5.72	-7.511	-16.442	-82.6
5.73	-7.530	-18.102	-85.6
5.74	-7.549	-19.325	-90.8
5.75	-7.569	-20.072	-96.8
5.76	-7.588	-20.398	-78.7
5.77	-7.607	-20.363	-50.9
5.78	-7.625	-19.956	-33.7
5.79	-7.642	-19.281	-29.1
5.8	-7.658	-18.645	-9.0
5.81	-7.673	-18.253	9.1
5.82	-7.685	-18.047	-20.9
5.83	-7.697	-17.831	-52.7
5.84	-7.709	-17.448	-60.1
5.85	-7.721	-16.852	-72.6
5.86	-7.734	-16.133	-90.1
5.87	-7.748	-15.455	-83.7
5.88	-7.762	-14.861	-49.1
5.89	-7.774	-14.333	6.4
5.9	-7.782	-13.833	183.7
5.91	-7.793	-13.305	511.9
5.92	-7.806	-12.800	665.8
5.93	-7.819	-12.445	389.9
5.94	-7.833	-12.334	36.5
5.95	-7.848	-12.481	-85.4
5.96	-7.861	-12.750	-96.5
5.97	-7.876	-12.877	-78.3
5.98	-7.889	-12.769	-51.1
5.99	-7.902	-12.563	-41.3
6.0	-7.913	-12.269	-50.9
6.01	-7.923	-11.838	-48.0
6.02	-7.933	-10.972	-38.0
6.03	-7.946	-8.173	-27.2
6.04	-7.961	-0.642	20.6
6.05	-7.977	13.592	57.3
6.06	-7.993	31.716	51.9
6.07	-8.008	45.445	58.8
6.08	-8.021	50.525	95.3
6.09	-8.034	51.033	123.9
6.1	-8.047	49.080	134.9
6.11	-8.059	40.780	150.3
6.12	-8.072	25.448	190.5
6.13	-8.084	8.289	213.6
6.14	-8.097	-6.589	176.4
6.15	-8.109	-17.964	134.3
6.16	-8.123	-25.806	92.8
6.17	-8.136	-30.667	35.0
6.18	-8.147	-33.127	-32.2
6.19	-8.158	-33.613	-91.3
6.2	-8.171	-32.539	-94.0
6.21	-8.187	-30.392	-90.3
6.22	-8.201	-27.703	-111.5
6.23	-8.214	-25.111	-112.2
6.24	-8.226	-23.434	-98.5
6.25	-8.237	-23.244	-95.8
6.26	-8.246	-24.302	-109.0
6.27	-8.257	-25.603	-117.9
6.28	-8.269	-26.028	-97.3
6.29	-8.281	-24.948	-87.8
6.3	-8.295	-22.339	-94.4
6.31	-8.309	-18.470	-78.4
6.32	-8.324	-13.803	-59.9
6.33	-8.339	-9.117	-61.2
6.34	-8.354	-5.119	-74.2
6.35	-8.366	-2.103	-77.0
6.36	-8.378	-0.203	-58.7
6.37	-8.391	0.559	-41.0
6.38	-8.403	0.188	-57.8
6.39	-8.414	-1.327	-71.1
6.4	-8.426	-3.836	-65.3
6.41	-8.437	-6.988	-64.8
6.42	-8.448	-10.281	-52.3
6.43	-8.459	-13.288	-41.8
6.44	-8.471	-15.731	-19.9
6.45	-8.483	-17.475	-10.3
6.46	-8.496	-18.592	-20.6
6.47	-8.509	-19.188	-8.9
6.48	-8.521	-19.327	8.8
6.49	-8.532	-19.144	22.3
6.5	-8.542	-18.750	-0.6
6.51	-8.552	-18.119	-33.6
6.52	-8.563	-17.234	-33.7
6.53	-8.576	-16.255	-41.9
6.54	-8.590	-15.394	-53.7
6.55	-8.604	-14.761	-42.2
6.56	-8.619	-14.375	-26.2
6.57	-8.629	-14.089	18.6
6.58	-8.634	-13.630	167.1
6.59	-8.640	-13.030	427.2
6.6	-8.648	-12.522	550.3
6.61	-8.655	-11.986	324.3
6.62	-8.661	-11.564	47.0
6.63	-8.666	-11.628	-45.2
6.64	-8.671	-11.847	-54.0
6.65	-8.676	-11.903	-39.9
6.66	-8.678	-11.881	-25.2
6.67	-8.676	-11.677	-44.4
6.68	-8.674	-11.220	-52.2
6.69	-8.672	-10.603	-11.4
6.7	-8.672	-9.563	-0.2
6.71	-8.673	-7.139	4.5
6.72	-8.676	-1.206	28.0
6.73	-8.678	10.745	24.9
6.74	-8.680	27.950	41.8
6.75	-8.679	43.170	83.7
6.76	-8.675	50.014	98.5
6.77	-8.671	51.089	96.0
6.78	-8.666	50.156	118.3
6.79	-8.659	44.063	152.9
6.8	-8.652	30.195	159.4
6.81	-8.643	13.184	173.1
6.82	-8.631	-1.756	177.3
6.83	-8.617	-13.336	120.7
6.84	-8.602	-21.609	57.8
6.85	-8.584	-26.861	5.1
6.86	-8.565	-29.486	-46.9
6.87	-8.544	-29.953	-70.0
6.88	-8.526	-28.878	-86.1
6.89	-8.510	-26.991	-84.5
6.9	-8.494	-24.891	-78.7
6.91	-8.477	-23.148	-89.4
6.92	-8.458	-22.209	-83.3
6.93	-8.440	-22.239	-92.8
6.94	-8.423	-23.228	-103.0
6.95	-8.407	-24.695	-89.2
6.96	-8.389	-25.555	-89.3
6.97	-8.370	-24.878	-77.8
6.98	-8.351	-22.425	-65.4
6.99	-8.331	-18.502	-85.0
7.0	-8.312	-13.803	-90.0
7.01	-8.293	-9.098	-72.4
7.02	-8.274	-4.847	-63.4
7.03	-8.256	-1.266	-61.8
7.04	-8.238	1.391	-47.2
7.05	-8.220	2.736	-51.3
7.06	-8.203	2.391	-75.4
7.07	-8.187	0.425	-90.8
7.08	-8.172	-2.569	-95.6
7.09	-8.156	-5.900	-65.3
7.1	-8.141	-9.072	-44.8
7.11	-8.125	-11.838	-66.5
7.12	-8.112	-14.202	-66.9
7.13	-8.100	-16.216	-37.6
7.14	-8.089	-17.666	-13.3
7.15	-8.079	-18.363	-0.4
7.16	-8.070	-18.548	-3.5
7.17	-8.061	-18.427	-27.0
7.18	-8.053	-17.966	-58.8
7.19	-8.044	-17.298	-89.0
7.2	-8.037	-16.620	-99.6
7.21	-8.029	-15.933	-88.7
7.22	-8.024	-15.275	-72.0
7.23	-8.017	-14.802	-51.8
7.24	-8.007	-14.478	-12.5
7.25	-7.993	-14.022	156.9
7.26	-7.981	-13.289	469.5
7.27	-7.971	-12.534	561.0
7.28	-7.961	-12.109	259.3
7.29	-7.951	-12.127	-36.4
7.3	-7.942	-12.486	-106.9
7.31	-7.934	-12.853	-96.3
7.32	-7.927	-12.895	-106.5
7.33	-7.918	-12.566	-112.8
7.34	-7.906	-11.914	-86.3
7.35	-7.894	-10.994	-77.2
7.36	-7.883	-9.870	-71.0
7.37	-7.871	-7.992	-50.6
7.38	-7.859	-3.367	-46.8
7.39	-7.850	6.800	-38.5
7.4	-7.843	23.081	-15.9
7.41	-7.836	39.753	-4.0
7.42	-7.829	48.961	4.5
7.43	-7.822	51.036	41.8
7.44	-7.816	50.459	80.7
7.45	-7.809	45.603	85.3
7.46	-7.803	33.623	87.8
7.47	-7.796	18.092	115.5
7.48	-7.791	4.083	126.1
7.49	-7.786	-6.803	92.8
7.5	-7.781	-14.630	58.8
7.51	-7.776	-19.814	16.1
7.52	-7.771	-22.842	-68.1
7.53	-7.766	-24.238	-135.5
7.54	-7.761	-24.461	-142.9
7.55	-7.756	-23.817	-124.3
7.56	-7.751	-22.548	-113.4
7.57	-7.748	-21.050	-130.5
7.58	-7.744	-19.973	-148.5
7.59	-7.740	-19.919	-144.4
7.6	-7.736	-21.011	-142.3
7.61	-7.732	-22.705	-133.6
7.62	-7.728	-23.970	-126.4
7.63	-7.724	-23.981	-129.3
7.64	-7.719	-22.450	-118.9
7.65	-7.715	-19.559	-120.7
7.66	-7.712	-15.909	-137.0
7.67	-7.709	-12.028	-128.4
7.68	-7.708	-8.183	-105.8
7.69	-7.708	-4.691	-104.6
7.7	-7.707	-1.947	-96.8
7.71	-7.706	-0.316	-98.4
7.72	-7.704	0.030	-116.3
7.73	-7.701	-0.786	-110.9
7.74	-7.699	-2.478	-109.2
7.75	-7.696	-4.689	-108.1
7.76	-7.694	-7.095	-101.7
7.77	-7.691	-9.489	-102.7
7.78	-7.688	-11.692	-107.5
7.79	-7.684	-13.586	-118.2
7.8	-7.683	-15.052	-113.9
7.81	-7.682	-15.963	-103.3
7.82	-7.682	-16.433	-97.6
7.83	-7.681	-16.678	-84.3
7.84	-7.682	-16.770	-93.6
7.85	-7.683	-16.755	-111.1
7.86	-7.684	-16.733	-98.0
7.87	-7.686	-16.616	-92.9
7.88	-7.686	-16.177	-94.7
7.89	-7.685	-15.505	-75.8
7.9	-7.684	-14.975	-62.5
7.91	-7.682	-14.794	-77.7
7.92	-7.681	-14.775	-84.4
7.93	-7.679	-14.580	-87.7
7.94	-7.678	-14.133	-118.1
7.95	-7.678	-13.594	-106.2
7.96	-7.678	-13.025	-66.3
7.97	-7.679	-12.456	-63.4
7.98	-7.681	-11.961	-57.4
7.99	-7.683	-11.545	-40.4
8.0	-7.684	-11.248	-38.0
8.01	-7.686	-11.097	-12.1
8.02	-7.687	-10.994	22.8
8.03	-7.687	-10.883	-4.8
8.04	-7.687	-10.830	-63.2
8.05	-7.686	-10.806	-98.2
8.06	-7.686	-10.688	-100.0
8.07	-7.687	-10.523	-92.5
8.08	-7.688	-10.491	-75.2
8.09	-7.688	-10.528	-46.4
8.1	-7.686	-10.555	-9.2
8.11	-7.681	-10.691	171.9
8.12	-7.681	-10.817	514.8
8.13	-7.683	-10.819	674.9
8.14	-7.686	-10.922	405.8
8.15	-7.688	-11.245	46.2
8.16	-7.690	-11.700	-83.0
8.17	-7.691	-12.273	-101.8
8.18	-7.691	-12.889	-102.7
8.19	-7.690	-13.267	-94.0
8.2	-7.689	-13.202	-88.6
8.21	-7.686	-12.688	-87.3
8.22	-7.683	-11.419	-78.2
8.23	-7.681	-7.981	-57.9
8.24	-7.679	0.495	-54.3
8.25	-7.679	16.198	-39.2
8.26	-7.681	35.045	-18.1
8.27	-7.681	47.417	2.2
8.28	-7.681	50.911	34.9
8.29	-7.679	51.119	49.5
8.3	-7.678	50.684	69.5
8.31	-7.676	46.713	92.4
8.32	-7.674	35.936	113.3
8.33	-7.674	21.402	134.8
8.34	-7.674	8.278	134.7
8.35	-7.674	-1.917	135.3
8.36	-7.675	-9.333	125.1
8.37	-7.677	-14.306	62.0
8.38	-7.679	-17.217	-19.2
8.39	-7.683	-18.522	-61.4
8.4	-7.686	-18.606	-86.5
8.41	-7.689	-17.842	-124.2
8.42	-7.692	-16.717	-145.5
8.43	-7.694	-15.639	-147.1
8.44	-7.696	-14.955	-135.0
8.45	-7.699	-15.083	-126.9
8.46	-7.700	-16.217	-126.6
8.47	-7.700	-18.017	-123.8
8.48	-7.701	-19.709	-136.2
8.49	-7.701	-20.411	-139.9
8.5	-7.703	-19.539	-119.7
8.51	-7.706	-17.166	-115.0
8.52	-7.709	-13.853	-112.3
8.53	-7.713	-10.209	-104.3
8.54	-7.716	-6.742	-113.8
8.55	-7.719	-3.813	-105.3
8.56	-7.723	-1.573	-90.8
8.57	-7.724	-0.127	-98.7
8.58	-7.726	0.391	-111.2
8.59	-7.728	-0.016	-105.1
8.6	-7.731	-1.130	-97.2
8.61	-7.733	-2.798	-102.5
8.62	-7.736	-4.831	-92.0
8.63	-7.738	-6.956	-82.7
8.64	-7.741	-9.053	-87.3
8.65	-7.743	-10.992	-94.9
8.66	-7.746	-12.552	-109.7
8.67	-7.749	-13.664	-98.3
8.68	-7.753	-14.473	-75.4
8.69	-7.756	-15.169	-72.5
8.7	-7.759	-15.780	-79.0
8.71	-7.762	-16.159	-95.1
8.72	-7.764	-16.241	-103.1
8.73	-7.766	-16.106	-86.3
8.74	-7.769	-15.788	-79.6
8.75	-7.771	-15.367	-89.1
8.76	-7.774	-15.028	-79.0
8.77	-7.776	-14.809	-56.8
8.78	-7.780	-14.608	-42.3
8.79	-7.783	-14.361	-42.5
8.8	-7.788	-14.017	-26.5
8.81	-7.792	-13.592	21.2
8.82	-7.798	-13.164	39.0
8.83	-7.803	-12.719	2.0
8.84	-7.809	-12.172	-42.5
8.85	-7.814	-11.600	-70.6
8.86	-7.821	-11.178	-65.8
8.87	-7.829	-10.906	-63.9
8.88	-7.841	-10.722	-92.3
8.89	-7.854	-10.572	-72.9
8.9	-7.866	-10.377	-9.8
8.91	-7.876	-10.172	122.2
8.92	-7.888	-10.084	416.3
8.93	-7.904	-10.192	697.1
8.94	-7.922	-10.522	580.1
8.95	-7.939	-11.045	177.3
8.96	-7.955	-11.730	-52.6
8.97	-7.969	-12.528	-84.6
8.98	-7.982	-13.211	-74.8
8.99	-7.995	-13.561	-81.3
9.0	-8.007	-13.595	-75.6
9.01	-8.017	-13.344	-49.9
9.02	-8.026	-12.806	-53.8
9.03	-8.036	-11.755	-50.2
9.04	-8.047	-8.744	-26.6
9.05	-8.061	-0.816	-14.7
9.06	-8.074	14.152	-3.2
9.07	-8.088	32.847	25.6
9.08	-8.102	46.258	70.7
9.09	-8.116	50.711	95.3
9.1	-8.130	51.120	97.1
9.11	-8.142	51.014	112.4
9.12	-8.154	48.869	137.2
9.13	-8.165	40.902	165.3
9.14	-8.176	27.748	187.4
9.15	-8.189	14.375	177.4
9.16	-8.202	3.448	143.6
9.17	-8.217	-4.700	107.1
9.18	-8.233	-10.245	64.2
9.19	-8.251	-13.619	2.8
9.2	-8.270	-15.320	-70.7
9.21	-8.288	-15.658	-117.5
9.22	-8.307	-14.889	-131.2
9.23	-8.325	-13.700	-126.1
9.24	-8.342	-12.845	-103.1
9.25	-8.358	-12.728	-107.7
9.26	-8.373	-13.498	-116.8
9.27	-8.387	-15.053	-91.4
9.28	-8.401	-17.036	-90.6
9.29	-8.413	-18.766	-104.0
9.3	-8.426	-19.403	-91.5
9.31	-8.439	-18.464	-72.0
9.32	-8.453	-16.005	-70.7
9.33	-8.469	-12.439	-86.5
9.34	-8.484	-8.264	-81.5
9.35	-8.500	-3.966	-58.0
9.36	-8.516	-0.091	-56.3
9.37	-8.531	2.814	-60.9
9.38	-8.544	4.381	-53.1
9.39	-8.556	4.559	-40.1
9.4	-8.567	3.586	-45.0
9.41	-8.578	1.786	-64.5
9.42	-8.587	-0.581	-60.1
9.43	-8.596	-3.289	-50.3
9.44	-8.607	-6.073	-48.2
9.45	-8.617	-8.617	-51.9
9.46	-8.626	-10.708	-43.7
9.47	-8.634	-12.397	-28.5
9.48	-8.643	-13.847	-49.5
9.49	-8.651	-15.013	-66.9
9.5	-8.660	-15.748	-39.7
9.51	-8.671	-16.036	-17.1
9.52	-8.683	-15.975	-25.8
9.53	-8.695	-15.830	-31.3
9.54	-8.707	-15.731	-2.2
9.55	-8.719	-15.536	33.4
9.56	-8.730	-15.217	51.2
9.57	-8.741	-14.880	53.6
9.58	-8.750	-14.627	21.0
9.59	-8.758	-14.516	-33.8
9.6	-8.766	-14.395	-60.0
9.61	-8.774	-14.006	-65.9
9.62	-8.783	-13.158	-43.1
9.63	-8.796	-11.961	0.2
9.64	-8.811	-10.898	21.0
9.65	-8.821	-10.320	57.4
9.66	-8.826	-10.147	198.0
9.67	-8.832	-10.172	465.4
9.68	-8.839	-10.263	573.5
9.69	-8.844	-10.278	313.0
9.7	-8.849	-10.213	40.8
9.71	-8.857	-10.222	-13.6
9.72	-8.868	-10.425	-16.0
9.73	-8.879	-10.945	-31.3
9.74	-8.889	-11.694	-43.8
9.75	-8.896	-12.238	-43.2
9.76	-8.901	-12.250	-33.3
9.77	-8.906	-11.692	-11.6
9.78	-8.909	-10.377	19.2
9.79	-8.914	-7.167	25.4
9.8	-8.920	0.420	16.0
9.81	-8.926	14.611	25.5
9.82	-8.933	32.791	55.5
9.83	-8.936	46.166	84.1
9.84	-8.939	50.695	110.3
9.85	-8.942	51.125	125.2
9.86	-8.944	51.128	140.0
9.87	-8.947	50.636	172.9
9.88	-8.948	46.700	196.4
9.89	-8.949	36.678	200.7
9.9	-8.949	23.697	180.3
9.91	-8.947	12.189	135.0
9.92	-8.946	3.180	77.7
9.93	-8.942	-3.447	28.9
9.94	-8.938	-7.764	-27.8
9.95	-8.932	-10.034	-86.0
9.96	-8.927	-10.695	-66.2
9.97	-8.924	-10.283	-43.2
9.98	-8.922	-9.498	-76.7
9.99	-8.917	-9.016	-87.1
10.0	-8.909	-9.386	-76.5
10.01	-8.897	-10.928	-90.4
10.02	-8.881	-13.513	-98.2
10.03	-8.862	-16.538	-74.2
10.04	-8.841	-19.059	-62.6
10.05	-8.816	-20.113	-60.6
10.06	-8.789	-19.167	-54.3
10.07	-8.763	-16.309	-70.4
10.08	-8.739	-11.972	-85.8
10.09	-8.715	-6.722	-70.2
10.1	-8.692	-1.339	-45.8
10.11	-8.670	3.281	-35.4
10.12	-8.649	6.547	-44.1
10.13	-8.626	8.248	-60.5
10.14	-8.604	8.477	-77.4
10.15	-8.582	7.516	-72.5
10.16	-8.561	5.605	-47.5
10.17	-8.541	2.892	-34.3
10.18	-8.521	-0.498	-47.3
10.19	-8.500	-4.241	-68.3
10.2	-8.479	-7.770	-56.6
10.21	-8.459	-10.681	-43.6
10.22	-8.439	-12.906	-51.8
10.23	-8.419	-14.511	-36.8
10.24	-8.401	-15.580	-18.0
10.25	-8.383	-16.256	-19.8
10.26	-8.366	-16.658	15.0
10.27	-8.347	-16.813	18.3
10.28	-8.327	-16.722	-40.9
10.29	-8.306	-16.452	-56.8
10.3	-8.287	-16.092	-49.8
10.31	-8.269	-15.627	-67.8
10.32	-8.254	-15.070	-91.3
10.33	-8.243	-14.572	-82.6
10.34	-8.234	-14.166	-56.1
10.35	-8.223	-13.781	-10.1
10.36	-8.209	-13.386	171.8
10.37	-8.198	-12.913	486.9
10.38	-8.191	-12.345	597.7
10.39	-8.182	-11.878	290.0
10.4	-8.173	-11.758	-20.2
10.41	-8.163	-11.973	-75.3
10.42	-8.154	-12.394	-82.2
10.43	-8.143	-12.966	-90.8
10.44	-8.131	-13.380	-81.8
10.45	-8.117	-13.297	-80.4
10.46	-8.103	-12.861	-68.6
10.47	-8.088	-12.255	-52.1
10.48	-8.074	-10.995	-60.4
10.49	-8.061	-7.258	-57.3
10.5	-8.050	1.948	-19.5
10.51	-8.040	18.113	13.6
10.52	-8.031	36.488	7.2
10.53	-8.022	47.952	5.1
10.54	-8.014	50.975	53.4
10.55	-8.005	51.130	89.5
10.56	-7.997	51.127	97.1
10.57	-7.989	50.461	105.8
10.58	-7.981	46.009	134.3
10.59	-7.973	35.847	137.1
10.6	-7.966	23.498	94.5
10.61	-7.959	12.711	62.2
10.62	-7.954	4.183	15.2
10.63	-7.948	-2.216	-43.8
10.64	-7.942	-6.645	-80.8
10.65	-7.937	-9.306	-101.4
10.66	-7.932	-10.498	-121.2
10.67	-7.928	-10.733	-154.3
10.68	-7.924	-10.692	-164.7
10.69	-7.919	-10.889	-145.8
10.7	-7.916	-11.711	-142.7
10.71	-7.913	-13.484	-140.9
10.72	-7.909	-16.159	-138.9
10.73	-7.907	-19.164	-134.8
10.74	-7.904	-21.584	-126.5
10.75	-7.901	-22.684	-144.1
10.76	-7.898	-22.178	-143.4
10.77	-7.895	-20.031	-128.2
10.78	-7.894	-16.511	-116.1
10.79	-7.891	-12.286	-106.2
10.8	-7.889	-8.095	-118.0
10.81	-7.886	-4.391	-129.3
10.82	-7.883	-1.453	-121.7
10.83	-7.879	0.469	-105.4
10.84	-7.876	1.259	-102.9
10.85	-7.873	0.933	-109.1
10.86	-7.871	-0.397	-113.8
10.87	-7.869	-2.534	-104.5
10.88	-7.868	-5.217	-89.6
10.89	-7.865	-8.103	-98.8
10.9	-7.862	-10.925	-111.3
10.91	-7.859	-13.544	-105.4
10.92	-7.856	-15.772	-112.4
10.93	-7.854	-17.483	-126.6
10.94	-7.852	-18.778	-106.9
10.95	-7.851	-19.781	-84.5
10.96	-7.851	-20.569	-97.8
10.97	-7.851	-21.116	-104.2
10.98	-7.851	-21.311	-91.8
10.99	-7.851	-21.228	-86.4
11.0	-7.851	-21.127	-92.1
11.01	-7.849	-21.122	-103.7
11.02	-7.848	-21.123	-102.6
11.03	-7.848	-21.064	-108.1
11.04	-7.847	-20.884	-94.3
11.05	-7.848	-20.525	-58.6
11.06	-7.849	-20.111	-65.5
11.07	-7.850	-19.758	-77.8
11.08	-7.849	-19.389	-52.2
11.09	-7.849	-18.934	-23.2
11.1	-7.848	-18.500	9.5
11.11	-7.848	-18.113	23.7
11.12	-7.847	-17.675	-32.0
11.13	-7.846	-17.252	-83.3
11.14	-7.845	-16.948	-70.8
11.15	-7.845	-16.738	-74.9
11.16	-7.846	-16.572	-104.7
11.17	-7.846	-16.377	-97.0
11.18	-7.845	-16.023	-37.6
11.19	-7.839	-15.584	76.7
11.2	-7.835	-15.289	337.9
11.21	-7.834	-15.291	649.6
11.22	-7.836	-15.677	603.4
11.23	-7.838	-16.320	209.8
11.24	-7.839	-16.931	-69.2
11.25	-7.841	-17.511	-105.5
11.26	-7.841	-18.180	-82.6
11.27	-7.841	-18.803	-80.8
11.28	-7.839	-19.261	-80.6
11.29	-7.838	-19.459	-73.0
11.3	-7.835	-19.091	-67.8
11.31	-7.833	-17.495	-82.1
11.32	-7.832	-12.794	-69.0
11.33	-7.832	-1.484	-20.5
11.34	-7.833	17.958	-1.6
11.35	-7.833	38.172	5.4
11.36	-7.833	48.884	33.7
11.37	-7.832	51.058	41.9
11.38	-7.832	51.134	36.5
11.39	-7.831	51.136	68.4
11.4	-7.830	51.102	121.3
11.41	-7.829	49.983	151.9
11.42	-7.829	43.978	157.3
11.43	-7.829	31.742	159.0
11.44	-7.829	17.863	132.5
11.45	-7.831	6.056	75.3
11.46	-7.833	-3.041	27.8
11.47	-7.834	-9.270	-14.8
11.48	-7.836	-12.730	-57.8
11.49	-7.838	-13.953	-90.5
11.5	-7.841	-13.716	-125.5
11.51	-7.844	-12.822	-151.6
11.52	-7.845	-12.194	-147.4
11.53	-7.846	-12.486	-130.2
11.54	-7.848	-13.866	-118.1
11.55	-7.848	-16.281	-128.9
11.56	-7.848	-19.370	-134.3
11.57	-7.848	-22.272	-125.5
11.58	-7.848	-24.039	-120.7
11.59	-7.849	-24.184	-111.7
11.6	-7.851	-22.788	-113.0
11.61	-7.854	-20.261	-103.7
11.62	-7.858	-17.088	-84.4
11.63	-7.861	-13.556	-95.7
11.64	-7.864	-9.781	-114.5
11.65	-7.867	-6.119	-116.1
11.66	-7.869	-3.175	-99.3
11.67	-7.871	-1.391	-87.1
11.68	-7.873	-0.934	-87.9
11.69	-7.874	-1.683	-90.8
11.7	-7.876	-3.248	-95.8
11.71	-7.878	-5.295	-93.0
11.72	-7.880	-7.686	-88.3
11.73	-7.883	-10.255	-89.0
11.74	-7.885	-12.822	-86.3
11.75	-7.888	-15.320	-88.7
11.76	-7.893	-17.592	-93.5
11.77	-7.898	-19.577	-96.8
11.78	-7.904	-21.305	-99.8
11.79	-7.913	-22.523	-85.8
11.8	-7.922	-23.161	-85.8
11.81	-7.934	-23.463	-87.0
11.82	-7.947	-23.545	-67.5
11.83	-7.961	-23.503	-76.9
11.84	-7.976	-23.488	-88.6
11.85	-7.991	-23.467	-72.2
11.86	-8.006	-23.383	-55.2
11.87	-8.021	-23.345	-49.7
11.88	-8.035	-23.213	-57.4
11.89	-8.048	-22.719	-57.0
11.9	-8.060	-22.017	-36.3
11.91	-8.072	-21.413	-15.4
11.92	-8.086	-21.070	11.6
11.93	-8.099	-20.991	41.6
11.94	-8.114	-20.978	26.2
11.95	-8.128	-20.755	-32.2
11.96	-8.141	-20.173	-62.4
11.97	-8.153	-19.489	-61.8
11.98	-8.164	-18.978	-66.0
11.99	-8.173	-18.591	-62.9
12.0	-8.182	-18.278	-47.4
12.01	-8.189	-18.009	10.4
12.02	-8.194	-17.713	186.3
12.03	-8.200	-17.534	503.2
12.04	-8.209	-17.523	701.6
12.05	-8.219	-17.512	466.4
12.06	-8.229	-17.480	68.5
12.07	-8.239	-17.570	-71.6
12.08	-8.248	-17.905	-55.4
12.09	-8.258	-18.508	-75.5
12.1	-8.268	-19.331	-85.0
12.11	-8.277	-20.108	-51.1
12.12	-8.286	-20.395	-33.9
12.13	-8.294	-19.894	-46.4
12.14	-8.303	-18.313	-47.0
12.15	-8.313	-14.075	-20.7
12.16	-8.324	-3.475	18.0
12.17	-8.336	15.786	44.9
12.18	-8.348	36.831	47.8
12.19	-8.360	48.522	58.9
12.2	-8.370	51.039	89.5
12.21	-8.379	51.134	103.6
12.22	-8.386	51.139	130.0
12.23	-8.393	51.128	187.5
12.24	-8.400	50.875	210.0
12.25	-8.408	47.778	195.3
12.26	-8.417	37.997	163.8
12.27	-8.427	23.464	133.6
12.28	-8.438	9.484	106.9
12.29	-8.449	-1.856	45.5
12.3	-8.459	-10.336	-9.2
12.31	-8.469	-15.995	-36.7
12.32	-8.481	-19.102	-68.0
12.33	-8.492	-20.100	-85.5
12.34	-8.503	-19.642	-102.1
12.35	-8.515	-18.539	-115.9
12.36	-8.527	-17.577	-103.5
12.37	-8.539	-17.500	-106.2
12.38	-8.549	-18.838	-106.3
12.39	-8.558	-21.428	-78.2
12.4	-8.568	-24.352	-69.8
12.41	-8.579	-26.381	-77.2
12.42	-8.590	-26.598	-81.8
12.43	-8.603	-24.811	-78.1
12.44	-8.617	-21.400	-70.6
12.45	-8.630	-16.963	-81.8
12.46	-8.642	-12.131	-71.1
12.47	-8.653	-7.427	-62.0
12.48	-8.663	-3.191	-58.3
12.49	-8.673	0.286	-34.5
12.5	-8.682	2.677	-42.1
12.51	-8.690	3.692	-62.1
12.52	-8.699	3.227	-86.3
12.53	-8.707	1.475	-76.1
12.54	-8.716	-1.264	-38.0
12.55	-8.725	-4.698	-36.4
12.56	-8.734	-8.384	-47.4
12.57	-8.742	-11.886	-57.3
12.58	-8.750	-15.006	-57.1
12.59	-8.757	-17.675	-43.7
12.6	-8.763	-19.919	-41.7
12.61	-8.769	-21.750	-44.2
12.62	-8.776	-23.094	-24.4
12.63	-8.784	-23.903	-13.3
12.64	-8.791	-24.220	-4.2
12.65	-8.796	-24.242	20.4
12.66	-8.801	-24.158	44.0
12.67	-8.806	-23.939	30.3
12.68	-8.810	-23.602	-12.1
12.69	-8.814	-23.258	-37.4
12.7	-8.819	-22.845	-59.2
12.71	-8.826	-22.214	-66.5
12.72	-8.834	-21.370	-50.2
12.73	-8.844	-20.402	-25.2
12.74	-8.852	-19.431	17.0
12.75	-8.854	-18.591	165.0
12.76	-8.857	-17.848	444.2
12.77	-8.862	-17.178	563.7
12.78	-8.865	-16.728	325.2
12.79	-8.867	-16.547	38.1
12.8	-8.871	-16.473	-38.8
12.81	-8.876	-16.548	-35.8
12.82	-8.881	-16.934	-46.3
12.83	-8.881	-17.520	-46.3
12.84	-8.879	-18.025	-34.8
12.85	-8.875	-18.059	-22.8
12.86	-8.869	-17.387	-14.6
12.87	-8.864	-16.052	-13.9
12.88	-8.856	-13.473	-9.9
12.89	-8.846	-7.222	1.8
12.9	-8.832	6.295	9.0
12.91	-8.814	26.436	41.2
12.92	-8.793	43.514	83.6
12.93	-8.769	50.294	101.9
12.94	-8.746	51.122	108.9
12.95	-8.723	51.138	123.6
12.96	-8.703	51.139	147.3
12.97	-8.683	51.130	155.4
12.98	-8.664	50.777	165.3
12.99	-8.646	47.261	164.0
13.0	-8.626	37.125	130.5
13.01	-8.607	22.816	82.7
13.02	-8.589	9.320	29.1
13.03	-8.571	-1.622	-23.8
13.04	-8.554	-9.883	-76.4
13.05	-8.537	-15.519	-96.9
13.06	-8.523	-18.683	-88.6
13.07	-8.506	-19.838	-95.9
13.08	-8.489	-19.780	-98.4
13.09	-8.470	-19.434	-81.9
13.1	-8.449	-19.691	-86.2
13.11	-8.429	-21.119	-101.4
13.12	-8.409	-23.759	-92.8
13.13	-8.389	-26.928	-101.2
13.14	-8.373	-29.389	-106.3
13.15	-8.356	-30.109	-69.9
13.16	-8.342	-28.688	-49.1
13.17	-8.330	-25.367	-64.8
13.18	-8.319	-20.739	-86.9
13.19	-8.308	-15.358	-94.7
13.2	-8.297	-9.711	-104.4
13.21	-8.286	-4.230	-87.8
13.22	-8.275	0.545	-53.0
13.23	-8.264	4.059	-47.4
13.24	-8.252	6.064	-63.1
13.25	-8.241	6.355	-89.4
13.26	-8.229	4.820	-89.4
13.27	-8.219	1.758	-79.3
13.28	-8.208	-2.337	-82.0
13.29	-8.199	-6.858	-74.9
13.3	-8.189	-11.156	-60.4
13.31	-8.181	-15.000	-39.3
13.32	-8.172	-18.444	-33.6
13.33	-8.165	-21.414	-30.3
13.34	-8.156	-23.831	6.1
13.35	-8.148	-25.647	-2.6
13.36	-8.139	-26.781	-64.1
13.37	-8.130	-27.286	-89.6
13.38	-8.121	-27.375	-77.7
13.39	-8.113	-27.259	-78.2
13.4	-8.106	-27.047	-91.4
13.41	-8.099	-26.700	-78.3
13.42	-8.094	-26.128	-41.4
13.43	-8.085	-25.278	24.1
13.44	-8.075	-24.263	239.7
13.45	-8.069	-23.334	546.8
13.46	-8.064	-22.708	520.8
13.47	-8.060	-22.441	171.6
13.48	-8.056	-22.342	-42.4
13.49	-8.050	-22.230	-90.4
13.5	-8.044	-22.148	-100.2
13.51	-8.036	-22.169	-85.2
13.52	-8.027	-22.250	-76.1
13.53	-8.018	-22.206	-85.3
13.54	-8.008	-21.705	-87.1
13.55	-7.998	-20.408	-54.5
13.56	-7.989	-17.613	-43.1
13.57	-7.983	-11.100	-46.4
13.58	-7.978	2.688	-26.5
13.59	-7.974	23.694	-8.6
13.6	-7.969	42.294	4.8
13.61	-7.966	50.092	30.5
13.62	-7.961	51.120	61.3
13.63	-7.958	51.138	71.1
13.64	-7.954	51.139	91.1
13.65	-7.949	51.127	123.5
13.66	-7.944	50.819	131.7
13.67	-7.940	47.389	124.4
13.68	-7.937	36.959	90.9
13.69	-7.934	21.772	33.2
13.7	-7.931	7.278	-1.9
13.71	-7.929	-4.469	-37.8
13.72	-7.928	-13.294	-90.3
13.73	-7.926	-19.258	-114.3
13.74	-7.926	-22.655	-128.0
13.75	-7.924	-23.980	-148.6
13.76	-7.923	-23.805	-151.3
13.77	-7.921	-22.973	-140.5
13.78	-7.921	-22.616	-131.8
13.79	-7.921	-23.650	-121.5
13.8	-7.920	-26.175	-130.2
13.81	-7.920	-29.323	-146.3
13.82	-7.920	-31.780	-134.2
13.83	-7.920	-32.616	-113.5
13.84	-7.921	-31.688	-114.0
13.85	-7.922	-29.270	-125.3
13.86	-7.923	-25.680	-117.0
13.87	-7.923	-21.327	-100.0
13.88	-7.923	-16.697	-109.9
13.89	-7.922	-12.234	-125.4
13.9	-7.921	-8.306	-115.4
13.91	-7.921	-5.247	-117.0
13.92	-7.920	-3.352	-124.8
13.93	-7.919	-2.713	-111.7
13.94	-7.918	-3.233	-110.1
13.95	-7.917	-4.728	-94.0
13.96	-7.916	-7.020	-78.7
13.97	-7.915	-9.967	-103.1
13.98	-7.914	-13.302	-104.8
13.99	-7.913	-16.600	-107.5
14.0	-7.913	-19.569	-132.9
14.01	-7.914	-22.122	-96.7
14.02	-7.915	-24.263	-61.5
14.03	-7.916	-26.014	-89.3
14.04	-7.918	-27.436	-95.5
14.05	-7.918	-28.528	-56.9
14.06	-7.919	-29.256	-29.0
14.07	-7.919	-29.738	-34.8
14.08	-7.920	-30.077	-29.8
14.09	-7.921	-30.214	-26.6
14.1	-7.923	-30.075	-58.5
14.11	-7.923	-29.680	-91.6
14.12	-7.924	-29.147	-98.1
14.13	-7.926	-28.559	-95.4
14.14	-7.928	-27.956	-114.5
14.15	-7.929	-27.347	-84.2
14.16	-7.927	-26.727	17.8
14.17	-7.923	-26.081	194.0
14.18	-7.923	-25.325	510.4
14.19	-7.926	-24.466	653.8
14.2	-7.929	-23.702	357.8
14.21	-7.932	-23.145	4.1
14.22	-7.934	-22.719	-118.6
14.23	-7.934	-22.408	-128.4
14.24	-7.934	-22.339	-92.8
14.25	-7.933	-22.586	-70.0
14.26	-7.932	-22.948	-93.5
14.27	-7.930	-22.888	-104.6
14.28	-7.927	-21.833	-79.2
14.29	-7.925	-18.788	-60.3
14.3	-7.924	-10.931	-47.9
14.31	-7.924	5.569	-20.1
14.32	-7.925	28.352	-2.9
14.33	-7.924	45.291	9.9
14.34	-7.923	50.705	18.6
14.35	-7.923	51.119	41.0
14.36	-7.921	51.139	85.9
14.37	-7.919	51.139	106.2
14.38	-7.918	51.133	122.5
14.39	-7.916	51.031	142.0
14.4	-7.916	48.870	135.3
14.41	-7.918	40.078	118.1
14.42	-7.919	24.808	87.3
14.43	-7.921	8.934	35.5
14.44	-7.924	-4.206	-31.3
14.45	-7.926	-14.217	-71.9
14.46	-7.928	-21.106	-85.9
14.47	-7.932	-25.216	-130.3
14.48	-7.934	-27.030	-165.2
14.49	-7.936	-27.008	-149.1
14.5	-7.938	-25.869	-134.0
14.51	-7.940	-24.800	-150.3
14.52	-7.942	-24.992	-148.7
14.53	-7.942	-26.930	-122.0
14.54	-7.942	-30.023	-119.0
14.55	-7.942	-32.831	-122.9
14.56	-7.943	-33.964	-131.5
14.57	-7.944	-32.962	-136.0
14.58	-7.947	-30.195	-114.3
14.59	-7.951	-26.283	-118.4
14.6	-7.954	-21.734	-140.2
14.61	-7.957	-16.959	-117.6
14.62	-7.959	-12.369	-83.5
14.63	-7.960	-8.208	-90.9
14.64	-7.961	-4.758	-134.0
14.65	-7.962	-2.423	-148.0
14.66	-7.963	-1.461	-109.4
14.67	-7.964	-1.895	-100.8
14.68	-7.966	-3.545	-117.9
14.69	-7.967	-6.098	-110.7
14.7	-7.968	-9.253	-99.7
14.71	-7.971	-12.711	-119.7
14.72	-7.974	-16.150	-143.4
14.73	-7.977	-19.256	-120.7
14.74	-7.980	-21.831	-96.9
14.75	-7.984	-23.923	-101.9
14.76	-7.989	-25.689	-88.4
14.77	-7.994	-27.214	-82.7
14.78	-8.000	-28.525	-82.5
14.79	-8.006	-29.570	-50.8
14.8	-8.014	-30.241	-15.2
14.81	-8.024	-30.544	8.4
14.82	-8.034	-30.523	-10.9
14.83	-8.045	-30.180	-68.3
14.84	-8.056	-29.698	-106.8
14.85	-8.067	-29.256	-113.2
14.86	-8.078	-28.864	-111.4
14.87	-8.089	-28.494	-89.1
14.88	-8.101	-27.986	-57.2
14.89	-8.110	-27.222	-35.6
14.9	-8.118	-26.345	141.1
14.91	-8.128	-25.423	503.2
14.92	-8.143	-24.416	671.8
14.93	-8.158	-23.491	405.1
14.94	-8.172	-22.839	48.0
14.95	-8.185	-22.480	-83.6
14.96	-8.196	-22.473	-104.2
14.97	-8.206	-22.781	-117.5
14.98	-8.216	-23.114	-95.9
14.99	-8.224	-23.200	-69.9
15.0	-8.232	-22.791	-75.2
15.01	-8.240	-21.589	-65.4
15.02	-8.248	-19.063	-34.2
15.03	-8.258	-13.180	-31.8
15.04	-8.268	0.141	-46.5
15.05	-8.279	21.825	-20.2
15.06	-8.288	41.678	23.1
15.07	-8.296	50.041	54.2
15.08	-8.305	51.116	86.5
15.09	-8.314	51.138	101.9
15.1	-8.323	51.139	110.7
15.11	-8.331	51.138	115.2
15.12	-8.340	51.127	125.7
15.13	-8.349	50.467	168.1
15.14	-8.358	45.338	172.8
15.15	-8.369	32.413	131.5
15.16	-8.381	15.570	70.8
15.17	-8.393	0.225	-4.4
15.18	-8.406	-12.127	-52.1
15.19	-8.419	-21.231	-77.1
15.2	-8.436	-26.983	-97.2
15.21	-8.450	-29.655	-107.0
15.22	-8.463	-29.963	-101.3
15.23	-8.476	-28.981	-104.4
15.24	-8.488	-28.063	-120.1
15.25	-8.498	-28.384	-127.3
15.26	-8.508	-30.331	-117.5
15.27	-8.519	-33.200	-91.7
15.28	-8.531	-35.602	-91.0
15.29	-8.544	-36.211	-97.0
15.3	-8.558	-34.445	-84.5
15.31	-8.572	-30.803	-84.1
15.32	-8.588	-26.134	-85.9
15.33	-8.601	-20.856	-90.7
15.34	-8.614	-15.205	-87.0
15.35	-8.625	-9.403	-74.0
15.36	-8.636	-3.806	-67.9
15.37	-8.647	0.803	-56.7
15.38	-8.658	3.598	-65.7
15.39	-8.667	4.261	-84.2
15.4	-8.677	3.117	-72.0
15.41	-8.688	0.789	-69.9
15.42	-8.700	-2.239	-66.8
15.43	-8.712	-5.744	-53.5
15.44	-8.724	-9.648	-49.5
15.45	-8.736	-13.773	-42.8
15.46	-8.747	-17.806	-43.2
15.47	-8.759	-21.428	-34.0
15.48	-8.771	-24.372	-3.1
15.49	-8.784	-26.525	16.5
15.5	-8.795	-27.939	21.8
15.51	-8.804	-28.764	7.1
15.52	-8.813	-29.256	-30.2
15.53	-8.822	-29.600	-49.3
15.54	-8.831	-29.797	-66.4
15.55	-8.842	-29.766	-78.1
15.56	-8.857	-29.419	-63.6
15.57	-8.874	-28.702	-28.0
15.58	-8.885	-27.742	49.0
15.59	-8.891	-26.823	241.3
15.6	-8.899	-26.011	522.7
15.61	-8.906	-25.211	555.6
15.62	-8.912	-24.402	248.9
15.63	-8.918	-23.541	-5.3
15.64	-8.928	-22.716	-57.4
15.65	-8.938	-22.189	-55.5
15.66	-8.947	-22.055	-53.9
15.67	-8.953	-22.225	-42.8
15.68	-8.957	-22.527	-38.7
15.69	-8.961	-22.488	-43.3
15.7	-8.966	-21.458	-37.6
15.71	-8.971	-18.866	-12.3
15.72	-8.979	-13.356	21.9
15.73	-8.986	-1.489	34.3
15.74	-8.993	18.886	17.0
15.75	-8.998	39.542	13.7
15.76	-9.002	49.514	49.8
15.77	-9.003	51.106	93.4
15.78	-9.002	51.134	138.8
15.79	-9.002	51.139	158.6
15.8	-9.002	51.139	153.9
15.81	-9.001	51.130	159.5
15.82	-9.001	50.941	154.0
15.83	-9.000	47.942	136.4
15.84	-8.999	37.564	100.0
15.85	-8.999	21.394	51.4
15.86	-8.998	5.588	12.9
15.87	-8.997	-7.228	-35.7
15.88	-8.999	-16.816	-76.6
15.89	-9.002	-23.148	-78.2
15.9	-9.006	-26.550	-66.7
15.91	-9.007	-27.613	-70.0
15.92	-9.008	-27.328	-96.9
15.93	-9.006	-27.180	-105.2
15.94	-9.003	-28.363	-77.5
15.95	-8.999	-31.178	-80.1
15.96	-8.994	-34.983	-91.6
15.97	-8.990	-38.206	-76.8
15.98	-8.989	-39.155	-66.4
15.99	-8.988	-37.263	-61.8
16.0	-8.985	-32.989	-53.7
16.01	-8.979	-27.167	-62.8
16.02	-8.969	-20.606	-72.1
16.03	-8.954	-13.705	-64.3
16.04	-8.934	-6.756	-62.7
16.05	-8.908	-0.389	-56.3
16.06	-8.880	4.678	-42.0
16.07	-8.851	7.858	-52.5
16.08	-8.824	8.745	-61.1
16.09	-8.799	7.411	-42.0
16.1	-8.777	4.478	-40.4
16.11	-8.758	0.609	-39.9
16.12	-8.741	-3.863	-27.7
16.13	-8.723	-8.708	-25.4
16.14	-8.704	-13.606	-6.8
16.15	-8.683	-18.114	31.1
16.16	-8.661	-21.898	22.5
16.17	-8.639	-24.870	-35.2
16.18	-8.617	-26.973	-62.8
16.19	-8.594	-28.289	-75.7
16.2	-8.572	-29.053	-80.8
16.21	-8.551	-29.377	-59.2
16.22	-8.533	-29.328	-37.2
16.23	-8.512	-29.047	-1.2
16.24	-8.488	-28.670	114.3
16.25	-8.466	-28.233	370.4
16.26	-8.449	-27.684	543.5
16.27	-8.433	-26.963	329.4
16.28	-8.417	-26.125	4.6
16.29	-8.402	-25.373	-86.8
16.3	-8.390	-24.894	-73.1
16.31	-8.376	-24.783	-75.3
16.32	-8.361	-24.978	-75.9
16.33	-8.344	-25.106	-67.3
16.34	-8.326	-24.620	-53.1
16.35	-8.309	-23.125	-47.5
16.36	-8.293	-20.367	-40.9
16.37	-8.279	-15.230	-27.5
16.38	-8.269	-4.366	-25.3
16.39	-8.261	15.202	-28.1
16.4	-8.254	36.842	-7.1
16.41	-8.248	48.677	36.3
16.42	-8.242	51.052	60.2
16.43	-8.234	51.133	69.5
16.44	-8.226	51.139	87.6
16.45	-8.214	51.139	102.9
16.46	-8.203	51.127	117.5
16.47	-8.192	50.845	118.6
16.48	-8.183	47.358	95.0
16.49	-8.173	36.284	63.7
16.5	-8.164	19.781	28.4
16.51	-8.155	3.972	-24.8
16.52	-8.146	-8.556	-87.6
16.53	-8.139	-17.477	-117.6
16.54	-8.136	-23.134	-120.8
16.55	-8.131	-26.202	-130.2
16.56	-8.125	-27.503	-136.4
16.57	-8.120	-28.095	-136.5
16.58	-8.116	-29.064	-128.4
16.59	-8.110	-31.072	-117.8
16.6	-8.105	-34.144	-129.2
16.61	-8.100	-37.652	-127.3
16.62	-8.096	-40.402	-105.2
16.63	-8.091	-41.364	-114.5
16.64	-8.086	-40.294	-117.8
16.65	-8.081	-37.250	-106.8
16.66	-8.078	-32.328	-113.4
16.67	-8.075	-26.056	-114.2
16.68	-8.072	-19.291	-106.3
16.69	-8.068	-12.867	-95.4
16.7	-8.062	-7.467	-91.3
16.71	-8.056	-3.442	-107.6
16.72	-8.052	-0.917	-116.0
16.73	-8.047	-0.044	-111.9
16.74	-8.042	-0.827	-104.4
16.75	-8.037	-2.989	-100.1
16.76	-8.034	-6.244	-96.3
16.77	-8.032	-10.236	-89.8
16.78	-8.029	-14.492	-118.0
16.79	-8.026	-18.659	-135.1
16.8	-8.024	-22.355	-100.4
16.81	-8.023	-25.358	-58.5
16.82	-8.021	-27.822	-23.3
16.83	-8.019	-29.738	-26.8
16.84	-8.018	-31.053	-49.8
16.85	-8.016	-32.058	-40.4
16.86	-8.016	-32.955	-26.6
16.87	-8.015	-33.563	-55.8
16.88	-8.015	-33.586	-98.3
16.89	-8.015	-33.013	-92.7
16.9	-8.016	-32.141	-76.6
16.91	-8.018	-31.300	-87.9
16.92	-8.020	-30.670	-84.3
16.93	-8.019	-30.209	-11.6
16.94	-8.015	-29.634	179.0
16.95	-8.012	-28.741	496.2
16.96	-8.014	-27.706	633.1
16.97	-8.015	-26.883	339.8
16.98	-8.017	-26.334	-0.1
16.99	-8.018	-25.986	-103.3
17.0	-8.017	-25.877	-98.8
17.01	-8.015	-25.931	-85.7
17.02	-8.012	-26.072	-110.4
17.03	-8.010	-26.117	-100.1
17.04	-8.006	-25.497	-57.4
17.05	-8.002	-23.505	-63.7
17.06	-7.998	-18.795	-57.3
17.07	-7.996	-7.997	-31.6
17.08	-7.994	12.253	-20.1
17.09	-7.992	35.364	-7.2
17.1	-7.989	48.350	11.0
17.11	-7.987	51.038	39.2
17.12	-7.986	51.131	63.2
17.13	-7.984	51.139	70.2
17.14	-7.982	51.139	97.6
17.15	-7.980	51.136	136.5
17.16	-7.978	51.066	143.6
17.17	-7.976	49.270	135.4
17.18	-7.975	41.039	118.8
17.19	-7.975	25.713	81.1
17.2	-7.975	9.361	17.9
17.21	-7.974	-3.914	-43.5
17.22	-7.974	-13.770	-73.5
17.23	-7.976	-20.423	-85.8
17.24	-7.978	-24.238	-113.3
17.25	-7.979	-25.931	-140.7
17.26	-7.980	-26.522	-135.4
17.27	-7.981	-27.153	-140.4
17.28	-7.982	-28.825	-133.3
17.29	-7.982	-31.969	-117.3
17.3	-7.982	-36.028	-123.4
17.31	-7.981	-39.622	-119.1
17.32	-7.981	-41.538	-110.6
17.33	-7.981	-41.355	-100.9
17.34	-7.981	-39.242	-104.2
17.35	-7.981	-35.623	-122.6
17.36	-7.981	-30.913	-117.2
17.37	-7.981	-25.425	-83.0
17.38	-7.982	-19.602	-80.3
17.39	-7.982	-14.059	-107.6
17.4	-7.982	-9.356	-101.3
17.41	-7.982	-5.992	-93.4
17.42	-7.983	-4.261	-104.8
17.43	-7.984	-4.031	-100.3
17.44	-7.984	-5.130	-98.0
17.45	-7.985	-7.453	-106.8
17.46	-7.985	-10.642	-97.6
17.47	-7.986	-14.295	-83.2
17.48	-7.986	-18.067	-94.8
17.49	-7.987	-21.588	-111.5
17.5	-7.987	-24.686	-95.2
17.51	-7.989	-27.438	-82.8
17.52	-7.990	-29.872	-82.2
17.53	-7.991	-31.903	-61.4
17.54	-7.993	-33.422	-33.8
17.55	-7.994	-34.317	3.6
17.56	-7.995	-34.673	10.7
17.57	-7.995	-34.728	-31.9
17.58	-7.996	-34.678	-80.0
17.59	-7.996	-34.628	-113.6
17.6	-7.997	-34.434	-107.4
17.61	-7.999	-33.852	-82.5
17.62	-8.001	-32.889	-71.3
17.63	-8.003	-31.734	-41.4
17.64	-8.001	-30.581	37.6
17.65	-7.998	-29.573	242.0
17.66	-7.997	-28.680	565.3
17.67	-8.001	-27.805	622.0
17.68	-8.005	-26.967	282.1
17.69	-8.008	-26.263	0.5
17.7	-8.012	-25.848	-74.9
17.71	-8.014	-25.719	-96.6
17.72	-8.014	-25.672	-96.5
17.73	-8.014	-25.675	-87.7
17.74	-8.011	-25.522	-77.7
17.75	-8.006	-24.595	-59.3
17.76	-8.002	-22.331	-47.6
17.77	-8.000	-17.409	-40.6
17.78	-8.000	-6.306	-17.3
17.79	-8.001	14.166	-1.1
17.8	-8.001	36.769	7.1
17.81	-8.001	48.809	28.3
17.82	-8.002	51.066	62.3
17.83	-8.004	51.131	88.4
17.84	-8.007	51.139	100.0
17.85	-8.010	51.139	117.7
17.86	-8.014	51.134	146.6
17.87	-8.019	51.075	166.3
17.88	-8.026	49.386	154.8
17.89	-8.034	41.136	126.6
17.9	-8.043	25.300	110.3
17.91	-8.052	8.230	60.3
17.92	-8.061	-5.638	-28.4
17.93	-8.070	-15.913	-85.4
17.94	-8.079	-22.809	-108.1
17.95	-8.088	-26.752	-127.9
17.96	-8.096	-28.494	-136.0
17.97	-8.103	-29.138	-119.5
17.98	-8.111	-29.872	-113.5
17.99	-8.119	-31.625	-129.3
18.0	-8.127	-34.775	-138.0
18.01	-8.134	-38.711	-127.1
18.02	-8.141	-42.094	-112.8
18.03	-8.148	-43.753	-106.1
18.04	-8.156	-43.070	-108.1
18.05	-8.164	-39.989	-118.0
18.06	-8.174	-35.066	-99.8
18.07	-8.184	-29.075	-82.4
18.08	-8.196	-22.664	-86.3
18.09	-8.207	-16.466	-93.3
18.1	-8.218	-10.959	-104.7
18.11	-8.228	-6.466	-101.5
18.12	-8.238	-3.422	-98.8
18.13	-8.246	-2.175	-99.5
18.14	-8.254	-2.691	-92.4
18.15	-8.262	-4.641	-81.7
18.16	-8.271	-7.650	-69.4
18.17	-8.281	-11.419	-80.7
18.18	-8.291	-15.630	-102.8
18.19	-8.301	-19.867	-103.9
18.2	-8.313	-23.753	-69.1
18.21	-8.322	-27.066	-24.4
18.22	-8.331	-29.734	-8.5
18.23	-8.339	-31.873	11.9
18.24	-8.348	-33.644	24.0
18.25	-8.355	-35.053	-18.1
18.26	-8.363	-36.055	-67.8
18.27	-8.372	-36.617	-87.2
18.28	-8.381	-36.656	-93.3
18.29	-8.390	-36.172	-85.6
18.3	-8.400	-35.413	-62.3
18.31	-8.409	-34.659	-34.5
18.32	-8.416	-34.009	47.2
18.33	-8.421	-33.313	273.4
18.34	-8.427	-32.273	583.4
18.35	-8.435	-30.891	617.2
18.36	-8.443	-29.559	255.9
18.37	-8.451	-28.519	-31.0
18.38	-8.460	-27.844	-67.7
18.39	-8.471	-27.597	-63.8
18.4	-8.482	-27.619	-67.3
18.41	-8.491	-27.647	-61.3
18.42	-8.499	-27.409	-65.4
18.43	-8.505	-26.556	-61.2
18.44	-8.512	-24.705	-29.1
18.45	-8.520	-21.050	-20.3
18.46	-8.531	-13.000	-4.0
18.47	-8.542	3.848	27.8
18.48	-8.554	27.652	23.9
18.49	-8.565	45.322	34.7
18.5	-8.574	50.763	72.4
18.51	-8.582	51.120	97.5
18.52	-8.589	51.139	122.8
18.53	-8.596	51.139	154.8
18.54	-8.602	51.139	185.2
18.55	-8.609	51.127	181.8
18.56	-8.617	50.592	143.8
18.57	-8.626	45.678	118.4
18.58	-8.634	32.222	99.3
18.59	-8.644	14.108	59.5
18.6	-8.652	-2.052	4.5
18.61	-8.661	-14.209	-44.0
18.62	-8.672	-22.388	-76.6
18.63	-8.684	-27.136	-102.3
18.64	-8.696	-29.352	-111.0
18.65	-8.709	-30.153	-105.9
18.66	-8.721	-30.866	-97.7
18.67	-8.731	-32.641	-103.5
18.68	-8.740	-36.028	-113.4
18.69	-8.750	-40.794	-100.6
18.7	-8.761	-45.602	-105.4
18.71	-8.771	-48.498	-102.4
18.72	-8.782	-48.289	-69.7
18.73	-8.794	-44.956	-55.9
18.74	-8.806	-39.117	-70.8
18.75	-8.818	-31.583	-74.8
18.76	-8.828	-23.209	-59.0
18.77	-8.838	-14.761	-73.4
18.78	-8.847	-6.897	-83.2
18.79	-8.856	-0.320	-77.3
18.8	-8.866	4.248	-67.3
18.81	-8.876	6.298	-42.6
18.82	-8.884	5.733	-35.3
18.83	-8.891	2.891	-55.1
18.84	-8.899	-1.572	-67.4
18.85	-8.908	-6.883	-47.4
18.86	-8.918	-12.438	-23.0
18.87	-8.929	-17.855	0.6
18.88	-8.940	-22.903	36.2
18.89	-8.948	-27.434	36.5
18.9	-8.954	-31.083	-2.2
18.91	-8.958	-33.459	-38.0
18.92	-8.961	-34.761	-58.4
18.93	-8.964	-35.452	-73.5
18.94	-8.970	-35.663	-87.2
18.95	-8.978	-35.317	-98.3
18.96	-8.988	-34.369	-75.4
18.97	-8.992	-32.953	27.0
18.98	-8.992	-31.488	226.8
18.99	-8.993	-30.313	491.9
19.0	-8.994	-29.548	516.2
19.01	-8.989	-29.191	201.7
19.02	-8.986	-28.978	-41.4
19.03	-8.986	-28.773	-72.2
19.04	-8.987	-28.775	-48.3
19.05	-8.985	-29.008	-33.9
19.06	-8.978	-29.122	-35.0
19.07	-8.968	-28.666	-50.2
19.08	-8.957	-27.295	-56.1
19.09	-8.944	-24.859	-40.8
19.1	-8.929	-20.966	-16.2
19.11	-8.914	-13.323	11.6
19.12	-8.898	2.669	22.7
19.13	-8.883	26.219	29.9
19.14	-8.868	44.608	45.3
19.15	-8.854	50.652	59.9
19.16	-8.839	51.116	78.3
19.17	-8.823	51.139	109.4
19.18	-8.807	51.139	142.8
19.19	-8.791	51.139	144.5
19.2	-8.775	51.125	138.2
19.21	-8.759	50.847	151.6
19.22	-8.744	47.172	139.5
19.23	-8.728	35.344	88.3
19.24	-8.711	17.911	23.5
19.25	-8.693	1.773	-20.1
19.26	-8.673	-10.578	-52.3
19.27	-8.655	-19.219	-102.4
19.28	-8.638	-24.566	-109.3
19.29	-8.619	-27.478	-92.1
19.3	-8.600	-29.116	-95.4
19.31	-8.580	-30.767	-103.9
19.32	-8.559	-33.552	-120.6
19.33	-8.537	-37.983	-117.4
19.34	-8.514	-43.555	-102.1
19.35	-8.492	-48.358	-97.4
19.36	-8.471	-50.648	-94.9
19.37	-8.452	-50.566	-83.2
19.38	-8.434	-47.919	-90.3
19.39	-8.417	-42.039	-119.6
19.4	-8.400	-33.825	-94.8
19.41	-8.382	-24.661	-67.2
19.42	-8.364	-15.534	-89.4
19.43	-8.346	-7.213	-93.3
19.44	-8.329	-0.350	-76.5
19.45	-8.313	4.375	-72.8
19.46	-8.297	6.422	-90.3
19.47	-8.283	5.698	-100.6
19.48	-8.266	2.602	-95.6
19.49	-8.251	-2.092	-97.4
19.5	-8.236	-7.530	-82.9
19.51	-8.223	-13.227	-62.8
19.52	-8.208	-18.852	-56.9
19.53	-8.196	-23.959	-61.7
19.54	-8.184	-28.300	-47.1
19.55	-8.172	-31.728	-13.2
19.56	-8.162	-34.086	-14.8
19.57	-8.151	-35.497	-52.7
19.58	-8.141	-36.322	-88.3
19.59	-8.131	-36.783	-109.2
19.6	-8.121	-37.000	-101.4
19.61	-8.113	-37.009	-89.5
19.62	-8.106	-36.597	-93.0
19.63	-8.099	-35.689	-77.4
19.64	-8.089	-34.619	35.0
19.65	-8.078	-33.736	336.8
19.66	-8.071	-33.166	587.2
19.67	-8.066	-32.753	426.3
19.68	-8.061	-32.205	79.4
19.69	-8.057	-31.516	-67.3
19.7	-8.052	-31.030	-81.6
19.71	-8.046	-30.980	-112.1
19.72	-8.039	-31.216	-126.3
19.73	-8.032	-31.259	-99.6
19.74	-8.024	-30.538	-75.6
19.75	-8.015	-28.564	-65.6
19.76	-8.008	-24.723	-55.3
19.77	-8.001	-16.911	-49.9
19.78	-7.998	-0.656	-35.2
19.79	-7.994	23.791	-16.1
19.8	-7.989	43.613	-5.1
19.81	-7.985	50.508	18.7
19.82	-7.981	51.113	33.5
19.83	-7.978	51.139	61.0
19.84	-7.974	51.139	96.3
19.85	-7.971	51.139	105.6
19.86	-7.967	51.130	120.7
19.87	-7.964	50.956	122.8
19.88	-7.962	47.900	98.8
19.89	-7.959	37.017	70.9
19.9	-7.957	20.066	40.9
19.91	-7.954	3.964	-20.2
19.92	-7.951	-8.453	-89.9
19.93	-7.948	-17.097	-134.6
19.94	-7.946	-22.384	-144.4
19.95	-7.945	-25.469	-126.4
19.96	-7.943	-27.580	-136.4
19.97	-7.942	-29.669	-145.8
19.98	-7.941	-32.614	-133.9
19.99	-7.939	-36.923	-135.6
20.0	-7.938	-42.153	-130.6
20.01	-7.934	-47.058	-126.3
20.02	-7.933	-50.100	-123.4
20.03	-7.930	-51.014	-104.4
20.04	-7.929	-50.359	-112.0
20.05	-7.929	-47.309	-129.6
20.06	-7.930	-41.478	-111.6
20.07	-7.932	-34.189	-97.8
20.08	-7.934	-26.644	-115.0
20.09	-7.936	-19.533	-118.5
20.1	-7.938	-13.508	-81.7
20.11	-7.938	-9.075	-68.5
20.12	-7.939	-6.445	-109.1
20.13	-7.939	-5.605	-121.8
20.14	-7.938	-6.477	-96.0
20.15	-7.938	-8.909	-85.3
20.16	-7.938	-12.522	-108.1
20.17	-7.939	-16.689	-112.3
20.18	-7.940	-20.883	-75.4
20.19	-7.941	-24.898	-67.9
20.2	-7.943	-28.625	-98.0
20.21	-7.944	-31.864	-116.7
20.22	-7.946	-34.464	-95.0
20.23	-7.948	-36.469	-85.2
20.24	-7.949	-37.952	-98.7
20.25	-7.951	-38.956	-97.9
20.26	-7.951	-39.591	-79.3
20.27	-7.951	-39.845	-71.4
20.28	-7.951	-39.652	-95.3
20.29	-7.951	-39.159	-94.8
20.3	-7.951	-38.594	-55.6
20.31	-7.950	-38.091	-31.8
20.32	-7.949	-37.573	-29.4
20.33	-7.948	-36.817	2.6
20.34	-7.948	-35.797	26.0
20.35	-7.948	-34.658	-21.6
20.36	-7.948	-33.506	-72.2
20.37	-7.948	-32.378	-79.0
20.38	-7.949	-31.231	-75.4
20.39	-7.951	-30.027	-85.7
20.4	-7.953	-28.786	-66.0
20.41	-7.952	-27.483	-15.7
20.42	-7.948	-26.217	88.9
20.43	-7.946	-25.214	372.6
20.44	-7.948	-24.452	676.3
20.45	-7.952	-23.838	579.7
20.46	-7.956	-23.531	174.1
20.47	-7.959	-23.664	-55.5
20.48	-7.960	-24.189	-82.6
20.49	-7.960	-24.966	-76.1
20.5	-7.959	-25.884	-75.8
20.51	-7.958	-26.725	-81.8
20.52	-7.957	-26.925	-66.4
20.53	-7.955	-25.686	-57.2
20.54	-7.954	-21.563	-59.1
20.55	-7.954	-10.984	-36.2
20.56	-7.954	10.052	0.3
20.57	-7.953	34.583	17.2
20.58	-7.954	48.298	26.7
20.59	-7.953	51.041	40.5
20.6	-7.953	51.131	54.6
20.61	-7.953	51.139	71.8
20.62	-7.951	51.139	90.9
20.63	-7.950	51.139	139.3
20.64	-7.949	51.130	168.3
20.65	-7.948	50.964	146.7
20.66	-7.948	47.945	141.9
20.67	-7.949	37.014	133.3
20.68	-7.951	19.828	87.7
20.69	-7.953	3.689	23.5
20.7	-7.955	-8.233	-24.7
20.71	-7.958	-16.214	-52.3
20.72	-7.961	-21.009	-92.0
20.73	-7.964	-23.634	-113.8
20.74	-7.966	-25.259	-112.7
20.75	-7.968	-27.069	-121.5
20.76	-7.971	-30.075	-129.5
20.77	-7.972	-34.681	-127.1
20.78	-7.972	-40.438	-120.3
20.79	-7.971	-46.045	-116.8
20.8	-7.971	-49.709	-98.5
20.81	-7.973	-50.709	-81.1
20.82	-7.974	-49.161	-99.8
20.83	-7.978	-44.963	-115.9
20.84	-7.981	-38.828	-102.6
20.85	-7.984	-31.877	-83.3
20.86	-7.987	-24.772	-85.6
20.87	-7.990	-18.070	-99.8
20.88	-7.992	-12.239	-85.9
20.89	-7.993	-7.733	-71.4
20.9	-7.995	-5.030	-86.9
20.91	-7.997	-4.278	-96.6
20.92	-7.998	-5.291	-96.4
20.93	-7.999	-7.817	-86.2
20.94	-8.000	-11.458	-77.7
20.95	-8.001	-15.645	-95.2
20.96	-8.002	-19.934	-96.4
20.97	-8.004	-24.069	-74.0
20.98	-8.007	-27.889	-80.8
20.99	-8.011	-31.231	-87.8
21.0	-8.015	-33.875	-82.3
21.01	-8.019	-35.803	-94.7
21.02	-8.025	-37.228	-83.4
21.03	-8.031	-38.277	-68.6
21.04	-8.039	-38.922	-56.3
21.05	-8.050	-39.192	-30.5
21.06	-8.064	-39.188	-19.1
21.07	-8.082	-38.963	9.2
21.08	-8.105	-38.569	9.7
21.09	-8.129	-38.038	-39.7
21.1	-8.154	-37.328	-65.1
21.11	-8.179	-36.420	-69.3
21.12	-8.203	-35.367	-77.3
21.13	-8.228	-34.239	-91.2
21.14	-8.252	-33.055	-85.7
21.15	-8.271	-31.864	-32.6
21.16	-8.286	-30.806	82.1
21.17	-8.299	-29.941	358.5
21.18	-8.313	-29.219	684.4
21.19	-8.327	-28.669	615.9
21.2	-8.341	-28.464	205.0
21.21	-8.354	-28.784	-61.0
21.22	-8.367	-29.508	-97.7
21.23	-8.379	-30.350	-66.1
21.24	-8.391	-31.341	-68.9
21.25	-8.403	-32.438	-89.8
21.26	-8.414	-33.014	-59.8
21.27	-8.423	-32.316	-39.6
21.28	-8.433	-29.742	-45.9
21.29	-8.444	-23.602	-28.9
21.3	-8.455	-9.653	-6.9
21.31	-8.467	14.609	18.7
21.32	-8.479	38.625	31.2
21.33	-8.492	49.564	41.1
21.34	-8.506	51.111	87.3
21.35	-8.519	51.136	115.1
21.36	-8.532	51.139	118.9
21.37	-8.544	51.139	151.8
21.38	-8.556	51.139	168.5
21.39	-8.566	51.125	160.9
21.4	-8.577	50.530	157.3
21.41	-8.588	45.184	132.2
21.42	-8.598	30.806	97.7
21.43	-8.608	11.859	50.3
21.44	-8.617	-4.458	-11.3
21.45	-8.624	-16.137	-58.5
21.46	-8.633	-23.513	-94.9
21.47	-8.642	-27.488	-103.1
21.48	-8.649	-29.348	-103.7
21.49	-8.656	-30.455	-105.3
21.5	-8.664	-32.141	-101.8
21.51	-8.672	-35.358	-117.3
21.52	-8.683	-40.255	-119.4
21.53	-8.696	-45.786	-99.1
21.54	-8.709	-49.675	-82.9
21.55	-8.721	-50.989	-85.8
21.56	-8.734	-50.663	-89.7
21.57	-8.748	-48.009	-79.6
21.58	-8.763	-41.880	-91.5
21.59	-8.778	-33.248	-96.9
21.6	-8.793	-23.694	-77.4
21.61	-8.808	-14.478	-72.7
21.62	-8.823	-6.570	-75.2
21.63	-8.836	-0.563	-73.6
21.64	-8.848	3.031	-60.3
21.65	-8.857	3.831	-67.1
21.66	-8.864	1.900	-88.6
21.67	-8.869	-2.055	-66.3
21.68	-8.874	-7.155	-44.2
21.69	-8.880	-12.777	-56.0
21.7	-8.887	-18.431	-68.6
21.71	-8.893	-23.711	-61.8
21.72	-8.898	-28.355	-25.6
21.73	-8.901	-32.241	16.4
21.74	-8.904	-35.117	36.1
21.75	-8.906	-36.827	18.0
21.76	-8.909	-37.703	-16.8
21.77	-8.912	-38.128	-60.2
21.78	-8.915	-38.241	-83.4
21.79	-8.919	-38.131	-52.9
21.8	-8.925	-37.698	-42.1
21.81	-8.934	-36.752	-60.7
21.82	-8.943	-35.383	-38.8
21.83	-8.944	-33.878	47.8
21.84	-8.940	-32.392	239.9
21.85	-8.936	-31.017	490.0
21.86	-8.930	-29.881	495.4
21.87	-8.918	-28.998	198.5
21.88	-8.904	-28.372	-34.9
21.89	-8.889	-27.967	-75.1
21.9	-8.876	-27.644	-61.0
21.91	-8.860	-27.373	-60.5
21.92	-8.842	-27.038	-48.6
21.93	-8.822	-26.261	-33.5
21.94	-8.804	-24.777	-30.6
21.95	-8.786	-22.534	-19.6
21.96	-8.768	-18.923	-11.4
21.97	-8.751	-11.323	-18.2
21.98	-8.735	4.998	-18.0
21.99	-8.719	28.433	21.3
22.0	-8.703	45.698	51.8
22.01	-8.686	50.828	69.2
22.02	-8.667	51.123	107.4
22.03	-8.648	51.139	127.0
22.04	-8.631	51.139	114.5
22.05	-8.614	51.139	131.8
22.06	-8.599	51.128	166.5
22.07	-8.583	50.938	142.5
22.08	-8.568	47.547	115.3
22.09	-8.553	35.413	92.9
22.1	-8.536	16.431	30.2
22.11	-8.518	-1.506	-31.1
22.12	-8.501	-14.952	-75.6
22.13	-8.486	-23.853	-91.0
22.14	-8.472	-28.791	-88.8
22.15	-8.457	-31.044	-107.1
22.16	-8.444	-32.195	-123.9
22.17	-8.431	-33.792	-124.3
22.18	-8.419	-36.955	-112.4
22.19	-8.408	-41.820	-100.9
22.2	-8.397	-47.016	-105.0
22.21	-8.386	-50.230	-101.8
22.22	-8.374	-51.091	-101.6
22.23	-8.363	-51.097	-103.8
22.24	-8.351	-50.198	-88.9
22.25	-8.339	-46.223	-79.3
22.26	-8.330	-38.353	-95.5
22.27	-8.321	-28.477	-108.3
22.28	-8.313	-18.592	-89.3
22.29	-8.305	-9.806	-69.6
22.3	-8.297	-2.842	-74.8
22.31	-8.288	1.794	-78.9
22.32	-8.279	3.856	-76.4
22.33	-8.269	3.328	-87.4
22.34	-8.259	0.431	-94.9
22.35	-8.249	-4.284	-84.5
22.36	-8.239	-10.031	-78.2
22.37	-8.231	-16.039	-73.8
22.38	-8.223	-21.738	-61.2
22.39	-8.215	-26.819	-45.1
22.4	-8.207	-31.170	-34.5
22.41	-8.201	-34.720	-10.2
22.42	-8.194	-37.441	11.0
22.43	-8.188	-39.394	-20.4
22.44	-8.181	-40.745	-51.8
22.45	-8.174	-41.634	-74.5
22.46	-8.169	-41.978	-93.0
22.47	-8.166	-41.714	-84.5
22.48	-8.163	-41.059	-75.3
22.49	-8.159	-40.314	-56.1
22.5	-8.152	-39.608	11.8
22.51	-8.144	-38.875	234.3
22.52	-8.139	-37.991	563.8
22.53	-8.138	-36.914	571.2
22.54	-8.137	-35.755	207.4
22.55	-8.136	-34.731	-41.0
22.56	-8.134	-34.081	-88.4
22.57	-8.131	-33.869	-103.4
22.58	-8.127	-33.833	-109.5
22.59	-8.121	-33.533	-97.5
22.6	-8.114	-32.530	-71.1
22.61	-8.107	-30.531	-53.2
22.62	-8.100	-27.241	-52.2
22.63	-8.094	-21.244	-51.6
22.64	-8.089	-8.519	-32.8
22.65	-8.085	14.177	-17.3
22.66	-8.081	37.831	1.1
22.67	-8.076	49.319	18.8
22.68	-8.072	51.106	24.8
22.69	-8.067	51.134	56.1
22.7	-8.062	51.139	102.6
22.71	-8.058	51.139	125.7
22.72	-8.054	51.136	117.3
22.73	-8.051	51.123	115.6
22.74	-8.048	50.159	128.5
22.75	-8.047	43.395	101.3
22.76	-8.046	27.828	43.3
22.77	-8.046	9.506	3.6
22.78	-8.047	-5.344	-32.0
22.79	-8.048	-15.938	-87.0
22.8	-8.050	-22.934	-130.3
22.81	-8.052	-27.173	-150.6
22.82	-8.053	-29.638	-160.0
22.83	-8.054	-31.434	-138.9
22.84	-8.055	-33.742	-109.2
22.85	-8.055	-37.586	-120.2
22.86	-8.056	-43.058	-136.1
22.87	-8.055	-48.188	-127.2
22.88	-8.054	-50.686	-130.5
22.89	-8.054	-51.127	-133.2
22.9	-8.054	-51.131	-124.5
22.91	-8.053	-50.791	-118.7
22.92	-8.053	-48.494	-106.7
22.93	-8.053	-42.900	-103.2
22.94	-8.053	-35.239	-94.7
22.95	-8.053	-27.366	-90.8
22.96	-8.053	-20.158	-104.3
22.97	-8.053	-14.225	-102.4
22.98	-8.053	-10.094	-99.3
22.99	-8.053	-8.013	-96.7
23.0	-8.053	-7.938	-89.1
23.01	-8.052	-9.661	-86.0
23.02	-8.051	-12.786	-95.8
23.03	-8.051	-16.753	-104.6
23.04	-8.051	-21.044	-91.7
23.05	-8.051	-25.309	-79.7
23.06	-8.051	-29.339	-93.1
23.07	-8.051	-32.994	-105.3
23.08	-8.051	-36.169	-93.9
23.09	-8.052	-38.789	-85.5
23.1	-8.053	-40.816	-78.5
23.11	-8.053	-42.197	-74.7
23.12	-8.054	-42.988	-72.2
23.13	-8.054	-43.372	-56.2
23.14	-8.054	-43.467	-50.8
23.15	-8.054	-43.288	-38.8
23.16	-8.054	-42.909	10.5
23.17	-8.054	-42.555	41.3
23.18	-8.053	-42.331	-7.1
23.19	-8.053	-42.441	-74.5
23.2	-8.052	-42.784	-86.5
23.21	-8.052	-41.889	-69.7
23.22	-8.053	-39.217	-73.8
23.23	-8.054	-36.284	-93.9
23.24	-8.054	-33.847	-52.4
23.25	-8.051	-31.823	24.1
23.26	-8.046	-30.477	167.6
23.27	-8.044	-29.519	504.0
23.28	-8.047	-27.881	696.7
23.29	-8.051	-25.591	404.9
23.3	-8.054	-24.917	35.4
23.31	-8.056	-26.311	-61.9
23.32	-8.057	-27.520	-85.5
23.33	-8.057	-27.683	-110.9
23.34	-8.056	-27.619	-88.3
23.35	-8.053	-27.766	-74.3
23.36	-8.051	-27.530	-76.3
23.37	-8.048	-25.845	-60.1
23.38	-8.047	-20.391	-34.3
23.39	-8.047	-6.542	-30.8
23.4	-8.047	17.550	-30.9
23.41	-8.047	40.297	-6.3
23.42	-8.046	49.906	24.4
23.43	-8.044	51.111	53.6
23.44	-8.044	51.138	80.7
23.45	-8.042	51.139	107.4
23.46	-8.041	51.139	122.5
23.47	-8.040	51.139	120.0
23.48	-8.039	51.123	143.7
23.49	-8.040	50.586	172.3
23.5	-8.041	45.406	156.7
23.51	-8.043	30.978	100.8
23.52	-8.044	11.656	39.5
23.53	-8.046	-4.947	-2.5
23.54	-8.048	-16.731	-37.1
23.55	-8.051	-24.250	-83.5
23.56	-8.054	-28.431	-124.3
23.57	-8.056	-30.336	-126.9
23.58	-8.058	-31.200	-126.8
23.59	-8.059	-32.417	-131.2
23.6	-8.061	-35.070	-125.5
23.61	-8.061	-39.545	-136.0
23.62	-8.061	-45.098	-135.6
23.63	-8.060	-49.369	-103.8
23.64	-8.059	-50.956	-88.5
23.65	-8.060	-51.117	-91.1
23.66	-8.063	-50.594	-95.3
23.67	-8.066	-47.914	-107.7
23.68	-8.071	-42.163	-109.0
23.69	-8.077	-34.616	-108.2
23.7	-8.084	-26.781	-98.2
23.71	-8.092	-19.447	-73.8
23.72	-8.103	-13.213	-75.1
23.73	-8.114	-8.620	-86.6
23.74	-8.127	-6.022	-86.4
23.75	-8.142	-5.481	-97.0
23.76	-8.156	-6.794	-99.5
23.77	-8.169	-9.605	-94.5
23.78	-8.183	-13.514	-91.3
23.79	-8.196	-18.073	-82.3
23.8	-8.209	-22.797	-78.0
23.81	-8.223	-27.256	-73.3
23.82	-8.236	-31.216	-85.7
23.83	-8.249	-34.673	-94.5
23.84	-8.264	-37.695	-73.1
23.85	-8.278	-40.231	-58.5
23.86	-8.292	-42.141	-51.7
23.87	-8.306	-43.473	-31.9
23.88	-8.319	-44.331	-10.0
23.89	-8.331	-44.683	12.1
23.9	-8.342	-44.648	12.5
23.91	-8.353	-44.381	-21.7
23.92	-8.363	-43.845	-59.7
23.93	-8.371	-43.053	-79.5
23.94	-8.379	-41.978	-83.6
23.95	-8.389	-40.491	-78.4
23.96	-8.401	-38.691	-61.4
23.97	-8.411	-36.800	-24.8
23.98	-8.418	-34.880	77.4
23.99	-8.424	-32.903	349.7
24.0	-8.434	-30.931	651.5
24.01	-8.446	-29.113	569.6
24.02	-8.459	-27.594	184.7
24.03	-8.473	-26.469	-42.7
24.04	-8.484	-25.848	-76.2
24.05	-8.495	-25.823	-74.9
24.06	-8.503	-26.313	-70.5
24.07	-8.509	-27.058	-76.6
24.08	-8.514	-27.603	-77.5
24.09	-8.518	-27.200	-58.3
24.1	-8.521	-25.070	-37.6
24.11	-8.526	-19.628	-8.4
24.12	-8.533	-6.531	5.0
24.13	-8.541	16.864	-0.8
24.14	-8.549	39.748	13.6
24.15	-8.555	49.786	43.5
24.16	-8.561	51.109	74.4
24.17	-8.565	51.136	90.6
24.18	-8.568	51.139	106.4
24.19	-8.569	51.139	148.1
24.2	-8.570	51.139	180.8
24.21	-8.572	51.122	162.1
24.22	-8.575	50.659	131.4
24.23	-8.578	45.608	121.5
24.24	-8.581	30.611	102.6
24.25	-8.584	9.744	55.9
24.26	-8.587	-8.542	-19.2
24.27	-8.591	-21.573	-81.6
24.28	-8.598	-29.794	-103.7
24.29	-8.609	-34.047	-114.8
24.3	-8.621	-35.445	-135.5
24.31	-8.633	-35.406	-137.5
24.32	-8.643	-35.509	-112.0
24.33	-8.653	-37.167	-92.8
24.34	-8.663	-41.098	-102.9
24.35	-8.671	-46.275	-120.5
24.36	-8.680	-49.930	-119.2
24.37	-8.689	-51.048	-102.4
24.38	-8.701	-51.002	-99.8
24.39	-8.713	-49.541	-120.2
24.4	-8.725	-44.808	-96.9
24.41	-8.736	-37.122	-60.8
24.42	-8.747	-28.545	-66.8
24.43	-8.756	-20.211	-79.3
24.44	-8.764	-12.531	-86.6
24.45	-8.773	-5.988	-77.6
24.46	-8.781	-1.233	-77.8
24.47	-8.789	1.098	-91.7
24.48	-8.797	0.720	-85.0
24.49	-8.806	-2.031	-72.8
24.5	-8.814	-6.475	-67.7
24.51	-8.824	-11.919	-66.8
24.52	-8.836	-17.670	-66.2
24.53	-8.847	-23.142	-58.2
24.54	-8.859	-27.977	-44.5
24.55	-8.872	-32.036	-47.0
24.56	-8.884	-35.331	-32.5
24.57	-8.896	-37.923	13.0
24.58	-8.907	-39.895	36.3
24.59	-8.916	-41.263	5.9
24.6	-8.926	-41.903	-39.3
24.61	-8.937	-41.783	-56.8
24.62	-8.949	-41.105	-69.6
24.63	-8.960	-40.119	-84.3
24.64	-8.973	-38.917	-71.6
24.65	-8.988	-37.517	-32.3
24.66	-9.001	-35.984	1.3
24.67	-9.009	-34.331	97.4
24.68	-9.015	-32.600	346.5
24.69	-9.021	-31.000	562.5
24.7	-9.026	-29.780	411.1
24.71	-9.029	-28.922	79.4
24.72	-9.034	-28.269	-60.6
24.73	-9.041	-27.789	-71.2
24.74	-9.047	-27.523	-62.1
24.75	-9.049	-27.500	-47.3
24.76	-9.047	-27.573	-56.3
24.77	-9.043	-27.280	-63.9
24.78	-9.038	-26.052	-29.2
24.79	-9.032	-23.347	-9.6
24.8	-9.024	-17.841	-16.1
24.81	-9.014	-5.403	-6.9
24.82	-9.001	17.173	13.5
24.83	-8.984	39.727	28.6
24.84	-8.967	49.766	44.7
24.85	-8.947	51.109	82.8
24.86	-8.926	51.136	110.2
24.87	-8.906	51.139	120.2
24.88	-8.887	51.139	129.8
24.89	-8.867	51.139	134.3
24.9	-8.844	51.123	155.2
24.91	-8.821	50.794	161.8
24.92	-8.796	46.413	120.9
24.93	-8.773	32.347	67.7
24.94	-8.748	11.848	20.0
24.95	-8.723	-6.620	-36.4
24.96	-8.699	-20.109	-85.8
24.97	-8.675	-28.998	-92.3
24.98	-8.651	-34.083	-85.5
24.99	-8.626	-36.448	-106.7
25.0	-8.599	-37.466	-114.9
25.01	-8.571	-38.633	-93.8
25.02	-8.543	-41.231	-92.4
25.03	-8.516	-45.478	-108.5
25.04	-8.489	-49.330	-115.8
25.05	-8.466	-50.933	-114.5
25.06	-8.444	-51.134	-110.6
25.07	-8.424	-51.117	-94.8
25.08	-8.407	-50.423	-80.8
25.09	-8.391	-46.563	-89.4
25.1	-8.377	-38.019	-92.3
25.11	-8.363	-26.927	-84.0
25.12	-8.350	-15.902	-79.9
25.13	-8.337	-6.222	-81.0
25.14	-8.324	1.284	-85.6
25.15	-8.313	6.005	-77.2
25.16	-8.299	7.619	-77.5
25.17	-8.286	6.170	-86.3
25.18	-8.273	2.044	-74.3
25.19	-8.261	-4.045	-80.9
25.2	-8.250	-11.166	-103.6
25.21	-8.240	-18.428	-96.8
25.22	-8.231	-25.208	-75.3
25.23	-8.223	-31.100	-49.4
25.24	-8.215	-35.913	-23.3
25.25	-8.206	-39.681	6.2
25.26	-8.197	-42.486	19.9
25.27	-8.190	-44.395	-24.2
25.28	-8.183	-45.522	-79.7
25.29	-8.175	-45.956	-84.8
25.3	-8.169	-45.805	-77.2
25.31	-8.164	-45.195	-95.5
25.32	-8.161	-44.175	-97.0
25.33	-8.158	-42.897	-59.0
25.34	-8.153	-41.591	1.1
25.35	-8.145	-40.291	158.8
25.36	-8.140	-38.963	461.6
25.37	-8.138	-37.641	614.4
25.38	-8.136	-36.364	344.6
25.39	-8.133	-35.211	-24.9
25.4	-8.129	-34.419	-118.1
25.41	-8.124	-34.086	-85.9
25.42	-8.119	-33.870	-98.0
25.43	-8.111	-33.561	-89.5
25.44	-8.103	-33.087	-78.6
25.45	-8.094	-31.920	-78.8
25.46	-8.086	-29.467	-72.0
25.47	-8.079	-24.636	-62.0
25.48	-8.072	-13.839	-27.8
25.49	-8.068	7.508	-16.3
25.5	-8.064	33.073	-25.8
25.51	-8.059	47.892	-3.0
25.52	-8.056	51.019	29.0
25.53	-8.051	51.130	34.6
25.54	-8.047	51.139	45.7
25.55	-8.041	51.139	85.8
25.56	-8.035	51.139	127.9
25.57	-8.029	51.130	147.4
25.58	-8.025	50.950	129.0
25.59	-8.021	47.513	84.9
25.6	-8.018	34.811	50.7
25.61	-8.015	14.680	7.0
25.62	-8.012	-4.275	-68.1
25.63	-8.011	-18.288	-99.9
25.64	-8.010	-27.606	-100.5
25.65	-8.009	-33.075	-124.2
25.66	-8.008	-35.781	-135.1
25.67	-8.006	-36.942	-141.0
25.68	-8.006	-38.034	-150.4
25.69	-8.005	-40.356	-148.0
25.7	-8.004	-44.355	-151.7
25.71	-8.003	-48.545	-139.2
25.72	-8.002	-50.727	-115.5
25.73	-8.000	-51.128	-118.9
25.74	-7.999	-51.138	-117.1
25.75	-7.999	-51.117	-108.4
25.76	-7.999	-50.494	-114.2
25.77	-8.000	-47.325	-119.7
25.78	-8.001	-40.728	-105.3
25.79	-8.002	-32.517	-80.1
25.8	-8.001	-24.488	-102.1
25.81	-8.001	-17.419	-126.4
25.82	-8.000	-11.869	-93.3
25.83	-8.000	-8.264	-76.7
25.84	-8.000	-6.827	-104.1
25.85	-8.000	-7.517	-107.9
25.86	-8.001	-10.006	-85.4
25.87	-8.000	-13.770	-92.1
25.88	-8.000	-18.252	-116.6
25.89	-8.000	-22.958	-100.2
25.9	-8.001	-27.517	-69.1
25.91	-8.001	-31.702	-77.7
25.92	-8.001	-35.417	-97.9
25.93	-8.001	-38.542	-92.9
25.94	-8.001	-40.947	-82.8
25.95	-8.001	-42.722	-90.1
25.96	-8.001	-44.014	-93.2
25.97	-8.002	-44.848	-86.3
25.98	-8.004	-45.231	-78.1
25.99	-8.005	-45.141	-57.5
26.0	-8.006	-44.606	-21.3
26.01	-8.007	-43.802	-16.3
26.02	-8.008	-42.891	-12.3
26.03	-8.008	-41.961	14.6
26.04	-8.009	-41.064	-10.3
26.05	-8.011	-40.133	-39.1
26.06	-8.012	-39.016	-68.8
26.07	-8.012	-37.592	-104.3
26.08	-8.014	-35.967	-81.8
26.09	-8.016	-34.317	-62.1
26.1	-8.016	-32.661	-36.8
26.11	-8.012	-31.186	38.7
26.12	-8.008	-29.995	226.9
26.13	-8.007	-28.728	546.7
26.14	-8.011	-28.133	666.9
26.15	-8.014	-28.859	359.8
26.16	-8.017	-28.969	6.6
26.17	-8.019	-27.531	-91.4
26.18	-8.019	-26.253	-81.5
26.19	-8.018	-26.127	-85.3
26.2	-8.016	-27.063	-94.3
26.21	-8.014	-28.503	-88.5
26.22	-8.011	-28.919	-62.5
26.23	-8.009	-26.753	-25.7
26.24	-8.009	-19.858	-29.2
26.25	-8.009	-3.430	-46.7
26.26	-8.008	22.441	-14.7
26.27	-8.007	43.467	10.3
26.28	-8.007	50.555	3.0
26.29	-8.007	51.111	42.5
26.3	-8.007	51.139	94.2
26.31	-8.007	51.139	103.7
26.32	-8.007	51.139	115.1
26.33	-8.006	51.139	138.1
26.34	-8.006	51.120	150.2
26.35	-8.006	50.636	154.1
26.36	-8.007	45.417	133.9
26.37	-8.008	30.069	76.6
26.38	-8.011	8.897	35.3
26.39	-8.012	-9.513	2.1
26.4	-8.015	-22.638	-46.2
26.41	-8.019	-30.934	-86.9
26.42	-8.023	-35.208	-117.2
26.43	-8.024	-36.711	-125.2
26.44	-8.026	-36.995	-125.2
26.45	-8.028	-37.548	-136.7
26.46	-8.029	-39.552	-141.3
26.47	-8.029	-43.447	-127.3
26.48	-8.029	-47.870	-102.3
26.49	-8.027	-50.486	-110.3
26.5	-8.027	-51.109	-129.9
26.51	-8.029	-51.098	-101.7
26.52	-8.031	-50.275	-100.7
26.53	-8.035	-46.811	-123.4
26.54	-8.040	-40.330	-105.9
26.55	-8.045	-32.528	-88.5
26.56	-8.050	-24.667	-98.5
26.57	-8.056	-17.375	-117.2
26.58	-8.061	-11.252	-108.4
26.59	-8.068	-6.803	-89.9
26.6	-8.074	-4.402	-89.0
26.61	-8.081	-4.105	-95.6
26.62	-8.086	-5.731	-109.8
26.63	-8.091	-8.897	-108.0
26.64	-8.096	-13.058	-91.7
26.65	-8.100	-17.769	-97.8
26.66	-8.104	-22.578	-96.5
26.67	-8.110	-27.100	-92.8
26.68	-8.116	-31.163	-108.0
26.69	-8.124	-34.694	-97.4
26.7	-8.133	-37.692	-75.8
26.71	-8.144	-40.141	-69.3
26.72	-8.157	-42.003	-72.3
26.73	-8.171	-43.331	-63.1
26.74	-8.186	-44.145	-56.6
26.75	-8.201	-44.367	-45.5
26.76	-8.216	-44.036	9.2
26.77	-8.230	-43.364	37.8
26.78	-8.244	-42.564	-15.2
26.79	-8.257	-41.748	-85.1
26.8	-8.269	-40.900	-85.2
26.81	-8.281	-39.872	-65.3
26.82	-8.294	-38.558	-85.4
26.83	-8.307	-37.025	-94.3
26.84	-8.318	-35.464	-59.3
26.85	-8.325	-34.084	22.8
26.86	-8.329	-32.972	207.9
26.87	-8.334	-31.995	525.2
26.88	-8.343	-31.016	669.7
26.89	-8.352	-30.077	373.6
26.9	-8.361	-29.236	21.1
26.91	-8.370	-28.617	-94.4
26.92	-8.377	-28.428	-94.2
26.93	-8.383	-28.678	-67.8
26.94	-8.387	-29.261	-81.7
26.95	-8.390	-29.869	-100.0
26.96	-8.391	-29.752	-80.0
26.97	-8.390	-28.106	-51.9
26.98	-8.391	-23.819	-44.0
26.99	-8.393	-13.525	-30.7
27.0	-8.397	7.563	2.3
27.01	-8.401	33.186	15.5
27.02	-8.404	47.983	9.8
27.03	-8.405	51.027	19.1
27.04	-8.404	51.130	67.5
27.05	-8.401	51.139	109.6
27.06	-8.396	51.139	137.8
27.07	-8.389	51.139	171.2
27.08	-8.383	51.134	168.6
27.09	-8.375	51.097	149.9
27.1	-8.368	49.534	135.6
27.11	-8.363	40.245	86.4
27.12	-8.358	20.644	24.7
27.13	-8.355	-1.200	-3.7
27.14	-8.356	-18.283	-23.3
27.15	-8.362	-29.822	-80.0
27.16	-8.374	-36.517	-129.8
27.17	-8.388	-39.392	-120.6
27.18	-8.399	-39.770	-111.2
27.19	-8.409	-39.322	-139.4
27.2	-8.419	-39.652	-148.6
27.21	-8.431	-41.827	-128.3
27.22	-8.441	-45.766	-117.0
27.23	-8.451	-49.402	-110.5
27.24	-8.460	-50.936	-101.1
27.25	-8.468	-51.123	-102.3
27.26	-8.476	-50.689	-130.0
27.27	-8.484	-48.111	-118.9
27.28	-8.491	-42.163	-67.3
27.29	-8.499	-34.130	-71.2
27.3	-8.506	-25.792	-93.1
27.31	-8.514	-17.994	-84.9
27.32	-8.522	-11.089	-87.3
27.33	-8.531	-5.586	-93.3
27.34	-8.541	-2.452	-90.0
27.35	-8.551	-1.872	-74.2
27.36	-8.561	-3.116	-76.3
27.37	-8.571	-5.697	-85.4
27.38	-8.582	-9.405	-63.7
27.39	-8.592	-14.092	-62.0
27.4	-8.602	-19.533	-66.9
27.41	-8.611	-25.106	-66.2
27.42	-8.621	-30.041	-57.4
27.43	-8.631	-34.003	-29.8
27.44	-8.642	-37.044	9.3
27.45	-8.652	-39.306	47.7
27.46	-8.661	-41.063	23.6
27.47	-8.668	-42.506	-37.5
27.48	-8.676	-43.541	-74.7
27.49	-8.683	-43.942	-67.2
27.5	-8.691	-43.620	-47.8
27.51	-8.703	-42.673	-70.2
27.52	-8.715	-41.320	-60.2
27.53	-8.726	-39.816	1.2
27.54	-8.731	-38.275	118.8
27.55	-8.735	-36.714	382.6
27.56	-8.742	-35.203	613.5
27.57	-8.750	-33.733	467.9
27.58	-8.759	-32.269	107.2
27.59	-8.771	-30.936	-44.9
27.6	-8.783	-29.914	-45.2
27.61	-8.794	-29.413	-60.6
27.62	-8.804	-29.534	-50.3
27.63	-8.810	-29.917	-36.0
27.64	-8.816	-29.908	-50.1
27.65	-8.820	-28.931	-43.9
27.66	-8.825	-26.556	-22.6
27.67	-8.831	-21.639	-18.0
27.68	-8.838	-10.320	1.6
27.69	-8.847	11.663	37.2
27.7	-8.855	36.225	57.8
27.71	-8.863	48.928	64.1
27.72	-8.867	51.088	69.5
27.73	-8.871	51.133	98.5
27.74	-8.874	51.139	132.6
27.75	-8.879	51.139	146.6
27.76	-8.883	51.139	161.3
27.77	-8.886	51.133	180.4
27.78	-8.889	51.023	167.9
27.79	-8.891	48.367	110.6
27.8	-8.891	36.695	56.9
27.81	-8.891	15.878	25.2
27.82	-8.888	-5.145	-17.8
27.83	-8.885	-21.072	-65.8
27.84	-8.884	-31.880	-86.0
27.85	-8.879	-38.253	-96.0
27.86	-8.869	-41.097	-107.2
27.87	-8.856	-41.886	-100.3
27.88	-8.838	-42.533	-93.3
27.89	-8.817	-44.609	-108.5
27.9	-8.795	-47.953	-128.3
27.91	-8.776	-50.408	-113.7
27.92	-8.758	-51.102	-78.3
27.93	-8.744	-51.138	-74.5
27.94	-8.731	-51.131	-89.5
27.95	-8.721	-50.630	-95.8
27.96	-8.709	-47.170	-89.7
27.97	-8.697	-38.630	-93.8
27.98	-8.684	-26.819	-100.4
27.99	-8.669	-14.636	-64.1
28.0	-8.652	-3.586	-43.0
28.01	-8.636	5.238	-72.9
28.02	-8.617	11.038	-88.2
28.03	-8.598	13.389	-79.0
28.04	-8.576	12.219	-80.8
28.05	-8.554	8.070	-76.8
28.06	-8.533	1.784	-77.7
28.07	-8.512	-5.809	-69.9
28.08	-8.491	-13.705	-38.3
28.09	-8.472	-21.211	-37.5
28.1	-8.454	-27.980	-51.7
28.11	-8.436	-33.625	-38.9
28.12	-8.417	-37.944	2.4
28.13	-8.398	-41.011	5.2
28.14	-8.380	-42.941	-51.2
28.15	-8.364	-43.767	-85.6
28.16	-8.350	-43.634	-82.6
28.17	-8.339	-42.795	-78.4
28.18	-8.329	-41.522	-98.1
28.19	-8.322	-40.050	-99.9
28.2	-8.316	-38.531	-57.4
28.21	-8.306	-37.022	47.7
28.22	-8.296	-35.519	307.3
28.23	-8.290	-34.017	575.5
28.24	-8.286	-32.587	477.3
28.25	-8.281	-31.398	117.9
28.26	-8.276	-30.608	-67.3
28.27	-8.270	-30.272	-105.7
28.28	-8.264	-30.408	-124.2
28.29	-8.257	-30.972	-95.6
28.3	-8.249	-31.608	-57.8
28.31	-8.242	-31.622	-51.6
28.32	-8.234	-30.395	-61.8
28.33	-8.226	-27.397	-50.3
28.34	-8.219	-20.888	-40.3
28.35	-8.214	-6.350	-38.7
28.36	-8.209	18.153	-17.4
28.37	-8.204	40.777	4.1
28.38	-8.201	50.023	24.2
28.39	-8.197	51.113	53.4
28.4	-8.193	51.139	75.7
28.41	-8.189	51.139	101.8
28.42	-8.185	51.139	124.6
28.43	-8.181	51.138	133.0
28.44	-8.178	51.120	125.4
28.45	-8.175	50.200	109.1
28.46	-8.172	43.127	79.3
28.47	-8.169	25.813	29.3
28.48	-8.167	4.539	-15.9
28.49	-8.164	-12.952	-50.1
28.5	-8.160	-25.183	-78.2
28.51	-8.157	-32.792	-111.5
28.52	-8.153	-36.738	-129.2
28.53	-8.148	-38.266	-126.9
28.54	-8.143	-38.934	-123.2
28.55	-8.136	-40.273	-126.2
28.56	-8.130	-43.231	-139.6
28.57	-8.124	-47.288	-140.6
28.58	-8.117	-50.214	-128.9
28.59	-8.113	-51.086	-120.4
28.6	-8.108	-51.136	-116.1
28.61	-8.103	-51.127	-107.5
28.62	-8.099	-50.630	-98.4
28.63	-8.096	-47.609	-106.3
28.64	-8.094	-40.583	-120.9
28.65	-8.092	-31.111	-114.4
28.66	-8.091	-21.569	-106.8
28.67	-8.089	-13.267	-104.1
28.68	-8.087	-6.795	-104.2
28.69	-8.084	-2.602	-116.3
28.7	-8.081	-1.036	-105.3
28.71	-8.078	-1.964	-90.7
28.72	-8.075	-4.992	-117.8
28.73	-8.071	-9.606	-122.0
28.74	-8.068	-15.103	-92.0
28.75	-8.064	-20.773	-86.8
28.76	-8.063	-26.198	-100.1
28.77	-8.059	-31.208	-108.4
28.78	-8.056	-35.558	-101.9
28.79	-8.054	-39.056	-95.8
28.8	-8.053	-41.716	-80.2
28.81	-8.053	-43.602	-50.9
28.82	-8.053	-44.797	-45.3
28.83	-8.053	-45.370	-47.5
28.84	-8.054	-45.377	-19.1
28.85	-8.054	-44.972	-15.9
28.86	-8.056	-44.347	-62.7
28.87	-8.059	-43.516	-85.7
28.88	-8.064	-42.336	-77.2
28.89	-8.069	-40.763	-78.8
28.9	-8.076	-39.017	-87.9
28.91	-8.084	-37.377	-87.7
28.92	-8.092	-35.934	-75.5
28.93	-8.098	-34.666	4.4
28.94	-8.104	-33.531	267.5
28.95	-8.114	-32.295	615.6
28.96	-8.126	-30.877	626.8
28.97	-8.138	-29.655	259.9
28.98	-8.148	-28.938	-28.1
28.99	-8.158	-28.794	-97.8
29.0	-8.168	-29.167	-97.6
29.01	-8.179	-29.720	-96.9
29.02	-8.196	-30.020	-89.4
29.03	-8.217	-29.608	-69.7
29.04	-8.246	-27.911	-64.8
29.05	-8.276	-24.138	-54.1
29.06	-8.304	-15.833	-18.5
29.07	-8.328	2.155	-2.9
29.08	-8.349	27.691	-13.1
29.09	-8.367	45.819	0.0
29.1	-8.383	50.866	47.1
29.11	-8.397	51.125	84.4
29.12	-8.409	51.139	102.8
29.13	-8.420	51.139	117.2
29.14	-8.429	51.139	135.4
29.15	-8.437	51.136	162.5
29.16	-8.444	51.122	162.0
29.17	-8.451	50.080	134.7
29.18	-8.457	42.661	122.3
29.19	-8.464	25.434	85.9
29.2	-8.473	5.095	10.1
29.21	-8.482	-11.136	-51.6
29.22	-8.493	-22.173	-83.5
29.23	-8.506	-28.844	-102.8
29.24	-8.522	-32.339	-128.3
29.25	-8.538	-33.995	-142.7
29.26	-8.554	-35.186	-139.2
29.27	-8.568	-37.206	-149.3
29.28	-8.580	-40.939	-150.1
29.29	-8.589	-45.930	-135.7
29.3	-8.598	-49.733	-126.5
29.31	-8.604	-51.022	-117.5
29.32	-8.613	-51.136	-112.6
29.33	-8.621	-51.136	-103.3
29.34	-8.630	-50.864	-99.4
29.35	-8.638	-48.675	-104.2
29.36	-8.645	-42.820	-107.4
29.37	-8.651	-34.359	-117.5
29.38	-8.655	-25.494	-116.7
29.39	-8.658	-17.425	-98.3
29.4	-8.659	-10.917	-101.4
29.41	-8.661	-6.530	-103.6
29.42	-8.661	-4.556	-95.1
29.43	-8.661	-4.972	-107.9
29.44	-8.661	-7.425	-107.0
29.45	-8.660	-11.319	-103.3
29.46	-8.660	-15.964	-104.2
29.47	-8.659	-20.794	-95.3
29.48	-8.660	-25.547	-99.1
29.49	-8.660	-30.052	-100.5
29.5	-8.660	-34.048	-110.9
29.51	-8.661	-37.377	-117.6
29.52	-8.662	-40.031	-96.1
29.53	-8.664	-41.963	-72.4
29.54	-8.666	-43.173	-64.7
29.55	-8.670	-43.827	-64.3
29.56	-8.675	-44.098	-55.6
29.57	-8.681	-44.103	-33.8
29.58	-8.688	-43.856	-4.6
29.59	-8.696	-43.331	-7.5
29.6	-8.703	-42.575	-36.7
29.61	-8.710	-41.644	-68.8
29.62	-8.716	-40.569	-101.5
29.63	-8.721	-39.342	-111.6
29.64	-8.724	-37.827	-100.1
29.65	-8.728	-35.925	-82.5
29.66	-8.728	-33.877	-62.4
29.67	-8.724	-32.091	30.6
29.68	-8.718	-30.831	287.0
29.69	-8.716	-30.064	606.7
29.7	-8.717	-29.573	607.7
29.71	-8.717	-29.280	231.7
29.72	-8.717	-29.252	-44.3
29.73	-8.714	-29.517	-97.4
29.74	-8.711	-30.034	-100.7
29.75	-8.707	-30.688	-104.6
29.76	-8.703	-31.328	-104.9
29.77	-8.696	-31.605	-76.5
29.78	-8.688	-30.863	-67.2
29.79	-8.679	-28.216	-61.5
29.8	-8.672	-21.692	-38.6
29.81	-8.669	-6.369	-25.3
29.82	-8.667	19.284	-25.1
29.83	-8.666	41.845	-16.9
29.84	-8.665	50.281	28.2
29.85	-8.665	51.108	67.6
29.86	-8.666	51.139	83.9
29.87	-8.667	51.139	109.2
29.88	-8.669	51.139	145.6
29.89	-8.671	51.139	158.9
29.9	-8.674	51.123	152.3
29.91	-8.678	50.811	154.2
29.92	-8.684	46.381	143.7
29.93	-8.691	31.828	105.7
29.94	-8.698	10.409	39.2
29.95	-8.704	-8.791	-44.0
29.96	-8.711	-22.498	-92.1
29.97	-8.718	-31.178	-100.1
29.98	-8.725	-35.795	-106.1
29.99	-8.732	-37.711	-128.2
30.0	-8.739	-38.556	-144.4
30.01	-8.748	-39.942	-129.1
30.02	-8.758	-43.025	-101.7
30.03	-8.766	-47.272	-107.2
30.04	-8.775	-50.253	-134.2
30.05	-8.783	-51.094	-132.3
30.06	-8.791	-51.138	-107.1
30.07	-8.800	-51.134	-87.8
30.08	-8.809	-50.794	-93.0
30.09	-8.819	-48.066	-101.7
30.1	-8.831	-40.808	-97.0
30.11	-8.842	-30.463	-98.9
30.12	-8.855	-19.886	-94.4
30.13	-8.868	-10.513	-77.1
30.14	-8.881	-3.227	-77.8
30.15	-8.893	1.352	-86.2
30.16	-8.904	3.009	-95.8
30.17	-8.916	1.964	-102.0
30.18	-8.928	-1.227	-78.4
30.19	-8.939	-6.002	-65.1
30.2	-8.949	-11.898	-64.0
30.21	-8.960	-18.355	-66.8
30.22	-8.971	-24.689	-82.1
30.23	-8.981	-30.236	-71.4
30.24	-8.990	-34.566	-66.8
30.25	-8.998	-37.711	-50.5
30.26	-9.005	-40.059	-22.0
30.27	-9.013	-41.903	-13.9
30.28	-9.021	-43.300	12.5
30.29	-9.030	-44.158	18.8
30.3	-9.040	-44.273	-2.7
30.31	-9.051	-43.653	-36.8
30.32	-9.063	-42.630	-84.4
30.33	-9.074	-41.438	-80.0
30.34	-9.087	-39.994	-69.3
30.35	-9.102	-38.219	-81.8
30.36	-9.120	-36.209	-45.6
30.37	-9.135	-34.108	23.0
30.38	-9.145	-32.098	165.7
30.39	-9.153	-30.395	445.1
30.4	-9.162	-29.064	601.4
30.41	-9.171	-28.084	358.9
30.42	-9.180	-27.458	27.3
30.43	-9.191	-27.077	-77.9
30.44	-9.203	-26.973	-77.5
30.45	-9.214	-27.284	-67.2
30.46	-9.224	-27.859	-57.9
30.47	-9.229	-28.227	-49.1
30.48	-9.232	-27.905	-34.5
30.49	-9.234	-26.600	-44.8
30.5	-9.236	-23.714	-52.2
30.51	-9.241	-17.020	-21.0
30.52	-9.247	-1.464	7.6
30.53	-9.254	23.338	30.8
30.54	-9.261	43.689	52.1
30.55	-9.265	50.575	62.0
30.56	-9.268	51.111	69.1
30.57	-9.269	51.139	82.2
30.58	-9.271	51.139	117.2
30.59	-9.274	51.139	149.5
30.6	-9.276	51.139	156.4
30.61	-9.279	51.122	159.8
30.62	-9.283	50.342	149.8
30.63	-9.286	43.808	117.8
30.64	-9.288	27.066	58.8
30.65	-9.289	6.069	-0.8
30.66	-9.287	-11.219	-30.6
30.67	-9.287	-23.319	-70.0
30.68	-9.288	-30.847	-102.2
30.69	-9.289	-34.728	-99.6
30.7	-9.287	-36.411	-83.4
30.71	-9.284	-37.700	-85.8
30.72	-9.277	-40.369	-104.6
30.73	-9.264	-44.889	-103.8
30.74	-9.248	-49.094	-103.8
30.75	-9.228	-50.895	-105.0
30.76	-9.204	-51.136	-83.3
30.77	-9.179	-51.138	-86.5
30.78	-9.153	-51.125	-96.9
30.79	-9.127	-50.470	-70.8
30.8	-9.102	-46.258	-57.9
30.81	-9.078	-36.430	-70.9
30.82	-9.054	-23.773	-65.7
30.83	-9.031	-11.861	-61.8
30.84	-9.009	-2.081	-74.7
30.85	-8.987	4.986	-70.1
30.86	-8.964	8.919	-65.5
30.87	-8.941	9.441	-54.6
30.88	-8.919	6.705	-54.5
30.89	-8.898	1.358	-83.3
30.9	-8.879	-5.722	-81.0
30.91	-8.861	-13.530	-55.6
30.92	-8.844	-21.072	-47.3
30.93	-8.826	-27.784	-45.8
30.94	-8.809	-33.497	-44.4
30.95	-8.792	-38.089	-31.8
30.96	-8.776	-41.541	1.6
30.97	-8.761	-43.933	28.0
30.98	-8.747	-45.214	17.6
30.99	-8.734	-45.433	-26.7
31.0	-8.723	-44.927	-48.5
31.01	-8.711	-44.042	-61.0
31.02	-8.701	-42.881	-94.8
31.03	-8.693	-41.355	-87.6
31.04	-8.688	-39.564	-61.6
31.05	-8.683	-37.817	-25.6
31.06	-8.674	-36.294	51.8
31.07	-8.662	-35.050	213.2
31.08	-8.653	-34.013	498.7
31.09	-8.646	-33.056	577.6
31.1	-8.639	-32.211	261.3
31.11	-8.633	-31.634	-23.3
31.12	-8.626	-31.441	-72.8
31.13	-8.619	-31.648	-49.8
31.14	-8.610	-32.239	-54.3
31.15	-8.599	-33.042	-85.1
31.16	-8.588	-33.395	-76.8
31.17	-8.576	-32.488	-56.1
31.18	-8.562	-29.934	-53.9
31.19	-8.550	-24.997	-37.9
31.2	-8.539	-14.430	-13.7
31.21	-8.528	6.730	1.7
31.22	-8.519	32.614	6.2
31.23	-8.509	47.800	25.0
31.24	-8.499	51.016	53.4
31.25	-8.490	51.130	54.5
31.26	-8.481	51.139	72.3
31.27	-8.472	51.139	135.4
31.28	-8.463	51.139	170.0
31.29	-8.454	51.130	138.8
31.3	-8.446	50.952	108.8
31.31	-8.439	47.461	106.4
31.32	-8.432	34.494	74.0
31.33	-8.425	13.983	11.4
31.34	-8.418	-4.989	-43.4
31.35	-8.411	-18.502	-67.3
31.36	-8.405	-27.139	-74.9
31.37	-8.400	-32.123	-89.3
31.38	-8.396	-34.850	-111.1
31.39	-8.391	-36.663	-136.7
31.4	-8.387	-38.811	-127.8
31.41	-8.383	-42.356	-111.9
31.42	-8.377	-46.919	-127.8
31.43	-8.372	-50.139	-121.9
31.44	-8.367	-51.084	-88.9
31.45	-8.361	-51.138	-87.6
31.46	-8.356	-51.141	-110.3
31.47	-8.350	-51.134	-110.0
31.48	-8.346	-50.773	-101.6
31.49	-8.341	-47.983	-94.2
31.5	-8.336	-40.841	-89.0
31.51	-8.331	-31.109	-87.5
31.52	-8.326	-21.677	-81.2
31.53	-8.321	-13.850	-75.1
31.54	-8.316	-8.238	-77.4
31.55	-8.311	-5.134	-87.5
31.56	-8.306	-4.673	-92.2
31.57	-8.302	-6.716	-86.0
31.58	-8.298	-10.648	-72.6
31.59	-8.294	-15.633	-81.5
31.6	-8.291	-20.958	-92.2
31.61	-8.287	-26.166	-75.7
31.62	-8.284	-31.027	-60.2
31.63	-8.283	-35.289	-65.0
31.64	-8.281	-38.753	-88.4
31.65	-8.278	-41.422	-91.7
31.66	-8.275	-43.330	-72.0
31.67	-8.273	-44.594	-65.9
31.68	-8.271	-45.469	-70.2
31.69	-8.269	-45.938	-58.8
31.7	-8.268	-45.875	-45.9
31.71	-8.266	-45.448	-60.2
31.72	-8.264	-44.759	-65.1
31.73	-8.262	-43.839	-58.1
31.74	-8.260	-42.867	-52.5
31.75	-8.259	-41.880	-36.5
31.76	-8.258	-40.828	-10.5
31.77	-8.256	-39.775	32.5
31.78	-8.254	-38.750	38.9
31.79	-8.253	-37.711	-2.5
31.8	-8.251	-36.619	-38.9
31.81	-8.250	-35.353	-65.7
31.82	-8.249	-33.836	-69.3
31.83	-8.249	-32.228	-64.0
31.84	-8.249	-30.767	-59.9
31.85	-8.247	-29.563	-25.8
31.86	-8.241	-28.597	33.3
31.87	-8.234	-27.778	205.4
31.88	-8.231	-26.952	540.9
31.89	-8.231	-26.152	676.8
31.9	-8.232	-25.720	386.7
31.91	-8.232	-25.881	55.7
31.92	-8.232	-26.583	-64.8
31.93	-8.230	-27.631	-68.8
31.94	-8.228	-28.897	-71.9
31.95	-8.226	-30.281	-84.5
31.96	-8.223	-31.370	-67.5
31.97	-8.219	-31.342	-52.2
31.98	-8.215	-29.139	-29.9
31.99	-8.212	-22.392	-10.1
32.0	-8.211	-5.803	-14.6
32.01	-8.208	20.950	-11.5
32.02	-8.207	43.009	8.8
32.03	-8.206	50.517	30.1
32.04	-8.205	51.109	49.3
32.05	-8.203	51.139	79.1
32.06	-8.201	51.139	113.6
32.07	-8.199	51.139	134.6
32.08	-8.196	51.139	158.0
32.09	-8.194	51.127	171.6
32.1	-8.194	50.891	155.3
32.11	-8.193	46.934	139.0
32.12	-8.194	33.172	107.1
32.13	-8.194	12.225	53.5
32.14	-8.195	-6.834	5.8
32.15	-8.196	-20.209	-32.8
32.16	-8.197	-28.300	-75.2
32.17	-8.199	-32.459	-109.3
32.18	-8.199	-34.283	-115.2
32.19	-8.199	-35.234	-113.8
32.2	-8.200	-36.600	-113.4
32.21	-8.201	-39.486	-116.9
32.22	-8.201	-44.178	-112.8
32.23	-8.201	-48.709	-114.0
32.24	-8.201	-50.816	-121.7
32.25	-8.201	-51.134	-100.3
32.26	-8.201	-51.138	-89.3
32.27	-8.203	-51.102	-91.9
32.28	-8.204	-50.252	-84.9
32.29	-8.206	-46.522	-90.7
32.3	-8.207	-39.389	-92.5
32.31	-8.207	-30.886	-89.2
32.32	-8.208	-22.727	-91.5
32.33	-8.209	-15.753	-80.2
32.34	-8.209	-10.556	-74.0
32.35	-8.210	-7.444	-80.6
32.36	-8.211	-6.539	-92.2
32.37	-8.211	-7.745	-92.1
32.38	-8.211	-10.664	-79.6
32.39	-8.211	-14.795	-91.8
32.4	-8.212	-19.577	-80.0
32.41	-8.213	-24.402	-60.9
32.42	-8.213	-29.047	-86.3
32.43	-8.214	-33.520	-95.1
32.44	-8.216	-37.517	-83.8
32.45	-8.217	-40.730	-78.7
32.46	-8.219	-43.180	-82.4
32.47	-8.221	-44.900	-75.1
32.48	-8.222	-45.975	-57.6
32.49	-8.223	-46.619	-56.2
32.5	-8.225	-46.916	-47.3
32.51	-8.227	-46.820	-35.1
32.52	-8.229	-46.284	-32.3
32.53	-8.232	-45.355	3.4
32.54	-8.236	-44.156	33.4
32.55	-8.239	-42.772	-15.6
32.56	-8.242	-41.289	-69.8
32.57	-8.244	-39.781	-66.0
32.58	-8.246	-38.216	-55.4
32.59	-8.249	-36.561	-81.8
32.6	-8.252	-34.817	-95.8
32.61	-8.254	-32.984	-42.4
32.62	-8.254	-31.183	37.2
32.63	-8.252	-29.567	241.1
32.64	-8.254	-28.156	595.0
32.65	-8.261	-27.098	661.9
32.66	-8.269	-26.603	305.8
32.67	-8.277	-26.525	6.4
32.68	-8.285	-26.620	-84.0
32.69	-8.293	-26.875	-93.6
32.7	-8.299	-27.413	-68.7
32.71	-8.305	-28.355	-77.8
32.72	-8.309	-29.409	-90.1
32.73	-8.313	-29.766	-71.3
32.74	-8.317	-28.397	-46.0
32.75	-8.321	-23.778	-27.6
32.76	-8.328	-12.220	-25.1
32.77	-8.336	10.411	-6.0
32.78	-8.345	35.780	22.2
32.79	-8.353	48.888	30.1
32.8	-8.361	51.089	40.4
32.81	-8.367	51.131	72.5
32.82	-8.374	51.139	123.8
32.83	-8.381	51.139	154.1
32.84	-8.387	51.139	161.3
32.85	-8.394	51.134	153.2
32.86	-8.402	51.039	146.7
32.87	-8.411	48.556	149.3
32.88	-8.420	36.994	108.6
32.89	-8.430	15.663	36.3
32.9	-8.440	-6.222	-25.1
32.91	-8.450	-22.731	-65.0
32.92	-8.461	-33.775	-87.4
32.93	-8.472	-40.134	-114.0
32.94	-8.481	-42.816	-150.1
32.95	-8.487	-43.158	-160.8
32.96	-8.493	-42.877	-131.9
32.97	-8.499	-43.813	-133.3
32.98	-8.506	-46.670	-151.5
32.99	-8.512	-49.677	-128.7
33.0	-8.518	-50.975	-108.0
33.01	-8.522	-51.136	-117.0
33.02	-8.527	-51.138	-120.6
33.03	-8.533	-51.066	-111.8
33.04	-8.541	-49.822	-123.2
33.05	-8.549	-45.122	-135.8
33.06	-8.559	-36.802	-121.3
33.07	-8.569	-27.105	-87.9
33.08	-8.579	-17.877	-73.5
33.09	-8.590	-10.248	-101.0
33.1	-8.601	-4.803	-107.5
33.11	-8.613	-1.738	-99.0
33.12	-8.625	-1.103	-116.1
33.13	-8.638	-2.716	-110.8
33.14	-8.651	-6.200	-90.4
33.15	-8.664	-11.133	-73.7
33.16	-8.679	-16.981	-76.8
33.17	-8.692	-23.030	-91.6
33.18	-8.704	-28.622	-74.3
33.19	-8.717	-33.436	-69.7
33.2	-8.729	-37.444	-82.8
33.21	-8.740	-40.645	-71.1
33.22	-8.751	-43.070	-50.6
33.23	-8.762	-44.844	-30.4
33.24	-8.772	-45.995	2.7
33.25	-8.779	-46.569	29.4
33.26	-8.786	-46.745	7.1
33.27	-8.792	-46.506	-44.4
33.28	-8.799	-45.706	-66.5
33.29	-8.807	-44.494	-73.5
33.3	-8.818	-43.047	-89.0
33.31	-8.829	-41.308	-103.2
33.32	-8.842	-39.245	-84.7
33.33	-8.853	-37.030	-18.6
33.34	-8.857	-34.837	89.5
33.35	-8.861	-32.712	326.2
33.36	-8.869	-30.702	583.5
33.37	-8.876	-28.930	487.8
33.38	-8.882	-27.558	118.8
33.39	-8.888	-26.727	-73.4
33.4	-8.896	-26.517	-78.5
33.41	-8.904	-26.916	-66.1
33.42	-8.912	-27.802	-60.6
33.43	-8.919	-28.808	-78.0
33.44	-8.922	-29.206	-77.2
33.45	-8.924	-28.492	-55.9
33.46	-8.926	-26.477	-37.8
33.47	-8.929	-22.061	-14.1
33.48	-8.936	-11.473	3.3
33.49	-8.945	10.039	10.9
33.5	-8.957	35.134	14.1
33.51	-8.969	48.647	27.5
33.52	-8.981	51.072	55.7
33.53	-8.992	51.131	102.0
33.54	-9.004	51.139	139.6
33.55	-9.014	51.139	142.5
33.56	-9.024	51.139	162.0
33.57	-9.033	51.133	178.8
33.58	-9.040	51.072	150.6
33.59	-9.046	49.081	109.0
33.6	-9.049	38.450	80.0
33.61	-9.048	17.297	53.6
33.62	-9.045	-5.461	-3.5
33.63	-9.042	-23.100	-56.7
33.64	-9.043	-35.091	-73.8
33.65	-9.048	-42.138	-94.0
33.66	-9.056	-45.361	-123.7
33.67	-9.069	-46.167	-135.1
33.68	-9.085	-46.216	-119.2
33.69	-9.103	-47.127	-108.4
33.7	-9.121	-49.130	-114.2
33.71	-9.137	-50.689	-105.6
33.72	-9.152	-51.119	-90.9
33.73	-9.168	-51.139	-105.6
33.74	-9.184	-51.138	-105.8
33.75	-9.198	-51.069	-61.5
33.76	-9.211	-49.664	-44.0
33.77	-9.221	-44.017	-58.0
33.78	-9.228	-33.827	-62.8
33.79	-9.231	-22.148	-61.2
33.8	-9.229	-11.264	-58.0
33.81	-9.223	-2.178	-54.2
33.82	-9.215	4.427	-44.0
33.83	-9.204	8.109	-40.9
33.84	-9.193	8.656	-45.3
33.85	-9.181	6.059	-53.0
33.86	-9.171	0.788	-72.0
33.87	-9.160	-6.175	-74.2
33.88	-9.150	-13.733	-70.7
33.89	-9.139	-20.958	-60.5
33.9	-9.128	-27.353	-27.0
33.91	-9.119	-32.844	-21.7
33.92	-9.109	-37.420	-32.9
33.93	-9.099	-41.061	3.2
33.94	-9.088	-43.697	14.8
33.95	-9.076	-45.242	-41.7
33.96	-9.062	-45.822	-82.3
33.97	-9.047	-45.631	-79.3
33.98	-9.031	-44.767	-70.8
33.99	-9.014	-43.400	-73.2
34.0	-8.999	-41.681	-71.6
34.01	-8.983	-39.741	-63.9
34.02	-8.961	-37.788	-15.1
34.03	-8.931	-35.975	164.4
34.04	-8.901	-34.331	446.5
34.05	-8.873	-32.777	534.4
34.06	-8.842	-31.297	262.7
34.07	-8.810	-30.109	-18.7
34.08	-8.779	-29.358	-94.6
34.09	-8.751	-28.967	-94.4
34.1	-8.723	-28.894	-70.7
34.11	-8.692	-29.009	-57.3
34.12	-8.661	-28.944	-67.3
34.13	-8.631	-28.139	-63.4
34.14	-8.602	-26.100	-52.6
34.15	-8.574	-22.345	-46.8
34.16	-8.549	-14.825	-28.3
34.17	-8.526	1.538	-9.8
34.18	-8.503	26.158	2.0
34.19	-8.481	45.000	35.8
34.2	-8.457	50.773	68.8
34.21	-8.434	51.119	73.0
34.22	-8.412	51.139	82.4
34.23	-8.391	51.139	110.2
34.24	-8.372	51.139	133.7
34.25	-8.354	51.139	136.9
34.26	-8.339	51.120	131.5
34.27	-8.324	50.472	129.8
34.28	-8.310	44.255	101.1
34.29	-8.296	27.022	28.4
34.3	-8.281	4.102	-50.3
34.31	-8.267	-15.498	-86.3
34.32	-8.255	-29.416	-85.2
34.33	-8.246	-38.183	-99.3
34.34	-8.238	-42.655	-119.3
34.35	-8.230	-44.184	-117.6
34.36	-8.225	-44.605	-107.1
34.37	-8.220	-45.706	-112.5
34.38	-8.215	-48.072	-128.6
34.39	-8.209	-50.255	-119.7
34.4	-8.203	-51.064	-104.2
34.41	-8.195	-51.138	-98.9
34.42	-8.188	-51.141	-96.3
34.43	-8.181	-51.136	-87.6
34.44	-8.174	-51.047	-67.3
34.45	-8.167	-49.563	-70.9
34.46	-8.160	-44.105	-91.2
34.47	-8.152	-34.861	-79.7
34.48	-8.143	-24.809	-63.8
34.49	-8.133	-15.791	-68.6
34.5	-8.124	-8.480	-83.7
34.51	-8.113	-3.423	-90.3
34.52	-8.103	-1.081	-89.4
34.53	-8.092	-1.559	-78.3
34.54	-8.081	-4.467	-57.5
34.55	-8.070	-9.162	-76.4
34.56	-8.058	-14.895	-108.6
34.57	-8.047	-20.863	-111.3
34.58	-8.036	-26.534	-100.2
34.59	-8.026	-31.692	-78.5
34.6	-8.016	-36.144	-77.9
34.61	-8.007	-39.745	-88.9
34.62	-7.998	-42.489	-63.6
34.63	-7.989	-44.492	-39.9
34.64	-7.979	-45.911	-48.3
34.65	-7.969	-46.756	-44.7
34.66	-7.960	-47.011	-5.3
34.67	-7.951	-46.755	-2.9
34.68	-7.943	-46.050	-41.6
34.69	-7.935	-45.050	-78.8
34.7	-7.928	-43.925	-96.8
34.71	-7.921	-42.605	-70.2
34.72	-7.918	-41.013	-79.7
34.73	-7.913	-39.266	-100.2
34.74	-7.908	-37.508	-45.6
34.75	-7.899	-35.875	45.1
34.76	-7.892	-34.331	285.1
34.77	-7.888	-32.789	611.1
34.78	-7.885	-31.436	559.8
34.79	-7.883	-30.395	177.2
34.8	-7.879	-29.669	-62.9
34.81	-7.876	-29.378	-120.3
34.82	-7.871	-29.545	-104.5
34.83	-7.868	-30.000	-66.1
34.84	-7.864	-30.555	-75.2
34.85	-7.860	-30.748	-74.2
34.86	-7.856	-29.816	-45.1
34.87	-7.851	-26.713	-34.0
34.88	-7.849	-18.750	-36.6
34.89	-7.848	-0.631	-50.6
34.9	-7.846	25.825	-19.3
34.91	-7.845	45.205	46.4
34.92	-7.843	50.820	47.6
34.93	-7.842	51.123	33.6
34.94	-7.841	51.139	76.7
34.95	-7.839	51.139	121.7
34.96	-7.837	51.139	136.1
34.97	-7.834	51.139	159.7
34.98	-7.830	51.119	171.6
34.99	-7.827	50.602	142.8
35.0	-7.824	45.053	103.6
35.01	-7.822	28.792	60.6
35.02	-7.819	6.439	7.8
35.03	-7.817	-12.909	-33.9
35.04	-7.816	-26.580	-62.7
35.05	-7.815	-35.233	-91.1
35.06	-7.814	-39.977	-119.8
35.07	-7.811	-42.073	-136.3
35.08	-7.809	-42.825	-141.7
35.09	-7.808	-43.606	-148.8
35.1	-7.806	-45.630	-140.2
35.11	-7.804	-48.598	-115.0
35.12	-7.803	-50.608	-101.2
35.13	-7.801	-51.117	-106.1
35.14	-7.800	-51.139	-126.3
35.15	-7.798	-51.139	-122.9
35.16	-7.797	-51.098	-104.8
35.17	-7.796	-50.203	-108.0
35.18	-7.796	-46.330	-102.0
35.19	-7.796	-38.959	-99.0
35.2	-7.796	-30.172	-97.4
35.21	-7.797	-21.666	-87.3
35.22	-7.797	-14.491	-83.7
35.23	-7.797	-9.569	-76.9
35.24	-7.796	-6.966	-84.0
35.25	-7.794	-6.433	-108.0
35.26	-7.793	-7.864	-106.0
35.27	-7.792	-10.889	-76.8
35.28	-7.791	-15.061	-76.1
35.29	-7.791	-19.823	-99.8
35.3	-7.791	-24.627	-90.5
35.31	-7.791	-29.267	-69.5
35.32	-7.792	-33.631	-82.2
35.33	-7.793	-37.498	-100.3
35.34	-7.794	-40.664	-87.0
35.35	-7.797	-43.128	-63.0
35.36	-7.799	-45.038	-58.6
35.37	-7.802	-46.423	-63.9
35.38	-7.804	-47.248	-41.9
35.39	-7.805	-47.528	-13.2
35.4	-7.807	-47.320	17.3
35.41	-7.809	-46.775	31.4
35.42	-7.811	-46.063	-17.6
35.43	-7.814	-45.136	-52.8
35.44	-7.816	-43.936	-60.0
35.45	-7.818	-42.548	-68.5
35.46	-7.821	-40.956	-72.8
35.47	-7.825	-39.050	-80.8
35.48	-7.828	-36.877	-42.8
35.49	-7.826	-34.688	76.1
35.5	-7.824	-32.795	311.4
35.51	-7.827	-31.306	613.8
35.52	-7.833	-30.055	634.1
35.53	-7.839	-29.003	273.7
35.54	-7.845	-28.394	-18.0
