Interval=	0.01 s
ExcelDateTime=	3.9777428773352622e+004	25/11/2008 10:17:26.017667
TimeFormat=	StartOfBlock
ChannelTitle=	Channel 1	Channel 2	Channel 3
Range=	20.000 mV	50.000 mV	1000.0 µV
0.0	-8.062	-14.613	-5.6
0.01	-8.131	-17.242	-49.1
0.02	-8.191	-19.552	-90.3
0.03	-8.245	-21.434	-80.9
0.04	-8.294	-23.248	-80.7
0.05	-8.342	-24.969	-114.0
0.06	-8.391	-26.242	-91.8
0.07	-8.440	-26.995	-42.7
0.08	-8.488	-27.395	-53.9
0.09	-8.534	-27.620	-70.6
0.1	-8.579	-27.766	-82.1
0.11	-8.623	-27.741	-104.9
0.12	-8.664	-27.483	-82.2
0.13	-8.703	-27.009	-49.8
0.14	-8.741	-26.269	-39.7
0.15	-8.779	-25.300	-17.9
0.16	-8.814	-24.313	-23.3
0.17	-8.847	-23.453	-39.4
0.18	-8.878	-22.597	-18.0
0.19	-8.909	-21.477	30.9
0.2	-8.940	-20.155	45.5
0.21	-8.972	-19.000	-9.9
0.22	-9.005	-18.086	-73.8
0.23	-9.040	-17.089	-91.9
0.24	-9.076	-15.902	-69.2
0.25	-9.111	-14.889	-39.5
0.26	-9.143	-14.306	-31.4
0.27	-9.168	-14.036	16.3
0.28	-9.191	-13.913	190.6
0.29	-9.214	-13.956	480.6
0.3	-9.239	-14.220	622.4
0.31	-9.261	-14.578	390.6
0.32	-9.281	-14.980	71.5
0.33	-9.302	-15.553	-62.3
0.34	-9.323	-16.313	-88.3
0.35	-9.344	-17.184	-70.4
0.36	-9.364	-18.070	-26.3
0.37	-9.384	-18.669	-14.8
0.38	-9.404	-18.673	-39.3
0.39	-9.423	-18.133	-42.3
0.4	-9.441	-16.995	-42.3
0.41	-9.459	-13.856	-40.2
0.42	-9.478	-5.930	7.6
0.43	-9.494	8.473	41.2
0.44	-9.512	27.181	48.0
0.45	-9.531	42.942	57.5
0.46	-9.549	49.969	70.1
0.47	-9.565	51.109	89.2
0.48	-9.580	51.136	100.0
0.49	-9.596	51.136	141.0
0.5	-9.615	51.063	191.0
0.51	-9.636	49.372	192.1
0.52	-9.658	41.988	192.2
0.53	-9.679	28.422	184.6
0.54	-9.698	13.478	115.5
0.55	-9.714	0.258	49.6
0.56	-9.727	-10.513	9.4
0.57	-9.741	-18.283	-21.4
0.58	-9.756	-22.994	-49.9
0.59	-9.773	-25.236	-91.3
0.6	-9.790	-25.875	-110.1
0.61	-9.805	-25.684	-123.1
0.62	-9.819	-25.378	-114.6
0.63	-9.835	-25.552	-85.2
0.64	-9.851	-26.513	-78.0
0.65	-9.867	-28.327	-84.1
0.66	-9.880	-30.734	-108.6
0.67	-9.892	-32.863	-119.6
0.68	-9.904	-33.561	-90.4
0.69	-9.920	-32.255	-75.5
0.7	-9.936	-29.148	-71.4
0.71	-9.950	-24.823	-61.0
0.72	-9.961	-19.895	-67.4
0.73	-9.969	-14.864	-74.1
0.74	-9.976	-10.136	-65.0
0.75	-9.983	-6.066	-53.5
0.76	-9.989	-2.956	-51.5
0.77	-9.994	-1.048	-57.6
0.78	-9.998	-0.463	-64.7
0.79	-9.999	-1.167	-59.1
0.8	-9.998	-3.036	-68.8
0.81	-9.992	-5.769	-70.7
0.82	-9.984	-8.914	-49.9
0.83	-9.974	-12.086	-46.1
0.84	-9.962	-15.009	-31.6
0.85	-9.951	-17.500	-29.2
0.86	-9.940	-19.572	-38.2
0.87	-9.930	-21.334	-14.5
0.88	-9.918	-22.711	4.7
0.89	-9.906	-23.533	10.7
0.9	-9.893	-23.850	13.3
0.91	-9.877	-23.877	-2.1
0.92	-9.856	-23.713	-25.0
0.93	-9.827	-23.258	-55.8
0.94	-9.794	-22.484	-74.9
0.95	-9.765	-21.623	-65.0
0.96	-9.741	-20.881	-54.7
0.97	-9.716	-20.169	-46.6
0.98	-9.683	-19.352	24.7
0.99	-9.649	-18.584	221.4
1.0	-9.620	-18.103	485.9
1.01	-9.591	-17.811	523.1
1.02	-9.557	-17.494	225.8
1.03	-9.519	-17.280	-19.1
1.04	-9.483	-17.473	-63.7
1.05	-9.448	-18.027	-82.7
1.06	-9.408	-18.548	-73.1
1.07	-9.361	-18.652	-34.9
1.08	-9.317	-18.244	-35.8
1.09	-9.278	-17.556	-39.9
1.1	-9.242	-16.728	-50.9
1.11	-9.205	-15.373	-56.8
1.12	-9.166	-12.172	-10.5
1.13	-9.127	-4.806	30.8
1.14	-9.090	8.486	27.6
1.15	-9.052	26.413	6.6
1.16	-9.013	42.309	26.0
1.17	-8.974	49.794	82.9
1.18	-8.936	51.100	116.3
1.19	-8.901	51.134	114.9
1.2	-8.868	51.128	116.0
1.21	-8.836	50.898	140.8
1.22	-8.805	47.923	172.9
1.23	-8.772	38.175	175.2
1.24	-8.737	23.145	126.2
1.25	-8.701	8.266	64.8
1.26	-8.665	-3.969	21.7
1.27	-8.630	-13.394	-34.8
1.28	-8.596	-20.147	-97.5
1.29	-8.565	-24.275	-115.3
1.3	-8.539	-25.948	-101.0
1.31	-8.514	-26.038	-89.2
1.32	-8.488	-25.783	-111.1
1.33	-8.461	-25.872	-133.0
1.34	-8.434	-26.623	-127.0
1.35	-8.408	-28.377	-107.5
1.36	-8.383	-31.211	-99.7
1.37	-8.356	-34.508	-123.8
1.38	-8.328	-36.917	-133.2
1.39	-8.301	-37.519	-129.9
1.4	-8.277	-36.377	-111.2
1.41	-8.258	-33.813	-89.8
1.42	-8.242	-30.109	-94.7
1.43	-8.231	-25.595	-89.2
1.44	-8.226	-20.628	-86.2
1.45	-8.232	-15.605	-105.8
1.46	-8.252	-11.122	-107.4
1.47	-8.283	-7.639	-100.8
1.48	-8.321	-5.133	-97.9
1.49	-8.362	-3.648	-79.6
1.5	-8.399	-3.675	-63.4
1.51	-8.429	-5.342	-83.2
1.52	-8.451	-7.902	-126.7
1.53	-8.471	-10.688	-84.9
1.54	-8.494	-13.731	-11.9
1.55	-8.518	-16.953	-39.4
1.56	-8.538	-19.758	-65.0
1.57	-8.553	-21.855	-43.4
1.58	-8.567	-23.617	-40.7
1.59	-8.582	-25.263	-67.2
1.6	-8.598	-26.498	-83.5
1.61	-8.614	-27.145	-50.7
1.62	-8.627	-27.416	-18.3
1.63	-8.641	-27.519	-33.9
1.64	-8.654	-27.434	-52.7
1.65	-8.669	-27.136	-27.9
1.66	-8.686	-26.698	9.4
1.67	-8.703	-26.133	14.8
1.68	-8.722	-25.402	-20.0
1.69	-8.740	-24.463	-62.3
1.7	-8.759	-23.395	-91.1
1.71	-8.779	-22.464	-93.0
1.72	-8.799	-21.769	-99.9
1.73	-8.820	-21.105	-95.4
1.74	-8.838	-20.344	-25.3
1.75	-8.850	-19.623	55.8
1.76	-8.863	-19.145	239.1
1.77	-8.878	-18.853	526.1
1.78	-8.896	-18.520	557.3
1.79	-8.914	-18.163	236.3
1.8	-8.932	-18.045	-39.1
1.81	-8.949	-18.309	-93.1
1.82	-8.961	-18.762	-76.3
1.83	-8.970	-19.081	-86.1
1.84	-8.981	-19.152	-97.1
1.85	-8.995	-19.003	-70.8
1.86	-9.008	-18.511	-73.8
1.87	-9.019	-17.166	-85.1
1.88	-9.031	-13.642	-57.8
1.89	-9.043	-5.580	-14.3
1.9	-9.056	8.780	7.1
1.91	-9.069	27.609	-21.2
1.92	-9.081	43.384	-8.7
1.93	-9.094	50.147	48.9
1.94	-9.107	51.122	83.1
1.95	-9.121	51.136	81.2
1.96	-9.134	51.134	85.9
1.97	-9.148	51.027	140.7
1.98	-9.161	48.867	167.8
1.99	-9.178	40.409	164.4
2.0	-9.200	26.034	157.1
2.01	-9.225	11.205	125.4
2.02	-9.252	-1.092	66.3
2.03	-9.277	-10.617	6.4
2.04	-9.301	-17.430	-37.8
2.05	-9.323	-21.722	-86.1
2.06	-9.344	-23.959	-120.5
2.07	-9.364	-24.844	-115.5
2.08	-9.380	-25.167	-112.0
2.09	-9.390	-25.553	-134.3
2.1	-9.396	-26.347	-138.9
2.11	-9.398	-27.888	-121.2
2.12	-9.394	-30.456	-100.0
2.13	-9.388	-33.727	-119.9
2.14	-9.379	-36.605	-148.0
2.15	-9.370	-37.953	-135.5
2.16	-9.363	-37.456	-115.7
2.17	-9.356	-35.602	-96.3
2.18	-9.351	-32.769	-120.4
2.19	-9.346	-28.953	-143.5
2.2	-9.339	-24.400	-120.8
2.21	-9.332	-19.764	-122.5
2.22	-9.324	-15.642	-131.5
2.23	-9.318	-12.266	-114.1
2.24	-9.313	-9.664	-94.9
2.25	-9.310	-8.000	-100.0
2.26	-9.308	-7.466	-114.3
2.27	-9.309	-7.911	-121.3
2.28	-9.311	-9.045	-128.4
2.29	-9.316	-10.814	-114.5
2.3	-9.328	-13.152	-96.2
2.31	-9.349	-15.734	-90.2
2.32	-9.382	-18.252	-72.6
2.33	-9.426	-20.594	-78.9
2.34	-9.476	-22.653	-112.2
2.35	-9.531	-24.236	-103.3
2.36	-9.586	-25.322	-76.9
2.37	-9.638	-26.108	-85.7
2.38	-9.686	-26.738	-83.1
2.39	-9.731	-27.117	-60.5
2.4	-9.774	-27.108	-65.3
2.41	-9.818	-26.856	-86.3
2.42	-9.864	-26.645	-82.2
2.43	-9.911	-26.456	-64.0
2.44	-9.957	-26.020	-73.3
2.45	-10.003	-25.416	-71.1
2.46	-10.049	-24.948	-23.2
2.47	-10.096	-24.502	-1.1
2.48	-10.143	-23.828	1.3
2.49	-10.186	-23.075	38.1
2.5	-10.228	-22.442	17.1
2.51	-10.269	-21.825	-62.2
2.52	-10.308	-21.081	-80.3
2.53	-10.341	-20.319	-53.8
2.54	-10.373	-19.691	-54.4
2.55	-10.404	-19.184	-65.0
2.56	-10.431	-18.736	-49.3
2.57	-10.453	-18.294	12.4
2.58	-10.474	-17.828	214.1
2.59	-10.496	-17.442	533.1
2.6	-10.519	-17.336	619.0
2.61	-10.539	-17.495	320.7
2.62	-10.559	-17.698	20.7
2.63	-10.581	-17.911	-62.7
2.64	-10.603	-18.252	-62.1
2.65	-10.623	-18.844	-55.3
2.66	-10.641	-19.620	-61.7
2.67	-10.659	-20.058	-72.1
2.68	-10.676	-19.611	-60.8
2.69	-10.691	-18.331	-38.3
2.7	-10.706	-16.036	-13.2
2.71	-10.722	-10.825	-12.8
2.72	-10.736	0.152	-7.0
2.73	-10.749	17.675	37.2
2.74	-10.763	36.558	56.9
2.75	-10.777	48.016	60.4
2.76	-10.789	50.984	101.1
2.77	-10.800	51.131	124.4
2.78	-10.808	51.139	108.4
2.79	-10.816	51.133	147.7
2.8	-10.823	51.027	201.9
2.81	-10.833	48.820	211.2
2.82	-10.843	40.106	200.1
2.83	-10.854	25.188	146.5
2.84	-10.865	9.653	89.4
2.85	-10.873	-3.359	69.7
2.86	-10.878	-13.245	23.2
2.87	-10.885	-19.778	-34.5
2.88	-10.896	-23.397	-66.0
2.89	-10.908	-25.013	-103.0
2.9	-10.919	-25.483	-118.5
2.91	-10.930	-25.448	-112.4
2.92	-10.942	-25.559	-107.3
2.93	-10.954	-26.570	-94.1
2.94	-10.964	-28.841	-103.6
2.95	-10.969	-31.927	-118.5
2.96	-10.975	-34.922	-97.3
2.97	-10.983	-36.897	-78.3
2.98	-10.991	-37.086	-86.8
2.99	-11.000	-35.139	-90.4
3.0	-11.008	-31.316	-72.7
3.01	-11.016	-26.256	-77.9
3.02	-11.023	-20.542	-87.9
3.03	-11.032	-14.680	-60.8
3.04	-11.041	-9.309	-44.8
3.05	-11.047	-4.967	-56.6
3.06	-11.052	-1.864	-69.4
3.07	-11.057	-0.134	-78.1
3.08	-11.062	0.042	-66.0
3.09	-11.066	-1.294	-45.6
3.1	-11.070	-3.761	-51.5
3.11	-11.073	-6.934	-58.9
3.12	-11.075	-10.473	-45.8
3.13	-11.077	-14.036	-55.6
3.14	-11.076	-17.395	-75.2
3.15	-11.070	-20.464	-53.7
3.16	-11.059	-23.002	-38.3
3.17	-11.044	-24.664	-45.1
3.18	-11.025	-25.500	-32.3
3.19	-11.006	-25.922	-14.6
3.2	-10.984	-26.094	-23.3
3.21	-10.958	-25.891	-4.9
3.22	-10.932	-25.375	40.5
3.23	-10.909	-24.658	38.7
3.24	-10.889	-23.633	-10.7
3.25	-10.868	-22.453	-56.5
3.26	-10.843	-21.530	-63.0
3.27	-10.816	-20.791	-68.4
3.28	-10.789	-19.875	-61.1
3.29	-10.765	-18.736	-27.8
3.3	-10.739	-17.522	-13.1
3.31	-10.706	-16.414	31.9
3.32	-10.670	-15.577	209.7
3.33	-10.639	-14.958	468.3
3.34	-10.609	-14.572	506.8
3.35	-10.575	-14.595	234.3
3.36	-10.538	-15.027	-12.6
3.37	-10.500	-15.758	-73.8
3.38	-10.458	-16.808	-76.8
3.39	-10.408	-18.105	-83.3
3.4	-10.356	-19.211	-77.8
3.41	-10.308	-19.638	-50.0
3.42	-10.270	-19.344	-24.1
3.43	-10.241	-18.516	-24.8
3.44	-10.217	-16.809	-37.7
3.45	-10.198	-12.555	-42.9
3.46	-10.179	-3.139	-13.1
3.47	-10.157	12.883	10.5
3.48	-10.130	32.248	22.2
3.49	-10.098	46.120	59.8
3.5	-10.064	50.711	91.8
3.51	-10.028	51.123	104.3
3.52	-9.993	51.139	99.4
3.53	-9.960	51.127	127.2
3.54	-9.927	50.839	154.3
3.55	-9.891	47.445	143.0
3.56	-9.853	36.763	156.5
3.57	-9.809	20.906	131.0
3.58	-9.760	5.864	54.4
3.59	-9.706	-5.997	13.6
3.6	-9.645	-14.727	-29.2
3.61	-9.578	-20.605	-90.7
3.62	-9.506	-23.875	-113.4
3.63	-9.434	-25.195	-97.0
3.64	-9.361	-25.688	-100.3
3.65	-9.287	-26.216	-131.1
3.66	-9.217	-27.225	-133.8
3.67	-9.151	-29.147	-112.5
3.68	-9.087	-32.292	-109.5
3.69	-9.027	-36.295	-121.0
3.7	-8.972	-40.016	-122.9
3.71	-8.922	-42.108	-114.1
3.72	-8.877	-41.572	-109.1
3.73	-8.838	-38.330	-97.1
3.74	-8.801	-33.342	-86.2
3.75	-8.768	-27.584	-107.5
3.76	-8.734	-21.338	-130.0
3.77	-8.702	-14.919	-92.5
3.78	-8.672	-9.284	-65.3
3.79	-8.644	-5.247	-100.6
3.8	-8.617	-2.819	-117.5
3.81	-8.592	-1.572	-96.2
3.82	-8.568	-1.605	-73.2
3.83	-8.544	-3.461	-72.9
3.84	-8.521	-6.819	-92.5
3.85	-8.499	-10.641	-99.4
3.86	-8.479	-14.423	-81.5
3.87	-8.462	-18.350	-77.5
3.88	-8.444	-22.291	-109.3
3.89	-8.424	-25.520	-117.2
3.9	-8.404	-27.673	-77.1
3.91	-8.386	-29.163	-42.8
3.92	-8.369	-30.386	-71.7
3.93	-8.356	-31.155	-120.0
3.94	-8.344	-31.167	-105.5
3.95	-8.334	-30.545	-63.3
3.96	-8.324	-29.648	-49.4
3.97	-8.316	-28.638	-51.8
3.98	-8.309	-27.522	-39.0
3.99	-8.303	-26.339	4.3
4.0	-8.297	-25.145	21.0
4.01	-8.290	-24.172	-27.8
4.02	-8.282	-23.625	-71.1
4.03	-8.273	-23.144	-100.0
4.04	-8.265	-22.267	-97.5
4.05	-8.258	-21.311	-67.0
4.06	-8.252	-20.711	-83.9
4.07	-8.246	-20.214	-70.7
4.08	-8.238	-19.538	16.1
4.09	-8.228	-18.914	193.6
4.1	-8.221	-18.622	494.5
4.11	-8.217	-18.448	606.9
4.12	-8.214	-18.105	341.8
4.13	-8.211	-17.805	38.1
4.14	-8.210	-18.011	-85.1
4.15	-8.206	-18.775	-102.0
4.16	-8.196	-19.631	-82.4
4.17	-8.187	-20.077	-68.5
4.18	-8.181	-20.017	-70.7
4.19	-8.175	-19.564	-80.7
4.2	-8.168	-18.558	-89.3
4.21	-8.162	-16.070	-79.3
4.22	-8.158	-9.841	-27.8
4.23	-8.153	2.856	11.2
4.24	-8.149	21.889	-1.7
4.25	-8.146	40.117	-3.1
4.26	-8.141	49.300	10.3
4.27	-8.137	51.075	40.6
4.28	-8.133	51.134	86.7
4.29	-8.128	51.139	114.1
4.3	-8.124	51.128	135.5
4.31	-8.120	50.642	163.3
4.32	-8.115	46.338	174.0
4.33	-8.111	34.755	137.7
4.34	-8.108	19.286	102.8
4.35	-8.106	5.366	88.3
4.36	-8.104	-5.663	40.1
4.37	-8.103	-13.911	-40.7
4.38	-8.102	-19.378	-85.6
4.39	-8.102	-22.408	-102.8
4.4	-8.105	-23.958	-125.0
4.41	-8.109	-25.045	-129.6
4.42	-8.110	-26.028	-144.6
4.43	-8.110	-27.023	-157.9
4.44	-8.107	-28.767	-134.6
4.45	-8.104	-31.931	-128.7
4.46	-8.099	-35.978	-147.1
4.47	-8.094	-39.548	-134.6
4.48	-8.091	-41.686	-104.2
4.49	-8.089	-42.020	-99.8
4.5	-8.091	-40.445	-124.1
4.51	-8.094	-37.297	-129.4
4.52	-8.099	-33.125	-119.6
4.53	-8.105	-28.294	-127.4
4.54	-8.110	-23.127	-109.1
4.55	-8.116	-18.188	-72.1
4.56	-8.123	-14.075	-100.8
4.57	-8.134	-11.022	-127.2
4.58	-8.151	-8.980	-95.1
4.59	-8.174	-7.991	-95.8
4.6	-8.206	-8.234	-102.4
4.61	-8.245	-9.622	-95.9
4.62	-8.294	-11.705	-100.6
4.63	-8.354	-14.178	-99.0
4.64	-8.426	-16.894	-101.6
4.65	-8.509	-19.564	-94.8
4.66	-8.592	-21.936	-99.8
4.67	-8.670	-23.981	-102.8
4.68	-8.738	-25.747	-79.8
4.69	-8.797	-27.197	-66.4
4.7	-8.850	-28.273	-79.3
4.71	-8.901	-28.992	-96.9
4.72	-8.949	-29.325	-92.3
4.73	-8.994	-29.227	-83.4
4.74	-9.040	-28.881	-73.0
4.75	-9.086	-28.550	-67.2
4.76	-9.132	-28.234	-74.3
4.77	-9.178	-27.877	-70.6
4.78	-9.223	-27.561	-43.2
4.79	-9.268	-27.269	-27.7
4.8	-9.311	-26.852	-21.7
4.81	-9.352	-26.288	17.3
4.82	-9.391	-25.597	27.4
4.83	-9.431	-24.684	-17.6
4.84	-9.469	-23.528	-53.6
4.85	-9.506	-22.291	-60.2
4.86	-9.543	-21.075	-65.3
4.87	-9.578	-19.889	-75.1
4.88	-9.613	-18.770	-70.4
4.89	-9.645	-17.705	-49.1
4.9	-9.674	-16.675	8.2
4.91	-9.700	-15.883	173.5
4.92	-9.724	-15.547	473.1
4.93	-9.748	-15.475	630.9
4.94	-9.770	-15.477	396.3
4.95	-9.791	-15.827	64.8
4.96	-9.814	-16.602	-67.8
4.97	-9.836	-17.500	-78.6
4.98	-9.858	-18.422	-63.9
4.99	-9.878	-19.378	-55.9
5.0	-9.897	-20.102	-61.8
5.01	-9.916	-20.147	-66.6
5.02	-9.934	-19.366	-52.1
5.03	-9.953	-17.634	-39.2
5.04	-9.972	-13.505	-25.0
5.05	-9.989	-3.948	0.8
5.06	-10.004	13.073	25.8
5.07	-10.020	33.373	36.1
5.08	-10.035	46.923	48.5
5.09	-10.048	50.869	65.9
5.1	-10.061	51.127	75.8
5.11	-10.073	51.139	136.5
5.12	-10.087	51.136	173.4
5.13	-10.101	51.116	153.3
5.14	-10.118	50.086	180.5
5.15	-10.134	43.620	203.4
5.16	-10.149	29.322	150.3
5.17	-10.166	12.411	93.1
5.18	-10.184	-1.950	70.8
5.19	-10.204	-12.736	16.3
5.2	-10.220	-19.928	-56.1
5.21	-10.236	-23.963	-77.3
5.22	-10.252	-25.795	-73.6
5.23	-10.266	-26.375	-103.3
5.24	-10.279	-26.430	-131.1
5.25	-10.292	-26.769	-111.8
5.26	-10.306	-28.036	-106.7
5.27	-10.319	-30.480	-116.0
5.28	-10.331	-34.122	-99.8
5.29	-10.342	-38.336	-98.7
5.3	-10.353	-41.506	-102.2
5.31	-10.364	-42.141	-94.0
5.32	-10.374	-40.108	-96.3
5.33	-10.383	-36.111	-95.2
5.34	-10.391	-30.752	-89.4
5.35	-10.398	-24.495	-89.1
5.36	-10.401	-17.853	-68.1
5.37	-10.401	-11.472	-53.8
5.38	-10.399	-6.130	-76.8
5.39	-10.395	-2.364	-89.6
5.4	-10.389	-0.216	-76.3
5.41	-10.381	0.328	-63.2
5.42	-10.370	-0.884	-52.1
5.43	-10.358	-3.667	-68.2
5.44	-10.344	-7.428	-83.8
5.45	-10.330	-11.564	-66.0
5.46	-10.316	-15.627	-63.7
5.47	-10.301	-19.297	-71.3
5.48	-10.284	-22.255	-64.3
5.49	-10.268	-24.345	-63.4
5.5	-10.253	-25.753	-64.2
5.51	-10.243	-26.647	-32.9
5.52	-10.236	-26.931	-36.7
5.53	-10.231	-26.673	-48.4
5.54	-10.223	-26.297	-3.8
5.55	-10.206	-26.063	18.0
5.56	-10.180	-25.781	12.6
5.57	-10.148	-25.177	-4.0
5.58	-10.111	-24.378	-36.8
5.59	-10.074	-23.683	-57.8
5.6	-10.039	-23.050	-76.0
5.61	-10.009	-22.291	-92.6
5.62	-9.982	-21.470	-77.1
5.63	-9.954	-20.702	-41.2
5.64	-9.918	-19.853	20.8
5.65	-9.877	-18.897	171.3
5.66	-9.839	-18.155	427.9
5.67	-9.805	-17.903	547.8
5.68	-9.771	-18.017	312.3
5.69	-9.739	-18.173	39.2
5.7	-9.711	-18.367	-53.8
5.71	-9.683	-18.789	-81.6
5.72	-9.651	-19.373	-68.6
5.73	-9.613	-19.864	-55.8
5.74	-9.572	-19.842	-55.7
5.75	-9.534	-19.097	-44.8
5.76	-9.498	-17.925	-41.2
5.77	-9.461	-16.380	-46.1
5.78	-9.422	-13.166	-32.5
5.79	-9.384	-5.488	-8.3
5.8	-9.347	8.964	5.5
5.81	-9.311	28.311	20.9
5.82	-9.277	44.061	37.3
5.83	-9.241	50.331	60.9
5.84	-9.204	51.123	90.4
5.85	-9.169	51.138	102.7
5.86	-9.134	51.136	114.9
5.87	-9.099	51.100	148.0
5.88	-9.064	49.864	170.7
5.89	-9.025	42.927	179.8
5.9	-8.982	28.391	152.9
5.91	-8.933	11.691	64.9
5.92	-8.878	-2.289	5.8
5.93	-8.821	-12.720	-8.3
5.94	-8.763	-20.113	-41.3
5.95	-8.703	-25.084	-79.3
5.96	-8.643	-27.866	-115.2
5.97	-8.586	-29.025	-131.0
5.98	-8.531	-29.556	-118.4
5.99	-8.481	-30.391	-133.9
6.0	-8.435	-32.067	-156.2
6.01	-8.393	-34.541	-122.9
6.02	-8.355	-37.359	-81.3
6.03	-8.320	-40.017	-86.4
6.04	-8.287	-41.925	-111.4
6.05	-8.256	-42.234	-142.8
6.06	-8.227	-40.448	-140.6
6.07	-8.201	-36.805	-81.2
6.08	-8.179	-31.842	-56.6
6.09	-8.158	-26.075	-85.7
6.1	-8.137	-20.069	-112.0
6.11	-8.118	-14.466	-123.4
6.12	-8.099	-9.711	-115.1
6.13	-8.081	-6.175	-90.1
6.14	-8.062	-4.319	-74.8
6.15	-8.043	-4.242	-76.1
6.16	-8.027	-5.616	-89.9
6.17	-8.012	-8.147	-96.5
6.18	-7.997	-11.628	-95.0
6.19	-7.981	-15.598	-99.5
6.2	-7.964	-19.398	-91.3
6.21	-7.948	-22.702	-70.3
6.22	-7.933	-25.609	-77.4
6.23	-7.919	-28.020	-95.3
6.24	-7.906	-29.570	-77.8
6.25	-7.894	-30.313	-62.7
6.26	-7.885	-30.734	-79.1
6.27	-7.876	-31.027	-103.9
6.28	-7.868	-30.842	-96.0
6.29	-7.859	-30.095	-58.3
6.3	-7.853	-29.311	-37.8
6.31	-7.848	-28.794	-49.0
6.32	-7.841	-28.392	-85.4
6.33	-7.835	-27.919	-103.3
6.34	-7.828	-27.298	-61.8
6.35	-7.821	-26.584	-12.3
6.36	-7.816	-25.905	6.5
6.37	-7.812	-25.325	22.8
6.38	-7.806	-24.666	-1.0
6.39	-7.798	-23.750	-36.1
6.4	-7.791	-22.872	-48.3
6.41	-7.784	-22.211	-101.6
6.42	-7.779	-21.414	-111.8
6.43	-7.776	-20.363	-68.9
6.44	-7.773	-19.438	-40.9
6.45	-7.766	-18.887	-15.1
6.46	-7.757	-18.525	47.4
6.47	-7.749	-18.234	299.3
6.48	-7.746	-18.180	611.2
6.49	-7.746	-18.334	578.2
6.5	-7.746	-18.528	232.8
6.51	-7.746	-18.928	-23.9
6.52	-7.746	-19.733	-85.3
6.53	-7.741	-20.639	-102.7
6.54	-7.733	-21.334	-99.7
6.55	-7.727	-21.866	-77.5
6.56	-7.722	-22.006	-72.8
6.57	-7.718	-21.261	-57.4
6.58	-7.713	-19.302	-36.5
6.59	-7.709	-14.989	-32.9
6.6	-7.707	-5.394	-45.6
6.61	-7.704	11.850	-19.6
6.62	-7.702	32.680	20.1
6.63	-7.700	46.727	31.5
6.64	-7.698	50.852	59.7
6.65	-7.696	51.125	76.1
6.66	-7.693	51.139	104.4
6.67	-7.691	51.136	150.8
6.68	-7.689	51.094	160.3
6.69	-7.688	49.791	149.6
6.7	-7.687	42.842	163.1
6.71	-7.686	28.652	168.9
6.72	-7.687	12.458	133.2
6.73	-7.688	-1.273	90.0
6.74	-7.689	-11.644	28.4
6.75	-7.690	-18.738	-31.3
6.76	-7.692	-23.048	-69.4
6.77	-7.697	-25.264	-98.8
6.78	-7.706	-26.122	-111.9
6.79	-7.714	-26.314	-126.3
6.8	-7.721	-26.538	-130.9
6.81	-7.727	-27.484	-120.4
6.82	-7.731	-29.658	-122.4
6.83	-7.734	-33.022	-118.8
6.84	-7.737	-36.866	-106.0
6.85	-7.744	-40.078	-117.2
6.86	-7.758	-41.689	-114.0
6.87	-7.784	-41.422	-88.3
6.88	-7.824	-39.580	-96.7
6.89	-7.878	-36.469	-109.4
6.9	-7.942	-32.263	-101.7
6.91	-8.012	-27.267	-78.0
6.92	-8.087	-22.134	-61.8
6.93	-8.160	-17.467	-96.9
6.94	-8.228	-13.500	-119.1
6.95	-8.290	-10.455	-80.6
6.96	-8.346	-8.700	-75.1
6.97	-8.399	-8.334	-102.1
6.98	-8.449	-9.077	-83.8
6.99	-8.499	-10.723	-67.4
7.0	-8.546	-13.211	-79.8
7.01	-8.589	-16.253	-90.5
7.02	-8.631	-19.380	-81.2
7.03	-8.676	-22.283	-74.4
7.04	-8.724	-24.873	-87.8
7.05	-8.775	-27.095	-71.7
7.06	-8.826	-28.841	-47.6
7.07	-8.875	-30.045	-69.3
7.08	-8.920	-30.719	-75.6
7.09	-8.962	-30.872	-65.1
7.1	-9.001	-30.575	-56.6
7.11	-9.039	-30.048	-57.9
7.12	-9.076	-29.520	-68.1
7.13	-9.113	-28.956	-50.1
7.14	-9.149	-28.194	-34.4
7.15	-9.182	-27.263	-7.5
7.16	-9.214	-26.273	8.1
7.17	-9.244	-25.317	5.6
7.18	-9.273	-24.473	27.0
7.19	-9.301	-23.720	12.3
7.2	-9.329	-22.894	-36.2
7.21	-9.356	-21.877	-52.5
7.22	-9.383	-20.742	-61.9
7.23	-9.411	-19.673	-67.2
7.24	-9.440	-18.794	-42.9
7.25	-9.466	-17.919	-20.1
7.26	-9.486	-17.030	42.5
7.27	-9.506	-16.417	227.0
7.28	-9.529	-15.977	484.5
7.29	-9.553	-15.567	585.7
7.3	-9.573	-15.366	348.7
7.31	-9.594	-15.380	38.7
7.32	-9.619	-15.708	-58.4
7.33	-9.643	-16.525	-60.7
7.34	-9.661	-17.536	-69.6
7.35	-9.677	-18.366	-64.1
7.36	-9.694	-18.988	-43.5
7.37	-9.714	-19.327	-22.7
7.38	-9.732	-19.152	-26.7
7.39	-9.749	-18.006	-27.9
7.4	-9.766	-14.055	-15.1
7.41	-9.781	-4.109	4.3
7.42	-9.796	13.411	34.1
7.43	-9.811	33.769	46.9
7.44	-9.824	47.089	49.7
7.45	-9.835	50.892	91.4
7.46	-9.844	51.127	149.8
7.47	-9.854	51.139	153.2
7.48	-9.864	51.136	148.0
7.49	-9.876	51.108	182.2
7.5	-9.886	49.995	202.5
7.51	-9.895	43.395	177.1
7.52	-9.904	29.016	151.4
7.53	-9.913	11.895	120.9
7.54	-9.920	-2.753	47.6
7.55	-9.926	-13.692	1.6
7.56	-9.933	-21.198	-15.2
7.57	-9.942	-25.823	-68.3
7.58	-9.953	-28.086	-108.0
7.59	-9.961	-28.653	-109.7
7.6	-9.966	-28.403	-113.1
7.61	-9.973	-28.289	-105.7
7.62	-9.979	-29.117	-104.0
7.63	-9.984	-31.333	-107.4
7.64	-9.986	-34.703	-103.1
7.65	-9.989	-38.155	-105.3
7.66	-9.994	-40.388	-91.4
7.67	-10.001	-40.681	-84.8
7.68	-10.005	-38.877	-96.5
7.69	-10.008	-35.216	-89.7
7.7	-10.010	-30.256	-64.9
7.71	-10.013	-24.589	-74.9
7.72	-10.013	-18.703	-105.5
7.73	-10.014	-13.013	-79.5
7.74	-10.012	-7.969	-63.3
7.75	-10.008	-4.072	-67.7
7.76	-9.999	-1.620	-65.2
7.77	-9.989	-0.664	-92.1
7.78	-9.978	-1.286	-78.7
7.79	-9.967	-3.497	-49.4
7.8	-9.953	-6.906	-70.9
7.81	-9.934	-10.925	-76.8
7.82	-9.906	-15.031	-63.1
7.83	-9.869	-18.759	-67.0
7.84	-9.822	-21.842	-64.5
7.85	-9.769	-24.275	-37.9
7.86	-9.713	-26.170	-20.2
7.87	-9.658	-27.586	-18.4
7.88	-9.606	-28.508	6.6
7.89	-9.558	-28.948	13.5
7.9	-9.511	-28.936	-26.3
7.91	-9.463	-28.489	-65.8
7.92	-9.415	-27.709	-68.1
7.93	-9.367	-26.770	-69.6
7.94	-9.322	-25.723	-85.2
7.95	-9.283	-24.522	-70.2
7.96	-9.247	-23.253	-29.0
7.97	-9.209	-22.056	32.3
7.98	-9.173	-20.958	193.0
7.99	-9.147	-20.095	468.3
8.0	-9.129	-19.722	525.4
8.01	-9.115	-19.680	231.5
8.02	-9.104	-19.686	-32.5
8.03	-9.099	-19.816	-82.4
8.04	-9.098	-20.113	-71.8
8.05	-9.092	-20.319	-101.1
8.06	-9.079	-20.219	-98.0
8.07	-9.062	-19.833	-60.5
8.08	-9.048	-19.183	-49.4
8.09	-9.035	-18.098	-44.6
8.1	-9.018	-16.173	-28.9
8.11	-8.998	-12.164	-22.4
8.12	-8.973	-3.436	-33.2
8.13	-8.944	12.323	-32.4
8.14	-8.909	32.048	5.3
8.15	-8.865	46.166	61.5
8.16	-8.811	50.734	82.2
8.17	-8.749	51.123	74.4
8.18	-8.681	51.139	95.2
8.19	-8.610	51.136	135.9
8.2	-8.536	51.083	156.1
8.21	-8.459	49.570	154.3
8.22	-8.386	42.028	145.9
8.23	-8.316	27.078	127.7
8.24	-8.249	10.186	72.8
8.25	-8.186	-4.056	-9.0
8.26	-8.126	-14.520	-58.1
8.27	-8.070	-21.345	-76.3
8.28	-8.021	-25.236	-89.8
8.29	-7.979	-27.333	-102.2
8.3	-7.942	-28.933	-119.6
8.31	-7.909	-30.545	-131.3
8.32	-7.879	-32.080	-130.2
8.33	-7.854	-33.827	-123.0
8.34	-7.831	-36.523	-132.4
8.35	-7.808	-40.158	-158.9
8.36	-7.784	-43.544	-163.6
8.37	-7.763	-45.359	-116.4
8.38	-7.744	-44.842	-95.0
8.39	-7.728	-41.842	-118.2
8.4	-7.711	-36.983	-107.3
8.41	-7.694	-31.397	-96.1
8.42	-7.679	-25.803	-122.2
8.43	-7.662	-20.436	-111.6
8.44	-7.646	-15.750	-73.5
8.45	-7.632	-12.278	-73.8
8.46	-7.616	-10.175	-98.8
8.47	-7.602	-9.386	-104.2
8.48	-7.589	-9.728	-104.3
8.49	-7.579	-10.919	-129.4
8.5	-7.570	-12.777	-118.3
8.51	-7.562	-15.120	-79.8
8.52	-7.556	-17.689	-77.1
8.53	-7.554	-20.234	-87.9
8.54	-7.551	-22.578	-88.3
8.55	-7.550	-24.633	-85.2
8.56	-7.549	-26.488	-97.7
8.57	-7.549	-28.198	-106.9
8.58	-7.549	-29.530	-84.4
8.59	-7.549	-30.284	-70.6
8.6	-7.546	-30.538	-73.2
8.61	-7.543	-30.373	-61.7
8.62	-7.539	-29.808	-67.2
8.63	-7.536	-29.081	-93.8
8.64	-7.532	-28.500	-84.6
8.65	-7.529	-27.911	-46.1
8.66	-7.527	-27.058	-14.1
8.67	-7.526	-26.113	21.2
8.68	-7.524	-25.381	26.2
8.69	-7.521	-24.870	-27.7
8.7	-7.519	-24.394	-61.9
8.71	-7.516	-23.819	-66.7
8.72	-7.516	-23.030	-78.6
8.73	-7.517	-22.006	-81.5
8.74	-7.521	-21.059	-76.0
8.75	-7.524	-20.444	-55.8
8.76	-7.523	-19.888	-3.5
8.77	-7.519	-19.048	172.8
8.78	-7.518	-18.292	492.0
8.79	-7.522	-18.223	653.9
8.8	-7.527	-18.594	400.8
8.81	-7.532	-18.767	39.3
8.82	-7.538	-18.945	-72.8
8.83	-7.541	-19.734	-77.0
8.84	-7.536	-20.814	-111.4
8.85	-7.529	-21.278	-101.0
8.86	-7.524	-20.973	-55.8
8.87	-7.520	-20.328	-48.7
8.88	-7.517	-19.209	-74.8
8.89	-7.514	-16.381	-75.8
8.9	-7.512	-9.366	-23.6
8.91	-7.511	4.561	7.7
8.92	-7.512	24.631	-7.5
8.93	-7.514	42.316	4.7
8.94	-7.516	50.014	41.0
8.95	-7.517	51.120	61.3
8.96	-7.518	51.136	78.2
8.97	-7.519	51.139	113.8
8.98	-7.521	51.128	154.5
8.99	-7.523	50.911	175.1
9.0	-7.525	47.788	164.6
9.01	-7.527	37.294	147.5
9.02	-7.530	21.142	146.4
9.03	-7.534	5.422	127.8
9.04	-7.539	-7.183	65.5
9.05	-7.544	-16.386	-30.0
9.06	-7.549	-22.348	-83.2
9.07	-7.555	-25.577	-82.9
9.08	-7.564	-26.905	-107.4
9.09	-7.574	-27.222	-137.9
9.1	-7.581	-27.181	-133.6
9.11	-7.586	-27.545	-130.4
9.12	-7.591	-29.266	-137.7
9.13	-7.596	-32.566	-119.8
9.14	-7.601	-36.494	-109.2
9.15	-7.609	-39.794	-108.1
9.16	-7.623	-41.809	-106.5
9.17	-7.648	-42.195	-133.3
9.18	-7.687	-40.569	-128.9
9.19	-7.741	-37.100	-98.8
9.2	-7.809	-32.689	-84.1
9.21	-7.886	-27.975	-77.3
9.22	-7.966	-22.883	-99.6
9.23	-8.046	-17.667	-107.9
9.24	-8.123	-13.292	-99.3
9.25	-8.193	-10.288	-103.5
9.26	-8.256	-8.450	-95.4
9.27	-8.313	-7.631	-88.1
9.28	-8.366	-7.991	-76.3
9.29	-8.416	-9.452	-79.0
9.3	-8.462	-11.658	-96.0
9.31	-8.506	-14.492	-92.2
9.32	-8.551	-17.806	-87.7
9.33	-8.596	-21.119	-87.8
9.34	-8.641	-24.042	-78.8
9.35	-8.687	-26.502	-70.9
9.36	-8.732	-28.520	-95.2
9.37	-8.777	-29.983	-107.1
9.38	-8.821	-30.817	-90.9
9.39	-8.864	-31.114	-58.2
9.4	-8.908	-31.000	-37.7
9.41	-8.953	-30.602	-65.3
9.42	-8.997	-30.016	-67.0
9.43	-9.042	-29.289	-36.9
9.44	-9.084	-28.411	-8.6
9.45	-9.123	-27.375	19.2
9.46	-9.161	-26.244	21.6
9.47	-9.197	-25.041	-11.2
9.48	-9.234	-23.744	-69.9
9.49	-9.270	-22.470	-88.2
9.5	-9.306	-21.367	-66.5
9.51	-9.340	-20.314	-67.1
9.52	-9.373	-19.114	-63.4
9.53	-9.399	-17.900	-22.3
9.54	-9.419	-16.845	65.9
9.55	-9.438	-15.889	274.3
9.56	-9.461	-15.042	559.5
9.57	-9.485	-14.439	569.2
9.58	-9.509	-14.248	229.1
9.59	-9.534	-14.423	-37.8
9.6	-9.563	-14.863	-83.5
9.61	-9.591	-15.750	-67.7
9.62	-9.617	-17.052	-58.7
9.63	-9.640	-18.334	-57.4
9.64	-9.664	-19.136	-44.1
9.65	-9.691	-19.222	-34.7
9.66	-9.718	-18.595	-46.7
9.67	-9.743	-16.600	-49.1
9.68	-9.769	-10.898	-23.0
9.69	-9.794	1.517	5.6
9.7	-9.818	20.867	20.9
9.71	-9.841	39.769	59.3
9.72	-9.863	49.289	104.8
9.73	-9.884	51.078	110.7
9.74	-9.905	51.134	96.6
9.75	-9.926	51.139	108.6
9.76	-9.946	51.136	149.4
9.77	-9.963	51.078	190.1
9.78	-9.980	49.506	208.6
9.79	-9.997	41.794	183.2
9.8	-10.013	26.713	131.6
9.81	-10.029	10.080	81.9
9.82	-10.047	-3.497	32.5
9.83	-10.064	-13.470	-10.2
9.84	-10.079	-20.280	-61.6
9.85	-10.093	-24.348	-105.1
9.86	-10.107	-26.289	-94.3
9.87	-10.118	-27.063	-86.0
9.88	-10.129	-27.588	-109.8
9.89	-10.139	-28.734	-122.6
9.9	-10.146	-31.192	-120.8
9.91	-10.149	-34.808	-110.8
9.92	-10.149	-38.658	-99.3
9.93	-10.148	-41.680	-86.0
9.94	-10.145	-42.955	-77.7
9.95	-10.141	-41.808	-106.9
9.96	-10.136	-38.316	-107.6
9.97	-10.126	-33.145	-73.0
9.98	-10.112	-26.814	-77.4
9.99	-10.094	-19.861	-70.2
10.0	-10.076	-13.086	-55.9
10.01	-10.060	-7.177	-78.8
10.02	-10.043	-2.527	-102.0
10.03	-10.024	0.561	-85.0
10.04	-10.002	1.855	-59.9
10.05	-9.977	1.386	-61.5
10.06	-9.954	-0.620	-67.0
10.07	-9.936	-3.894	-67.1
10.08	-9.919	-8.131	-72.0
10.09	-9.900	-12.781	-67.9
10.1	-9.877	-17.017	-58.5
10.11	-9.850	-20.472	-50.0
10.12	-9.821	-23.489	-31.0
10.13	-9.787	-26.064	-35.8
10.14	-9.749	-27.722	-20.7
10.15	-9.707	-28.725	29.4
10.16	-9.669	-29.750	17.8
10.17	-9.638	-30.684	-49.9
10.18	-9.616	-31.100	-90.6
10.19	-9.595	-30.792	-76.5
10.2	-9.572	-29.900	-78.1
10.21	-9.547	-28.791	-86.3
10.22	-9.519	-27.480	-30.9
10.23	-9.481	-25.881	22.8
10.24	-9.434	-24.263	111.5
10.25	-9.392	-22.986	344.0
10.26	-9.358	-22.150	512.5
10.27	-9.330	-21.233	353.3
10.28	-9.303	-20.205	66.2
10.29	-9.277	-20.038	-43.9
10.3	-9.254	-20.483	-39.5
10.31	-9.224	-20.617	-59.5
10.32	-9.189	-20.394	-83.3
10.33	-9.151	-19.909	-90.0
10.34	-9.117	-19.055	-94.6
10.35	-9.084	-17.777	-51.8
10.36	-9.050	-16.094	-3.9
10.37	-9.014	-12.963	-7.0
10.38	-8.978	-5.631	-8.2
10.39	-8.939	8.666	-13.0
10.4	-8.899	28.367	-8.2
10.41	-8.853	44.319	27.5
10.42	-8.801	50.419	66.7
10.43	-8.746	51.123	91.9
10.44	-8.686	51.139	91.2
10.45	-8.626	51.136	102.6
10.46	-8.567	51.123	134.0
10.47	-8.511	50.234	160.8
10.48	-8.458	44.145	159.9
10.49	-8.408	30.233	127.1
10.5	-8.359	13.659	88.8
10.51	-8.311	-0.419	31.7
10.52	-8.266	-11.202	-44.3
10.53	-8.225	-18.661	-84.0
10.54	-8.187	-23.111	-84.7
10.55	-8.152	-25.416	-94.3
10.56	-8.121	-26.472	-115.7
10.57	-8.089	-27.072	-127.7
10.58	-8.059	-28.038	-142.3
10.59	-8.032	-29.998	-167.6
10.6	-8.006	-33.398	-140.7
10.61	-7.980	-38.283	-102.9
10.62	-7.954	-43.402	-116.8
10.63	-7.929	-46.658	-121.4
10.64	-7.904	-46.922	-101.6
10.65	-7.882	-44.703	-111.3
10.66	-7.860	-40.927	-154.7
10.67	-7.839	-35.869	-135.8
10.68	-7.820	-29.784	-83.1
10.69	-7.802	-23.453	-71.0
10.7	-7.784	-17.761	-85.2
10.71	-7.768	-13.120	-115.8
10.72	-7.754	-9.525	-134.3
10.73	-7.741	-7.050	-124.7
10.74	-7.726	-5.942	-93.4
10.75	-7.712	-6.486	-81.2
10.76	-7.697	-8.731	-83.5
10.77	-7.685	-12.023	-90.9
10.78	-7.675	-15.416	-98.0
10.79	-7.664	-18.559	-89.8
10.8	-7.654	-21.620	-119.3
10.81	-7.646	-24.467	-134.3
10.82	-7.638	-26.550	-89.8
10.83	-7.629	-27.692	-47.9
10.84	-7.622	-28.447	-63.1
10.85	-7.615	-29.278	-106.4
10.86	-7.609	-29.884	-102.6
10.87	-7.603	-29.875	-89.2
10.88	-7.596	-29.461	-54.0
10.89	-7.589	-29.070	-26.1
10.9	-7.583	-28.836	-35.2
10.91	-7.577	-28.552	-16.8
10.92	-7.572	-28.011	2.8
10.93	-7.566	-27.330	-7.6
10.94	-7.558	-26.792	-65.7
10.95	-7.551	-26.327	-101.8
10.96	-7.545	-25.619	-77.0
10.97	-7.541	-24.709	-60.9
10.98	-7.540	-23.988	-64.5
10.99	-7.539	-23.578	-67.6
11.0	-7.533	-23.189	-25.0
11.01	-7.526	-22.642	120.6
11.02	-7.522	-22.092	409.8
11.03	-7.523	-21.722	630.8
11.04	-7.526	-21.523	451.3
11.05	-7.527	-21.420	110.0
11.06	-7.529	-21.391	-62.3
11.07	-7.529	-21.427	-120.8
11.08	-7.523	-21.492	-118.6
11.09	-7.515	-21.503	-99.7
11.1	-7.510	-21.277	-64.2
11.11	-7.508	-20.658	-39.9
11.12	-7.504	-19.406	-44.6
11.13	-7.501	-16.494	-46.6
11.14	-7.499	-9.513	-55.8
11.15	-7.497	4.500	-45.3
11.16	-7.495	24.931	-30.5
11.17	-7.494	42.702	4.3
11.18	-7.492	50.134	57.0
11.19	-7.490	51.120	80.0
11.2	-7.488	51.138	86.5
11.21	-7.486	51.139	92.3
11.22	-7.484	51.131	103.7
11.23	-7.482	50.991	123.0
11.24	-7.481	48.366	173.2
11.25	-7.478	38.672	204.3
11.26	-7.478	22.964	172.5
11.27	-7.479	7.580	112.2
11.28	-7.482	-4.298	40.2
11.29	-7.484	-12.686	-23.0
11.3	-7.486	-18.202	-72.8
11.31	-7.489	-21.522	-115.0
11.32	-7.494	-23.408	-122.2
11.33	-7.503	-24.680	-110.4
11.34	-7.508	-26.017	-117.9
11.35	-7.511	-28.013	-135.0
11.36	-7.513	-31.216	-136.6
11.37	-7.513	-35.725	-140.9
11.38	-7.512	-40.798	-142.2
11.39	-7.511	-45.094	-110.5
11.4	-7.512	-47.459	-94.8
11.41	-7.515	-47.456	-121.6
11.42	-7.522	-45.223	-125.7
11.43	-7.532	-41.206	-98.2
11.44	-7.545	-36.009	-109.8
11.45	-7.558	-30.248	-129.8
11.46	-7.570	-24.444	-99.7
11.47	-7.581	-18.984	-68.9
11.48	-7.593	-14.244	-85.3
11.49	-7.606	-10.742	-100.1
11.5	-7.621	-8.823	-100.0
11.51	-7.638	-8.314	-108.6
11.52	-7.656	-8.952	-94.2
11.53	-7.676	-10.630	-68.0
11.54	-7.699	-13.048	-67.3
11.55	-7.725	-15.733	-85.6
11.56	-7.756	-18.444	-107.5
11.57	-7.792	-21.123	-113.7
11.58	-7.833	-23.645	-99.1
11.59	-7.876	-25.802	-79.9
11.6	-7.923	-27.458	-67.5
11.61	-7.969	-28.650	-68.2
11.62	-8.017	-29.456	-62.8
11.63	-8.064	-29.891	-74.2
11.64	-8.112	-29.959	-91.8
11.65	-8.162	-29.700	-73.9
11.66	-8.213	-29.234	-51.8
11.67	-8.261	-28.742	-18.2
11.68	-8.309	-28.266	34.0
11.69	-8.353	-27.809	39.7
11.7	-8.395	-27.477	-5.5
11.71	-8.434	-27.092	-43.3
11.72	-8.474	-26.302	-69.4
11.73	-8.515	-25.269	-76.4
11.74	-8.559	-24.419	-70.4
11.75	-8.606	-23.689	-83.1
11.76	-8.654	-22.784	-58.4
11.77	-8.700	-21.792	17.5
11.78	-8.744	-21.041	133.2
11.79	-8.789	-20.511	377.8
11.8	-8.838	-19.898	616.2
11.81	-8.882	-19.252	515.2
11.82	-8.922	-19.028	178.3
11.83	-8.959	-19.314	-47.3
11.84	-8.996	-19.797	-106.0
11.85	-9.030	-20.467	-81.3
11.86	-9.063	-21.394	-71.0
11.87	-9.098	-22.153	-65.6
11.88	-9.134	-22.191	-43.6
11.89	-9.169	-21.523	-38.1
11.9	-9.201	-20.103	-34.6
11.91	-9.233	-16.377	-40.1
11.92	-9.266	-7.097	-25.1
11.93	-9.297	10.195	17.8
11.94	-9.327	31.588	41.1
11.95	-9.353	46.366	50.7
11.96	-9.377	50.817	83.2
11.97	-9.400	51.123	96.5
11.98	-9.423	51.139	93.6
11.99	-9.447	51.139	146.4
12.0	-9.471	51.125	193.4
12.01	-9.495	50.758	188.8
12.02	-9.522	46.711	191.3
12.03	-9.550	34.558	166.6
12.04	-9.577	17.327	103.4
12.05	-9.603	1.716	82.5
12.06	-9.627	-10.100	52.0
12.07	-9.651	-18.303	-33.0
12.08	-9.674	-23.294	-106.3
12.09	-9.699	-25.853	-116.9
12.1	-9.724	-27.034	-101.7
12.11	-9.746	-27.658	-104.0
12.12	-9.768	-28.513	-104.6
12.13	-9.786	-30.595	-107.5
12.14	-9.805	-34.295	-126.0
12.15	-9.824	-39.047	-131.3
12.16	-9.842	-43.700	-99.5
12.17	-9.861	-46.742	-85.6
12.18	-9.880	-46.980	-97.1
12.19	-9.897	-44.309	-86.9
12.2	-9.912	-39.419	-83.1
12.21	-9.926	-32.992	-109.2
12.22	-9.940	-25.684	-95.9
12.23	-9.953	-18.244	-65.8
12.24	-9.964	-11.395	-73.1
12.25	-9.974	-5.825	-73.3
12.26	-9.984	-2.003	-76.1
12.27	-9.994	-0.133	-63.0
12.28	-10.006	-0.234	-45.1
12.29	-10.018	-2.056	-68.9
12.3	-10.027	-5.133	-80.9
12.31	-10.034	-8.906	-81.0
12.32	-10.040	-12.839	-75.3
12.33	-10.044	-16.605	-43.2
12.34	-10.051	-20.047	-38.8
12.35	-10.059	-22.966	-60.1
12.36	-10.068	-25.217	-45.0
12.37	-10.075	-26.800	-20.8
12.38	-10.080	-27.772	-13.6
12.39	-10.084	-28.300	17.0
12.4	-10.090	-28.677	36.2
12.41	-10.096	-28.914	-10.8
12.42	-10.101	-28.738	-47.6
12.43	-10.104	-28.111	-47.2
12.44	-10.104	-27.202	-53.7
12.45	-10.103	-26.061	-55.3
12.46	-10.104	-24.827	-63.4
12.47	-10.104	-23.741	-47.3
12.48	-10.101	-22.780	-5.0
12.49	-10.096	-21.820	80.3
12.5	-10.095	-21.006	309.5
12.51	-10.097	-20.428	524.6
12.52	-10.097	-19.934	412.1
12.53	-10.095	-19.552	111.4
12.54	-10.094	-19.506	-35.2
12.55	-10.095	-19.709	-76.0
12.56	-10.092	-19.816	-90.5
12.57	-10.083	-19.784	-41.1
12.58	-10.074	-19.684	-36.6
12.59	-10.069	-19.130	-75.6
12.6	-10.069	-17.775	-55.8
12.61	-10.065	-15.855	-2.9
12.62	-10.058	-13.013	7.5
12.63	-10.053	-6.667	-43.0
12.64	-10.054	6.750	-46.2
12.65	-10.054	26.556	28.8
12.66	-10.050	43.459	72.5
12.67	-10.041	50.273	67.8
12.68	-10.029	51.122	75.2
12.69	-10.018	51.138	98.0
12.7	-10.005	51.139	116.3
12.71	-9.987	51.127	144.5
12.72	-9.961	50.667	183.2
12.73	-9.931	46.198	179.5
12.74	-9.900	33.569	129.4
12.75	-9.869	16.270	89.3
12.76	-9.840	0.777	58.7
12.77	-9.806	-10.980	12.2
12.78	-9.763	-19.294	-50.3
12.79	-9.716	-24.698	-99.5
12.8	-9.672	-27.625	-107.7
12.81	-9.628	-28.797	-95.0
12.82	-9.579	-29.488	-73.8
12.83	-9.526	-30.838	-95.3
12.84	-9.472	-33.336	-150.3
12.85	-9.418	-37.034	-149.5
12.86	-9.359	-41.720	-95.9
12.87	-9.298	-46.552	-61.5
12.88	-9.233	-49.859	-80.7
12.89	-9.166	-50.873	-98.4
12.9	-9.096	-49.636	-86.5
12.91	-9.025	-45.422	-90.0
12.92	-8.954	-38.561	-93.0
12.93	-8.882	-30.364	-88.4
12.94	-8.808	-21.636	-102.4
12.95	-8.732	-13.336	-75.0
12.96	-8.659	-6.475	-45.0
12.97	-8.587	-1.820	-59.7
12.98	-8.518	0.083	-75.7
12.99	-8.451	-0.892	-83.5
13.0	-8.389	-4.373	-78.8
13.01	-8.331	-9.352	-63.0
13.02	-8.279	-14.659	-60.8
13.03	-8.232	-19.619	-89.8
13.04	-8.187	-23.936	-104.8
13.05	-8.143	-27.308	-98.2
13.06	-8.101	-29.055	-91.2
13.07	-8.064	-28.817	-61.5
13.08	-8.028	-27.420	-37.5
13.09	-7.994	-25.958	-65.4
13.1	-7.961	-24.856	-93.1
13.11	-7.929	-24.266	-51.5
13.12	-7.899	-24.202	8.5
13.13	-7.870	-24.464	19.2
13.14	-7.840	-24.911	-11.6
13.15	-7.811	-25.452	-58.3
13.16	-7.781	-25.942	-107.4
13.17	-7.753	-26.325	-111.7
13.18	-7.729	-26.614	-94.7
13.19	-7.707	-26.584	-98.3
13.2	-7.686	-25.970	-66.3
13.21	-7.664	-24.941	-0.9
13.22	-7.644	-23.970	142.1
13.23	-7.628	-23.319	424.3
13.24	-7.616	-22.825	563.7
13.25	-7.605	-22.334	327.1
13.26	-7.595	-21.986	25.6
13.27	-7.587	-22.095	-97.3
13.28	-7.579	-22.684	-118.1
13.29	-7.567	-23.230	-91.1
13.3	-7.557	-23.181	-79.9
13.31	-7.548	-22.506	-89.1
13.32	-7.539	-21.661	-90.9
13.33	-7.528	-20.488	-94.5
13.34	-7.516	-17.447	-79.5
13.35	-7.506	-9.834	-39.2
13.36	-7.496	4.891	-6.8
13.37	-7.487	25.380	-10.8
13.38	-7.479	42.830	-15.5
13.39	-7.470	50.141	21.7
13.4	-7.463	51.122	54.4
13.41	-7.455	51.138	50.7
13.42	-7.447	51.139	66.1
13.43	-7.438	51.127	121.5
13.44	-7.430	50.827	165.8
13.45	-7.424	47.328	164.4
13.46	-7.419	36.538	131.6
13.47	-7.416	20.783	105.1
13.48	-7.414	5.714	76.0
13.49	-7.412	-6.573	5.1
13.5	-7.409	-15.622	-50.6
13.51	-7.407	-21.488	-67.1
13.52	-7.407	-25.045	-99.8
13.53	-7.408	-27.303	-139.8
13.54	-7.409	-28.936	-157.3
13.55	-7.407	-30.566	-154.4
13.56	-7.404	-32.848	-136.4
13.57	-7.401	-36.183	-125.7
13.58	-7.398	-40.595	-122.8
13.59	-7.394	-45.481	-118.7
13.6	-7.392	-49.261	-134.8
13.61	-7.391	-50.784	-142.4
13.62	-7.392	-50.292	-112.9
13.63	-7.394	-47.945	-94.9
13.64	-7.396	-43.736	-114.9
13.65	-7.398	-38.123	-124.9
13.66	-7.399	-31.706	-90.8
13.67	-7.399	-25.148	-94.1
13.68	-7.399	-19.139	-131.6
13.69	-7.399	-14.280	-107.3
13.7	-7.400	-10.980	-94.7
13.71	-7.401	-9.234	-93.8
13.72	-7.402	-8.766	-75.5
13.73	-7.402	-9.573	-87.0
13.74	-7.402	-11.791	-102.1
13.75	-7.404	-14.891	-118.8
13.76	-7.406	-17.942	-111.4
13.77	-7.407	-20.613	-76.1
13.78	-7.410	-23.131	-80.8
13.79	-7.413	-25.672	-103.4
13.8	-7.416	-28.111	-92.7
13.81	-7.419	-29.973	-76.8
13.82	-7.421	-30.858	-66.1
13.83	-7.423	-31.025	-54.8
13.84	-7.425	-31.163	-81.3
13.85	-7.428	-31.453	-133.9
13.86	-7.430	-31.341	-115.2
13.87	-7.431	-30.516	-36.2
13.88	-7.433	-29.625	-10.4
13.89	-7.435	-29.384	-48.9
13.9	-7.437	-29.334	-87.6
13.91	-7.439	-28.605	-79.4
13.92	-7.441	-27.409	-19.5
13.93	-7.444	-26.447	4.0
13.94	-7.450	-25.708	-17.6
13.95	-7.456	-24.820	0.1
13.96	-7.461	-23.748	9.8
13.97	-7.464	-22.722	-20.5
13.98	-7.464	-21.981	-47.5
13.99	-7.464	-21.525	-72.4
14.0	-7.468	-21.083	-98.5
14.01	-7.474	-20.500	-77.6
14.02	-7.478	-19.986	-10.4
14.03	-7.479	-19.752	69.3
14.04	-7.478	-19.655	264.2
14.05	-7.481	-19.420	572.0
14.06	-7.489	-19.047	636.5
14.07	-7.499	-18.928	312.6
14.08	-7.511	-19.419	1.2
14.09	-7.526	-20.352	-91.0
14.1	-7.536	-21.291	-95.0
14.11	-7.538	-22.159	-68.3
14.12	-7.535	-22.917	-65.2
14.13	-7.532	-23.042	-76.6
14.14	-7.531	-22.180	-68.3
14.15	-7.529	-20.225	-45.1
14.16	-7.531	-15.786	-31.9
14.17	-7.540	-5.467	-23.5
14.18	-7.558	13.161	6.9
14.19	-7.584	34.594	13.4
14.2	-7.619	47.697	29.1
14.21	-7.657	50.975	61.4
14.22	-7.701	51.131	57.0
14.23	-7.746	51.139	66.5
14.24	-7.792	51.138	126.6
14.25	-7.839	51.127	181.3
14.26	-7.888	50.381	189.1
14.27	-7.940	44.869	183.6
14.28	-7.996	31.467	165.3
14.29	-8.058	14.586	120.1
14.3	-8.124	-0.208	88.5
14.31	-8.190	-11.534	67.0
14.32	-8.258	-19.350	5.9
14.33	-8.325	-24.000	-67.7
14.34	-8.396	-26.545	-102.8
14.35	-8.466	-28.119	-128.1
14.36	-8.537	-29.158	-134.0
14.37	-8.608	-30.108	-117.5
14.38	-8.676	-31.955	-98.5
14.39	-8.740	-35.381	-109.7
14.4	-8.798	-39.945	-145.6
14.41	-8.850	-44.278	-128.4
14.42	-8.897	-47.005	-97.3
14.43	-8.939	-47.525	-72.5
14.44	-8.982	-45.895	-73.1
14.45	-9.024	-42.380	-121.3
14.46	-9.065	-37.445	-114.6
14.47	-9.106	-31.952	-75.7
14.48	-9.148	-26.734	-72.3
14.49	-9.189	-21.839	-79.0
14.5	-9.227	-16.988	-81.0
14.51	-9.263	-12.758	-72.0
14.52	-9.297	-10.042	-73.9
14.53	-9.331	-8.767	-91.4
14.54	-9.363	-8.428	-92.4
14.55	-9.393	-8.916	-74.5
14.56	-9.421	-10.244	-59.0
14.57	-9.451	-12.386	-58.2
14.58	-9.482	-15.188	-70.8
14.59	-9.511	-18.208	-88.5
14.6	-9.540	-20.947	-74.3
14.61	-9.568	-23.305	-44.2
14.62	-9.596	-25.420	-58.5
14.63	-9.621	-27.195	-74.9
14.64	-9.646	-28.480	-50.0
14.65	-9.672	-29.280	-32.5
14.66	-9.697	-29.530	-40.1
14.67	-9.719	-29.158	-29.8
14.68	-9.739	-28.470	12.4
14.69	-9.758	-27.909	42.8
14.7	-9.776	-27.495	28.5
14.71	-9.796	-26.981	-8.6
14.72	-9.814	-26.309	-38.3
14.73	-9.831	-25.494	-53.5
14.74	-9.848	-24.548	-71.4
14.75	-9.869	-23.583	-76.4
14.76	-9.892	-22.566	-50.4
14.77	-9.911	-21.328	-14.1
14.78	-9.928	-19.845	81.7
14.79	-9.943	-18.466	304.9
14.8	-9.960	-17.609	553.4
14.81	-9.978	-17.259	499.2
14.82	-9.995	-17.225	167.3
14.83	-10.013	-17.661	-17.8
14.84	-10.033	-18.744	-50.6
14.85	-10.051	-20.123	-77.5
14.86	-10.066	-21.397	-53.6
14.87	-10.079	-22.267	-38.9
14.88	-10.094	-22.361	-55.3
14.89	-10.108	-21.702	-28.2
14.9	-10.120	-20.563	-13.7
14.91	-10.131	-18.159	-37.8
14.92	-10.141	-11.830	-15.4
14.93	-10.151	1.598	41.9
14.94	-10.159	21.814	46.5
14.95	-10.165	40.633	34.5
14.96	-10.166	49.567	71.6
14.97	-10.162	51.095	109.1
14.98	-10.155	51.134	129.1
14.99	-10.146	51.139	135.6
15.0	-10.134	51.127	145.8
15.01	-10.119	50.842	169.6
15.02	-10.103	47.298	181.4
15.03	-10.088	35.962	169.9
15.04	-10.075	19.078	128.9
15.05	-10.063	3.261	71.4
15.06	-10.044	-8.972	24.9
15.07	-10.018	-18.030	-13.1
15.08	-9.986	-24.345	-66.7
15.09	-9.955	-28.073	-97.4
15.1	-9.928	-29.814	-82.4
15.11	-9.901	-30.678	-82.7
15.12	-9.871	-31.659	-118.7
15.13	-9.837	-33.402	-129.3
15.14	-9.804	-36.280	-103.0
15.15	-9.771	-40.148	-82.8
15.16	-9.737	-44.120	-82.0
15.17	-9.699	-47.006	-93.5
15.18	-9.661	-47.939	-95.1
15.19	-9.621	-46.505	-107.1
15.2	-9.581	-42.763	-97.3
15.21	-9.540	-37.355	-59.3
15.22	-9.502	-31.125	-59.2
15.23	-9.466	-24.589	-72.4
15.24	-9.433	-18.259	-79.3
15.25	-9.403	-12.859	-68.3
15.26	-9.377	-8.748	-67.9
15.27	-9.353	-5.952	-93.5
15.28	-9.329	-4.806	-74.2
15.29	-9.306	-5.689	-57.7
15.3	-9.283	-8.169	-89.8
15.31	-9.259	-11.391	-72.8
15.32	-9.238	-15.070	-29.5
15.33	-9.217	-19.298	-40.1
15.34	-9.199	-23.591	-74.0
15.35	-9.178	-26.963	-72.5
15.36	-9.158	-29.122	-22.3
15.37	-9.138	-30.641	22.1
15.38	-9.119	-31.864	3.8
15.39	-9.099	-32.541	-49.1
15.4	-9.078	-32.561	-52.6
15.41	-9.057	-32.305	-26.1
15.42	-9.035	-31.978	-38.3
15.43	-9.013	-31.342	-78.4
15.44	-8.991	-30.402	-91.9
15.45	-8.969	-29.603	-67.8
15.46	-8.943	-29.088	-52.4
15.47	-8.909	-28.375	3.4
15.48	-8.871	-27.142	245.4
15.49	-8.829	-25.853	560.2
15.5	-8.780	-25.005	524.4
15.51	-8.721	-24.458	147.0
15.52	-8.658	-23.922	-59.4
15.53	-8.591	-23.466	-59.7
15.54	-8.521	-23.431	-86.7
15.55	-8.450	-23.847	-102.2
15.56	-8.380	-24.131	-78.8
15.57	-8.312	-23.709	-57.3
15.58	-8.246	-22.648	-45.0
15.59	-8.184	-21.300	-55.3
15.6	-8.126	-18.934	-64.7
15.61	-8.072	-12.898	-44.4
15.62	-8.023	-0.030	-27.7
15.63	-7.977	19.655	-0.5
15.64	-7.934	38.923	19.9
15.65	-7.893	48.991	17.5
15.66	-7.855	51.059	57.5
15.67	-7.819	51.134	107.4
15.68	-7.786	51.136	104.6
15.69	-7.755	51.072	119.5
15.7	-7.727	49.392	165.0
15.71	-7.700	41.455	167.7
15.72	-7.676	26.236	120.8
15.73	-7.654	9.472	72.1
15.74	-7.633	-4.489	52.7
15.75	-7.613	-14.867	-3.8
15.76	-7.593	-21.903	-74.3
15.77	-7.573	-26.353	-103.4
15.78	-7.557	-28.967	-131.7
15.79	-7.541	-30.348	-135.4
15.8	-7.525	-31.208	-114.0
15.81	-7.511	-32.402	-111.2
15.82	-7.499	-34.533	-132.2
15.83	-7.489	-37.698	-151.2
15.84	-7.479	-41.616	-137.8
15.85	-7.468	-45.422	-122.8
15.86	-7.459	-47.830	-125.9
15.87	-7.453	-48.083	-115.5
15.88	-7.448	-46.275	-106.7
15.89	-7.445	-42.755	-111.8
15.9	-7.442	-37.958	-117.8
15.91	-7.439	-32.747	-110.8
15.92	-7.436	-27.878	-89.7
15.93	-7.432	-23.542	-93.7
15.94	-7.428	-19.725	-104.0
15.95	-7.424	-16.500	-86.9
15.96	-7.420	-14.184	-89.3
15.97	-7.416	-13.030	-121.8
15.98	-7.412	-13.092	-113.3
15.99	-7.408	-14.194	-88.1
16.0	-7.405	-15.933	-90.1
16.01	-7.403	-18.039	-90.2
16.02	-7.402	-20.377	-91.1
16.03	-7.402	-22.825	-93.3
16.04	-7.402	-25.173	-98.1
16.05	-7.403	-27.127	-83.6
16.06	-7.404	-28.595	-76.8
16.07	-7.405	-29.786	-92.8
16.08	-7.407	-30.848	-94.3
16.09	-7.409	-31.584	-112.2
16.1	-7.410	-31.686	-95.4
16.11	-7.411	-31.291	-46.7
16.12	-7.413	-30.841	-52.3
16.13	-7.414	-30.369	-89.8
16.14	-7.416	-29.680	-96.5
16.15	-7.420	-28.950	-45.1
16.16	-7.424	-28.422	-12.6
16.17	-7.427	-27.922	-32.6
16.18	-7.431	-27.270	-14.5
16.19	-7.434	-26.613	13.4
16.2	-7.436	-25.980	-1.0
16.21	-7.437	-25.220	-20.3
16.22	-7.438	-24.398	-49.4
16.23	-7.438	-23.742	-83.9
16.24	-7.441	-23.206	-99.0
16.25	-7.445	-22.516	-87.3
16.26	-7.448	-21.825	-44.0
16.27	-7.447	-21.498	25.2
16.28	-7.444	-21.347	203.3
16.29	-7.444	-21.016	518.2
16.3	-7.449	-20.708	651.0
16.31	-7.457	-20.800	367.9
16.32	-7.464	-21.097	16.6
16.33	-7.472	-21.253	-88.8
16.34	-7.474	-21.480	-82.8
16.35	-7.467	-22.013	-79.0
16.36	-7.459	-22.481	-87.3
16.37	-7.454	-22.356	-84.9
16.38	-7.453	-21.531	-38.2
16.39	-7.452	-19.992	-30.1
16.4	-7.450	-16.597	-55.4
16.41	-7.450	-8.500	-45.3
16.42	-7.452	6.681	-17.0
16.43	-7.454	26.781	19.6
16.44	-7.457	43.292	30.7
16.45	-7.459	50.164	33.8
16.46	-7.461	51.123	52.7
16.47	-7.462	51.136	85.4
16.48	-7.464	51.128	121.9
16.49	-7.466	50.594	130.5
16.5	-7.468	46.328	144.5
16.51	-7.471	35.313	169.6
16.52	-7.474	20.472	186.7
16.53	-7.478	6.373	173.8
16.54	-7.482	-5.373	99.3
16.55	-7.486	-14.302	11.6
16.56	-7.491	-20.353	-32.6
16.57	-7.496	-23.933	-58.8
16.58	-7.504	-25.677	-92.8
16.59	-7.516	-26.277	-110.3
16.6	-7.526	-26.473	-119.2
16.61	-7.534	-26.925	-127.8
16.62	-7.541	-28.108	-134.2
16.63	-7.545	-30.288	-134.6
16.64	-7.547	-33.316	-121.4
16.65	-7.547	-36.444	-129.8
16.66	-7.547	-38.597	-131.6
16.67	-7.548	-39.002	-90.0
16.68	-7.553	-37.669	-72.4
16.69	-7.561	-35.164	-94.7
16.7	-7.572	-31.903	-125.1
16.71	-7.583	-28.047	-126.7
16.72	-7.595	-23.905	-89.4
16.73	-7.606	-19.895	-91.6
16.74	-7.619	-16.298	-102.8
16.75	-7.633	-13.267	-88.7
16.76	-7.650	-11.002	-96.3
16.77	-7.672	-9.789	-102.2
16.78	-7.699	-9.827	-98.4
16.79	-7.732	-10.858	-92.7
16.8	-7.769	-12.341	-92.8
16.81	-7.812	-14.095	-85.6
16.82	-7.861	-16.244	-68.7
16.83	-7.917	-18.672	-98.7
16.84	-7.977	-21.059	-109.3
16.85	-8.039	-23.148	-72.1
16.86	-8.099	-24.872	-67.3
16.87	-8.159	-26.336	-73.6
16.88	-8.218	-27.484	-83.2
16.89	-8.277	-28.098	-99.5
16.9	-8.337	-28.278	-83.4
16.91	-8.394	-28.416	-59.4
16.92	-8.449	-28.592	-73.5
16.93	-8.499	-28.481	-97.7
16.94	-8.548	-27.939	-66.2
16.95	-8.598	-27.283	-23.2
16.96	-8.647	-26.798	-29.5
16.97	-8.694	-26.386	-6.4
16.98	-8.741	-25.906	30.9
16.99	-8.787	-25.422	-2.2
17.0	-8.832	-25.002	-49.9
17.01	-8.874	-24.503	-68.2
17.02	-8.914	-23.700	-72.2
17.03	-8.952	-22.638	-62.5
17.04	-8.990	-21.641	-61.0
17.05	-9.027	-20.927	-54.2
17.06	-9.059	-20.409	5.2
17.07	-9.090	-19.839	179.7
17.08	-9.123	-19.114	491.7
17.09	-9.158	-18.334	631.4
17.1	-9.190	-17.703	370.4
17.11	-9.221	-17.366	39.7
17.12	-9.251	-17.341	-78.3
17.13	-9.281	-17.653	-76.2
17.14	-9.310	-18.333	-55.7
17.15	-9.338	-19.217	-54.6
17.16	-9.367	-19.844	-69.8
17.17	-9.396	-19.698	-54.3
17.18	-9.422	-18.736	-40.3
17.19	-9.447	-16.911	-30.8
17.2	-9.473	-12.556	-26.9
17.21	-9.498	-2.711	-25.1
17.22	-9.520	13.619	26.5
17.23	-9.543	32.539	69.1
17.24	-9.565	45.980	71.0
17.25	-9.586	50.641	86.8
17.26	-9.606	51.128	118.3
17.27	-9.626	51.134	123.2
17.28	-9.646	51.041	120.0
17.29	-9.664	49.098	164.6
17.3	-9.682	41.347	200.8
17.31	-9.699	27.816	183.8
17.32	-9.719	13.291	156.2
17.33	-9.739	0.647	128.5
17.34	-9.759	-9.631	74.4
17.35	-9.780	-17.328	-4.3
17.36	-9.801	-22.272	-54.2
17.37	-9.824	-24.748	-76.5
17.38	-9.847	-25.608	-88.7
17.39	-9.867	-25.688	-98.3
17.4	-9.888	-25.545	-122.7
17.41	-9.908	-25.734	-122.2
17.42	-9.929	-26.850	-108.6
17.43	-9.949	-29.073	-125.3
17.44	-9.967	-31.914	-132.7
17.45	-9.984	-34.356	-102.2
17.46	-9.999	-35.236	-79.5
17.47	-10.016	-34.053	-84.2
17.48	-10.033	-31.286	-94.0
17.49	-10.049	-27.555	-98.8
17.5	-10.066	-23.097	-86.0
17.51	-10.081	-18.219	-72.8
17.52	-10.096	-13.495	-80.4
17.53	-10.108	-9.330	-78.8
17.54	-10.121	-5.986	-66.9
17.55	-10.132	-3.745	-73.1
17.56	-10.142	-2.642	-77.0
17.57	-10.150	-2.591	-72.0
17.58	-10.159	-3.597	-75.9
17.59	-10.168	-5.588	-82.9
17.6	-10.177	-8.331	-77.7
17.61	-10.186	-11.508	-49.5
17.62	-10.194	-14.641	-42.1
17.63	-10.201	-17.411	-58.7
17.64	-10.207	-19.961	-53.6
17.65	-10.209	-22.302	-45.9
17.66	-10.208	-24.086	-43.3
17.67	-10.203	-25.109	-11.3
17.68	-10.196	-25.481	22.9
17.69	-10.188	-25.370	12.6
17.7	-10.178	-24.872	-20.4
17.71	-10.166	-24.103	-46.5
17.72	-10.155	-23.244	-64.0
17.73	-10.143	-22.352	-75.3
17.74	-10.132	-21.392	-59.4
17.75	-10.116	-20.577	-30.3
17.76	-10.088	-20.194	-32.4
17.77	-10.042	-20.023	10.6
17.78	-9.988	-19.567	239.0
17.79	-9.937	-18.814	526.0
17.8	-9.886	-18.200	485.0
17.81	-9.832	-17.936	141.7
17.82	-9.781	-17.811	-68.4
17.83	-9.738	-17.655	-69.3
17.84	-9.697	-17.673	-40.8
17.85	-9.657	-17.952	-45.4
17.86	-9.619	-18.102	-66.3
17.87	-9.589	-17.791	-80.3
17.88	-9.568	-17.081	-60.0
17.89	-9.548	-16.036	-34.9
17.9	-9.524	-14.197	-28.7
17.91	-9.495	-10.014	-17.8
17.92	-9.467	-0.867	-12.7
17.93	-9.442	14.427	-1.8
17.94	-9.418	32.458	35.2
17.95	-9.392	45.673	66.7
17.96	-9.366	50.547	66.1
17.97	-9.341	51.128	82.5
17.98	-9.317	51.128	112.0
17.99	-9.293	50.853	123.3
18.0	-9.268	47.845	152.4
18.01	-9.242	38.647	170.1
18.02	-9.217	24.878	152.6
18.03	-9.192	11.092	118.6
18.04	-9.169	-0.789	58.1
18.05	-9.147	-10.352	-6.1
18.06	-9.125	-17.269	-47.2
18.07	-9.106	-21.508	-81.7
18.08	-9.092	-23.667	-103.8
18.09	-9.078	-24.566	-104.0
18.1	-9.059	-24.809	-112.5
18.11	-9.037	-25.003	-127.8
18.12	-9.014	-25.911	-119.4
18.13	-8.992	-27.925	-99.3
18.14	-8.969	-30.809	-110.5
18.15	-8.945	-33.878	-124.5
18.16	-8.920	-36.181	-109.3
18.17	-8.895	-36.928	-102.4
18.18	-8.869	-35.856	-104.8
18.19	-8.841	-33.117	-100.6
18.2	-8.808	-29.130	-84.1
18.21	-8.771	-24.447	-80.9
18.22	-8.733	-19.517	-105.8
18.23	-8.690	-14.708	-100.0
18.24	-8.643	-10.436	-70.5
18.25	-8.590	-7.097	-68.5
18.26	-8.534	-4.911	-81.0
18.27	-8.476	-3.983	-93.7
18.28	-8.416	-4.430	-94.2
18.29	-8.353	-6.123	-87.1
18.3	-8.290	-8.530	-94.4
18.31	-8.230	-11.205	-87.0
18.32	-8.174	-13.972	-60.8
18.33	-8.123	-16.644	-67.6
18.34	-8.078	-19.041	-77.7
18.35	-8.037	-21.269	-56.9
18.36	-8.002	-23.525	-35.7
18.37	-7.969	-25.688	-8.5
18.38	-7.939	-27.430	10.1
18.39	-7.911	-28.391	-15.4
18.4	-7.884	-28.375	-68.0
18.41	-7.859	-27.675	-109.1
18.42	-7.835	-26.869	-120.7
18.43	-7.814	-25.794	-105.3
18.44	-7.794	-23.814	-85.1
18.45	-7.774	-21.273	-59.3
18.46	-7.752	-19.292	-33.7
18.47	-7.729	-18.328	42.5
18.48	-7.708	-17.866	326.8
18.49	-7.692	-17.631	611.7
18.5	-7.676	-18.069	466.0
18.51	-7.659	-19.377	77.3
18.52	-7.643	-20.956	-102.9
18.53	-7.628	-22.092	-109.5
18.54	-7.611	-22.883	-99.3
18.55	-7.593	-23.656	-97.9
18.56	-7.579	-23.886	-115.0
18.57	-7.567	-22.898	-84.2
18.58	-7.555	-20.964	-34.8
18.59	-7.543	-18.364	-38.8
18.6	-7.532	-13.777	-71.6
18.61	-7.526	-4.447	-70.1
18.62	-7.521	11.194	-32.2
18.63	-7.517	30.156	16.4
18.64	-7.514	44.672	52.5
18.65	-7.509	50.375	41.0
18.66	-7.504	51.128	37.2
18.67	-7.498	51.133	84.6
18.68	-7.491	51.038	142.8
18.69	-7.483	49.125	141.7
18.7	-7.476	41.839	135.7
18.71	-7.469	29.577	156.7
18.72	-7.464	16.552	138.5
18.73	-7.461	4.858	85.9
18.74	-7.459	-4.917	6.4
18.75	-7.458	-12.267	-49.8
18.76	-7.455	-17.300	-69.7
18.77	-7.455	-20.438	-98.1
18.78	-7.458	-22.109	-110.7
18.79	-7.461	-22.844	-129.8
18.8	-7.462	-23.350	-173.0
18.81	-7.462	-24.314	-163.7
18.82	-7.463	-26.166	-125.2
18.83	-7.463	-29.014	-122.4
18.84	-7.461	-32.380	-129.5
18.85	-7.461	-35.255	-128.7
18.86	-7.461	-36.808	-127.6
18.87	-7.463	-36.739	-139.2
18.88	-7.465	-35.044	-135.1
18.89	-7.468	-31.986	-103.5
18.9	-7.470	-28.100	-95.1
18.91	-7.471	-23.877	-110.2
18.92	-7.471	-19.738	-113.3
18.93	-7.471	-16.036	-110.7
18.94	-7.471	-12.864	-109.3
18.95	-7.470	-10.264	-99.7
18.96	-7.470	-8.475	-94.1
18.97	-7.469	-7.781	-106.0
18.98	-7.470	-8.198	-110.5
18.99	-7.471	-9.467	-114.6
19.0	-7.473	-11.397	-100.9
19.01	-7.475	-13.825	-74.0
19.02	-7.478	-16.320	-96.1
19.03	-7.480	-18.550	-106.8
19.04	-7.482	-20.641	-96.5
19.05	-7.484	-22.627	-105.2
19.06	-7.487	-24.106	-90.2
19.07	-7.491	-24.934	-72.7
19.08	-7.494	-25.556	-63.2
19.09	-7.498	-26.197	-60.8
19.1	-7.502	-26.505	-79.4
19.11	-7.506	-26.252	-33.8
19.12	-7.512	-25.798	30.6
19.13	-7.516	-25.611	19.2
19.14	-7.519	-25.520	-20.3
19.15	-7.521	-25.067	-68.2
19.16	-7.521	-24.297	-86.3
19.17	-7.521	-23.597	-82.0
19.18	-7.524	-23.111	-95.8
19.19	-7.528	-22.609	-97.9
19.2	-7.533	-21.820	-52.2
19.21	-7.534	-20.769	42.6
19.22	-7.532	-19.809	235.8
19.23	-7.533	-19.213	531.0
19.24	-7.540	-18.887	607.4
19.25	-7.549	-18.597	302.2
19.26	-7.561	-18.305	14.5
19.27	-7.573	-18.345	-52.0
19.28	-7.581	-18.878	-88.9
19.29	-7.577	-19.444	-113.4
19.3	-7.568	-19.561	-95.8
19.31	-7.561	-19.222	-68.3
19.32	-7.556	-18.548	-53.4
19.33	-7.552	-17.159	-82.9
19.34	-7.551	-13.716	-74.1
19.35	-7.553	-5.909	-18.7
19.36	-7.557	8.056	9.6
19.37	-7.562	26.603	8.9
19.38	-7.568	42.613	6.3
19.39	-7.576	49.895	44.2
19.4	-7.585	51.105	78.4
19.41	-7.597	51.136	79.4
19.42	-7.612	51.130	115.3
19.43	-7.631	50.722	157.9
19.44	-7.654	47.119	168.0
19.45	-7.681	37.247	166.0
19.46	-7.710	23.498	158.2
19.47	-7.740	10.284	143.3
19.48	-7.771	-0.895	94.6
19.49	-7.799	-9.666	18.0
19.5	-7.824	-15.827	-31.6
19.51	-7.849	-19.597	-58.9
19.52	-7.879	-21.561	-107.3
19.53	-7.912	-22.403	-146.7
19.54	-7.951	-22.669	-138.9
19.55	-7.996	-22.998	-117.6
19.56	-8.048	-24.266	-120.9
19.57	-8.106	-26.941	-135.8
19.58	-8.166	-30.463	-141.9
19.59	-8.229	-33.572	-131.8
19.6	-8.293	-35.302	-113.5
19.61	-8.357	-35.458	-91.4
19.62	-8.417	-34.164	-93.5
19.63	-8.470	-31.538	-118.2
19.64	-8.516	-27.938	-101.5
19.65	-8.558	-23.909	-85.8
19.66	-8.595	-19.805	-104.2
19.67	-8.629	-15.811	-97.2
19.68	-8.661	-12.206	-82.3
19.69	-8.690	-9.478	-85.3
19.7	-8.719	-7.969	-93.8
19.71	-8.748	-7.553	-91.8
19.72	-8.774	-8.073	-76.9
19.73	-8.799	-9.430	-65.9
19.74	-8.826	-11.286	-79.3
19.75	-8.854	-13.430	-95.3
19.76	-8.884	-15.833	-77.5
19.77	-8.916	-18.242	-73.8
19.78	-8.951	-20.303	-79.0
19.79	-8.990	-21.777	-68.6
19.8	-9.034	-22.623	-65.6
19.81	-9.082	-23.113	-53.5
19.82	-9.136	-23.500	-50.8
19.83	-9.189	-23.830	-44.4
19.84	-9.239	-24.103	-11.0
19.85	-9.283	-24.244	31.3
19.86	-9.323	-24.080	38.0
19.87	-9.361	-23.747	-17.3
19.88	-9.399	-23.513	-61.2
19.89	-9.434	-23.270	-80.0
19.9	-9.468	-22.788	-77.3
19.91	-9.500	-22.119	-65.3
19.92	-9.531	-21.616	-62.9
19.93	-9.560	-21.352	-39.6
19.94	-9.586	-21.006	29.9
19.95	-9.610	-20.589	237.3
19.96	-9.637	-20.391	540.8
19.97	-9.663	-20.281	604.7
19.98	-9.689	-19.966	291.7
19.99	-9.714	-19.545	-11.0
20.0	-9.742	-19.302	-79.8
20.01	-9.770	-19.222	-60.9
20.02	-9.799	-19.133	-49.6
20.03	-9.826	-19.178	-67.8
20.04	-9.853	-19.164	-65.1
20.05	-9.879	-18.566	-43.8
20.06	-9.904	-17.550	-37.2
20.07	-9.931	-15.903	-28.6
20.08	-9.959	-11.192	-15.2
20.09	-9.987	-0.278	9.3
20.1	-10.013	17.030	32.5
20.11	-10.036	35.647	39.1
20.12	-10.054	47.477	59.2
20.13	-10.069	50.895	104.0
20.14	-10.083	51.128	127.7
20.15	-10.093	51.138	126.9
20.16	-10.104	51.128	132.7
20.17	-10.117	50.445	162.4
20.18	-10.129	45.652	194.4
20.19	-10.141	34.252	203.3
20.2	-10.154	19.848	163.7
20.21	-10.166	6.898	83.3
20.22	-10.177	-3.603	27.5
20.23	-10.186	-11.722	-12.6
20.24	-10.196	-17.481	-49.2
20.25	-10.209	-21.133	-71.7
20.26	-10.221	-22.975	-93.8
20.27	-10.231	-23.714	-95.5
20.28	-10.239	-24.472	-93.4
20.29	-10.248	-25.983	-108.5
20.3	-10.254	-28.567	-118.4
20.31	-10.255	-32.155	-112.0
20.32	-10.254	-35.842	-106.6
20.33	-10.253	-38.206	-96.6
20.34	-10.248	-38.378	-72.6
20.35	-10.242	-36.386	-73.1
20.36	-10.234	-32.598	-90.0
20.37	-10.223	-27.441	-80.6
20.38	-10.207	-21.541	-70.7
20.39	-10.186	-15.570	-73.1
20.4	-10.164	-10.044	-77.8
20.41	-10.143	-5.370	-67.6
20.42	-10.119	-1.936	-58.4
20.43	-10.096	0.011	-80.0
20.44	-10.078	0.452	-82.8
20.45	-10.064	-0.505	-55.6
20.46	-10.051	-2.714	-47.0
20.47	-10.036	-5.850	-66.1
20.48	-10.018	-9.517	-76.2
20.49	-9.993	-13.289	-71.9
20.5	-9.965	-16.406	-55.0
20.51	-9.934	-18.806	-12.4
20.52	-9.903	-21.069	-1.8
20.53	-9.872	-23.089	-6.5
20.54	-9.842	-24.636	0.9
20.55	-9.813	-25.641	-25.3
20.56	-9.784	-26.095	-43.6
20.57	-9.756	-26.220	-42.1
20.58	-9.728	-26.084	-66.5
20.59	-9.704	-25.666	-93.0
20.6	-9.684	-25.191	-76.0
20.61	-9.661	-24.748	-42.3
20.62	-9.631	-24.138	8.1
20.63	-9.593	-23.473	161.0
20.64	-9.559	-22.927	430.2
20.65	-9.534	-22.288	525.9
20.66	-9.513	-21.448	280.1
20.67	-9.497	-20.809	16.8
20.68	-9.489	-20.689	-85.7
20.69	-9.482	-20.738	-108.7
20.7	-9.467	-20.641	-69.7
20.71	-9.443	-20.547	-42.2
20.72	-9.418	-20.327	-80.0
20.73	-9.399	-19.506	-90.8
20.74	-9.383	-18.088	-51.1
20.75	-9.364	-16.084	-35.9
20.76	-9.348	-11.972	-62.0
20.77	-9.336	-2.817	-52.0
20.78	-9.325	12.986	2.8
20.79	-9.310	32.120	19.7
20.8	-9.289	45.953	37.7
20.81	-9.264	50.669	67.3
20.82	-9.238	51.125	57.3
20.83	-9.215	51.138	51.5
20.84	-9.194	51.128	106.5
20.85	-9.172	50.513	157.9
20.86	-9.149	45.772	163.6
20.87	-9.124	33.956	151.8
20.88	-9.099	18.734	95.6
20.89	-9.072	4.892	32.8
20.9	-9.044	-6.414	-6.1
20.91	-9.011	-14.802	-58.4
20.92	-8.977	-20.164	-90.4
20.93	-8.942	-23.295	-84.4
20.94	-8.903	-25.161	-96.2
20.95	-8.858	-26.244	-138.0
20.96	-8.810	-27.086	-143.2
20.97	-8.759	-28.594	-120.4
20.98	-8.705	-31.363	-112.7
20.99	-8.649	-35.164	-113.8
21.0	-8.594	-38.983	-128.5
21.01	-8.540	-41.548	-121.7
21.02	-8.488	-42.294	-89.0
21.03	-8.438	-41.184	-88.1
21.04	-8.392	-38.052	-110.3
21.05	-8.347	-33.123	-111.3
21.06	-8.303	-27.253	-81.4
21.07	-8.259	-21.208	-96.1
21.08	-8.217	-15.486	-122.8
21.09	-8.178	-10.478	-77.8
21.1	-8.141	-6.497	-58.7
21.11	-8.104	-3.856	-92.3
21.12	-8.068	-2.900	-96.2
21.13	-8.033	-3.753	-78.3
21.14	-8.001	-5.919	-100.0
21.15	-7.971	-8.786	-107.4
21.16	-7.942	-12.075	-78.1
21.17	-7.913	-15.533	-79.2
21.18	-7.883	-18.753	-90.3
21.19	-7.854	-21.502	-78.3
21.2	-7.828	-23.772	-74.7
21.21	-7.802	-25.473	-75.5
21.22	-7.778	-26.598	-55.2
21.23	-7.756	-27.270	-28.8
21.24	-7.734	-27.570	-3.8
21.25	-7.713	-27.459	1.2
21.26	-7.693	-26.892	-42.3
21.27	-7.673	-26.036	-81.3
21.28	-7.656	-25.106	-81.9
21.29	-7.639	-24.105	-94.6
21.3	-7.625	-23.113	-86.5
21.31	-7.611	-22.383	-69.2
21.32	-7.598	-21.922	-59.7
21.33	-7.581	-21.508	0.9
21.34	-7.565	-21.156	147.3
21.35	-7.553	-21.033	414.4
21.36	-7.543	-21.042	559.9
21.37	-7.535	-21.016	344.1
21.38	-7.527	-20.991	43.8
21.39	-7.521	-21.094	-83.0
21.4	-7.513	-21.366	-94.2
21.41	-7.502	-21.630	-91.4
21.42	-7.491	-21.641	-101.2
21.43	-7.482	-21.144	-66.3
21.44	-7.473	-20.095	-41.5
21.45	-7.463	-18.614	-48.7
21.46	-7.454	-15.752	-44.4
21.47	-7.447	-8.956	-47.1
21.48	-7.440	4.245	-44.1
21.49	-7.433	23.172	-6.9
21.5	-7.427	40.769	41.8
21.51	-7.421	49.448	50.0
21.52	-7.414	51.083	42.2
21.53	-7.407	51.134	75.1
21.54	-7.402	51.133	107.8
21.55	-7.398	51.020	121.7
21.56	-7.395	48.855	155.0
21.57	-7.393	40.613	172.1
21.58	-7.391	26.745	159.3
21.59	-7.389	12.381	124.8
21.6	-7.388	0.450	75.0
21.61	-7.387	-8.630	19.8
21.62	-7.386	-15.050	-54.3
21.63	-7.387	-19.319	-99.8
21.64	-7.390	-22.016	-102.6
21.65	-7.394	-23.627	-111.3
21.66	-7.398	-24.781	-137.5
21.67	-7.398	-26.302	-154.7
21.68	-7.398	-28.819	-147.7
21.69	-7.397	-32.311	-117.2
21.7	-7.397	-36.227	-108.9
21.71	-7.397	-39.766	-117.6
21.72	-7.398	-42.061	-116.4
21.73	-7.398	-42.584	-154.0
21.74	-7.400	-41.234	-154.2
21.75	-7.404	-38.270	-92.0
21.76	-7.409	-34.238	-68.2
21.77	-7.413	-29.658	-80.9
21.78	-7.415	-24.888	-114.6
21.79	-7.416	-20.166	-130.5
21.8	-7.418	-15.795	-106.8
21.81	-7.418	-12.309	-97.5
21.82	-7.419	-10.134	-85.3
21.83	-7.421	-9.102	-83.8
21.84	-7.423	-8.816	-102.7
21.85	-7.426	-9.402	-86.4
21.86	-7.429	-11.147	-78.6
21.87	-7.433	-13.678	-103.9
21.88	-7.436	-16.298	-97.9
21.89	-7.439	-18.739	-72.5
21.9	-7.442	-21.131	-56.3
21.91	-7.445	-23.398	-74.5
21.92	-7.447	-25.141	-116.3
21.93	-7.450	-26.209	-113.5
21.94	-7.453	-26.875	-75.5
21.95	-7.456	-27.306	-59.9
21.96	-7.461	-27.450	-72.6
21.97	-7.465	-27.292	-60.2
21.98	-7.469	-26.934	-46.7
21.99	-7.474	-26.648	-50.1
22.0	-7.479	-26.522	-20.3
22.01	-7.484	-26.170	23.3
22.02	-7.489	-25.450	24.9
22.03	-7.492	-24.800	-15.1
22.04	-7.494	-24.372	-59.8
22.05	-7.494	-23.764	-101.8
22.06	-7.496	-22.833	-110.8
22.07	-7.500	-21.831	-84.8
22.08	-7.506	-20.875	-56.1
22.09	-7.511	-19.984	-22.8
22.1	-7.511	-19.309	78.0
22.11	-7.509	-18.933	332.1
22.12	-7.513	-18.645	607.7
22.13	-7.521	-18.256	544.9
22.14	-7.530	-18.137	192.0
22.15	-7.541	-18.634	-40.7
22.16	-7.553	-19.248	-105.7
22.17	-7.556	-19.366	-95.6
22.18	-7.551	-19.084	-53.8
22.19	-7.543	-19.020	-59.8
22.2	-7.536	-19.281	-93.4
22.21	-7.530	-19.197	-79.8
22.22	-7.528	-17.805	-29.6
22.23	-7.532	-13.564	-14.8
22.24	-7.539	-4.214	-34.3
22.25	-7.546	11.916	-31.2
22.26	-7.553	31.659	7.2
22.27	-7.559	45.883	39.8
22.28	-7.565	50.669	44.2
22.29	-7.572	51.125	75.2
22.3	-7.579	51.138	128.0
22.31	-7.588	51.128	145.4
22.32	-7.599	50.589	172.1
22.33	-7.616	46.158	190.1
22.34	-7.643	34.558	171.4
22.35	-7.684	19.172	132.7
22.36	-7.739	5.325	101.9
22.37	-7.808	-5.561	99.4
22.38	-7.885	-13.734	39.1
22.39	-7.968	-19.377	-49.7
22.4	-8.053	-22.694	-74.4
22.41	-8.137	-24.377	-90.9
22.42	-8.216	-25.381	-131.1
22.43	-8.291	-26.436	-145.8
22.44	-8.361	-28.045	-131.2
22.45	-8.426	-30.622	-123.6
22.46	-8.482	-34.164	-128.6
22.47	-8.535	-37.973	-107.2
22.48	-8.584	-40.892	-97.9
22.49	-8.631	-41.950	-110.6
22.5	-8.678	-41.028	-95.5
22.51	-8.726	-38.714	-91.3
22.52	-8.773	-35.570	-106.1
22.53	-8.821	-31.763	-99.0
22.54	-8.868	-27.388	-75.7
22.55	-8.914	-22.794	-70.3
22.56	-8.957	-18.398	-75.3
22.57	-8.997	-14.552	-93.1
22.58	-9.035	-11.536	-97.1
22.59	-9.071	-9.569	-70.8
22.6	-9.106	-8.900	-61.1
22.61	-9.140	-9.494	-61.5
22.62	-9.176	-10.989	-75.3
22.63	-9.210	-12.958	-78.8
22.64	-9.242	-15.183	-53.9
22.65	-9.275	-17.697	-67.3
22.66	-9.307	-20.230	-88.5
22.67	-9.336	-22.403	-62.9
22.68	-9.366	-24.075	-35.0
22.69	-9.396	-25.445	-33.2
22.7	-9.426	-26.711	-26.4
22.71	-9.454	-27.638	-2.3
22.72	-9.481	-28.113	12.6
22.73	-9.503	-28.453	38.0
22.74	-9.524	-28.695	40.7
22.75	-9.544	-28.523	-1.8
22.76	-9.564	-28.069	-30.7
22.77	-9.586	-27.631	-49.4
22.78	-9.609	-27.027	-57.3
22.79	-9.632	-25.977	-45.7
22.8	-9.652	-24.598	-24.0
22.81	-9.671	-23.261	-3.0
22.82	-9.684	-22.180	66.0
22.83	-9.696	-21.292	279.7
22.84	-9.709	-20.581	544.2
22.85	-9.721	-20.195	516.3
22.86	-9.731	-20.150	197.0
22.87	-9.744	-20.238	-0.8
22.88	-9.758	-20.409	-41.4
22.89	-9.769	-20.844	-62.0
22.9	-9.778	-21.448	-52.6
22.91	-9.786	-21.800	-54.1
22.92	-9.796	-21.653	-35.6
22.93	-9.805	-21.033	-0.6
22.94	-9.811	-19.859	-12.7
22.95	-9.813	-17.628	-14.9
22.96	-9.816	-12.781	4.1
22.97	-9.819	-2.761	12.1
22.98	-9.821	13.503	32.1
22.99	-9.819	32.356	76.0
23.0	-9.813	45.848	105.9
23.01	-9.802	50.609	89.6
23.02	-9.787	51.128	98.3
23.03	-9.769	51.128	158.9
23.04	-9.752	50.625	185.8
23.05	-9.734	46.491	186.7
23.06	-9.717	35.542	197.1
23.07	-9.697	20.456	180.7
23.08	-9.676	5.923	133.6
23.09	-9.652	-6.117	88.5
23.1	-9.627	-15.181	54.9
23.11	-9.606	-21.514	-16.9
23.12	-9.595	-25.484	-76.9
23.13	-9.593	-27.513	-89.8
23.14	-9.592	-28.347	-113.8
23.15	-9.583	-28.742	-105.7
23.16	-9.568	-29.422	-85.1
23.17	-9.550	-31.123	-93.1
23.18	-9.532	-33.981	-100.0
23.19	-9.514	-37.263	-103.0
23.2	-9.496	-39.952	-85.6
23.21	-9.479	-41.238	-85.6
23.22	-9.464	-40.695	-119.7
23.23	-9.449	-38.422	-96.8
23.24	-9.433	-34.808	-61.0
23.25	-9.414	-30.397	-70.8
23.26	-9.396	-25.734	-52.5
23.27	-9.377	-21.109	-53.7
23.28	-9.358	-16.761	-96.4
23.29	-9.338	-13.086	-80.5
23.3	-9.321	-10.478	-64.5
23.31	-9.304	-9.208	-83.7
23.32	-9.289	-9.353	-61.9
23.33	-9.275	-10.661	-40.6
23.34	-9.261	-12.797	-63.2
23.35	-9.248	-15.627	-66.9
23.36	-9.238	-18.870	-56.4
23.37	-9.228	-21.884	-71.3
23.38	-9.219	-24.192	-53.9
23.39	-9.208	-25.850	-3.1
23.4	-9.195	-27.109	24.8
23.41	-9.176	-28.028	5.2
23.42	-9.156	-28.420	-35.2
23.43	-9.133	-28.289	-58.6
23.44	-9.112	-27.980	-62.5
23.45	-9.092	-27.667	-63.9
23.46	-9.074	-27.311	-82.5
23.47	-9.059	-26.925	-84.0
23.48	-9.044	-26.433	-56.6
23.49	-9.020	-25.848	-12.3
23.5	-8.991	-25.364	114.9
23.51	-8.962	-24.927	371.4
23.52	-8.937	-24.316	537.9
23.53	-8.911	-23.658	363.0
23.54	-8.883	-23.252	52.8
23.55	-8.855	-23.033	-93.2
23.56	-8.827	-22.847	-94.6
23.57	-8.794	-22.808	-80.3
23.58	-8.757	-22.875	-79.2
23.59	-8.717	-22.684	-79.0
23.6	-8.676	-22.013	-78.8
23.61	-8.629	-20.948	-53.5
23.62	-8.576	-19.302	-32.4
23.63	-8.519	-15.852	-23.3
23.64	-8.461	-8.375	-23.6
23.65	-8.402	4.600	-37.7
23.66	-8.346	21.864	-20.6
23.67	-8.293	38.541	32.9
23.68	-8.242	48.352	87.1
23.69	-8.193	50.975	88.3
23.7	-8.146	51.045	80.5
23.71	-8.103	49.350	127.7
23.72	-8.062	42.542	169.1
23.73	-8.024	30.434	168.7
23.74	-7.991	16.933	143.8
23.75	-7.961	4.598	120.8
23.76	-7.934	-5.681	67.8
23.77	-7.909	-13.336	-0.8
23.78	-7.887	-18.623	-20.8
23.79	-7.864	-22.220	-43.2
23.8	-7.846	-24.463	-98.9
23.81	-7.830	-25.742	-122.8
23.82	-7.814	-26.692	-107.8
23.83	-7.796	-27.728	-118.3
23.84	-7.781	-29.239	-127.1
23.85	-7.769	-31.661	-107.8
23.86	-7.758	-34.706	-104.3
23.87	-7.744	-37.341	-123.8
23.88	-7.730	-38.744	-143.4
23.89	-7.715	-38.700	-130.7
23.9	-7.703	-37.288	-112.5
23.91	-7.693	-34.606	-124.4
23.92	-7.684	-30.872	-122.5
23.93	-7.676	-26.580	-95.2
23.94	-7.668	-22.413	-92.7
23.95	-7.662	-18.856	-129.1
23.96	-7.656	-16.075	-138.0
23.97	-7.649	-14.020	-91.5
23.98	-7.643	-12.658	-79.5
23.99	-7.636	-12.177	-106.9
24.0	-7.631	-12.744	-125.2
24.01	-7.624	-14.116	-137.6
24.02	-7.619	-15.883	-118.7
24.03	-7.612	-17.833	-79.2
24.04	-7.607	-19.838	-64.0
24.05	-7.603	-21.622	-90.3
24.06	-7.599	-23.013	-114.8
24.07	-7.595	-24.197	-113.2
24.08	-7.591	-25.200	-118.1
24.09	-7.588	-25.719	-117.7
24.1	-7.586	-25.708	-94.3
24.11	-7.584	-25.422	-71.4
24.12	-7.581	-25.039	-61.5
24.13	-7.579	-24.594	-65.4
24.14	-7.577	-24.105	-73.4
24.15	-7.576	-23.631	-57.6
24.16	-7.575	-23.291	1.6
24.17	-7.574	-23.117	35.0
24.18	-7.572	-22.952	-12.2
24.19	-7.570	-22.631	-70.9
24.2	-7.567	-22.184	-87.0
24.21	-7.565	-21.750	-87.6
24.22	-7.564	-21.253	-100.2
24.23	-7.565	-20.591	-99.5
24.24	-7.566	-19.944	-49.5
24.25	-7.564	-19.509	18.2
24.26	-7.560	-19.272	144.2
24.27	-7.558	-19.052	438.6
24.28	-7.560	-18.811	646.3
24.29	-7.563	-18.731	420.2
24.3	-7.567	-18.781	53.0
24.31	-7.572	-18.819	-84.0
24.32	-7.575	-18.961	-94.9
24.33	-7.569	-19.252	-95.7
24.34	-7.561	-19.394	-93.2
24.35	-7.555	-19.152	-72.3
24.36	-7.552	-18.492	-58.8
24.37	-7.549	-17.217	-68.0
24.38	-7.548	-14.492	-51.9
24.39	-7.547	-8.405	-39.0
24.4	-7.546	2.891	-36.0
24.41	-7.546	18.502	-9.6
24.42	-7.546	34.473	20.9
24.43	-7.547	45.797	42.8
24.44	-7.548	50.380	35.3
24.45	-7.548	50.498	54.2
24.46	-7.548	46.694	116.6
24.47	-7.548	37.716	145.4
24.48	-7.549	25.756	153.6
24.49	-7.549	13.948	172.1
24.5	-7.551	3.634	167.4
24.51	-7.553	-4.778	125.6
24.52	-7.556	-11.294	76.9
24.53	-7.559	-16.034	31.7
24.54	-7.561	-19.130	-14.0
24.55	-7.563	-20.858	-67.4
24.56	-7.568	-21.781	-105.9
24.57	-7.576	-22.463	-125.5
24.58	-7.584	-23.084	-158.3
24.59	-7.589	-23.806	-151.1
24.6	-7.592	-25.117	-126.6
24.61	-7.593	-27.238	-144.2
24.62	-7.592	-29.706	-135.8
24.63	-7.589	-31.664	-122.5
24.64	-7.588	-32.456	-119.5
24.65	-7.588	-31.977	-111.5
24.66	-7.591	-30.341	-122.7
24.67	-7.598	-27.697	-123.5
24.68	-7.606	-24.455	-118.4
24.69	-7.613	-21.113	-106.1
24.7	-7.620	-17.964	-96.0
24.71	-7.625	-15.188	-97.1
24.72	-7.629	-12.948	-93.1
24.73	-7.633	-11.336	-100.1
24.74	-7.638	-10.423	-107.7
24.75	-7.643	-10.308	-102.6
24.76	-7.648	-10.914	-103.8
24.77	-7.652	-11.931	-103.0
24.78	-7.658	-13.209	-81.8
24.79	-7.664	-14.823	-78.5
24.8	-7.672	-16.602	-93.3
24.81	-7.682	-18.116	-99.2
24.82	-7.695	-19.292	-93.8
24.83	-7.710	-20.409	-73.9
24.84	-7.728	-21.450	-80.3
24.85	-7.746	-22.103	-92.1
24.86	-7.766	-22.330	-73.3
24.87	-7.788	-22.372	-69.4
24.88	-7.811	-22.353	-77.2
24.89	-7.836	-22.186	-76.2
24.9	-7.864	-21.830	-64.4
24.91	-7.896	-21.383	-34.8
24.92	-7.930	-20.970	-6.3
24.93	-7.968	-20.605	16.4
24.94	-8.008	-20.181	14.0
24.95	-8.046	-19.659	-9.4
24.96	-8.081	-19.089	-49.2
24.97	-8.114	-18.545	-96.5
24.98	-8.148	-18.097	-93.5
24.99	-8.187	-17.692	-83.3
25.0	-8.228	-17.230	-68.5
25.01	-8.269	-16.730	-6.6
25.02	-8.309	-16.359	92.3
25.03	-8.347	-16.211	336.9
25.04	-8.387	-16.134	628.4
25.05	-8.431	-15.994	575.8
25.06	-8.474	-15.942	220.3
25.07	-8.519	-16.230	-37.0
25.08	-8.564	-16.828	-100.9
25.09	-8.604	-17.428	-89.8
25.1	-8.644	-17.738	-70.9
25.11	-8.684	-17.705	-53.7
25.12	-8.728	-17.450	-45.8
25.13	-8.771	-16.911	-50.1
25.14	-8.816	-15.642	-57.3
25.15	-8.861	-12.509	-37.6
25.16	-8.907	-5.609	-5.1
25.17	-8.952	6.095	7.0
25.18	-8.994	20.852	19.8
25.19	-9.035	34.986	37.6
25.2	-9.074	45.156	76.7
25.21	-9.111	49.622	109.0
25.22	-9.146	48.289	111.8
25.23	-9.179	41.745	144.5
25.24	-9.210	31.511	178.8
25.25	-9.240	19.866	186.7
25.26	-9.272	8.595	182.2
25.27	-9.305	-1.092	155.9
25.28	-9.338	-8.750	133.3
25.29	-9.368	-14.458	100.4
25.3	-9.396	-18.184	33.2
25.31	-9.424	-20.111	-36.6
25.32	-9.451	-20.780	-69.3
25.33	-9.478	-20.784	-94.8
25.34	-9.502	-20.686	-126.2
25.35	-9.525	-20.950	-104.6
25.36	-9.549	-21.772	-93.5
25.37	-9.574	-23.152	-104.7
25.38	-9.599	-25.147	-99.8
25.39	-9.621	-27.441	-107.7
25.4	-9.643	-28.980	-107.0
25.41	-9.667	-28.858	-100.0
25.42	-9.694	-27.206	-87.3
25.43	-9.719	-24.713	-83.1
25.44	-9.741	-21.672	-86.1
25.45	-9.762	-18.116	-70.8
25.46	-9.784	-14.488	-57.0
25.47	-9.803	-11.394	-69.7
25.48	-9.819	-8.998	-84.9
25.49	-9.835	-7.156	-64.6
25.5	-9.853	-6.059	-56.3
25.51	-9.873	-6.155	-83.7
25.52	-9.894	-7.263	-83.5
25.53	-9.917	-8.797	-50.8
25.54	-9.939	-10.555	-43.3
25.55	-9.961	-12.439	-64.0
25.56	-9.980	-14.294	-67.9
25.57	-9.998	-16.166	-67.7
25.58	-10.019	-18.061	-77.8
25.59	-10.041	-19.520	-74.9
25.6	-10.064	-20.188	-45.4
25.61	-10.086	-20.328	-20.9
25.62	-10.108	-20.300	-25.7
25.63	-10.127	-20.252	-30.8
25.64	-10.144	-20.164	-17.2
25.65	-10.159	-20.089	19.0
25.66	-10.172	-20.008	32.7
25.67	-10.183	-19.477	6.8
25.68	-10.196	-18.717	-25.1
25.69	-10.210	-18.452	-44.8
25.7	-10.223	-18.280	-69.4
25.71	-10.237	-17.631	-101.1
25.72	-10.251	-16.811	-73.9
25.73	-10.261	-16.102	-15.0
25.74	-10.266	-15.541	42.2
25.75	-10.268	-15.059	164.4
25.76	-10.271	-14.445	387.2
25.77	-10.274	-13.769	518.1
25.78	-10.273	-13.506	310.0
25.79	-10.270	-13.711	2.6
25.8	-10.268	-13.916	-73.5
25.81	-10.264	-14.075	-36.0
25.82	-10.253	-14.439	-40.7
25.83	-10.236	-14.752	-58.2
25.84	-10.219	-14.527	-64.1
25.85	-10.202	-13.838	-42.4
25.86	-10.186	-13.100	-5.0
25.87	-10.170	-12.192	-18.0
25.88	-10.154	-9.753	-34.9
25.89	-10.133	-3.539	-3.1
25.9	-10.106	7.542	26.2
25.91	-10.073	21.942	28.9
25.92	-10.039	36.366	19.9
25.93	-10.005	46.566	46.5
25.94	-9.973	50.542	116.1
25.95	-9.941	50.222	143.5
25.96	-9.906	45.677	115.4
25.97	-9.866	36.087	127.3
25.98	-9.822	24.147	177.1
25.99	-9.781	12.548	174.4
26.0	-9.741	2.314	121.8
26.01	-9.703	-5.808	66.8
26.02	-9.667	-11.655	29.6
26.03	-9.632	-15.766	-8.6
26.04	-9.602	-18.500	-64.6
