Interval=	0.01 s
ExcelDateTime=	3.9777419717507386e+004	25/11/2008 10:04:23.592638
TimeFormat=	StartOfBlock
ChannelTitle=	Channel 1	Channel 2	Channel 3
Range=	20.000 mV	50.000 mV	1000.0 µV
0.0	-8.453	-26.445	-4.1
0.01	-8.446	-26.009	-26.3
0.02	-8.439	-24.956	-47.8
0.03	-8.433	-23.294	-42.0
0.04	-8.427	-20.966	-34.9
0.05	-8.424	-16.423	-31.1
0.06	-8.424	-5.794	2.2
0.07	-8.425	14.097	38.6
0.08	-8.426	36.381	32.4
0.09	-8.426	48.614	21.5
0.1	-8.424	51.052	60.5
0.11	-8.422	51.131	119.4
0.12	-8.419	51.139	149.1
0.13	-8.416	51.139	167.4
0.14	-8.413	51.139	191.6
0.15	-8.411	51.125	195.7
0.16	-8.410	50.473	156.7
0.17	-8.410	44.730	83.9
0.18	-8.410	29.286	24.7
0.19	-8.411	8.783	-24.7
0.2	-8.412	-9.227	-78.5
0.21	-8.413	-22.530	-121.8
0.22	-8.416	-31.008	-122.5
0.23	-8.418	-35.295	-107.3
0.24	-8.419	-36.908	-133.5
0.25	-8.421	-37.238	-148.3
0.26	-8.422	-37.356	-159.3
0.27	-8.422	-38.263	-173.3
0.28	-8.422	-40.923	-147.3
0.29	-8.421	-45.406	-120.0
0.3	-8.421	-49.389	-130.2
0.31	-8.420	-50.953	-140.8
0.32	-8.419	-51.092	-115.0
0.33	-8.419	-50.298	-99.8
0.34	-8.419	-47.127	-115.2
0.35	-8.418	-41.159	-137.4
0.36	-8.416	-33.570	-146.9
0.37	-8.414	-25.456	-119.9
0.38	-8.412	-17.594	-101.6
0.39	-8.411	-10.509	-116.2
0.4	-8.408	-4.861	-106.7
0.41	-8.404	-1.361	-90.7
0.42	-8.399	-0.277	-92.8
0.43	-8.395	-1.639	-91.2
0.44	-8.392	-4.742	-97.4
0.45	-8.389	-8.775	-103.8
0.46	-8.389	-13.389	-100.1
0.47	-8.389	-18.206	-94.8
0.48	-8.389	-22.678	-100.7
0.49	-8.391	-26.609	-106.4
0.5	-8.392	-30.347	-92.4
0.51	-8.393	-33.528	-72.7
0.52	-8.394	-35.752	-74.8
0.53	-8.395	-36.848	-79.7
0.54	-8.396	-37.197	-69.2
0.55	-8.398	-37.775	-81.2
0.56	-8.400	-38.303	-68.6
0.57	-8.402	-38.263	-33.6
0.58	-8.403	-37.967	-10.3
0.59	-8.404	-37.470	23.3
0.6	-8.402	-36.717	10.3
0.61	-8.401	-35.792	-43.2
0.62	-8.399	-34.533	-79.8
0.63	-8.399	-33.083	-94.0
0.64	-8.400	-31.773	-104.7
0.65	-8.399	-30.522	-105.9
0.66	-8.397	-29.203	-58.1
0.67	-8.392	-27.763	39.5
0.68	-8.386	-26.281	241.2
0.69	-8.385	-24.950	542.7
0.7	-8.386	-23.805	568.6
0.71	-8.386	-22.895	261.7
0.72	-8.384	-22.391	24.8
0.73	-8.383	-22.394	-68.3
0.74	-8.381	-22.933	-93.4
0.75	-8.379	-23.836	-90.3
0.76	-8.377	-24.663	-91.0
0.77	-8.375	-25.175	-76.9
0.78	-8.373	-25.169	-62.7
0.79	-8.371	-23.988	-24.5
0.8	-8.371	-21.186	1.0
0.81	-8.373	-15.253	-5.3
0.82	-8.374	-1.886	-10.1
0.83	-8.373	20.428	-25.8
0.84	-8.372	41.170	13.3
0.85	-8.369	49.978	83.8
0.86	-8.366	51.114	104.0
0.87	-8.363	51.138	126.8
0.88	-8.360	51.139	157.4
0.89	-8.357	51.139	178.0
0.9	-8.355	51.134	182.2
0.91	-8.354	51.109	170.0
0.92	-8.353	49.808	175.0
0.93	-8.353	41.634	158.5
0.94	-8.353	23.834	100.0
0.95	-8.353	3.581	12.0
0.96	-8.353	-12.522	-83.1
0.97	-8.354	-23.905	-108.9
0.98	-8.358	-31.242	-97.7
0.99	-8.363	-35.084	-134.5
1.0	-8.366	-36.255	-172.1
1.01	-8.369	-36.039	-151.2
1.02	-8.376	-36.045	-112.5
1.03	-8.387	-37.655	-102.3
1.04	-8.399	-41.297	-147.5
1.05	-8.412	-46.075	-181.8
1.06	-8.426	-49.705	-144.1
1.07	-8.441	-50.998	-104.9
1.08	-8.455	-51.047	-103.5
1.09	-8.469	-50.044	-114.0
1.1	-8.481	-46.770	-120.9
1.11	-8.494	-41.295	-103.8
1.12	-8.506	-34.716	-85.3
1.13	-8.518	-27.802	-104.0
1.14	-8.529	-21.150	-115.6
1.15	-8.539	-15.295	-98.1
1.16	-8.549	-10.805	-102.0
1.17	-8.556	-8.066	-111.9
1.18	-8.563	-7.106	-91.2
1.19	-8.569	-7.881	-77.5
1.2	-8.574	-10.231	-77.4
1.21	-8.579	-13.742	-82.2
1.22	-8.583	-17.886	-97.7
1.23	-8.588	-22.122	-98.3
1.24	-8.594	-26.108	-69.0
1.25	-8.603	-29.678	-55.4
1.26	-8.613	-32.661	-61.4
1.27	-8.621	-35.087	-43.6
1.28	-8.629	-37.098	-27.1
1.29	-8.636	-38.594	-8.9
1.3	-8.641	-39.480	-0.4
1.31	-8.646	-39.900	-6.8
1.32	-8.649	-39.897	-11.7
1.33	-8.651	-39.442	-52.7
1.34	-8.651	-38.655	-73.6
1.35	-8.652	-37.573	-60.6
1.36	-8.653	-36.066	-73.1
1.37	-8.656	-34.197	-69.8
1.38	-8.658	-32.256	-29.5
1.39	-8.654	-30.363	67.4
1.4	-8.649	-28.475	297.6
1.41	-8.644	-26.633	576.8
1.42	-8.637	-24.933	536.6
1.43	-8.624	-23.486	200.8
1.44	-8.609	-22.481	-26.9
1.45	-8.596	-22.042	-88.5
1.46	-8.586	-22.030	-76.2
1.47	-8.578	-22.163	-56.6
1.48	-8.569	-22.195	-47.2
1.49	-8.561	-21.844	-28.3
1.5	-8.553	-20.870	-23.2
1.51	-8.545	-19.430	-27.7
1.52	-8.540	-17.530	-11.8
1.53	-8.538	-13.661	10.3
1.54	-8.539	-4.166	20.8
1.55	-8.540	14.286	50.2
1.56	-8.541	35.833	60.7
1.57	-8.539	48.311	61.3
1.58	-8.536	51.030	105.7
1.59	-8.530	51.133	159.7
1.6	-8.524	51.139	190.5
1.61	-8.519	51.139	204.3
1.62	-8.514	51.138	223.3
1.63	-8.512	51.122	226.3
1.64	-8.511	50.167	182.0
1.65	-8.510	43.066	122.9
1.66	-8.509	25.891	58.7
1.67	-8.509	4.667	-1.8
1.68	-8.507	-13.195	-52.2
1.69	-8.506	-26.028	-90.2
1.7	-8.509	-34.170	-108.5
1.71	-8.511	-38.397	-122.7
1.72	-8.512	-39.789	-135.1
1.73	-8.514	-39.656	-152.7
1.74	-8.517	-39.472	-151.0
1.75	-8.519	-40.675	-124.0
1.76	-8.519	-43.861	-108.2
1.77	-8.518	-47.853	-107.0
1.78	-8.516	-50.423	-122.3
1.79	-8.516	-51.100	-118.2
1.8	-8.516	-50.845	-108.4
1.81	-8.518	-48.878	-114.3
1.82	-8.519	-43.988	-115.2
1.83	-8.519	-36.977	-103.7
1.84	-8.519	-29.106	-72.2
1.85	-8.518	-21.072	-92.5
1.86	-8.517	-13.588	-120.4
1.87	-8.516	-7.255	-86.4
1.88	-8.514	-2.581	-75.3
1.89	-8.513	-0.086	-90.2
1.9	-8.511	-0.044	-90.9
1.91	-8.510	-2.244	-78.5
1.92	-8.510	-6.163	-80.1
1.93	-8.512	-11.167	-102.7
1.94	-8.516	-16.594	-96.9
1.95	-8.520	-21.866	-82.4
1.96	-8.525	-26.477	-75.3
1.97	-8.531	-30.200	-54.1
1.98	-8.536	-33.222	-48.8
1.99	-8.541	-35.641	-29.7
2.0	-8.544	-37.300	-6.5
2.01	-8.547	-38.223	-8.3
2.02	-8.548	-38.670	-29.0
2.03	-8.549	-38.823	-59.6
2.04	-8.553	-38.627	-66.5
2.05	-8.559	-37.989	-85.8
2.06	-8.569	-37.017	-112.0
2.07	-8.583	-35.806	-85.3
2.08	-8.602	-34.388	-47.9
2.09	-8.622	-32.925	0.1
2.1	-8.641	-31.534	206.8
2.11	-8.658	-30.222	522.4
2.12	-8.671	-29.150	572.0
2.13	-8.683	-28.381	254.9
2.14	-8.699	-27.741	-22.8
2.15	-8.717	-27.159	-87.6
2.16	-8.732	-26.891	-81.3
2.17	-8.746	-27.252	-72.3
2.18	-8.754	-28.094	-65.6
2.19	-8.756	-28.848	-64.2
2.2	-8.756	-29.123	-66.5
2.21	-8.754	-28.813	-28.6
2.22	-8.753	-27.808	11.3
2.23	-8.753	-25.017	-6.2
2.24	-8.756	-17.019	-19.0
2.25	-8.759	0.552	16.9
2.26	-8.763	25.339	49.8
2.27	-8.768	44.278	81.1
2.28	-8.771	50.592	121.8
2.29	-8.773	51.114	146.2
2.3	-8.771	51.139	166.1
2.31	-8.768	51.139	192.3
2.32	-8.765	51.139	195.8
2.33	-8.766	51.131	194.3
2.34	-8.768	50.977	171.1
2.35	-8.772	47.867	137.6
2.36	-8.777	35.863	112.3
2.37	-8.781	16.098	37.4
2.38	-8.783	-3.022	-44.7
2.39	-8.783	-17.472	-99.1
2.4	-8.785	-27.411	-106.7
2.41	-8.788	-33.289	-83.3
2.42	-8.789	-36.081	-95.2
2.43	-8.790	-37.122	-99.7
2.44	-8.791	-37.881	-84.0
2.45	-8.789	-39.942	-95.8
2.46	-8.786	-43.823	-117.4
2.47	-8.784	-48.067	-122.5
2.48	-8.783	-50.533	-96.5
2.49	-8.783	-51.114	-69.4
2.5	-8.783	-51.134	-63.7
2.51	-8.784	-50.859	-69.2
2.52	-8.786	-48.747	-79.0
2.53	-8.788	-42.945	-79.7
2.54	-8.788	-34.041	-75.5
2.55	-8.785	-24.202	-58.3
2.56	-8.779	-14.802	-57.5
2.57	-8.772	-6.723	-78.3
2.58	-8.763	-0.905	-72.3
2.59	-8.754	2.634	-54.5
2.6	-8.743	4.209	-47.1
2.61	-8.731	3.491	-48.3
2.62	-8.719	0.625	-67.1
2.63	-8.707	-3.406	-71.7
2.64	-8.696	-7.631	-62.3
2.65	-8.686	-12.128	-44.2
2.66	-8.676	-17.395	-28.5
2.67	-8.669	-22.773	-43.6
2.68	-8.663	-27.284	-18.9
2.69	-8.658	-30.561	14.8
2.7	-8.651	-32.625	6.6
2.71	-8.644	-33.836	10.7
2.72	-8.637	-34.642	-11.0
2.73	-8.628	-35.064	-52.6
2.74	-8.619	-34.914	-56.4
2.75	-8.609	-34.309	-50.8
2.76	-8.601	-33.455	-52.2
2.77	-8.596	-32.345	-43.5
2.78	-8.591	-31.073	-32.2
2.79	-8.584	-29.930	-2.3
2.8	-8.574	-28.964	166.3
2.81	-8.569	-28.070	432.8
2.82	-8.566	-27.280	489.2
2.83	-8.560	-26.678	251.5
2.84	-8.554	-26.330	11.5
2.85	-8.547	-26.158	-50.9
2.86	-8.543	-26.041	-58.0
2.87	-8.537	-26.095	-72.3
2.88	-8.528	-26.280	-54.3
2.89	-8.518	-25.941	-53.6
2.9	-8.506	-24.530	-74.8
2.91	-8.495	-22.378	-55.2
2.92	-8.486	-20.009	-29.4
2.93	-8.480	-16.253	-18.1
2.94	-8.476	-7.411	0.9
2.95	-8.473	10.350	28.5
2.96	-8.469	32.727	63.5
2.97	-8.466	47.213	49.7
2.98	-8.462	50.950	20.8
2.99	-8.458	51.128	70.3
3.0	-8.454	51.139	145.5
3.01	-8.449	51.139	175.4
3.02	-8.444	51.139	163.9
3.03	-8.438	51.122	166.0
3.04	-8.431	50.702	180.3
3.05	-8.423	46.002	129.5
3.06	-8.416	31.988	42.0
3.07	-8.409	12.603	-25.5
3.08	-8.402	-4.108	-81.8
3.09	-8.396	-15.748	-108.4
3.1	-8.392	-22.947	-132.1
3.11	-8.390	-26.811	-134.9
3.12	-8.389	-28.622	-116.7
3.13	-8.388	-29.706	-126.0
3.14	-8.389	-31.308	-126.0
3.15	-8.393	-34.336	-130.0
3.16	-8.396	-39.202	-145.7
3.17	-8.399	-45.097	-151.1
3.18	-8.401	-49.464	-141.1
3.19	-8.403	-50.986	-117.1
3.2	-8.405	-51.134	-104.3
3.21	-8.407	-51.094	-108.2
3.22	-8.409	-50.180	-108.2
3.23	-8.411	-46.452	-118.1
3.24	-8.412	-39.516	-129.9
3.25	-8.414	-31.128	-124.6
3.26	-8.412	-22.786	-105.6
3.27	-8.411	-15.391	-89.4
3.28	-8.408	-9.509	-97.6
3.29	-8.406	-5.645	-111.9
3.3	-8.404	-4.205	-108.6
3.31	-8.402	-4.952	-79.7
3.32	-8.401	-7.270	-80.8
3.33	-8.399	-10.816	-98.3
3.34	-8.399	-15.442	-90.5
3.35	-8.399	-20.531	-92.7
3.36	-8.402	-25.097	-124.3
3.37	-8.404	-28.803	-123.4
3.38	-8.408	-31.861	-59.5
3.39	-8.411	-34.456	-25.6
3.4	-8.413	-36.664	-51.1
3.41	-8.416	-38.022	-77.5
3.42	-8.417	-38.348	-42.9
3.43	-8.418	-38.441	8.6
3.44	-8.419	-38.672	24.6
3.45	-8.418	-38.617	-43.7
3.46	-8.418	-37.858	-144.9
3.47	-8.416	-36.430	-110.0
3.48	-8.415	-34.878	-48.2
3.49	-8.414	-33.572	-69.2
3.5	-8.414	-32.386	-91.7
3.51	-8.412	-31.322	-55.8
3.52	-8.408	-30.605	92.0
3.53	-8.406	-30.022	394.3
3.54	-8.410	-29.094	594.8
3.55	-8.414	-27.914	404.6
3.56	-8.416	-26.842	83.6
3.57	-8.419	-25.966	-50.4
3.58	-8.423	-25.539	-77.0
3.59	-8.426	-25.728	-95.1
3.6	-8.428	-26.186	-84.0
3.61	-8.427	-26.392	-68.8
3.62	-8.424	-25.984	-67.3
3.63	-8.422	-24.877	-53.3
3.64	-8.419	-22.906	-49.8
3.65	-8.419	-19.155	-37.8
3.66	-8.422	-10.452	-4.3
3.67	-8.426	7.675	11.3
3.68	-8.432	31.270	8.5
3.69	-8.439	46.845	28.2
3.7	-8.446	50.928	80.9
3.71	-8.451	51.128	113.7
3.72	-8.455	51.139	128.6
3.73	-8.458	51.139	161.7
3.74	-8.461	51.139	185.1
3.75	-8.464	51.127	179.8
3.76	-8.466	50.889	159.3
3.77	-8.469	47.203	124.3
3.78	-8.471	34.673	99.8
3.79	-8.474	15.780	56.7
3.8	-8.476	-1.595	-26.6
3.81	-8.476	-14.367	-109.2
3.82	-8.474	-22.655	-148.0
3.83	-8.472	-27.356	-128.8
3.84	-8.469	-29.966	-120.8
3.85	-8.464	-31.764	-140.6
3.86	-8.459	-33.641	-141.1
3.87	-8.453	-36.423	-129.0
3.88	-8.448	-40.834	-130.9
3.89	-8.444	-46.195	-131.5
3.9	-8.441	-49.927	-136.0
3.91	-8.439	-51.058	-160.0
3.92	-8.441	-51.136	-138.4
3.93	-8.445	-51.111	-102.1
3.94	-8.446	-50.375	-103.0
3.95	-8.446	-46.931	-96.8
3.96	-8.447	-40.091	-89.6
3.97	-8.449	-31.431	-86.6
3.98	-8.451	-22.483	-97.6
3.99	-8.452	-14.659	-108.9
4.0	-8.452	-8.828	-109.0
4.01	-8.453	-5.300	-133.2
4.02	-8.453	-4.122	-116.3
4.03	-8.451	-4.694	-62.3
4.04	-8.451	-6.702	-56.8
4.05	-8.451	-10.086	-72.4
4.06	-8.453	-14.500	-88.3
4.07	-8.456	-19.481	-105.3
4.08	-8.459	-24.119	-110.2
4.09	-8.463	-27.463	-99.4
4.1	-8.465	-29.914	-81.8
4.11	-8.468	-32.200	-64.8
4.12	-8.471	-33.964	-67.8
4.13	-8.474	-34.969	-81.9
4.14	-8.476	-35.819	-77.6
4.15	-8.478	-36.805	-60.9
4.16	-8.478	-37.203	-53.2
4.17	-8.478	-36.881	-52.3
4.18	-8.476	-36.462	-21.0
4.19	-8.475	-35.984	21.2
4.2	-8.473	-35.388	12.8
4.21	-8.470	-34.700	-47.6
4.22	-8.467	-33.936	-85.4
4.23	-8.464	-33.228	-68.1
4.24	-8.463	-32.347	-85.8
4.25	-8.461	-31.138	-124.0
4.26	-8.460	-29.878	-89.0
4.27	-8.457	-28.597	-17.1
4.28	-8.453	-27.261	91.6
4.29	-8.449	-25.980	346.6
4.3	-8.451	-24.813	617.1
4.31	-8.454	-23.931	515.8
4.32	-8.455	-23.477	146.8
4.33	-8.456	-23.391	-62.2
4.34	-8.457	-23.517	-111.5
4.35	-8.458	-23.833	-95.9
4.36	-8.459	-24.334	-60.6
4.37	-8.458	-24.784	-47.1
4.38	-8.457	-24.827	-53.3
4.39	-8.455	-24.097	-66.6
4.4	-8.453	-22.352	-48.6
4.41	-8.451	-18.663	-30.8
4.42	-8.449	-9.575	-22.2
4.43	-8.447	9.166	9.6
4.44	-8.446	32.633	28.2
4.45	-8.443	47.364	25.1
4.46	-8.440	50.970	65.1
4.47	-8.437	51.130	126.4
4.48	-8.434	51.139	137.5
4.49	-8.434	51.139	133.7
4.5	-8.434	51.139	166.7
4.51	-8.436	51.123	199.2
4.52	-8.438	50.738	202.3
4.53	-8.439	46.394	169.9
4.54	-8.443	33.286	101.4
4.55	-8.446	14.847	46.6
4.56	-8.451	-1.406	-9.2
4.57	-8.455	-13.145	-84.1
4.58	-8.459	-21.008	-133.7
4.59	-8.465	-25.884	-145.5
4.6	-8.469	-28.666	-141.7
4.61	-8.471	-30.447	-140.3
4.62	-8.472	-32.492	-133.3
4.63	-8.474	-35.930	-124.9
4.64	-8.476	-41.145	-129.8
4.65	-8.475	-46.753	-146.8
4.66	-8.473	-50.192	-145.5
4.67	-8.470	-51.094	-129.3
4.68	-8.469	-51.136	-111.2
4.69	-8.470	-51.088	-107.6
4.7	-8.473	-50.097	-115.5
4.71	-8.477	-46.148	-107.4
4.72	-8.481	-38.955	-104.1
4.73	-8.486	-30.500	-103.9
4.74	-8.492	-22.358	-95.0
4.75	-8.498	-15.305	-93.5
4.76	-8.505	-9.853	-103.8
4.77	-8.512	-6.356	-100.9
4.78	-8.518	-4.877	-89.4
4.79	-8.525	-5.206	-87.5
4.8	-8.531	-7.183	-90.4
4.81	-8.538	-10.605	-93.0
4.82	-8.545	-15.039	-80.6
4.83	-8.553	-19.802	-84.6
4.84	-8.561	-24.247	-98.1
4.85	-8.569	-28.097	-87.3
4.86	-8.577	-31.309	-64.8
4.87	-8.584	-33.897	-49.5
4.88	-8.591	-35.844	-78.7
4.89	-8.599	-37.111	-94.7
4.9	-8.606	-37.791	-47.2
4.91	-8.613	-38.064	-3.4
4.92	-8.619	-37.931	12.3
4.93	-8.626	-37.344	14.6
4.94	-8.634	-36.623	3.5
4.95	-8.643	-36.042	-5.2
4.96	-8.651	-35.411	-40.4
4.97	-8.661	-34.550	-84.7
4.98	-8.672	-33.542	-83.1
4.99	-8.686	-32.472	-73.0
5.0	-8.698	-31.380	-66.8
5.01	-8.708	-30.367	-29.6
5.02	-8.715	-29.438	64.5
5.03	-8.720	-28.491	294.3
5.04	-8.728	-27.753	589.2
5.05	-8.736	-27.663	580.7
5.06	-8.740	-27.459	236.7
5.07	-8.743	-26.627	-12.8
5.08	-8.746	-26.608	-61.8
5.09	-8.748	-27.397	-64.3
5.1	-8.750	-27.834	-67.6
5.11	-8.749	-28.277	-43.2
5.12	-8.744	-28.452	-7.9
5.13	-8.739	-27.523	-19.6
5.14	-8.734	-25.830	-27.5
5.15	-8.731	-23.539	-3.4
5.16	-8.729	-19.163	14.4
5.17	-8.729	-8.714	15.2
5.18	-8.728	11.642	25.3
5.19	-8.726	35.094	70.9
5.2	-8.723	48.291	114.6
5.21	-8.715	51.034	135.3
5.22	-8.705	51.131	131.8
5.23	-8.692	51.139	152.1
5.24	-8.679	51.139	220.4
5.25	-8.666	51.139	245.7
5.26	-8.654	51.122	234.0
5.27	-8.643	50.695	208.3
5.28	-8.633	45.925	150.9
5.29	-8.623	31.700	81.1
5.3	-8.614	11.928	-2.1
5.31	-8.604	-5.317	-38.0
5.32	-8.596	-17.575	-42.6
5.33	-8.592	-25.372	-94.8
5.34	-8.592	-29.625	-130.7
5.35	-8.592	-31.495	-123.5
5.36	-8.591	-32.314	-118.3
5.37	-8.589	-33.475	-107.1
5.38	-8.588	-36.319	-116.9
5.39	-8.586	-41.445	-135.7
5.4	-8.582	-47.105	-120.0
5.41	-8.580	-50.359	-108.0
5.42	-8.579	-51.108	-109.6
5.43	-8.580	-51.134	-102.1
5.44	-8.582	-50.955	-101.5
5.45	-8.586	-49.138	-107.1
5.46	-8.591	-43.586	-96.7
5.47	-8.596	-34.817	-96.5
5.48	-8.600	-25.159	-104.8
5.49	-8.603	-16.053	-81.0
5.5	-8.605	-8.370	-70.2
5.51	-8.607	-2.866	-97.6
5.52	-8.610	0.025	-106.4
5.53	-8.613	0.234	-94.5
5.54	-8.617	-1.939	-98.2
5.55	-8.622	-5.920	-84.7
5.56	-8.627	-10.981	-80.5
5.57	-8.633	-16.358	-99.2
5.58	-8.638	-21.606	-77.6
5.59	-8.641	-26.669	-51.4
5.6	-8.644	-31.659	-64.0
5.61	-8.647	-35.906	-62.3
5.62	-8.649	-38.152	-20.6
5.63	-8.649	-39.230	13.4
5.64	-8.649	-40.303	10.2
5.65	-8.648	-40.669	-29.1
5.66	-8.646	-40.325	-65.3
5.67	-8.643	-39.809	-76.3
5.68	-8.643	-38.825	-78.6
5.69	-8.644	-37.283	-73.5
5.7	-8.651	-35.445	-69.1
5.71	-8.660	-33.466	-53.5
5.72	-8.666	-31.556	17.9
5.73	-8.669	-29.770	224.4
5.74	-8.674	-28.222	503.6
5.75	-8.681	-26.955	521.5
5.76	-8.689	-25.909	214.7
5.77	-8.697	-25.272	-31.6
5.78	-8.706	-25.164	-67.0
5.79	-8.716	-25.484	-46.3
5.8	-8.726	-26.205	-58.5
5.81	-8.734	-26.628	-71.5
5.82	-8.743	-26.280	-61.5
5.83	-8.751	-25.442	-21.5
5.84	-8.756	-24.367	6.8
5.85	-8.760	-23.322	-6.5
5.86	-8.763	-20.881	-16.2
5.87	-8.766	-13.138	-2.0
5.88	-8.770	3.955	30.2
5.89	-8.773	27.609	59.4
5.9	-8.776	45.147	87.6
5.91	-8.779	50.709	120.5
5.92	-8.782	51.117	159.8
5.93	-8.782	51.139	162.3
5.94	-8.781	51.139	164.0
5.95	-8.779	51.139	207.9
5.96	-8.778	51.125	223.0
5.97	-8.776	50.842	193.4
5.98	-8.774	46.947	138.4
5.99	-8.771	34.256	70.8
6.0	-8.769	15.445	10.3
6.01	-8.766	-1.823	-33.8
6.02	-8.762	-14.569	-71.2
6.03	-8.759	-23.155	-94.8
6.04	-8.759	-28.444	-108.8
6.05	-8.758	-31.289	-105.9
6.06	-8.757	-33.198	-82.2
6.07	-8.754	-35.764	-78.8
6.08	-8.747	-39.578	-110.3
6.09	-8.735	-44.691	-126.8
6.1	-8.721	-49.145	-91.4
6.11	-8.707	-50.931	-67.8
6.12	-8.694	-51.136	-96.1
6.13	-8.684	-51.134	-97.5
6.14	-8.676	-50.977	-70.3
6.15	-8.668	-49.042	-79.4
6.16	-8.659	-42.728	-81.5
6.17	-8.650	-32.709	-68.8
6.18	-8.638	-21.950	-61.3
6.19	-8.624	-12.056	-57.0
6.2	-8.609	-3.847	-74.8
6.21	-8.594	2.080	-83.3
6.22	-8.580	5.352	-64.7
6.23	-8.568	5.819	-64.1
6.24	-8.556	3.613	-68.5
6.25	-8.547	-0.916	-62.1
6.26	-8.540	-7.023	-72.5
6.27	-8.535	-13.747	-82.5
6.28	-8.530	-20.320	-73.7
6.29	-8.526	-26.216	-52.0
6.3	-8.521	-31.222	-39.8
6.31	-8.518	-35.194	-52.9
6.32	-8.516	-38.019	-68.0
6.33	-8.513	-39.816	-54.2
6.34	-8.511	-40.667	-21.5
6.35	-8.508	-40.772	-1.7
6.36	-8.506	-40.434	18.9
6.37	-8.503	-39.839	17.8
6.38	-8.501	-39.230	-26.6
6.39	-8.497	-38.600	-76.5
6.4	-8.492	-37.561	-99.1
6.41	-8.489	-35.973	-82.8
6.42	-8.488	-34.042	-51.3
6.43	-8.489	-32.056	-25.7
6.44	-8.488	-30.308	-11.7
6.45	-8.484	-28.769	49.8
6.46	-8.480	-27.264	273.6
6.47	-8.479	-25.983	543.7
6.48	-8.477	-25.163	470.7
6.49	-8.473	-24.689	111.0
6.5	-8.469	-24.245	-66.6
6.51	-8.468	-23.733	-58.3
6.52	-8.469	-23.581	-64.9
6.53	-8.467	-24.130	-62.5
6.54	-8.463	-24.744	-49.4
6.55	-8.456	-24.372	-54.5
6.56	-8.449	-22.895	-62.3
6.57	-8.442	-20.970	-53.3
6.58	-8.437	-18.266	-27.8
6.59	-8.435	-11.980	-20.1
6.6	-8.434	2.558	-2.4
6.61	-8.433	25.072	25.2
6.62	-8.431	43.723	44.7
6.63	-8.426	50.464	74.8
6.64	-8.421	51.116	90.8
6.65	-8.413	51.139	99.6
6.66	-8.405	51.139	120.5
6.67	-8.399	51.139	143.7
6.68	-8.393	51.134	162.1
6.69	-8.385	51.072	177.4
6.7	-8.377	49.275	165.9
6.71	-8.369	40.238	111.1
6.72	-8.359	22.977	15.5
6.73	-8.351	5.250	-59.3
6.74	-8.344	-7.750	-85.3
6.75	-8.339	-16.283	-84.3
6.76	-8.336	-21.353	-108.0
6.77	-8.334	-23.914	-146.6
6.78	-8.332	-25.463	-140.4
6.79	-8.332	-27.544	-135.3
6.8	-8.334	-30.848	-146.1
6.81	-8.338	-35.648	-155.5
6.82	-8.340	-41.938	-129.4
6.83	-8.343	-47.783	-101.1
6.84	-8.346	-50.634	-115.6
6.85	-8.348	-51.127	-135.3
6.86	-8.350	-51.136	-138.5
6.87	-8.350	-51.069	-131.4
6.88	-8.350	-49.939	-114.8
6.89	-8.351	-45.773	-92.4
6.9	-8.351	-38.588	-107.6
6.91	-8.351	-30.400	-128.7
6.92	-8.350	-22.631	-116.2
6.93	-8.347	-15.970	-107.6
6.94	-8.344	-10.961	-99.4
6.95	-8.341	-8.136	-91.7
6.96	-8.338	-7.583	-98.8
6.97	-8.335	-8.917	-108.4
6.98	-8.333	-11.750	-108.3
6.99	-8.332	-15.702	-100.4
7.0	-8.334	-20.252	-92.7
7.01	-8.337	-24.780	-94.3
7.02	-8.341	-28.956	-102.7
7.03	-8.346	-32.698	-87.7
7.04	-8.352	-35.698	-80.0
7.05	-8.357	-37.797	-89.9
7.06	-8.362	-39.267	-98.8
7.07	-8.366	-40.316	-93.0
7.08	-8.369	-40.966	-77.5
7.09	-8.371	-41.239	-78.0
7.1	-8.372	-41.045	-77.1
7.11	-8.371	-40.344	-68.4
7.12	-8.371	-39.428	-60.2
7.13	-8.371	-38.691	-56.2
7.14	-8.371	-38.084	-59.2
7.15	-8.371	-37.403	-35.3
7.16	-8.372	-36.531	11.8
7.17	-8.373	-35.270	32.0
7.18	-8.373	-33.891	-2.6
7.19	-8.373	-32.647	-68.0
7.2	-8.373	-31.247	-79.0
7.21	-8.374	-29.730	-81.3
7.22	-8.376	-28.358	-91.0
7.23	-8.378	-27.109	-62.7
7.24	-8.379	-25.948	-33.2
7.25	-8.377	-24.806	45.8
7.26	-8.376	-23.677	269.5
7.27	-8.380	-22.909	581.1
7.28	-8.386	-22.516	602.7
7.29	-8.389	-22.242	235.1
7.3	-8.393	-22.409	-50.2
7.31	-8.398	-23.198	-84.8
7.32	-8.401	-24.175	-64.6
7.33	-8.401	-25.130	-77.0
7.34	-8.397	-26.152	-77.7
7.35	-8.390	-26.936	-51.8
7.36	-8.383	-26.872	-59.1
7.37	-8.377	-25.811	-74.7
7.38	-8.373	-23.298	-47.1
7.39	-8.371	-16.213	-7.9
7.4	-8.372	0.797	10.7
7.41	-8.372	25.925	31.6
7.42	-8.373	44.859	50.3
7.43	-8.373	50.730	52.3
7.44	-8.373	51.119	63.0
7.45	-8.371	51.139	91.9
7.46	-8.368	51.139	144.7
7.47	-8.366	51.139	188.9
7.48	-8.364	51.136	208.4
7.49	-8.364	51.113	207.1
7.5	-8.366	49.841	162.7
7.51	-8.371	41.675	120.8
7.52	-8.377	23.822	65.8
7.53	-8.381	3.656	-10.8
7.54	-8.383	-12.105	-65.4
7.55	-8.386	-22.663	-93.0
7.56	-8.393	-28.450	-98.4
7.57	-8.401	-30.875	-112.2
7.58	-8.408	-31.805	-117.8
7.59	-8.416	-32.272	-124.5
7.6	-8.426	-33.361	-150.7
7.61	-8.437	-36.305	-142.6
7.62	-8.447	-41.172	-121.2
7.63	-8.454	-46.555	-119.4
7.64	-8.458	-50.066	-126.9
7.65	-8.463	-51.077	-130.4
7.66	-8.467	-51.134	-125.7
7.67	-8.472	-50.939	-107.5
7.68	-8.475	-49.208	-82.8
7.69	-8.478	-44.097	-91.9
7.7	-8.479	-36.197	-115.5
7.71	-8.482	-27.631	-108.8
7.72	-8.486	-19.619	-90.3
7.73	-8.489	-12.917	-89.9
7.74	-8.492	-7.966	-98.6
7.75	-8.494	-4.895	-88.8
7.76	-8.495	-3.819	-80.4
7.77	-8.495	-4.647	-90.4
7.78	-8.496	-7.263	-105.8
7.79	-8.495	-11.473	-102.5
7.8	-8.494	-16.664	-85.7
7.81	-8.492	-22.138	-83.8
7.82	-8.490	-27.356	-89.9
7.83	-8.486	-31.748	-97.5
7.84	-8.482	-34.995	-87.4
7.85	-8.479	-37.230	-76.5
7.86	-8.477	-38.700	-94.4
7.87	-8.474	-39.578	-108.8
7.88	-8.470	-39.906	-93.5
7.89	-8.466	-39.605	-74.6
7.9	-8.462	-38.598	-72.3
7.91	-8.457	-37.486	-64.7
7.92	-8.452	-36.894	-66.7
7.93	-8.447	-36.503	-70.6
7.94	-8.443	-36.044	-40.9
7.95	-8.438	-35.395	-4.1
7.96	-8.434	-34.423	16.0
7.97	-8.431	-33.269	2.3
7.98	-8.428	-31.973	-47.7
7.99	-8.426	-30.600	-102.0
8.0	-8.424	-29.231	-126.0
8.01	-8.422	-27.722	-92.3
8.02	-8.421	-26.470	-66.2
8.03	-8.417	-25.625	-64.6
8.04	-8.409	-24.527	-3.0
8.05	-8.401	-23.377	179.8
8.06	-8.397	-22.672	506.4
8.07	-8.399	-22.200	644.8
8.08	-8.401	-21.917	338.8
8.09	-8.401	-22.064	21.1
8.1	-8.402	-22.722	-52.1
8.11	-8.401	-23.673	-80.7
8.12	-8.398	-24.675	-105.5
8.13	-8.395	-25.772	-82.5
8.14	-8.391	-26.684	-54.4
8.15	-8.386	-26.719	-61.1
8.16	-8.381	-25.697	-76.5
8.17	-8.377	-23.598	-49.1
8.18	-8.376	-18.866	-10.1
8.19	-8.376	-7.302	-10.0
8.2	-8.377	14.314	0.6
8.21	-8.376	37.447	38.3
8.22	-8.374	49.111	50.1
8.23	-8.371	51.089	59.2
8.24	-8.368	51.133	109.2
8.25	-8.365	51.139	145.0
8.26	-8.363	51.139	166.6
8.27	-8.360	51.139	200.3
8.28	-8.357	51.122	206.7
8.29	-8.355	50.775	168.3
8.3	-8.354	46.322	128.8
8.31	-8.353	32.164	104.8
8.32	-8.353	11.552	35.1
8.33	-8.353	-7.142	-41.7
8.34	-8.355	-20.888	-92.0
8.35	-8.358	-29.881	-135.9
8.36	-8.363	-34.725	-153.9
8.37	-8.367	-36.386	-153.6
8.38	-8.371	-36.438	-144.4
8.39	-8.380	-36.639	-146.9
8.4	-8.393	-38.216	-144.6
8.41	-8.409	-41.680	-146.7
8.42	-8.426	-46.322	-160.6
8.43	-8.442	-49.834	-136.8
8.44	-8.457	-51.031	-119.1
8.45	-8.473	-51.133	-131.4
8.46	-8.487	-51.064	-132.3
8.47	-8.500	-50.011	-123.5
8.48	-8.514	-46.319	-122.2
8.49	-8.527	-40.091	-115.8
8.5	-8.542	-32.934	-95.7
8.51	-8.558	-25.767	-95.0
8.52	-8.576	-19.247	-120.2
8.53	-8.599	-14.119	-110.2
8.54	-8.624	-10.823	-89.1
8.55	-8.649	-9.478	-105.6
8.56	-8.669	-9.977	-105.3
8.57	-8.685	-12.072	-83.9
8.58	-8.695	-15.502	-79.8
8.59	-8.702	-19.923	-80.3
8.6	-8.707	-24.813	-96.6
8.61	-8.710	-29.561	-99.8
8.62	-8.711	-33.675	-64.2
8.63	-8.709	-36.911	-43.2
8.64	-8.706	-39.228	-52.2
8.65	-8.701	-40.613	-70.5
8.66	-8.698	-41.258	-70.3
8.67	-8.696	-41.525	-43.1
8.68	-8.693	-41.438	-16.6
8.69	-8.689	-40.750	6.8
8.7	-8.682	-39.320	28.0
8.71	-8.671	-37.247	18.5
8.72	-8.659	-34.802	-13.7
8.73	-8.646	-32.083	-53.9
8.74	-8.636	-29.189	-79.6
8.75	-8.630	-26.469	-71.3
8.76	-8.631	-24.089	-51.1
8.77	-8.636	-21.981	-35.5
8.78	-8.641	-20.191	-17.7
8.79	-8.643	-18.848	85.6
8.8	-8.644	-17.948	348.8
8.81	-8.646	-17.308	592.6
8.82	-8.647	-17.005	473.3
8.83	-8.641	-17.350	131.8
8.84	-8.633	-18.344	-46.3
8.85	-8.624	-19.809	-82.5
8.86	-8.616	-21.675	-64.9
8.87	-8.607	-23.744	-44.4
8.88	-8.598	-25.567	-57.3
8.89	-8.588	-26.773	-57.0
8.9	-8.578	-27.328	-32.0
8.91	-8.570	-27.216	-7.8
8.92	-8.564	-26.055	-10.7
8.93	-8.561	-22.323	-5.3
8.94	-8.560	-12.033	17.8
8.95	-8.559	8.808	31.8
8.96	-8.556	33.508	59.8
8.97	-8.553	47.878	92.3
8.98	-8.547	51.014	104.1
8.99	-8.541	51.131	143.2
9.0	-8.535	51.139	183.1
9.01	-8.531	51.139	174.0
9.02	-8.527	51.139	204.6
9.03	-8.523	51.120	248.3
9.04	-8.521	50.622	220.8
9.05	-8.519	45.284	164.6
9.06	-8.518	29.602	31.7
9.07	-8.517	7.977	-85.8
9.08	-8.514	-10.923	-63.6
9.09	-8.511	-24.734	-51.6
9.1	-8.510	-33.877	-87.1
9.11	-8.508	-38.827	-128.1
9.12	-8.504	-40.928	-163.3
9.13	-8.502	-41.917	-135.8
9.14	-8.502	-42.928	-110.0
9.15	-8.503	-44.797	-143.3
9.16	-8.504	-47.714	-138.1
9.17	-8.506	-50.180	-98.2
9.18	-8.509	-51.059	-104.1
9.19	-8.516	-51.136	-135.0
9.2	-8.527	-51.127	-130.3
9.21	-8.541	-50.663	-96.2
9.22	-8.558	-47.917	-86.2
9.23	-8.576	-41.581	-105.4
9.24	-8.596	-33.009	-101.5
9.25	-8.613	-24.019	-79.1
9.26	-8.626	-15.638	-88.9
9.27	-8.636	-8.627	-111.4
9.28	-8.641	-3.502	-98.7
9.29	-8.645	-0.759	-74.5
9.3	-8.651	-0.645	-84.5
9.31	-8.659	-2.991	-96.1
9.32	-8.668	-7.328	-82.5
9.33	-8.679	-12.908	-71.2
9.34	-8.691	-18.944	-77.5
9.35	-8.702	-24.780	-73.7
9.36	-8.714	-30.242	-55.4
9.37	-8.728	-35.344	-44.7
9.38	-8.745	-39.703	-30.9
9.39	-8.765	-43.092	3.1
9.4	-8.785	-45.516	18.6
9.41	-8.802	-46.925	-13.1
9.42	-8.816	-47.319	-54.2
9.43	-8.826	-46.906	-70.6
9.44	-8.837	-45.980	-63.1
9.45	-8.849	-44.559	-64.4
9.46	-8.866	-42.880	-61.3
9.47	-8.885	-41.419	-43.4
9.48	-8.902	-40.113	4.7
9.49	-8.916	-38.516	170.7
9.5	-8.927	-36.225	444.7
9.51	-8.934	-33.694	550.1
9.52	-8.935	-31.427	282.3
9.53	-8.935	-29.416	3.4
9.54	-8.933	-27.866	-71.9
9.55	-8.929	-26.839	-89.5
9.56	-8.922	-26.419	-63.4
9.57	-8.911	-26.386	-33.2
9.58	-8.894	-25.988	-34.0
9.59	-8.872	-24.658	-41.1
9.6	-8.848	-22.528	-32.1
9.61	-8.826	-19.941	-27.3
9.62	-8.808	-16.486	-27.6
9.63	-8.794	-9.872	2.6
9.64	-8.783	4.413	41.1
9.65	-8.772	26.442	64.7
9.66	-8.762	44.413	76.5
9.67	-8.751	50.592	84.7
9.68	-8.738	51.114	98.2
9.69	-8.724	51.139	133.2
9.7	-8.710	51.139	186.2
9.71	-8.697	51.139	210.8
9.72	-8.684	51.138	212.7
9.73	-8.670	51.120	191.5
9.74	-8.657	50.177	136.4
9.75	-8.642	42.933	74.3
9.76	-8.627	25.105	7.6
9.77	-8.611	2.792	-41.4
9.78	-8.593	-16.275	-61.9
9.79	-8.577	-29.839	-82.7
9.8	-8.566	-37.931	-103.9
9.81	-8.556	-41.830	-124.2
9.82	-8.546	-42.764	-137.4
9.83	-8.537	-42.302	-134.4
9.84	-8.527	-42.255	-112.5
9.85	-8.517	-43.844	-112.4
9.86	-8.509	-47.153	-117.8
9.87	-8.502	-50.061	-79.9
9.88	-8.498	-51.063	-89.1
9.89	-8.496	-51.134	-121.3
9.9	-8.496	-51.102	-113.7
9.91	-8.496	-50.245	-111.7
9.92	-8.497	-46.381	-105.2
9.93	-8.498	-38.600	-67.1
9.94	-8.498	-28.714	-56.0
9.95	-8.496	-18.581	-92.4
9.96	-8.493	-9.186	-100.1
9.97	-8.489	-1.433	-92.8
9.98	-8.483	3.727	-86.0
9.99	-8.478	5.786	-64.6
10.0	-8.473	4.855	-54.1
10.01	-8.471	1.341	-70.4
10.02	-8.470	-3.981	-87.5
10.03	-8.469	-9.936	-76.4
10.04	-8.469	-15.753	-50.1
10.05	-8.468	-21.314	-24.9
10.06	-8.467	-26.622	8.8
10.07	-8.466	-31.414	19.5
10.08	-8.465	-35.291	-21.0
10.09	-8.463	-38.147	-61.6
10.1	-8.461	-40.020	-82.4
10.11	-8.458	-40.802	-93.6
10.12	-8.456	-40.498	-99.3
10.13	-8.455	-39.605	-82.8
10.14	-8.456	-38.691	-45.0
10.15	-8.453	-37.702	3.7
10.16	-8.449	-36.409	120.4
10.17	-8.447	-35.067	383.6
10.18	-8.449	-33.983	567.3
10.19	-8.446	-32.995	349.3
10.2	-8.443	-31.839	10.0
10.21	-8.437	-30.636	-90.3
10.22	-8.429	-29.750	-61.2
10.23	-8.418	-29.375	-51.9
10.24	-8.402	-29.308	-68.5
10.25	-8.384	-28.986	-80.3
10.26	-8.364	-27.839	-60.4
10.27	-8.345	-25.691	-52.2
10.28	-8.332	-22.708	-55.5
10.29	-8.326	-18.411	-37.5
10.3	-8.324	-10.045	-15.2
10.31	-8.324	6.906	8.8
10.32	-8.326	30.014	15.4
10.33	-8.326	46.280	30.5
10.34	-8.327	50.883	60.8
10.35	-8.328	51.127	81.6
10.36	-8.328	51.139	96.1
10.37	-8.329	51.139	125.5
10.38	-8.331	51.139	176.0
10.39	-8.332	51.131	197.8
10.4	-8.332	50.986	146.8
10.41	-8.332	47.916	77.3
10.42	-8.331	35.636	43.0
10.43	-8.329	15.023	-3.8
10.44	-8.328	-5.014	-77.4
10.45	-8.324	-19.989	-115.8
10.46	-8.322	-30.203	-114.3
10.47	-8.321	-36.233	-127.9
10.48	-8.319	-39.056	-150.1
10.49	-8.318	-40.305	-150.1
10.5	-8.318	-41.419	-138.7
10.51	-8.318	-43.398	-149.7
10.52	-8.319	-46.628	-160.3
10.53	-8.319	-49.680	-131.9
10.54	-8.320	-50.975	-111.3
10.55	-8.322	-51.138	-123.8
10.56	-8.327	-51.139	-134.0
10.57	-8.332	-51.123	-117.8
10.58	-8.339	-50.584	-107.1
10.59	-8.346	-47.497	-120.4
10.6	-8.351	-40.702	-118.4
10.61	-8.354	-32.044	-102.6
10.62	-8.356	-23.517	-99.9
10.63	-8.356	-15.883	-108.9
10.64	-8.354	-9.780	-105.5
10.65	-8.352	-5.731	-80.4
10.66	-8.348	-3.866	-94.3
10.67	-8.344	-4.202	-123.6
10.68	-8.340	-6.627	-113.0
10.69	-8.337	-10.653	-102.1
10.7	-8.335	-15.697	-94.9
10.71	-8.334	-21.144	-75.0
10.72	-8.334	-26.331	-73.6
10.73	-8.334	-30.867	-96.1
10.74	-8.336	-34.642	-108.3
10.75	-8.339	-37.645	-93.5
10.76	-8.342	-39.923	-61.5
10.77	-8.346	-41.622	-45.9
10.78	-8.349	-42.889	-33.0
10.79	-8.352	-43.698	-3.9
10.8	-8.355	-44.148	-1.8
10.81	-8.358	-44.964	-27.6
10.82	-8.361	-45.706	-57.1
10.83	-8.363	-44.647	-81.8
10.84	-8.364	-42.184	-94.0
10.85	-8.367	-39.728	-93.4
10.86	-8.370	-37.548	-78.8
10.87	-8.373	-35.592	-64.5
10.88	-8.374	-33.903	-9.2
10.89	-8.373	-32.495	142.0
10.9	-8.375	-31.091	419.4
10.91	-8.381	-29.636	590.8
10.92	-8.387	-28.434	380.0
10.93	-8.391	-27.613	60.8
10.94	-8.396	-27.105	-76.3
10.95	-8.400	-26.884	-95.4
10.96	-8.403	-26.917	-71.8
10.97	-8.403	-27.267	-56.2
10.98	-8.399	-27.609	-57.4
10.99	-8.394	-27.041	-63.4
11.0	-8.387	-25.309	-73.6
11.01	-8.380	-22.603	-57.1
11.02	-8.374	-17.419	-20.0
11.03	-8.371	-5.400	-7.3
11.04	-8.369	16.402	10.2
11.05	-8.367	38.816	50.9
11.06	-8.367	49.491	67.3
11.07	-8.367	51.109	79.3
11.08	-8.366	51.134	105.5
11.09	-8.364	51.139	123.7
11.1	-8.363	51.139	151.6
11.11	-8.364	51.139	184.5
11.12	-8.371	51.123	188.6
11.13	-8.377	50.516	162.6
11.14	-8.380	44.905	114.5
11.15	-8.383	29.608	63.8
11.16	-8.386	9.472	9.2
11.17	-8.386	-7.288	-53.2
11.18	-8.384	-18.592	-100.4
11.19	-8.381	-25.266	-126.9
11.2	-8.376	-28.564	-124.1
11.21	-8.371	-30.400	-119.7
11.22	-8.365	-32.047	-155.3
11.23	-8.360	-34.341	-162.2
11.24	-8.357	-38.314	-126.2
11.25	-8.354	-43.844	-109.9
11.26	-8.351	-48.692	-129.7
11.27	-8.346	-50.823	-149.7
11.28	-8.344	-51.136	-133.9
11.29	-8.342	-51.134	-119.4
11.3	-8.342	-51.030	-114.7
11.31	-8.342	-49.639	-116.0
11.32	-8.342	-44.877	-119.2
11.33	-8.344	-37.002	-98.5
11.34	-8.346	-28.342	-89.1
11.35	-8.349	-20.163	-109.3
11.36	-8.352	-13.055	-117.7
11.37	-8.354	-7.752	-95.2
11.38	-8.355	-4.606	-79.1
11.39	-8.356	-3.617	-100.7
11.4	-8.356	-4.834	-122.1
11.41	-8.356	-8.055	-102.2
11.42	-8.356	-12.514	-86.0
11.43	-8.356	-17.447	-96.3
11.44	-8.356	-22.544	-90.1
11.45	-8.354	-27.508	-82.6
11.46	-8.354	-31.939	-92.3
11.47	-8.353	-35.606	-107.2
11.48	-8.354	-38.386	-91.4
11.49	-8.355	-40.255	-72.3
11.5	-8.356	-41.209	-97.0
11.51	-8.357	-41.289	-85.4
11.52	-8.359	-40.770	-37.7
11.53	-8.359	-40.114	-5.5
11.54	-8.360	-39.528	5.6
11.55	-8.360	-38.842	-16.8
11.56	-8.361	-38.022	-45.6
11.57	-8.361	-36.975	-68.3
11.58	-8.362	-35.577	-76.6
11.59	-8.363	-34.081	-87.2
11.6	-8.364	-32.458	-95.9
11.61	-8.366	-30.856	-97.1
11.62	-8.365	-29.859	-63.4
11.63	-8.361	-29.000	33.0
11.64	-8.356	-27.777	210.8
11.65	-8.356	-26.491	513.4
11.66	-8.361	-25.447	628.5
11.67	-8.364	-24.936	327.1
11.68	-8.367	-24.786	5.8
11.69	-8.369	-24.791	-99.9
11.7	-8.371	-25.211	-85.7
11.71	-8.371	-25.977	-48.0
11.72	-8.370	-26.669	-70.3
11.73	-8.369	-26.834	-92.2
11.74	-8.367	-26.125	-70.2
11.75	-8.365	-24.688	-39.5
11.76	-8.364	-22.144	-36.0
11.77	-8.365	-15.963	-47.1
11.78	-8.370	-1.628	-19.2
11.79	-8.379	21.642	28.9
11.8	-8.393	42.230	47.6
11.81	-8.409	50.252	43.5
11.82	-8.428	51.116	79.1
11.83	-8.446	51.139	123.0
11.84	-8.464	51.139	135.0
11.85	-8.479	51.139	175.0
11.86	-8.493	51.134	216.4
11.87	-8.506	51.086	215.9
11.88	-8.518	49.450	196.0
11.89	-8.530	40.534	146.8
11.9	-8.543	22.594	66.0
11.91	-8.557	3.286	0.3
11.92	-8.569	-11.513	-56.7
11.93	-8.581	-21.620	-101.6
11.94	-8.590	-27.961	-105.3
11.95	-8.596	-31.648	-111.3
11.96	-8.598	-33.939	-132.0
11.97	-8.600	-36.066	-142.6
11.98	-8.602	-39.144	-136.7
11.99	-8.603	-43.719	-128.7
12.0	-8.605	-48.317	-129.1
12.01	-8.606	-50.683	-120.3
12.02	-8.608	-51.127	-127.0
12.03	-8.609	-51.138	-130.3
12.04	-8.611	-51.134	-105.1
12.05	-8.615	-50.742	-95.1
12.06	-8.624	-47.919	-93.2
12.07	-8.638	-40.873	-87.2
12.08	-8.658	-31.308	-88.6
12.09	-8.677	-21.947	-98.9
12.1	-8.694	-14.031	-108.9
12.11	-8.706	-8.103	-102.5
12.12	-8.714	-4.497	-90.9
12.13	-8.719	-3.264	-69.8
12.14	-8.726	-4.000	-54.3
12.15	-8.732	-6.436	-72.8
12.16	-8.738	-10.386	-87.2
12.17	-8.741	-15.284	-80.1
12.18	-8.742	-20.597	-73.9
12.19	-8.742	-25.711	-52.5
12.2	-8.742	-30.105	-27.7
12.21	-8.742	-33.597	-35.3
12.22	-8.744	-36.248	-32.4
12.23	-8.747	-38.184	8.9
12.24	-8.748	-39.438	26.5
12.25	-8.749	-40.058	-7.4
12.26	-8.748	-40.053	-33.7
12.27	-8.746	-39.455	-60.6
12.28	-8.744	-38.350	-75.2
12.29	-8.744	-36.712	-63.4
12.3	-8.746	-34.763	-63.0
12.31	-8.744	-32.889	-50.9
12.32	-8.735	-30.995	8.3
12.33	-8.714	-29.136	183.5
12.34	-8.691	-27.620	480.6
12.35	-8.669	-26.478	591.9
12.36	-8.646	-25.675	308.2
12.37	-8.623	-25.009	10.4
12.38	-8.604	-24.300	-72.0
12.39	-8.589	-23.844	-71.5
12.4	-8.578	-23.934	-42.9
12.41	-8.567	-24.231	-42.8
12.42	-8.555	-24.086	-56.8
12.43	-8.543	-22.977	-46.7
12.44	-8.531	-20.888	-29.4
12.45	-8.521	-18.398	-20.1
12.46	-8.513	-15.281	-10.2
12.47	-8.509	-8.447	7.7
12.48	-8.508	6.964	21.8
12.49	-8.507	29.167	46.9
12.5	-8.504	45.694	79.1
12.51	-8.500	50.786	89.5
12.52	-8.492	51.120	101.8
12.53	-8.483	51.139	147.6
12.54	-8.474	51.139	187.8
12.55	-8.465	51.139	199.4
12.56	-8.458	51.125	216.2
12.57	-8.453	50.833	214.8
12.58	-8.449	46.777	147.8
12.59	-8.446	33.541	50.6
12.6	-8.443	14.181	-14.7
12.61	-8.439	-2.992	-47.3
12.62	-8.436	-15.097	-86.8
12.63	-8.434	-22.827	-119.5
12.64	-8.437	-27.311	-124.6
12.65	-8.439	-29.916	-121.7
12.66	-8.440	-32.075	-125.8
12.67	-8.441	-34.956	-128.2
12.68	-8.443	-39.348	-127.8
12.69	-8.443	-44.948	-131.8
12.7	-8.441	-49.348	-141.6
12.71	-8.439	-50.966	-133.1
12.72	-8.438	-51.136	-124.8
12.73	-8.438	-51.136	-125.1
12.74	-8.441	-51.030	-90.9
12.75	-8.445	-49.483	-87.9
12.76	-8.453	-44.022	-107.1
12.77	-8.464	-34.898	-96.6
12.78	-8.479	-24.905	-96.9
12.79	-8.496	-15.730	-95.1
12.8	-8.516	-8.128	-87.4
12.81	-8.537	-2.834	-95.4
12.82	-8.558	-0.297	-92.5
12.83	-8.579	-0.469	-83.2
12.84	-8.599	-3.080	-85.8
12.85	-8.616	-7.731	-83.3
12.86	-8.633	-13.636	-83.8
12.87	-8.648	-19.769	-84.9
12.88	-8.663	-25.380	-79.0
12.89	-8.678	-30.194	-78.8
12.9	-8.692	-34.220	-71.1
12.91	-8.703	-37.462	-67.4
12.92	-8.709	-39.859	-54.8
12.93	-8.713	-41.422	-18.4
12.94	-8.719	-42.341	6.2
12.95	-8.725	-42.847	18.2
12.96	-8.733	-42.964	-6.5
12.97	-8.741	-42.614	-56.0
12.98	-8.749	-41.736	-74.0
12.99	-8.758	-40.413	-70.3
13.0	-8.771	-38.855	-70.2
13.01	-8.787	-36.808	-77.7
13.02	-8.806	-34.559	-56.5
13.03	-8.822	-32.727	5.7
13.04	-8.836	-30.972	133.9
13.05	-8.851	-29.284	398.6
13.06	-8.864	-27.950	573.3
13.07	-8.873	-26.970	365.3
13.08	-8.881	-26.489	54.2
13.09	-8.888	-26.573	-50.6
13.1	-8.893	-27.169	-57.8
13.11	-8.898	-27.809	-49.2
13.12	-8.900	-27.919	-43.4
13.13	-8.896	-27.445	-43.1
13.14	-8.886	-26.239	-32.9
13.15	-8.873	-24.292	-33.2
13.16	-8.860	-21.791	-17.8
13.17	-8.850	-18.095	-1.6
13.18	-8.844	-10.042	-7.5
13.19	-8.838	7.414	1.3
13.2	-8.831	30.964	33.3
13.21	-8.822	46.778	77.5
13.22	-8.811	50.928	105.8
13.23	-8.797	51.128	112.2
13.24	-8.783	51.139	130.3
13.25	-8.769	51.139	139.2
13.26	-8.756	51.139	154.5
13.27	-8.742	51.134	201.1
13.28	-8.728	51.055	205.1
13.29	-8.711	48.977	161.7
13.3	-8.691	39.550	89.1
13.31	-8.671	22.548	13.7
13.32	-8.651	5.453	-22.4
13.33	-8.632	-7.297	-45.3
13.34	-8.615	-15.916	-79.9
13.35	-8.603	-21.363	-116.8
13.36	-8.594	-24.784	-119.3
13.37	-8.586	-27.463	-102.8
13.38	-8.579	-30.753	-87.7
13.39	-8.569	-35.592	-95.4
13.4	-8.558	-41.998	-124.3
13.41	-8.546	-47.875	-110.6
13.42	-8.535	-50.672	-83.7
13.43	-8.524	-51.130	-94.5
13.44	-8.514	-51.138	-104.8
13.45	-8.508	-51.134	-98.4
13.46	-8.503	-50.681	-98.5
13.47	-8.501	-47.333	-87.5
13.48	-8.498	-38.969	-71.5
13.49	-8.494	-27.836	-81.5
13.5	-8.491	-17.336	-85.0
13.51	-8.486	-8.814	-75.7
13.52	-8.482	-2.834	-83.6
13.53	-8.478	0.278	-69.2
13.54	-8.476	0.528	-47.5
13.55	-8.473	-1.708	-74.7
13.56	-8.470	-5.792	-87.8
13.57	-8.469	-11.078	-86.3
13.58	-8.470	-16.969	-97.4
13.59	-8.472	-22.756	-78.8
13.6	-8.473	-27.903	-46.1
13.61	-8.474	-32.211	-38.7
13.62	-8.476	-35.583	-43.7
13.63	-8.476	-37.981	-42.1
13.64	-8.476	-39.548	-29.8
13.65	-8.474	-40.445	-1.2
13.66	-8.472	-40.738	13.8
13.67	-8.469	-40.614	-20.9
13.68	-8.466	-40.247	-60.7
13.69	-8.462	-39.536	-67.1
13.7	-8.459	-38.398	-68.8
13.71	-8.457	-37.038	-65.0
13.72	-8.457	-35.695	-64.4
13.73	-8.459	-34.328	-52.8
13.74	-8.457	-32.814	-16.5
13.75	-8.454	-31.231	124.7
13.76	-8.453	-29.681	432.1
13.77	-8.454	-28.198	561.1
13.78	-8.452	-26.884	311.4
13.79	-8.450	-25.955	41.7
13.8	-8.448	-25.520	-59.3
13.81	-8.447	-25.509	-80.7
13.82	-8.447	-25.780	-87.3
13.83	-8.444	-25.894	-99.1
13.84	-8.437	-25.236	-63.5
13.85	-8.428	-23.777	-28.1
13.86	-8.420	-21.894	-20.9
13.87	-8.412	-19.591	-18.3
13.88	-8.408	-15.464	-38.9
13.89	-8.403	-5.617	-33.3
13.9	-8.399	13.753	0.8
13.91	-8.396	36.128	16.2
13.92	-8.391	48.572	23.3
13.93	-8.387	51.050	54.1
13.94	-8.381	51.131	114.2
13.95	-8.376	51.139	156.7
13.96	-8.370	51.139	154.0
13.97	-8.364	51.139	148.1
13.98	-8.359	51.125	155.2
13.99	-8.356	50.613	145.6
14.0	-8.353	45.745	105.9
14.01	-8.348	32.431	52.2
14.02	-8.342	15.192	8.1
14.03	-8.336	1.113	-47.2
14.04	-8.331	-8.711	-107.5
14.05	-8.328	-15.625	-148.6
14.06	-8.326	-20.572	-138.0
14.07	-8.324	-24.305	-105.2
14.08	-8.324	-27.781	-119.4
14.09	-8.324	-32.064	-137.9
14.1	-8.324	-38.075	-151.5
14.11	-8.324	-44.972	-162.3
14.12	-8.324	-49.644	-135.2
14.13	-8.323	-51.041	-109.2
14.14	-8.322	-51.136	-111.1
14.15	-8.322	-51.139	-124.1
14.16	-8.322	-51.134	-123.2
14.17	-8.324	-50.727	-118.5
14.18	-8.326	-47.783	-121.8
14.19	-8.328	-40.577	-115.2
14.2	-8.329	-31.127	-106.4
14.21	-8.331	-22.181	-94.8
14.22	-8.332	-14.813	-96.2
14.23	-8.331	-9.705	-106.9
14.24	-8.330	-7.216	-114.6
14.25	-8.328	-7.105	-108.2
14.26	-8.324	-8.970	-102.7
14.27	-8.321	-12.419	-99.8
14.28	-8.320	-16.864	-80.7
14.29	-8.320	-21.711	-75.1
14.3	-8.321	-26.522	-89.7
14.31	-8.322	-30.873	-107.8
14.32	-8.325	-34.455	-103.8
14.33	-8.326	-37.083	-96.6
14.34	-8.328	-38.786	-82.4
14.35	-8.330	-39.884	-65.0
14.36	-8.332	-40.605	-89.9
14.37	-8.333	-41.061	-111.8
14.38	-8.334	-41.291	-92.8
14.39	-8.334	-41.144	-76.3
14.4	-8.335	-40.805	-76.9
14.41	-8.337	-40.467	-73.6
14.42	-8.339	-39.883	-60.1
14.43	-8.341	-38.939	-51.2
14.44	-8.344	-37.741	-46.5
14.45	-8.346	-36.500	-46.5
14.46	-8.348	-35.423	-33.4
14.47	-8.348	-34.375	9.2
14.48	-8.349	-33.177	1.0
14.49	-8.348	-32.014	-34.4
14.5	-8.347	-31.036	-40.6
14.51	-8.346	-30.033	-62.1
14.52	-8.346	-28.845	-82.3
14.53	-8.348	-27.631	-92.7
14.54	-8.351	-26.530	-71.5
14.55	-8.351	-25.491	-14.6
14.56	-8.348	-24.486	86.9
14.57	-8.348	-23.594	371.4
14.58	-8.351	-22.892	632.6
14.59	-8.355	-22.608	486.0
14.6	-8.357	-23.073	136.4
14.61	-8.358	-24.175	-50.6
14.62	-8.359	-25.466	-94.4
14.63	-8.359	-26.730	-95.5
14.64	-8.356	-27.963	-73.1
14.65	-8.351	-28.894	-63.1
14.66	-8.346	-28.911	-67.3
14.67	-8.342	-27.819	-64.2
14.68	-8.340	-25.903	-33.7
14.69	-8.339	-22.020	-2.4
14.7	-8.340	-11.347	-28.1
14.71	-8.341	10.586	-28.4
14.72	-8.342	35.394	23.3
14.73	-8.341	48.600	58.0
14.74	-8.340	51.061	77.6
14.75	-8.338	51.131	95.6
14.76	-8.334	51.139	124.6
14.77	-8.332	51.139	151.1
14.78	-8.329	51.139	175.3
14.79	-8.329	51.120	184.2
14.8	-8.329	50.670	165.2
14.81	-8.328	45.880	160.6
14.82	-8.329	32.086	122.9
14.83	-8.328	13.386	45.2
14.84	-8.328	-2.680	-19.5
14.85	-8.329	-13.875	-79.5
14.86	-8.330	-20.833	-109.9
14.87	-8.332	-24.919	-125.6
14.88	-8.334	-27.433	-142.8
14.89	-8.334	-29.731	-147.2
14.9	-8.334	-33.092	-140.7
14.91	-8.334	-38.061	-134.9
14.92	-8.335	-44.195	-131.2
14.93	-8.335	-49.067	-123.1
14.94	-8.335	-50.925	-125.5
14.95	-8.334	-51.136	-146.1
14.96	-8.334	-51.141	-149.3
14.97	-8.333	-51.136	-117.3
14.98	-8.334	-50.895	-98.7
14.99	-8.333	-48.853	-116.3
15.0	-8.333	-43.288	-128.7
15.01	-8.334	-35.273	-105.9
15.02	-8.335	-27.148	-88.8
15.03	-8.337	-20.094	-122.1
15.04	-8.339	-14.788	-136.7
15.05	-8.340	-11.759	-107.0
15.06	-8.341	-11.103	-103.1
15.07	-8.341	-12.386	-119.1
15.08	-8.341	-14.977	-124.3
15.09	-8.342	-18.505	-102.5
15.1	-8.343	-22.738	-90.0
15.11	-8.345	-27.114	-114.7
15.12	-8.346	-31.134	-116.6
15.13	-8.348	-34.813	-100.4
15.14	-8.348	-38.009	-106.6
15.15	-8.348	-40.406	-114.5
15.16	-8.349	-42.141	-114.5
15.17	-8.349	-43.377	-105.7
15.18	-8.349	-44.114	-81.6
15.19	-8.350	-44.477	-76.9
15.2	-8.352	-44.452	-90.3
15.21	-8.354	-44.200	-86.7
15.22	-8.357	-43.823	-76.3
15.23	-8.360	-43.056	-47.5
15.24	-8.364	-42.005	-15.3
15.25	-8.370	-40.977	5.2
15.26	-8.379	-40.048	-1.2
15.27	-8.389	-39.150	-58.8
15.28	-8.402	-38.036	-91.3
15.29	-8.416	-36.656	-91.1
15.3	-8.430	-35.266	-95.1
15.31	-8.444	-34.058	-77.2
15.32	-8.457	-33.023	-51.5
15.33	-8.465	-32.081	-8.0
15.34	-8.470	-31.263	169.1
15.35	-8.476	-30.698	494.1
15.36	-8.486	-30.389	641.5
15.37	-8.495	-30.181	378.1
15.38	-8.502	-30.153	40.6
15.39	-8.509	-30.597	-65.2
15.4	-8.516	-31.434	-65.1
15.41	-8.521	-32.425	-85.4
15.42	-8.526	-33.433	-82.6
15.43	-8.530	-33.952	-50.8
15.44	-8.532	-33.386	-43.5
15.45	-8.532	-31.909	-42.5
15.46	-8.533	-29.978	-33.2
15.47	-8.536	-26.523	-21.3
15.48	-8.542	-17.725	-12.1
15.49	-8.548	0.948	6.4
15.5	-8.554	26.419	45.7
15.51	-8.558	44.967	69.1
15.52	-8.560	50.713	85.1
15.53	-8.562	51.119	125.7
15.54	-8.563	51.139	169.8
15.55	-8.564	51.139	187.6
15.56	-8.564	51.130	191.6
15.57	-8.566	50.944	209.8
15.58	-8.569	47.709	203.0
15.59	-8.571	36.142	160.9
15.6	-8.574	17.966	106.8
15.61	-8.578	0.617	30.9
15.62	-8.582	-12.648	-23.9
15.63	-8.588	-21.927	-62.0
15.64	-8.594	-27.831	-115.3
15.65	-8.601	-31.223	-145.3
15.66	-8.609	-33.087	-146.3
15.67	-8.617	-34.525	-133.3
15.68	-8.628	-36.584	-121.2
15.69	-8.639	-39.956	-118.3
15.7	-8.649	-44.636	-114.1
15.71	-8.656	-48.905	-125.9
15.72	-8.663	-50.848	-135.0
15.73	-8.668	-51.136	-127.7
15.74	-8.672	-51.136	-114.3
15.75	-8.678	-51.058	-99.5
15.76	-8.683	-49.866	-99.4
15.77	-8.688	-45.553	-103.9
15.78	-8.692	-38.166	-105.3
15.79	-8.696	-29.953	-102.7
15.8	-8.700	-22.523	-92.5
15.81	-8.704	-16.531	-89.5
15.82	-8.709	-12.358	-91.0
15.83	-8.713	-10.184	-83.1
15.84	-8.716	-10.017	-70.3
15.85	-8.719	-11.664	-80.8
15.86	-8.721	-14.752	-100.2
15.87	-8.723	-18.811	-87.6
15.88	-8.726	-23.177	-66.0
15.89	-8.729	-27.247	-68.0
15.9	-8.732	-30.706	-81.0
15.91	-8.736	-33.381	-83.1
15.92	-8.739	-35.367	-89.2
15.93	-8.741	-36.994	-74.6
15.94	-8.742	-38.320	-34.0
15.95	-8.743	-39.177	-23.2
15.96	-8.742	-39.550	-37.4
15.97	-8.736	-39.563	-23.1
15.98	-8.726	-39.302	17.3
15.99	-8.710	-38.650	29.6
16.0	-8.690	-37.663	-15.6
16.01	-8.668	-36.706	-57.3
16.02	-8.648	-35.580	-57.3
16.03	-8.629	-33.877	-81.8
16.04	-8.617	-32.294	-94.1
16.05	-8.608	-31.300	-71.1
16.06	-8.601	-30.169	-40.1
16.07	-8.591	-28.820	22.8
16.08	-8.577	-27.722	190.5
16.09	-8.568	-26.694	480.4
16.1	-8.561	-26.134	559.3
16.11	-8.553	-26.272	261.9
16.12	-8.544	-26.503	-24.1
16.13	-8.537	-26.800	-76.7
16.14	-8.531	-27.044	-56.1
16.15	-8.527	-27.084	-52.7
16.16	-8.523	-27.031	-45.7
16.17	-8.515	-26.967	-59.4
16.18	-8.508	-26.683	-66.5
16.19	-8.499	-25.980	-40.6
16.2	-8.492	-24.941	-17.3
16.21	-8.488	-23.188	-1.1
16.22	-8.485	-18.342	14.2
16.23	-8.483	-6.369	11.3
16.24	-8.482	14.127	15.4
16.25	-8.482	35.925	66.2
16.26	-8.482	48.219	99.1
16.27	-8.481	51.016	107.6
16.28	-8.480	51.133	147.9
16.29	-8.478	51.136	193.1
16.3	-8.478	51.125	200.3
16.31	-8.478	50.223	187.3
16.32	-8.479	43.898	178.5
16.33	-8.481	29.039	141.7
16.34	-8.482	10.744	78.7
16.35	-8.485	-4.958	20.1
16.36	-8.488	-16.642	-45.0
16.37	-8.488	-24.619	-104.1
16.38	-8.491	-29.541	-123.9
16.39	-8.496	-32.216	-125.8
16.4	-8.502	-33.527	-136.9
16.41	-8.506	-34.356	-136.5
16.42	-8.512	-35.630	-123.0
16.43	-8.518	-38.053	-129.8
16.44	-8.523	-41.806	-140.0
16.45	-8.527	-46.209	-133.3
16.46	-8.532	-49.584	-119.6
16.47	-8.541	-50.922	-127.1
16.48	-8.556	-50.555	-128.0
16.49	-8.576	-48.155	-104.7
16.5	-8.604	-43.291	-101.8
16.51	-8.634	-36.805	-92.6
16.52	-8.658	-29.848	-85.1
16.53	-8.672	-23.131	-82.5
16.54	-8.689	-16.998	-94.8
16.55	-8.716	-11.902	-118.0
16.56	-8.746	-8.442	-96.7
16.57	-8.774	-7.038	-72.3
16.58	-8.797	-7.838	-78.5
16.59	-8.814	-11.013	-87.5
16.6	-8.829	-15.873	-83.5
16.61	-8.841	-20.981	-71.3
16.62	-8.849	-25.628	-56.0
16.63	-8.853	-29.686	-54.6
16.64	-8.852	-33.142	-72.8
16.65	-8.848	-36.052	-87.2
16.66	-8.842	-38.194	-75.9
16.67	-8.836	-39.241	-45.1
16.68	-8.832	-39.063	-30.1
16.69	-8.827	-37.931	-8.3
16.7	-8.824	-36.184	40.2
16.71	-8.821	-34.152	41.9
16.72	-8.819	-32.303	-23.0
16.73	-8.818	-30.688	-70.3
16.74	-8.817	-29.188	-75.1
16.75	-8.819	-27.870	-78.9
16.76	-8.825	-26.642	-74.6
16.77	-8.836	-25.500	-44.4
16.78	-8.846	-24.413	-11.3
16.79	-8.850	-23.155	66.1
16.8	-8.851	-21.948	298.9
16.81	-8.850	-21.061	537.6
16.82	-8.842	-20.572	438.2
16.83	-8.829	-20.822	110.2
16.84	-8.813	-21.716	-61.5
16.85	-8.794	-22.720	-71.9
16.86	-8.776	-23.598	-49.7
16.87	-8.755	-23.920	-35.1
16.88	-8.732	-23.423	-37.3
16.89	-8.706	-22.559	-48.8
16.9	-8.683	-21.427	-48.3
16.91	-8.661	-20.075	-25.9
16.92	-8.644	-18.617	-13.8
16.93	-8.633	-15.723	-12.7
16.94	-8.624	-8.059	2.1
16.95	-8.619	7.838	24.7
16.96	-8.615	29.313	43.7
16.97	-8.611	45.325	78.4
16.98	-8.604	50.650	115.7
16.99	-8.595	51.120	130.8
17.0	-8.584	51.139	128.4
17.01	-8.574	51.128	148.2
17.02	-8.563	50.622	193.6
17.03	-8.553	45.991	193.6
17.04	-8.543	33.281	145.4
17.05	-8.534	16.123	107.9
17.06	-8.526	0.716	56.0
17.07	-8.519	-11.152	-30.5
17.08	-8.514	-19.475	-78.5
17.09	-8.507	-24.489	-92.2
17.1	-8.502	-26.848	-109.8
17.11	-8.500	-27.605	-119.1
17.12	-8.499	-27.873	-111.4
17.13	-8.498	-28.419	-115.3
17.14	-8.496	-29.811	-129.7
17.15	-8.492	-32.484	-128.9
17.16	-8.487	-36.353	-119.2
17.17	-8.482	-40.784	-90.1
17.18	-8.479	-44.573	-95.3
17.19	-8.476	-46.244	-130.5
17.2	-8.474	-45.113	-130.6
17.21	-8.474	-41.484	-109.3
17.22	-8.474	-36.002	-90.3
17.23	-8.474	-29.366	-93.4
17.24	-8.474	-22.320	-95.4
17.25	-8.472	-15.617	-91.2
17.26	-8.469	-9.888	-85.4
17.27	-8.464	-5.684	-78.8
17.28	-8.460	-3.439	-100.8
17.29	-8.456	-3.195	-106.5
17.3	-8.451	-4.719	-85.2
17.31	-8.447	-7.673	-82.2
17.32	-8.444	-11.531	-86.2
17.33	-8.440	-15.677	-86.3
17.34	-8.437	-19.700	-78.2
17.35	-8.433	-23.338	-75.9
17.36	-8.430	-26.281	-78.2
17.37	-8.427	-28.425	-91.8
17.38	-8.424	-29.813	-86.4
17.39	-8.421	-30.428	-36.5
17.4	-8.418	-30.423	-45.1
17.41	-8.413	-30.161	-66.0
17.42	-8.408	-29.920	-47.1
17.43	-8.402	-29.670	-29.8
17.44	-8.395	-29.155	15.2
17.45	-8.387	-28.281	6.0
17.46	-8.381	-27.155	-49.6
17.47	-8.376	-25.838	-71.4
17.48	-8.374	-24.388	-96.9
17.49	-8.372	-22.975	-104.2
17.5	-8.371	-21.706	-93.5
17.51	-8.370	-20.638	-65.3
17.52	-8.367	-19.903	11.7
17.53	-8.362	-19.384	173.4
17.54	-8.360	-18.861	438.6
17.55	-8.361	-18.414	550.0
17.56	-8.363	-18.286	306.8
17.57	-8.364	-18.538	5.8
17.58	-8.364	-18.967	-98.4
17.59	-8.364	-19.441	-104.1
17.6	-8.363	-20.038	-79.7
17.61	-8.359	-20.659	-58.8
17.62	-8.355	-20.939	-79.9
17.63	-8.349	-20.728	-91.9
17.64	-8.344	-20.228	-55.6
17.65	-8.339	-19.328	-31.4
17.66	-8.336	-16.650	-42.8
17.67	-8.334	-9.208	-25.6
17.68	-8.334	5.995	-2.6
17.69	-8.334	27.050	12.3
17.7	-8.336	43.966	29.4
17.71	-8.337	50.381	54.9
17.72	-8.338	51.123	100.6
17.73	-8.337	51.136	120.8
17.74	-8.337	51.125	141.3
17.75	-8.336	50.316	165.8
17.76	-8.336	44.727	165.2
17.77	-8.337	31.708	145.5
17.78	-8.339	15.730	111.7
17.79	-8.341	1.833	60.4
17.8	-8.343	-8.900	-2.8
17.81	-8.344	-16.547	-51.6
17.82	-8.344	-21.439	-97.4
17.83	-8.344	-24.127	-129.2
17.84	-8.346	-25.330	-135.4
17.85	-8.348	-25.884	-142.4
17.86	-8.350	-26.508	-152.2
17.87	-8.353	-27.666	-145.8
17.88	-8.354	-29.641	-120.2
17.89	-8.353	-32.556	-111.5
17.9	-8.351	-36.220	-119.5
17.91	-8.349	-39.697	-113.0
17.92	-8.348	-41.711	-116.2
17.93	-8.350	-41.644	-135.3
17.94	-8.353	-39.439	-125.6
17.95	-8.357	-35.263	-113.5
17.96	-8.361	-29.694	-115.4
17.97	-8.365	-23.641	-94.8
17.98	-8.367	-17.850	-77.4
17.99	-8.367	-12.742	-106.1
18.0	-8.366	-8.742	-127.8
18.01	-8.364	-6.322	-100.4
18.02	-8.363	-5.583	-73.8
18.03	-8.361	-6.247	-83.6
18.04	-8.361	-8.022	-101.4
18.05	-8.361	-10.684	-79.7
18.06	-8.361	-13.838	-64.2
18.07	-8.363	-17.005	-97.1
18.08	-8.364	-19.928	-113.1
18.09	-8.365	-22.511	-77.0
18.1	-8.366	-24.697	-59.5
18.11	-8.366	-26.448	-82.4
18.12	-8.366	-27.709	-90.7
18.13	-8.366	-28.453	-80.2
18.14	-8.366	-28.742	-79.5
18.15	-8.366	-28.652	-85.8
18.16	-8.364	-28.292	-92.8
18.17	-8.364	-27.877	-85.5
18.18	-8.363	-27.403	-49.2
18.19	-8.363	-26.689	-47.1
18.2	-8.363	-25.766	-77.7
18.21	-8.362	-24.877	-58.6
18.22	-8.361	-24.183	-21.2
18.23	-8.360	-23.522	-22.1
18.24	-8.359	-22.706	-7.6
18.25	-8.357	-21.902	25.2
18.26	-8.356	-21.228	4.5
18.27	-8.354	-20.661	-55.4
18.28	-8.353	-20.231	-93.7
18.29	-8.353	-19.742	-79.1
18.3	-8.351	-19.084	-46.3
18.31	-8.349	-18.463	-44.8
18.32	-8.347	-17.963	-39.7
18.33	-8.341	-17.597	19.1
18.34	-8.334	-17.369	210.2
18.35	-8.331	-17.234	521.4
18.36	-8.330	-17.173	582.7
18.37	-8.328	-16.934	268.8
18.38	-8.326	-16.441	-7.8
18.39	-8.326	-16.273	-78.2
18.4	-8.326	-16.834	-79.7
18.41	-8.327	-17.928	-68.1
18.42	-8.329	-19.069	-66.2
18.43	-8.330	-19.653	-54.1
18.44	-8.330	-19.380	-36.9
18.45	-8.329	-18.311	-40.0
18.46	-8.330	-16.283	-19.4
18.47	-8.332	-11.494	-15.8
18.48	-8.335	-0.400	-17.8
18.49	-8.337	18.394	12.9
18.5	-8.336	38.063	44.9
18.51	-8.334	48.763	82.6
18.52	-8.332	51.048	102.1
18.53	-8.329	51.134	115.7
18.54	-8.326	51.134	138.1
18.55	-8.324	51.045	149.7
18.56	-8.322	49.117	167.2
18.57	-8.321	41.161	186.6
18.58	-8.320	27.075	182.5
18.59	-8.319	12.259	147.5
18.6	-8.319	0.222	102.1
18.61	-8.320	-8.736	27.6
18.62	-8.321	-15.031	-55.9
18.63	-8.323	-18.967	-113.4
18.64	-8.326	-20.955	-147.7
18.65	-8.329	-21.638	-127.7
18.66	-8.330	-21.589	-120.1
18.67	-8.330	-21.556	-130.6
18.68	-8.331	-22.419	-124.3
18.69	-8.332	-24.528	-144.3
18.7	-8.332	-27.822	-145.7
18.71	-8.331	-31.611	-134.0
18.72	-8.330	-34.517	-127.9
18.73	-8.329	-35.702	-113.8
18.74	-8.328	-35.048	-118.4
18.75	-8.328	-32.691	-113.4
18.76	-8.329	-29.150	-113.3
18.77	-8.329	-24.934	-127.2
18.78	-8.329	-20.378	-114.8
18.79	-8.329	-15.756	-109.3
18.8	-8.329	-11.466	-112.6
18.81	-8.330	-8.216	-89.8
18.82	-8.331	-6.344	-86.1
18.83	-8.331	-5.656	-119.7
18.84	-8.331	-6.056	-120.0
18.85	-8.329	-7.422	-97.5
18.86	-8.329	-9.513	-94.1
18.87	-8.329	-12.223	-88.1
18.88	-8.330	-15.275	-89.7
18.89	-8.331	-18.248	-96.1
18.9	-8.331	-20.842	-88.7
18.91	-8.332	-22.825	-93.9
18.92	-8.332	-24.317	-96.3
18.93	-8.333	-25.611	-87.7
18.94	-8.334	-26.678	-90.8
18.95	-8.336	-27.431	-89.4
18.96	-8.338	-27.856	-78.1
18.97	-8.339	-27.878	-68.0
18.98	-8.341	-27.578	-55.9
18.99	-8.342	-27.227	-43.9
19.0	-8.343	-27.064	-37.5
19.01	-8.346	-26.886	-28.2
19.02	-8.349	-26.288	8.8
19.03	-8.354	-25.569	22.5
19.04	-8.361	-24.983	-30.7
19.05	-8.369	-24.309	-80.5
19.06	-8.380	-23.552	-76.8
19.07	-8.394	-22.767	-65.6
19.08	-8.410	-22.070	-76.3
19.09	-8.428	-21.641	-72.8
19.1	-8.445	-21.294	-32.5
19.11	-8.457	-20.803	62.9
19.12	-8.469	-20.231	312.1
19.13	-8.484	-19.616	615.1
19.14	-8.499	-19.186	571.3
19.15	-8.512	-19.236	204.1
19.16	-8.523	-19.678	-40.5
19.17	-8.533	-20.270	-86.4
19.18	-8.542	-20.873	-82.7
19.19	-8.549	-21.531	-76.3
19.2	-8.556	-22.145	-65.8
19.21	-8.559	-22.309	-45.1
19.22	-8.561	-21.955	-45.3
19.23	-8.563	-21.330	-27.8
19.24	-8.566	-20.195	6.6
19.25	-8.571	-17.042	-9.8
19.26	-8.578	-8.717	-22.1
19.27	-8.585	7.467	15.9
19.28	-8.591	28.559	56.8
19.29	-8.597	44.620	82.5
19.3	-8.603	50.472	108.3
19.31	-8.609	51.125	149.8
19.32	-8.614	51.136	176.9
19.33	-8.619	51.119	183.8
19.34	-8.624	50.259	209.4
19.35	-8.631	44.827	208.9
19.36	-8.637	32.583	180.0
19.37	-8.643	17.564	153.2
19.38	-8.649	4.289	89.2
19.39	-8.652	-5.766	5.4
19.4	-8.655	-13.227	-52.0
19.41	-8.658	-18.891	-103.3
19.42	-8.660	-22.206	-138.2
19.43	-8.661	-23.313	-139.8
19.44	-8.658	-23.288	-131.2
19.45	-8.654	-23.030	-130.8
19.46	-8.651	-23.272	-137.5
19.47	-8.645	-24.664	-112.4
19.48	-8.638	-27.414	-96.5
19.49	-8.629	-30.788	-134.7
19.5	-8.619	-33.370	-142.6
19.51	-8.608	-34.081	-130.3
19.52	-8.598	-32.587	-129.6
19.53	-8.589	-29.138	-103.3
19.54	-8.581	-24.275	-80.0
19.55	-8.574	-18.628	-96.5
19.56	-8.569	-12.905	-116.3
19.57	-8.562	-7.608	-114.7
19.58	-8.555	-3.142	-109.0
19.59	-8.548	0.111	-78.7
19.6	-8.540	1.983	-62.2
19.61	-8.532	2.461	-85.8
19.62	-8.524	1.569	-99.1
19.63	-8.516	-0.736	-90.3
19.64	-8.508	-4.156	-83.9
19.65	-8.500	-8.058	-85.0
19.66	-8.494	-11.964	-82.8
19.67	-8.488	-15.584	-79.3
19.68	-8.484	-18.722	-63.0
19.69	-8.481	-21.138	-57.5
19.7	-8.478	-22.820	-63.0
19.71	-8.476	-24.156	-37.5
19.72	-8.474	-25.316	13.5
19.73	-8.472	-26.167	7.9
19.74	-8.470	-26.634	-42.8
19.75	-8.467	-26.773	-43.2
19.76	-8.464	-26.658	-49.3
19.77	-8.461	-26.339	-71.5
19.78	-8.459	-25.763	-76.3
19.79	-8.459	-24.886	-85.4
19.8	-8.459	-24.000	-63.6
19.81	-8.457	-23.386	13.8
19.82	-8.453	-22.773	176.9
19.83	-8.453	-21.681	444.1
19.84	-8.457	-20.236	558.8
19.85	-8.459	-19.127	310.8
19.86	-8.458	-18.611	17.5
19.87	-8.456	-18.522	-81.4
19.88	-8.454	-18.789	-94.0
19.89	-8.451	-19.206	-65.0
19.9	-8.446	-19.520	-38.2
19.91	-8.439	-19.650	-56.6
19.92	-8.433	-19.445	-64.2
19.93	-8.428	-18.800	-38.6
19.94	-8.424	-17.714	-24.4
19.95	-8.422	-15.802	-9.0
19.96	-8.422	-11.291	15.8
19.97	-8.422	-1.083	27.8
19.98	-8.422	16.202	37.0
19.99	-8.421	35.566	42.5
20.0	-8.420	47.695	80.6
20.01	-8.418	50.955	134.1
20.02	-8.415	51.130	160.2
20.03	-8.411	51.138	191.4
20.04	-8.409	51.128	208.9
20.05	-8.406	50.536	199.8
20.06	-8.404	45.992	195.0
20.07	-8.404	34.580	156.5
20.08	-8.405	19.686	90.8
20.09	-8.406	6.155	20.8
20.1	-8.406	-4.530	-51.6
20.11	-8.408	-12.258	-91.6
20.12	-8.414	-17.183	-113.3
20.13	-8.426	-19.608	-140.3
20.14	-8.440	-20.328	-137.1
20.15	-8.457	-20.444	-125.2
20.16	-8.478	-20.844	-122.8
20.17	-8.503	-22.177	-130.3
20.18	-8.529	-24.873	-148.5
20.19	-8.551	-28.781	-131.6
20.2	-8.572	-32.770	-113.0
20.21	-8.591	-35.291	-129.3
20.22	-8.611	-35.506	-140.1
20.23	-8.629	-33.661	-119.5
20.24	-8.643	-30.442	-95.5
20.25	-8.651	-26.267	-92.0
20.26	-8.660	-21.334	-99.8
20.27	-8.672	-16.038	-111.8
20.28	-8.686	-10.998	-95.7
20.29	-8.698	-6.761	-84.5
20.3	-8.707	-3.695	-100.2
20.31	-8.713	-2.066	-93.2
20.32	-8.717	-1.931	-78.4
20.33	-8.721	-3.331	-77.0
20.34	-8.725	-5.888	-95.7
20.35	-8.729	-8.989	-111.9
20.36	-8.732	-12.180	-89.5
20.37	-8.736	-15.002	-59.4
20.38	-8.741	-17.466	-52.8
20.39	-8.746	-19.850	-56.6
20.4	-8.754	-21.998	-59.5
20.41	-8.765	-23.770	-72.9
20.42	-8.775	-25.059	-50.8
20.43	-8.785	-25.719	12.0
20.44	-8.794	-26.045	49.7
20.45	-8.800	-26.119	54.4
20.46	-8.804	-25.909	-6.3
20.47	-8.808	-25.598	-79.6
20.48	-8.810	-25.241	-72.0
20.49	-8.813	-24.755	-57.1
20.5	-8.818	-24.144	-63.6
20.51	-8.822	-23.475	-36.7
20.52	-8.826	-22.836	11.8
20.53	-8.822	-22.098	86.3
20.54	-8.815	-21.145	286.6
20.55	-8.803	-20.267	531.3
20.56	-8.781	-19.666	467.3
20.57	-8.751	-19.369	146.8
20.58	-8.720	-19.147	-39.4
20.59	-8.691	-18.822	-48.6
20.6	-8.664	-18.550	-40.7
20.61	-8.641	-18.336	-58.7
20.62	-8.617	-17.950	-56.5
20.63	-8.593	-17.086	-38.3
20.64	-8.569	-15.758	-29.0
20.65	-8.548	-14.331	-13.4
20.66	-8.531	-12.730	4.7
20.67	-8.519	-9.495	3.2
20.68	-8.511	-1.395	5.2
20.69	-8.506	14.302	34.6
20.7	-8.503	33.859	60.0
20.71	-8.500	47.084	74.3
20.72	-8.497	50.895	102.3
20.73	-8.492	51.127	132.3
20.74	-8.488	51.139	165.3
20.75	-8.483	51.138	190.1
20.76	-8.479	51.128	184.8
20.77	-8.476	50.586	183.3
20.78	-8.471	46.191	177.7
20.79	-8.466	34.800	125.7
20.8	-8.461	19.711	54.0
20.81	-8.456	6.097	-4.4
20.82	-8.451	-4.237	-76.2
20.83	-8.448	-11.150	-117.1
20.84	-8.449	-15.219	-109.6
20.85	-8.453	-17.248	-115.0
20.86	-8.457	-18.197	-125.0
20.87	-8.461	-19.044	-124.7
20.88	-8.464	-20.489	-110.1
20.89	-8.466	-23.109	-101.1
20.9	-8.467	-27.053	-114.0
20.91	-8.467	-31.533	-114.9
20.92	-8.469	-35.194	-107.2
20.93	-8.472	-36.877	-108.0
20.94	-8.478	-36.103	-106.4
20.95	-8.483	-33.136	-107.4
20.96	-8.489	-28.569	-91.0
20.97	-8.494	-22.873	-80.3
20.98	-8.496	-16.567	-100.7
20.99	-8.494	-10.403	-106.9
21.0	-8.491	-5.011	-81.3
21.01	-8.486	-0.881	-81.3
21.02	-8.480	1.630	-91.7
21.03	-8.474	2.541	-69.1
21.04	-8.469	1.889	-62.8
21.05	-8.465	-0.270	-67.8
21.06	-8.463	-3.459	-74.5
21.07	-8.462	-7.245	-97.7
21.08	-8.461	-11.473	-96.0
21.09	-8.459	-15.720	-62.9
21.1	-8.457	-19.411	-57.9
21.11	-8.456	-22.392	-48.7
21.12	-8.456	-24.700	13.5
21.13	-8.455	-26.209	40.0
21.14	-8.452	-27.022	-7.5
21.15	-8.447	-27.500	-56.7
21.16	-8.441	-27.702	-76.4
21.17	-8.434	-27.539	-86.5
21.18	-8.424	-27.158	-94.8
21.19	-8.415	-26.552	-91.4
21.2	-8.405	-25.464	-66.8
21.21	-8.394	-24.023	-20.0
21.22	-8.379	-22.752	99.1
21.23	-8.367	-21.847	371.8
21.24	-8.363	-21.202	584.2
21.25	-8.361	-20.739	403.1
21.26	-8.359	-20.323	73.8
21.27	-8.359	-19.814	-62.5
21.28	-8.358	-19.277	-77.1
21.29	-8.357	-18.791	-72.8
21.3	-8.356	-18.494	-78.4
21.31	-8.356	-18.372	-92.5
21.32	-8.354	-17.742	-83.4
21.33	-8.353	-16.508	-49.3
21.34	-8.352	-15.173	-32.0
21.35	-8.352	-13.116	-10.4
21.36	-8.353	-7.950	-27.1
21.37	-8.353	3.738	-39.2
21.38	-8.354	22.592	23.1
21.39	-8.353	40.853	48.5
21.4	-8.352	49.625	58.3
21.41	-8.351	51.100	95.2
21.42	-8.348	51.134	122.1
21.43	-8.344	51.139	131.5
21.44	-8.341	51.136	165.0
21.45	-8.337	51.113	193.3
21.46	-8.334	50.103	163.5
21.47	-8.333	44.098	131.8
21.48	-8.334	31.367	88.9
21.49	-8.337	17.047	10.2
21.5	-8.341	5.627	-41.8
21.51	-8.344	-2.453	-83.3
21.52	-8.347	-7.823	-132.4
21.53	-8.351	-11.323	-138.1
21.54	-8.355	-13.794	-129.6
21.55	-8.358	-15.977	-140.3
21.56	-8.361	-18.336	-149.2
21.57	-8.364	-21.406	-148.7
21.58	-8.365	-25.784	-124.9
21.59	-8.363	-31.488	-104.4
21.6	-8.360	-37.434	-127.8
21.61	-8.358	-41.491	-138.1
21.62	-8.357	-42.384	-115.2
21.63	-8.358	-40.683	-122.6
21.64	-8.359	-37.227	-112.0
21.65	-8.361	-32.525	-74.5
21.66	-8.364	-27.008	-89.4
21.67	-8.366	-20.764	-115.3
21.68	-8.368	-14.375	-105.8
21.69	-8.368	-8.947	-101.0
21.7	-8.367	-4.984	-108.8
21.71	-8.366	-2.623	-86.0
21.72	-8.365	-1.956	-72.6
21.73	-8.365	-2.928	-101.2
21.74	-8.365	-5.372	-90.0
21.75	-8.366	-8.825	-61.8
21.76	-8.367	-12.609	-91.3
21.77	-8.368	-16.417	-112.9
21.78	-8.369	-20.028	-86.2
21.79	-8.371	-23.134	-74.2
21.8	-8.371	-25.730	-82.4
21.81	-8.372	-27.945	-74.8
21.82	-8.374	-29.730	-68.8
21.83	-8.377	-30.830	-76.1
21.84	-8.379	-31.144	-56.8
21.85	-8.381	-31.014	-33.0
21.86	-8.380	-30.716	-16.3
21.87	-8.378	-30.336	2.3
21.88	-8.377	-30.053	-3.3
21.89	-8.376	-29.823	-8.1
21.9	-8.375	-29.325	-37.9
21.91	-8.375	-28.578	-82.4
21.92	-8.376	-27.938	-85.6
21.93	-8.377	-27.155	-84.7
21.94	-8.380	-26.141	-80.2
21.95	-8.381	-25.300	-50.2
21.96	-8.378	-24.458	29.9
21.97	-8.375	-23.398	245.3
21.98	-8.376	-22.370	542.8
21.99	-8.377	-21.633	578.9
22.0	-8.376	-21.269	248.1
22.01	-8.374	-21.305	-35.3
22.02	-8.371	-21.872	-85.9
22.03	-8.366	-22.794	-74.2
22.04	-8.361	-23.483	-67.8
22.05	-8.358	-23.664	-65.9
22.06	-8.355	-23.134	-73.3
22.07	-8.352	-21.816	-78.5
22.08	-8.349	-20.052	-61.3
22.09	-8.348	-17.192	-37.9
22.1	-8.348	-10.613	-19.3
22.11	-8.348	3.136	-1.8
22.12	-8.347	23.950	11.7
22.13	-8.345	42.392	21.3
22.14	-8.343	50.111	25.5
22.15	-8.340	51.119	71.3
22.16	-8.336	51.138	127.0
22.17	-8.330	51.139	139.5
22.18	-8.324	51.139	161.5
22.19	-8.320	51.128	190.1
22.2	-8.317	50.695	176.8
22.21	-8.315	46.586	144.5
22.22	-8.314	35.203	130.4
22.23	-8.315	19.902	74.4
22.24	-8.315	6.823	-25.2
22.25	-8.316	-2.488	-85.5
22.26	-8.317	-9.150	-105.7
22.27	-8.319	-13.880	-131.6
22.28	-8.322	-17.159	-160.3
22.29	-8.323	-19.638	-154.8
22.3	-8.323	-21.984	-137.8
22.31	-8.324	-25.166	-140.9
22.32	-8.327	-29.681	-146.5
22.33	-8.329	-35.164	-164.0
22.34	-8.330	-40.541	-165.1
22.35	-8.330	-44.441	-133.7
22.36	-8.330	-45.992	-115.9
22.37	-8.330	-45.066	-112.8
22.38	-8.331	-42.006	-122.1
22.39	-8.331	-37.486	-135.2
22.4	-8.332	-32.125	-133.4
22.41	-8.334	-26.223	-136.7
22.42	-8.336	-20.070	-130.3
22.43	-8.336	-14.233	-96.8
22.44	-8.336	-9.531	-81.9
22.45	-8.336	-6.506	-96.2
22.46	-8.335	-5.172	-115.4
22.47	-8.335	-5.395	-137.7
22.48	-8.334	-6.970	-125.2
22.49	-8.334	-9.522	-99.8
22.5	-8.334	-12.597	-94.3
22.51	-8.334	-15.986	-81.9
22.52	-8.334	-19.625	-87.9
22.53	-8.336	-23.245	-99.2
22.54	-8.339	-26.506	-112.9
22.55	-8.342	-29.097	-101.0
22.56	-8.348	-30.858	-57.4
22.57	-8.356	-31.956	-38.2
22.58	-8.367	-32.566	5.3
22.59	-8.381	-32.783	26.4
22.6	-8.400	-32.950	-20.1
22.61	-8.421	-33.239	-56.4
22.62	-8.443	-33.322	-103.0
22.63	-8.463	-32.830	-138.3
22.64	-8.481	-31.716	-109.7
22.65	-8.498	-30.347	-77.0
22.66	-8.514	-29.123	-49.8
22.67	-8.525	-28.100	-2.3
22.68	-8.533	-27.375	166.5
22.69	-8.541	-27.152	514.2
22.7	-8.550	-27.223	669.8
22.71	-8.556	-27.098	349.6
22.72	-8.562	-26.673	0.8
22.73	-8.568	-26.366	-64.6
22.74	-8.573	-26.414	-64.5
22.75	-8.576	-26.625	-87.7
22.76	-8.578	-26.870	-99.2
22.77	-8.578	-26.947	-73.3
22.78	-8.574	-26.406	-29.4
22.79	-8.571	-25.030	-38.0
22.8	-8.569	-22.866	-48.8
22.81	-8.570	-19.117	-25.2
22.82	-8.574	-10.795	7.2
22.83	-8.579	5.856	16.3
22.84	-8.584	28.430	12.2
22.85	-8.590	45.222	49.5
22.86	-8.597	50.678	99.8
22.87	-8.605	51.119	127.8
22.88	-8.613	51.139	143.3
22.89	-8.620	51.139	182.3
22.9	-8.627	51.134	213.0
22.91	-8.636	51.081	218.8
22.92	-8.646	49.531	205.0
22.93	-8.654	41.686	135.9
22.94	-8.661	26.464	62.5
22.95	-8.664	10.263	6.8
22.96	-8.665	-2.463	-45.4
22.97	-8.664	-11.630	-79.3
22.98	-8.665	-17.770	-97.4
22.99	-8.667	-21.641	-131.6
23.0	-8.669	-24.289	-144.2
23.01	-8.671	-26.591	-118.7
23.02	-8.674	-29.181	-117.9
23.03	-8.677	-32.802	-127.4
23.04	-8.679	-37.875	-121.7
23.05	-8.679	-43.758	-129.8
23.06	-8.681	-48.531	-135.3
23.07	-8.683	-50.673	-113.5
23.08	-8.686	-50.308	-99.3
23.09	-8.689	-47.327	-92.0
23.1	-8.693	-41.636	-93.9
23.11	-8.696	-34.089	-94.5
23.12	-8.699	-25.655	-86.9
23.13	-8.699	-17.628	-100.7
23.14	-8.697	-10.730	-96.4
23.15	-8.691	-5.213	-75.9
23.16	-8.681	-1.728	-77.1
23.17	-8.666	-0.352	-89.1
23.18	-8.649	-0.802	-75.1
23.19	-8.631	-2.933	-61.4
23.2	-8.615	-6.252	-70.8
23.21	-8.601	-10.248	-64.7
23.22	-8.591	-14.570	-77.0
23.23	-8.583	-18.736	-86.8
23.24	-8.578	-22.394	-49.6
23.25	-8.573	-25.375	-25.4
23.26	-8.570	-27.516	-16.1
23.27	-8.568	-29.025	10.2
23.28	-8.566	-30.217	2.3
23.29	-8.565	-30.889	-26.3
23.3	-8.563	-30.980	-56.0
23.31	-8.561	-30.792	-77.3
23.32	-8.560	-30.528	-72.1
23.33	-8.563	-30.281	-93.5
23.34	-8.569	-30.078	-97.2
23.35	-8.574	-29.903	-27.3
23.36	-8.573	-29.705	90.0
23.37	-8.571	-29.375	316.9
23.38	-8.574	-28.925	547.8
23.39	-8.577	-28.445	464.8
23.4	-8.576	-28.034	154.7
23.41	-8.575	-27.831	-42.3
23.42	-8.577	-27.767	-71.2
23.43	-8.580	-27.667	-62.3
23.44	-8.583	-27.494	-65.8
23.45	-8.584	-27.127	-49.2
23.46	-8.585	-26.259	-49.5
23.47	-8.585	-24.797	-53.2
23.48	-8.586	-23.000	-29.2
23.49	-8.588	-20.720	-10.4
23.5	-8.591	-16.192	8.2
23.51	-8.593	-5.881	11.6
23.52	-8.596	12.844	13.5
23.53	-8.597	34.542	41.8
23.54	-8.598	47.747	73.8
23.55	-8.598	50.983	104.3
23.56	-8.595	51.131	115.3
23.57	-8.592	51.139	147.8
23.58	-8.589	51.139	220.0
23.59	-8.587	51.125	228.0
23.6	-8.587	50.738	188.3
23.61	-8.591	46.648	161.8
23.62	-8.597	34.733	113.3
23.63	-8.604	18.286	17.6
23.64	-8.611	3.861	-47.2
23.65	-8.616	-6.561	-53.3
23.66	-8.619	-13.684	-82.2
23.67	-8.624	-18.559	-116.3
23.68	-8.626	-22.100	-124.1
23.69	-8.625	-25.175	-151.5
23.7	-8.629	-28.497	-156.8
23.71	-8.638	-32.573	-117.3
23.72	-8.651	-37.780	-103.5
23.73	-8.668	-43.798	-113.1
23.74	-8.684	-48.691	-119.7
23.75	-8.700	-50.809	-133.3
23.76	-8.715	-51.128	-130.5
23.77	-8.730	-50.827	-102.5
23.78	-8.744	-48.316	-87.6
23.79	-8.757	-42.245	-90.5
23.8	-8.766	-34.798	-101.3
23.81	-8.773	-27.641	-107.6
23.82	-8.777	-20.789	-87.8
23.83	-8.779	-14.727	-69.0
23.84	-8.779	-9.825	-76.8
23.85	-8.778	-6.680	-89.8
23.86	-8.777	-5.717	-76.9
23.87	-8.776	-6.578	-80.2
23.88	-8.774	-8.761	-95.8
23.89	-8.772	-12.002	-85.6
23.9	-8.770	-15.948	-80.6
23.91	-8.769	-19.891	-74.8
23.92	-8.769	-23.356	-70.1
23.93	-8.769	-26.400	-56.1
23.94	-8.771	-28.734	-40.0
23.95	-8.774	-30.169	-50.0
23.96	-8.777	-31.202	-44.6
23.97	-8.781	-32.092	-27.4
23.98	-8.781	-32.528	2.0
23.99	-8.779	-32.444	26.7
24.0	-8.772	-31.989	-2.3
24.01	-8.759	-31.123	-26.3
24.02	-8.743	-30.183	-43.5
24.03	-8.724	-29.597	-77.4
24.04	-8.704	-28.992	-86.4
24.05	-8.688	-28.045	-78.3
24.06	-8.675	-26.892	-40.3
24.07	-8.663	-25.645	22.2
24.08	-8.650	-24.420	138.8
24.09	-8.639	-23.178	393.9
24.1	-8.631	-22.066	533.7
24.11	-8.621	-21.345	327.2
24.12	-8.611	-20.883	63.7
24.13	-8.602	-20.586	-41.7
24.14	-8.594	-20.547	-64.2
24.15	-8.586	-20.816	-72.0
24.16	-8.576	-21.209	-68.0
24.17	-8.561	-21.138	-54.2
24.18	-8.544	-20.422	-39.2
24.19	-8.530	-19.459	-27.6
24.2	-8.520	-18.234	-30.2
24.21	-8.514	-15.672	-35.6
24.22	-8.511	-8.972	-21.1
24.23	-8.509	5.666	1.5
24.24	-8.508	27.059	9.8
24.25	-8.506	44.289	31.1
24.26	-8.502	50.500	72.8
24.27	-8.498	51.119	103.3
24.28	-8.496	51.139	118.5
24.29	-8.496	51.139	136.2
24.3	-8.495	51.136	164.6
24.31	-8.495	51.102	178.0
24.32	-8.496	49.873	159.2
24.33	-8.496	42.936	135.5
24.34	-8.498	28.544	90.1
24.35	-8.498	12.620	19.3
24.36	-8.498	0.188	-42.4
24.37	-8.496	-8.570	-93.5
24.38	-8.492	-14.620	-104.2
24.39	-8.492	-18.756	-109.4
24.4	-8.496	-21.859	-128.5
24.41	-8.501	-25.042	-112.8
24.42	-8.504	-29.144	-107.6
24.43	-8.505	-34.370	-129.5
24.44	-8.502	-40.494	-129.6
24.45	-8.498	-46.395	-103.5
24.46	-8.495	-50.023	-84.5
24.47	-8.493	-51.059	-100.4
24.48	-8.492	-51.034	-118.1
24.49	-8.491	-49.745	-113.8
24.5	-8.491	-45.234	-87.8
24.51	-8.490	-37.550	-60.1
24.52	-8.488	-28.841	-71.3
24.53	-8.486	-20.670	-86.8
24.54	-8.482	-13.892	-91.2
24.55	-8.477	-8.958	-92.0
24.56	-8.471	-5.944	-80.3
24.57	-8.465	-4.902	-77.8
24.58	-8.458	-5.808	-78.2
24.59	-8.452	-8.300	-56.3
24.6	-8.446	-11.853	-61.4
24.61	-8.442	-16.025	-92.2
24.62	-8.438	-20.391	-78.9
24.63	-8.433	-24.398	-62.8
24.64	-8.429	-27.659	-63.3
24.65	-8.423	-30.183	-62.4
24.66	-8.418	-32.105	-57.9
24.67	-8.410	-33.466	-42.7
24.68	-8.400	-34.216	-54.0
24.69	-8.388	-34.377	-58.8
24.7	-8.376	-34.055	-21.1
24.71	-8.367	-33.386	8.0
24.72	-8.361	-32.573	21.2
24.73	-8.357	-31.722	5.3
24.74	-8.355	-30.780	-48.5
24.75	-8.354	-29.775	-71.2
24.76	-8.354	-28.739	-57.8
24.77	-8.354	-27.597	-80.0
24.78	-8.354	-26.420	-99.2
24.79	-8.351	-25.403	-59.8
24.8	-8.344	-24.489	10.9
24.81	-8.337	-23.586	169.4
24.82	-8.335	-22.808	460.3
24.83	-8.338	-22.205	598.4
24.84	-8.338	-21.672	330.5
24.85	-8.338	-21.366	8.0
24.86	-8.338	-21.578	-86.0
24.87	-8.336	-22.311	-84.0
24.88	-8.334	-23.445	-69.7
24.89	-8.332	-24.650	-77.7
24.9	-8.329	-25.248	-86.1
24.91	-8.325	-24.844	-65.2
24.92	-8.321	-23.595	-46.3
24.93	-8.319	-21.583	-42.4
24.94	-8.318	-17.428	-29.2
24.95	-8.319	-7.575	-14.2
24.96	-8.322	10.730	-4.5
24.97	-8.326	32.745	9.4
24.98	-8.332	47.056	36.2
24.99	-8.338	50.928	67.8
25.0	-8.344	51.130	91.3
25.01	-8.349	51.139	123.2
25.02	-8.353	51.138	142.9
25.03	-8.355	51.125	150.3
25.04	-8.358	50.453	172.9
25.05	-8.361	45.258	171.8
25.06	-8.364	32.459	130.0
25.07	-8.367	16.486	49.5
25.08	-8.371	2.848	-32.5
25.09	-8.376	-7.375	-59.1
25.1	-8.381	-14.588	-89.8
25.11	-8.387	-19.373	-124.2
25.12	-8.394	-22.353	-120.4
25.13	-8.401	-24.355	-119.7
25.14	-8.409	-26.464	-136.1
25.15	-8.416	-29.489	-147.2
25.16	-8.422	-33.336	-140.9
25.17	-8.426	-36.734	-128.4
25.18	-8.429	-39.617	-103.3
25.19	-8.431	-43.216	-101.5
25.2	-8.433	-45.969	-122.4
25.21	-8.435	-45.848	-126.9
25.22	-8.439	-43.294	-127.2
25.23	-8.444	-39.066	-101.2
25.24	-8.449	-33.902	-85.6
25.25	-8.454	-28.538	-96.9
25.26	-8.458	-23.478	-83.6
25.27	-8.461	-19.177	-85.5
25.28	-8.462	-15.702	-106.3
25.29	-8.461	-13.164	-100.2
25.3	-8.457	-11.897	-99.9
25.31	-8.454	-12.183	-90.6
25.32	-8.450	-14.114	-71.5
25.33	-8.447	-17.217	-80.8
25.34	-8.445	-20.866	-81.3
25.35	-8.443	-24.750	-95.3
25.36	-8.439	-28.442	-90.4
25.37	-8.435	-31.527	-74.2
25.38	-8.429	-34.052	-104.3
25.39	-8.422	-36.231	-83.1
25.4	-8.416	-37.875	-50.8
25.41	-8.409	-38.603	-73.8
25.42	-8.402	-38.558	-87.0
25.43	-8.396	-38.148	-83.8
25.44	-8.391	-37.563	-57.8
25.45	-8.388	-36.895	-65.7
25.46	-8.384	-36.325	-93.4
25.47	-8.381	-35.948	-76.8
25.48	-8.379	-35.641	-48.1
25.49	-8.379	-35.139	-28.4
25.5	-8.381	-34.344	-34.5
25.51	-8.381	-33.337	-31.4
25.52	-8.377	-32.161	5.2
25.53	-8.373	-30.905	30.0
25.54	-8.369	-29.864	18.3
25.55	-8.367	-29.175	-21.3
25.56	-8.364	-28.316	-61.0
25.57	-8.360	-27.128	-73.2
25.58	-8.355	-26.116	-72.0
25.59	-8.352	-25.348	-76.7
25.6	-8.349	-24.783	-69.8
25.61	-8.344	-24.355	-11.7
25.62	-8.336	-23.902	125.3
25.63	-8.329	-23.666	380.7
25.64	-8.327	-23.634	618.9
25.65	-8.326	-23.664	480.8
25.66	-8.324	-23.966	117.7
25.67	-8.324	-24.436	-44.4
25.68	-8.324	-25.078	-73.3
25.69	-8.323	-25.823	-91.8
25.7	-8.322	-26.130	-77.7
25.71	-8.321	-25.919	-44.1
25.72	-8.318	-25.452	-31.3
25.73	-8.316	-24.659	-53.5
25.74	-8.315	-23.186	-62.4
25.75	-8.316	-19.761	-48.7
25.76	-8.319	-11.292	-24.3
25.77	-8.321	5.463	12.3
25.78	-8.321	27.872	34.5
25.79	-8.320	44.791	46.5
25.8	-8.318	50.580	79.4
25.81	-8.315	51.122	94.7
25.82	-8.313	51.139	91.8
25.83	-8.310	51.138	124.7
25.84	-8.308	51.125	184.1
25.85	-8.307	50.325	214.6
25.86	-8.306	44.756	190.7
25.87	-8.306	31.806	156.2
25.88	-8.308	16.383	122.9
25.89	-8.309	3.470	61.2
25.9	-8.311	-6.523	-23.7
25.91	-8.311	-13.744	-87.8
25.92	-8.313	-18.511	-102.7
25.93	-8.315	-21.655	-115.1
25.94	-8.317	-23.706	-144.1
25.95	-8.317	-25.406	-146.1
25.96	-8.318	-27.739	-135.6
25.97	-8.318	-31.005	-139.2
25.98	-8.318	-35.198	-142.5
25.99	-8.315	-39.906	-140.3
26.0	-8.311	-44.031	-130.1
26.01	-8.304	-46.334	-115.0
26.02	-8.295	-46.198	-109.6
26.03	-8.284	-43.969	-124.3
26.04	-8.270	-40.291	-120.1
26.05	-8.254	-35.600	-102.1
26.06	-8.238	-30.469	-106.6
26.07	-8.220	-25.408	-99.6
26.08	-8.202	-20.597	-90.5
26.09	-8.186	-16.403	-100.8
26.1	-8.171	-13.350	-124.6
26.11	-8.158	-11.767	-136.7
26.12	-8.146	-11.525	-118.8
26.13	-8.136	-12.253	-117.3
26.14	-8.127	-13.689	-112.7
26.15	-8.119	-15.722	-96.7
26.16	-8.112	-18.430	-94.9
26.17	-8.106	-21.619	-108.7
26.18	-8.101	-24.598	-137.3
26.19	-8.098	-26.928	-111.4
26.2	-8.095	-28.708	-59.2
26.21	-8.093	-30.094	-63.6
26.22	-8.092	-31.084	-93.5
26.23	-8.093	-31.673	-94.4
26.24	-8.094	-32.063	-79.1
26.25	-8.095	-32.231	-70.7
26.26	-8.098	-32.028	-37.1
26.27	-8.102	-31.738	-15.5
26.28	-8.108	-31.527	-12.2
26.29	-8.116	-31.247	21.8
26.3	-8.125	-30.747	20.7
26.31	-8.135	-30.038	-47.5
26.32	-8.144	-29.188	-85.7
26.33	-8.154	-28.233	-73.3
26.34	-8.166	-27.316	-74.4
26.35	-8.179	-26.455	-67.1
26.36	-8.192	-25.497	-45.2
26.37	-8.203	-24.494	0.7
26.38	-8.213	-23.658	178.3
26.39	-8.227	-23.080	510.8
26.4	-8.245	-22.742	677.7
26.41	-8.263	-22.517	411.8
26.42	-8.279	-22.428	63.6
26.43	-8.294	-22.675	-53.2
26.44	-8.309	-23.230	-62.3
26.45	-8.323	-23.838	-82.4
26.46	-8.339	-24.259	-92.0
26.47	-8.354	-24.270	-63.0
26.48	-8.370	-23.666	-26.7
26.49	-8.384	-22.681	-17.3
26.5	-8.398	-21.675	-19.3
26.51	-8.415	-19.761	-22.5
26.52	-8.434	-14.191	-14.9
26.53	-8.456	-1.539	28.4
26.54	-8.479	18.556	70.8
26.55	-8.505	38.503	86.3
26.56	-8.531	48.922	103.3
26.57	-8.554	51.058	128.9
26.58	-8.571	51.134	146.8
26.59	-8.581	51.136	173.6
26.6	-8.589	51.086	210.9
26.61	-8.595	49.677	235.9
26.62	-8.600	42.592	220.0
26.63	-8.603	28.458	176.6
26.64	-8.604	12.331	122.8
26.65	-8.603	-1.439	28.5
26.66	-8.599	-11.773	-45.9
26.67	-8.593	-18.808	-84.7
26.68	-8.588	-22.938	-103.3
26.69	-8.582	-24.702	-103.3
26.7	-8.575	-25.169	-125.1
26.71	-8.568	-25.459	-145.5
26.72	-8.561	-26.259	-148.9
26.73	-8.554	-28.113	-146.2
26.74	-8.545	-31.231	-129.5
26.75	-8.536	-34.911	-114.6
26.76	-8.527	-37.931	-110.7
26.77	-8.519	-39.263	-124.4
26.78	-8.516	-38.372	-135.8
26.79	-8.514	-35.445	-124.4
26.8	-8.515	-31.139	-106.4
26.81	-8.516	-25.983	-97.9
26.82	-8.518	-20.227	-106.2
26.83	-8.516	-14.167	-113.8
26.84	-8.512	-8.764	-95.8
26.85	-8.504	-4.855	-83.7
26.86	-8.493	-2.458	-98.0
26.87	-8.479	-1.680	-100.4
26.88	-8.465	-2.555	-90.0
26.89	-8.451	-4.813	-86.8
26.9	-8.437	-8.114	-86.8
26.91	-8.425	-11.953	-88.2
26.92	-8.416	-15.856	-99.5
26.93	-8.408	-19.520	-87.5
26.94	-8.402	-22.681	-56.2
26.95	-8.397	-25.119	-60.8
26.96	-8.394	-26.872	-81.6
26.97	-8.391	-28.098	-69.6
26.98	-8.389	-28.869	-36.9
26.99	-8.387	-29.236	-22.3
27.0	-8.384	-29.264	9.5
27.01	-8.381	-28.997	39.3
27.02	-8.377	-28.566	-2.2
27.03	-8.373	-28.094	-65.8
27.04	-8.369	-27.544	-82.5
27.05	-8.364	-26.933	-77.8
27.06	-8.361	-26.291	-84.4
27.07	-8.359	-25.466	-72.4
27.08	-8.356	-24.486	-34.5
27.09	-8.349	-23.630	44.1
27.1	-8.342	-22.978	248.4
27.11	-8.341	-22.394	513.2
27.12	-8.343	-21.855	539.3
27.13	-8.344	-21.423	261.8
27.14	-8.342	-21.167	-9.5
27.15	-8.340	-21.227	-92.7
27.16	-8.339	-21.575	-65.0
27.17	-8.339	-22.053	-44.3
27.18	-8.338	-22.575	-55.8
27.19	-8.336	-22.877	-65.3
27.2	-8.336	-22.611	-59.2
27.21	-8.341	-21.819	-47.6
27.22	-8.351	-20.556	-29.0
27.23	-8.369	-17.942	0.7
27.24	-8.393	-11.570	17.1
27.25	-8.421	1.453	15.8
27.26	-8.451	21.080	26.2
27.27	-8.478	39.886	64.7
27.28	-8.497	49.298	102.7
27.29	-8.508	51.077	123.5
27.3	-8.515	51.134	139.3
27.31	-8.521	51.136	182.3
27.32	-8.527	51.080	225.8
27.33	-8.533	49.566	215.4
27.34	-8.539	42.192	178.8
27.35	-8.548	27.834	140.6
27.36	-8.557	11.850	96.1
27.37	-8.566	-1.894	20.9
27.38	-8.574	-12.838	-54.9
27.39	-8.588	-20.528	-107.6
27.4	-8.607	-24.753	-134.4
27.41	-8.630	-25.931	-121.3
27.42	-8.651	-25.397	-110.7
27.43	-8.666	-25.486	-104.1
27.44	-8.675	-27.133	-107.6
27.45	-8.679	-30.147	-127.8
27.46	-8.684	-34.306	-129.8
27.47	-8.687	-38.722	-110.5
27.48	-8.688	-42.150	-99.1
27.49	-8.688	-43.167	-99.5
27.5	-8.686	-41.413	-97.6
27.51	-8.686	-37.523	-97.8
27.52	-8.686	-32.228	-76.4
27.53	-8.688	-26.069	-65.6
27.54	-8.691	-19.341	-82.8
27.55	-8.691	-12.788	-91.1
27.56	-8.687	-7.014	-76.8
27.57	-8.681	-2.206	-50.1
27.58	-8.674	0.977	-50.7
27.59	-8.664	2.200	-67.9
27.6	-8.649	1.591	-84.7
27.61	-8.632	-0.703	-92.5
27.62	-8.614	-4.075	-71.3
27.63	-8.598	-7.834	-60.3
27.64	-8.586	-11.627	-71.0
27.65	-8.576	-15.266	-76.7
27.66	-8.568	-18.650	-76.7
27.67	-8.561	-21.453	-53.4
27.68	-8.554	-23.481	-28.5
27.69	-8.547	-24.864	-27.5
27.7	-8.537	-25.520	-3.8
27.71	-8.525	-25.722	8.9
27.72	-8.510	-25.700	-25.9
27.73	-8.493	-25.363	-55.3
27.74	-8.476	-24.841	-73.8
27.75	-8.462	-24.234	-89.9
27.76	-8.452	-23.633	-81.3
27.77	-8.447	-23.150	-63.8
27.78	-8.444	-22.720	-43.8
27.79	-8.436	-22.339	21.4
27.8	-8.426	-22.056	203.7
27.81	-8.419	-21.920	462.8
27.82	-8.414	-21.956	478.5
27.83	-8.406	-22.039	185.2
27.84	-8.399	-21.973	-27.8
27.85	-8.393	-21.711	-58.9
27.86	-8.389	-21.477	-66.7
27.87	-8.387	-21.411	-81.3
27.88	-8.382	-21.344	-86.9
27.89	-8.375	-21.056	-70.8
27.9	-8.367	-20.338	-35.8
27.91	-8.360	-19.175	-19.4
27.92	-8.355	-17.722	-31.6
27.93	-8.353	-15.178	-33.2
27.94	-8.353	-8.848	-6.7
27.95	-8.354	4.522	8.5
27.96	-8.354	24.413	41.8
27.97	-8.353	42.178	93.5
27.98	-8.348	49.984	100.5
27.99	-8.342	51.120	100.6
28.0	-8.336	51.136	139.2
28.01	-8.332	51.138	161.6
28.02	-8.329	51.127	141.4
28.03	-8.328	50.527	158.2
28.04	-8.328	45.708	192.8
28.05	-8.327	33.419	162.7
28.06	-8.326	17.505	81.1
28.07	-8.324	3.364	-16.0
28.08	-8.321	-7.528	-69.5
28.09	-8.319	-15.128	-87.9
28.1	-8.321	-19.692	-126.1
28.11	-8.323	-21.716	-128.3
28.12	-8.325	-22.233	-98.5
28.13	-8.326	-22.525	-103.8
28.14	-8.328	-23.741	-110.4
28.15	-8.329	-26.727	-106.6
28.16	-8.329	-31.422	-120.5
28.17	-8.330	-36.697	-140.7
28.18	-8.332	-40.880	-128.7
28.19	-8.335	-42.716	-91.4
28.2	-8.338	-41.952	-74.2
28.21	-8.342	-38.873	-97.4
28.22	-8.345	-33.977	-111.4
28.23	-8.348	-28.063	-80.9
28.24	-8.349	-21.975	-65.8
28.25	-8.351	-16.163	-97.7
28.26	-8.351	-10.847	-113.9
28.27	-8.351	-6.423	-76.6
28.28	-8.349	-3.391	-43.2
28.29	-8.346	-2.133	-64.7
28.3	-8.341	-2.641	-96.0
28.31	-8.336	-4.603	-105.9
28.32	-8.331	-7.672	-86.2
28.33	-8.325	-11.425	-48.0
28.34	-8.319	-15.247	-51.6
28.35	-8.313	-18.589	-60.3
28.36	-8.307	-21.367	-50.5
28.37	-8.301	-23.666	-30.7
28.38	-8.297	-25.403	-12.3
28.39	-8.294	-26.488	-19.0
28.4	-8.293	-26.916	-20.4
28.41	-8.293	-26.872	-30.3
28.42	-8.293	-26.747	-51.3
28.43	-8.294	-26.550	-88.6
28.44	-8.296	-26.019	-120.3
28.45	-8.299	-25.317	-91.4
28.46	-8.304	-24.636	-65.4
28.47	-8.307	-24.042	-43.0
28.48	-8.306	-23.727	61.1
28.49	-8.306	-23.655	316.4
28.5	-8.312	-23.553	571.7
28.51	-8.317	-23.248	430.1
28.52	-8.320	-22.975	65.2
28.53	-8.322	-23.091	-81.0
28.54	-8.325	-23.438	-92.7
28.55	-8.326	-23.694	-101.6
28.56	-8.325	-23.855	-104.1
28.57	-8.321	-23.820	-83.8
28.58	-8.316	-23.425	-54.9
28.59	-8.309	-22.603	-72.2
28.6	-8.305	-21.248	-77.5
28.61	-8.303	-18.781	-71.3
28.62	-8.304	-12.997	-49.7
28.63	-8.306	-0.541	-7.4
28.64	-8.309	19.181	-1.9
28.65	-8.310	38.789	5.6
28.66	-8.311	48.998	42.1
28.67	-8.311	51.059	84.0
28.68	-8.311	51.134	106.9
28.69	-8.310	51.139	125.4
28.7	-8.309	51.130	147.7
28.71	-8.308	50.966	165.8
28.72	-8.308	48.247	183.8
28.73	-8.309	38.669	137.3
28.74	-8.310	23.678	50.4
28.75	-8.311	9.150	-15.7
28.76	-8.312	-2.411	-63.2
28.77	-8.313	-10.823	-80.3
28.78	-8.316	-16.359	-92.7
28.79	-8.321	-19.744	-123.4
28.8	-8.326	-21.697	-162.8
28.81	-8.332	-23.114	-156.4
28.82	-8.341	-24.839	-127.1
28.83	-8.354	-27.475	-126.0
28.84	-8.370	-31.444	-137.2
28.85	-8.386	-36.197	-155.9
28.86	-8.402	-40.478	-119.8
28.87	-8.420	-43.267	-85.7
28.88	-8.437	-43.864	-113.3
28.89	-8.454	-42.253	-121.8
28.9	-8.470	-39.048	-113.0
28.91	-8.486	-34.786	-103.3
28.92	-8.499	-29.886	-116.9
28.93	-8.510	-24.786	-128.6
28.94	-8.519	-19.944	-98.1
28.95	-8.524	-15.880	-86.1
28.96	-8.526	-13.198	-82.3
28.97	-8.527	-12.348	-85.5
28.98	-8.527	-13.789	-100.3
28.99	-8.527	-18.414	-110.5
29.0	-8.526	-24.458	-103.9
29.01	-8.524	-28.480	-73.9
29.02	-8.519	-30.594	-57.5
29.03	-8.512	-32.016	-63.1
29.04	-8.503	-32.689	-91.8
29.05	-8.492	-32.663	-99.6
29.06	-8.479	-32.075	-67.0
29.07	-8.466	-31.417	-41.5
29.08	-8.455	-31.053	-40.9
29.09	-8.445	-30.759	-56.2
29.1	-8.437	-30.431	-53.7
29.11	-8.430	-30.153	-20.2
29.12	-8.423	-29.984	23.1
29.13	-8.414	-29.738	18.1
29.14	-8.404	-29.134	-22.6
29.15	-8.394	-28.433	-33.3
29.16	-8.386	-28.264	-38.1
29.17	-8.384	-28.589	-72.2
29.18	-8.386	-28.547	-102.8
29.19	-8.389	-27.917	-86.9
29.2	-8.389	-27.061	-48.0
29.21	-8.383	-26.038	8.1
29.22	-8.376	-24.756	173.1
29.23	-8.373	-23.625	463.7
29.24	-8.373	-23.075	589.9
29.25	-8.372	-22.873	340.2
29.26	-8.369	-22.739	28.1
29.27	-8.367	-22.164	-58.0
29.28	-8.366	-21.053	-54.5
29.29	-8.365	-20.142	-79.1
29.3	-8.364	-19.695	-85.1
29.31	-8.362	-19.189	-58.9
29.32	-8.361	-18.106	-34.9
29.33	-8.360	-16.427	-31.1
29.34	-8.360	-14.111	-35.2
29.35	-8.361	-9.695	-34.9
29.36	-8.361	0.069	-10.0
29.37	-8.360	17.514	8.8
29.38	-8.357	37.025	25.0
29.39	-8.354	48.356	59.2
29.4	-8.349	51.016	91.3
29.41	-8.346	51.133	108.2
29.42	-8.342	51.139	116.4
29.43	-8.339	51.131	138.2
29.44	-8.337	50.973	172.1
29.45	-8.335	48.325	196.2
29.46	-8.334	39.019	192.0
29.47	-8.334	24.142	152.5
29.48	-8.334	9.213	68.4
29.49	-8.335	-2.873	-19.6
29.5	-8.337	-11.900	-71.8
29.51	-8.339	-18.173	-107.0
29.52	-8.343	-22.134	-119.3
29.53	-8.347	-24.378	-128.6
29.54	-8.348	-25.422	-150.6
29.55	-8.349	-26.216	-154.8
29.56	-8.353	-27.869	-155.0
29.57	-8.355	-31.044	-164.3
29.58	-8.357	-35.439	-153.1
29.59	-8.356	-39.686	-122.5
29.6	-8.355	-42.667	-105.6
29.61	-8.354	-43.811	-113.1
29.62	-8.353	-42.783	-139.9
29.63	-8.354	-39.842	-157.6
29.64	-8.354	-35.567	-138.8
29.65	-8.356	-30.483	-116.9
29.66	-8.357	-25.072	-105.8
29.67	-8.358	-19.809	-87.1
29.68	-8.359	-15.141	-82.6
29.69	-8.359	-11.513	-101.1
29.7	-8.358	-9.294	-119.7
29.71	-8.356	-8.592	-146.2
29.72	-8.354	-9.067	-143.6
29.73	-8.353	-10.369	-83.9
29.74	-8.352	-12.542	-67.6
29.75	-8.351	-15.558	-96.6
29.76	-8.350	-19.003	-91.6
29.77	-8.351	-22.273	-97.9
29.78	-8.351	-24.970	-119.8
29.79	-8.353	-27.041	-116.3
29.8	-8.354	-28.606	-96.0
29.81	-8.356	-29.869	-70.9
29.82	-8.359	-30.953	-44.8
29.83	-8.363	-31.658	-30.1
29.84	-8.366	-31.886	-26.3
29.85	-8.371	-31.955	-6.1
29.86	-8.377	-31.853	-21.0
29.87	-8.385	-31.231	-74.8
29.88	-8.395	-30.388	-95.0
29.89	-8.408	-29.766	-79.3
29.9	-8.426	-29.244	-71.1
29.91	-8.447	-28.675	-107.0
29.92	-8.469	-28.005	-104.7
29.93	-8.488	-27.184	-19.2
29.94	-8.502	-26.164	137.2
29.95	-8.516	-24.984	422.3
29.96	-8.532	-23.892	644.3
29.97	-8.547	-23.014	455.3
29.98	-8.561	-22.564	69.4
29.99	-8.573	-22.827	-75.3
30.0	-8.586	-23.505	-59.1
30.01	-8.599	-24.127	-66.0
30.02	-8.613	-24.642	-76.6
30.03	-8.624	-25.028	-75.1
30.04	-8.634	-25.078	-45.9
30.05	-8.643	-24.777	-49.7
30.06	-8.652	-24.081	-77.5
30.07	-8.661	-22.188	-24.9
30.08	-8.671	-16.694	20.1
30.09	-8.681	-4.217	13.3
30.1	-8.691	15.734	23.7
30.11	-8.698	36.384	53.2
30.12	-8.704	48.180	89.2
30.13	-8.706	51.003	113.7
30.14	-8.706	51.133	148.3
30.15	-8.704	51.130	177.4
30.16	-8.701	50.967	185.6
30.17	-8.698	48.164	203.1
30.18	-8.695	38.236	192.6
30.19	-8.691	22.395	165.1
30.2	-8.686	6.520	130.7
30.21	-8.678	-6.439	56.7
30.22	-8.666	-15.853	-29.3
30.23	-8.650	-21.791	-88.2
30.24	-8.632	-25.103	-99.5
30.25	-8.614	-26.675	-108.2
30.26	-8.598	-27.250	-122.5
30.27	-8.583	-27.720	-120.7
30.28	-8.574	-28.630	-118.9
30.29	-8.569	-30.202	-112.9
30.3	-8.566	-32.489	-119.2
30.31	-8.564	-35.289	-125.1
30.32	-8.563	-37.878	-112.0
30.33	-8.563	-39.009	-105.2
30.34	-8.564	-37.992	-102.9
30.35	-8.565	-35.125	-107.4
30.36	-8.566	-30.939	-105.6
30.37	-8.568	-25.875	-86.2
30.38	-8.569	-20.569	-85.8
30.39	-8.569	-15.609	-94.9
30.4	-8.569	-11.188	-90.2
30.41	-8.569	-7.652	-77.8
30.42	-8.568	-5.616	-77.2
30.43	-8.566	-5.366	-80.4
30.44	-8.564	-6.844	-88.6
30.45	-8.563	-9.736	-90.1
30.46	-8.561	-13.427	-79.5
30.47	-8.561	-17.369	-83.1
30.48	-8.562	-21.263	-71.1
30.49	-8.564	-24.777	-39.0
30.5	-8.568	-27.622	-27.6
30.51	-8.572	-29.670	-19.6
30.52	-8.577	-30.766	10.8
30.53	-8.584	-30.944	-11.1
30.54	-8.591	-30.559	-56.3
30.55	-8.597	-29.786	-70.2
30.56	-8.603	-28.873	-87.0
30.57	-8.608	-28.309	-91.9
30.58	-8.614	-28.045	-81.5
30.59	-8.619	-27.609	-68.0
30.6	-8.622	-26.944	-41.9
30.61	-8.620	-26.438	76.5
30.62	-8.621	-26.088	355.0
30.63	-8.630	-25.402	564.9
30.64	-8.642	-24.425	417.3
30.65	-8.656	-23.694	104.8
30.66	-8.673	-23.334	-37.8
30.67	-8.695	-23.147	-79.5
30.68	-8.719	-23.111	-114.3
30.69	-8.740	-23.322	-89.6
30.7	-8.756	-23.402	-60.9
30.71	-8.766	-22.858	-75.3
30.72	-8.773	-21.853	-72.6
30.73	-8.783	-20.655	-31.6
30.74	-8.796	-18.848	-11.6
30.75	-8.809	-14.906	-3.2
30.76	-8.820	-6.208	4.9
30.77	-8.827	8.891	3.2
30.78	-8.831	28.044	27.0
30.79	-8.834	43.628	58.3
30.8	-8.838	50.184	92.4
30.81	-8.843	51.123	139.8
30.82	-8.853	51.127	167.6
30.83	-8.866	50.844	174.3
30.84	-8.881	47.620	196.6
30.85	-8.893	37.334	193.5
30.86	-8.902	21.634	133.8
30.87	-8.911	6.486	77.8
30.88	-8.920	-5.455	39.6
30.89	-8.926	-14.348	-18.9
30.9	-8.928	-20.345	-96.5
30.91	-8.928	-23.886	-131.4
30.92	-8.928	-25.902	-143.1
30.93	-8.927	-26.945	-151.0
30.94	-8.924	-27.744	-126.9
30.95	-8.921	-28.978	-129.4
30.96	-8.916	-31.103	-142.8
30.97	-8.909	-34.323	-132.8
30.98	-8.901	-37.811	-145.3
30.99	-8.892	-40.577	-142.9
31.0	-8.883	-41.747	-119.5
31.01	-8.872	-40.633	-118.0
31.02	-8.861	-37.306	-106.1
31.03	-8.851	-32.292	-108.7
31.04	-8.840	-26.241	-117.3
31.05	-8.830	-19.738	-101.7
31.06	-8.818	-13.461	-113.5
31.07	-8.805	-8.105	-119.5
31.08	-8.789	-4.172	-95.1
31.09	-8.772	-1.948	-101.7
31.1	-8.751	-1.623	-86.8
31.11	-8.726	-3.134	-47.1
31.12	-8.698	-5.881	-72.4
31.13	-8.669	-9.273	-112.7
31.14	-8.641	-12.828	-116.3
31.15	-8.614	-16.014	-83.2
31.16	-8.589	-18.678	-51.7
31.17	-8.567	-20.839	-54.7
31.18	-8.545	-22.527	-50.5
31.19	-8.524	-23.878	-30.6
31.2	-8.504	-24.895	-4.5
31.21	-8.484	-25.433	7.5
31.22	-8.464	-25.233	-3.7
31.23	-8.445	-24.256	-43.0
31.24	-8.428	-22.052	-77.9
31.25	-8.413	-19.048	-85.3
31.26	-8.402	-17.561	-103.6
31.27	-8.396	-17.942	-92.2
31.28	-8.390	-18.641	-39.3
31.29	-8.379	-19.089	25.5
31.3	-8.366	-19.422	189.2
31.31	-8.355	-19.619	454.8
31.32	-8.344	-19.588	507.2
31.33	-8.331	-19.641	231.2
31.34	-8.317	-19.972	-24.6
31.35	-8.303	-20.398	-90.8
31.36	-8.291	-20.769	-81.2
31.37	-8.279	-21.116	-85.8
31.38	-8.265	-21.373	-83.5
31.39	-8.248	-21.030	-64.9
31.4	-8.230	-19.769	-63.4
31.41	-8.213	-18.163	-56.4
31.42	-8.199	-16.509	-53.2
31.43	-8.189	-13.359	-53.8
31.44	-8.182	-5.705	-34.3
31.45	-8.176	8.906	-18.3
31.46	-8.171	28.398	0.4
31.47	-8.162	44.111	29.3
31.48	-8.151	50.334	50.1
31.49	-8.138	51.125	72.8
31.5	-8.123	51.131	94.7
31.51	-8.107	51.011	106.3
31.52	-8.091	48.650	128.8
31.53	-8.074	39.692	153.4
31.54	-8.056	24.911	138.3
31.55	-8.038	10.111	83.1
31.56	-8.019	-1.866	13.9
31.57	-7.999	-10.905	-46.3
31.58	-7.979	-17.058	-96.4
31.59	-7.958	-20.572	-135.0
31.6	-7.939	-22.167	-147.0
31.61	-7.925	-22.867	-140.6
31.62	-7.913	-23.469	-139.2
31.63	-7.902	-24.413	-153.6
31.64	-7.893	-26.266	-153.2
31.65	-7.884	-29.442	-145.5
31.66	-7.876	-33.314	-159.0
31.67	-7.872	-36.631	-168.0
31.68	-7.869	-38.392	-137.8
31.69	-7.868	-38.223	-91.5
31.7	-7.869	-36.331	-89.9
31.71	-7.872	-32.675	-108.4
31.72	-7.875	-27.170	-95.2
31.73	-7.880	-20.894	-85.9
31.74	-7.886	-15.186	-84.7
31.75	-7.891	-10.347	-94.9
31.76	-7.896	-6.353	-125.2
31.77	-7.900	-3.666	-89.4
31.78	-7.901	-2.744	-19.3
31.79	-7.901	-3.452	-14.7
31.8	-7.901	-5.386	-50.5
31.81	-7.900	-8.261	-69.5
31.82	-7.901	-11.689	-71.0
31.83	-7.906	-15.134	-75.7
31.84	-7.914	-18.139	-54.5
31.85	-7.925	-20.405	-33.5
31.86	-7.937	-21.905	-32.7
31.87	-7.948	-22.850	-23.8
31.88	-7.958	-23.452	-14.0
31.89	-7.966	-23.875	-17.6
31.9	-7.973	-24.213	-6.3
31.91	-7.978	-24.238	18.1
31.92	-7.982	-23.716	23.6
31.93	-7.986	-22.923	11.6
31.94	-7.990	-22.228	-24.4
31.95	-7.994	-21.627	-68.4
31.96	-7.996	-21.113	-92.3
31.97	-7.999	-20.697	-70.4
31.98	-8.001	-20.339	-22.1
31.99	-8.000	-20.094	12.6
32.0	-7.998	-19.864	160.8
32.01	-8.000	-19.631	474.1
32.02	-8.006	-19.502	610.5
32.03	-8.012	-19.445	350.3
32.04	-8.017	-19.461	20.3
32.05	-8.021	-19.592	-98.5
32.06	-8.024	-19.834	-106.1
32.07	-8.026	-20.173	-92.8
32.08	-8.027	-20.320	-64.2
32.09	-8.027	-19.872	-67.8
32.1	-8.026	-18.884	-57.8
32.11	-8.023	-17.686	-25.5
32.12	-8.022	-16.084	-39.1
32.13	-8.023	-12.497	-38.4
32.14	-8.026	-3.998	-9.9
32.15	-8.031	11.406	3.8
32.16	-8.036	30.758	24.3
32.17	-8.041	45.284	53.8
32.18	-8.046	50.547	84.1
32.19	-8.049	51.127	105.1
32.2	-8.050	51.130	131.4
32.21	-8.050	50.769	155.5
32.22	-8.049	47.272	148.2
32.23	-8.047	37.217	160.2
32.24	-8.047	22.944	170.4
32.25	-8.047	9.559	122.0
32.26	-8.048	-0.973	64.5
32.27	-8.049	-8.619	9.4
32.28	-8.049	-13.775	-41.1
32.29	-8.047	-17.092	-70.7
32.3	-8.046	-19.147	-126.4
32.31	-8.046	-20.358	-161.4
32.32	-8.044	-21.414	-138.6
32.33	-8.042	-22.930	-126.0
32.34	-8.039	-25.192	-119.8
32.35	-8.035	-28.381	-117.4
32.36	-8.029	-32.116	-124.3
32.37	-8.021	-35.397	-121.7
32.38	-8.013	-37.444	-132.4
32.39	-8.006	-37.772	-146.9
32.4	-8.001	-36.033	-141.2
32.41	-7.998	-32.455	-113.0
32.42	-7.994	-27.608	-90.8
32.43	-7.989	-22.098	-108.2
32.44	-7.984	-16.705	-128.7
32.45	-7.978	-12.072	-124.8
32.46	-7.970	-8.470	-111.3
32.47	-7.962	-6.127	-107.7
32.48	-7.954	-5.308	-99.8
32.49	-7.946	-5.920	-84.8
32.5	-7.938	-7.489	-92.7
32.51	-7.931	-9.655	-105.6
32.52	-7.924	-12.206	-101.8
32.53	-7.917	-14.856	-100.0
32.54	-7.908	-17.514	-95.4
32.55	-7.901	-20.230	-83.3
32.56	-7.894	-22.467	-73.7
32.57	-7.888	-23.820	-81.0
32.58	-7.882	-24.711	-91.2
32.59	-7.877	-25.228	-89.6
32.6	-7.873	-25.363	-97.3
32.61	-7.867	-25.456	-86.0
32.62	-7.860	-25.389	-62.4
32.63	-7.853	-25.175	-54.6
32.64	-7.844	-25.017	-61.7
32.65	-7.835	-24.792	-59.7
32.66	-7.828	-24.420	-25.5
32.67	-7.828	-23.842	14.6
32.68	-7.831	-22.931	26.8
32.69	-7.836	-21.725	-22.8
32.7	-7.841	-20.550	-70.3
32.71	-7.848	-19.636	-72.3
32.72	-7.854	-18.986	-64.1
32.73	-7.863	-18.716	-77.0
32.74	-7.872	-18.559	-86.3
32.75	-7.878	-18.052	-24.4
32.76	-7.879	-17.261	63.0
32.77	-7.881	-16.508	242.8
32.78	-7.886	-15.998	532.3
32.79	-7.894	-15.633	591.1
32.8	-7.902	-15.234	295.9
32.81	-7.913	-14.741	6.3
32.82	-7.924	-14.303	-68.1
32.83	-7.934	-14.219	-64.3
32.84	-7.942	-14.498	-69.1
32.85	-7.949	-14.848	-69.4
32.86	-7.955	-14.863	-62.8
32.87	-7.958	-14.328	-40.1
32.88	-7.961	-13.505	-19.6
32.89	-7.964	-11.992	-24.3
32.9	-7.968	-7.417	-22.1
32.91	-7.971	3.200	-1.9
32.92	-7.974	20.313	15.7
32.93	-7.976	38.231	38.7
32.94	-7.975	48.547	74.1
32.95	-7.973	51.020	105.2
32.96	-7.971	51.130	131.0
32.97	-7.968	51.106	149.8
32.98	-7.966	50.088	165.9
32.99	-7.965	44.478	178.9
33.0	-7.965	32.920	169.1
33.01	-7.967	19.744	173.5
33.02	-7.970	8.173	159.1
33.03	-7.973	-1.317	96.6
33.04	-7.976	-8.097	24.3
33.05	-7.978	-12.647	-65.9
33.06	-7.981	-15.784	-117.6
33.07	-7.984	-17.709	-114.1
33.08	-7.986	-19.122	-131.4
33.09	-7.987	-20.608	-148.3
33.1	-7.987	-22.586	-136.5
33.11	-7.987	-25.527	-122.0
33.12	-7.987	-29.417	-113.0
33.13	-7.987	-33.797	-136.1
33.14	-7.985	-37.558	-157.5
33.15	-7.983	-39.534	-143.9
33.16	-7.982	-39.322	-117.3
33.17	-7.982	-37.181	-106.4
33.18	-7.982	-33.719	-113.8
33.19	-7.984	-29.430	-109.7
33.2	-7.986	-24.573	-106.3
33.21	-7.988	-19.622	-107.9
33.22	-7.990	-15.216	-104.9
33.23	-7.991	-11.781	-103.8
33.24	-7.993	-9.736	-110.2
33.25	-7.994	-9.123	-111.6
33.26	-7.995	-9.433	-96.6
33.27	-7.996	-10.436	-81.2
33.28	-7.998	-12.041	-81.3
33.29	-7.998	-14.056	-98.9
33.3	-7.999	-16.363	-101.5
33.31	-8.000	-18.661	-96.6
33.32	-8.001	-20.666	-95.7
33.33	-8.003	-22.339	-84.5
33.34	-8.006	-23.697	-70.6
33.35	-8.008	-24.675	-74.2
33.36	-8.011	-25.198	-76.0
33.37	-8.015	-25.367	-69.0
33.38	-8.019	-25.308	-68.2
33.39	-8.024	-24.939	-51.1
33.4	-8.028	-24.364	-3.9
33.41	-8.033	-23.898	39.1
33.42	-8.037	-23.584	24.4
33.43	-8.043	-23.269	-51.7
33.44	-8.048	-22.886	-96.7
33.45	-8.054	-22.467	-89.5
33.46	-8.061	-21.917	-83.4
33.47	-8.069	-21.181	-71.0
33.48	-8.076	-20.381	-64.6
33.49	-8.081	-19.616	-28.7
33.5	-8.083	-18.828	78.3
33.51	-8.088	-17.989	326.8
33.52	-8.099	-17.269	623.9
33.53	-8.114	-16.842	561.2
33.54	-8.126	-16.697	183.5
33.55	-8.139	-16.817	-44.9
33.56	-8.152	-17.244	-70.6
33.57	-8.164	-17.761	-64.1
33.58	-8.174	-17.967	-78.8
33.59	-8.183	-17.738	-78.5
33.6	-8.189	-17.167	-34.5
33.61	-8.194	-16.392	-28.3
33.62	-8.199	-15.519	-48.3
33.63	-8.207	-14.056	-37.4
33.64	-8.216	-10.056	-1.7
