Interval=	0.01 s
ExcelDateTime=	3.9777431122565642e+004	25/11/2008 10:20:48.989672
TimeFormat=	StartOfBlock
ChannelTitle=	Channel 1	Channel 2	Channel 3
Range=	20.000 mV	50.000 mV	1000.0 µV
0.0	-7.990	-19.148	-6.3
0.01	-7.970	-21.592	-29.9
0.02	-7.950	-23.553	-72.6
0.03	-7.933	-24.869	-113.5
0.04	-7.919	-25.578	-104.7
0.05	-7.909	-25.908	-73.1
0.06	-7.903	-26.084	-68.9
0.07	-7.897	-26.088	-82.3
0.08	-7.891	-25.717	-84.8
0.09	-7.884	-25.039	-49.2
0.1	-7.878	-24.369	-4.3
0.11	-7.874	-23.759	6.2
0.12	-7.870	-22.927	-10.0
0.13	-7.866	-21.769	-22.8
0.14	-7.861	-20.447	-49.8
0.15	-7.856	-19.220	-87.1
0.16	-7.849	-18.488	-112.4
0.17	-7.842	-18.264	-106.8
0.18	-7.835	-18.139	-72.9
0.19	-7.829	-18.083	-54.7
0.2	-7.819	-18.214	-38.1
0.21	-7.807	-18.183	38.1
0.22	-7.798	-17.867	272.8
0.23	-7.795	-17.559	569.0
0.24	-7.794	-17.419	542.3
0.25	-7.793	-17.538	206.3
0.26	-7.793	-17.950	-24.3
0.27	-7.794	-18.597	-102.1
0.28	-7.793	-19.420	-120.8
0.29	-7.786	-20.244	-93.6
0.3	-7.780	-20.791	-73.9
0.31	-7.776	-20.814	-55.9
0.32	-7.774	-20.186	-51.0
0.33	-7.770	-18.869	-69.6
0.34	-7.767	-16.183	-79.3
0.35	-7.766	-10.194	-56.3
0.36	-7.764	0.992	3.3
0.37	-7.763	16.792	31.7
0.38	-7.762	33.550	15.7
0.39	-7.759	45.683	31.2
0.4	-7.755	50.469	47.4
0.41	-7.750	51.127	60.9
0.42	-7.745	51.123	115.1
0.43	-7.740	50.514	153.1
0.44	-7.735	46.534	169.5
0.45	-7.729	36.919	164.6
0.46	-7.724	23.852	123.5
0.47	-7.718	11.291	79.1
0.48	-7.713	1.608	-3.3
0.49	-7.709	-5.059	-59.4
0.5	-7.706	-9.847	-59.2
0.51	-7.705	-13.264	-108.8
0.52	-7.705	-15.275	-163.3
0.53	-7.706	-16.288	-153.8
0.54	-7.705	-17.109	-116.2
0.55	-7.701	-18.452	-118.7
0.56	-7.696	-20.667	-154.1
0.57	-7.688	-23.719	-159.3
0.58	-7.679	-27.336	-138.6
0.59	-7.668	-31.034	-113.5
0.6	-7.655	-34.027	-120.0
0.61	-7.642	-35.548	-139.2
0.62	-7.628	-35.233	-125.5
0.63	-7.613	-33.242	-123.9
0.64	-7.596	-30.188	-106.8
0.65	-7.578	-26.670	-95.0
0.66	-7.556	-22.925	-142.6
0.67	-7.531	-19.130	-133.1
0.68	-7.504	-15.711	-70.8
0.69	-7.474	-13.034	-67.2
0.7	-7.442	-11.222	-108.5
0.71	-7.413	-10.383	-126.4
0.72	-7.384	-10.553	-106.2
0.73	-7.357	-11.441	-94.7
0.74	-7.332	-12.630	-106.1
0.75	-7.309	-14.042	-96.4
0.76	-7.287	-15.856	-70.2
0.77	-7.268	-18.050	-103.7
0.78	-7.252	-20.138	-159.4
0.79	-7.238	-21.598	-134.9
0.8	-7.226	-22.553	-75.7
0.81	-7.217	-23.355	-55.9
0.82	-7.209	-23.797	-75.9
0.83	-7.201	-23.566	-101.3
0.84	-7.193	-23.036	-89.6
0.85	-7.184	-22.822	-65.9
0.86	-7.173	-22.888	-71.9
0.87	-7.162	-22.808	-76.3
0.88	-7.152	-22.495	-37.4
0.89	-7.143	-22.131	9.4
0.9	-7.136	-21.681	33.2
0.91	-7.129	-20.958	25.8
0.92	-7.121	-20.095	-25.6
0.93	-7.109	-19.480	-60.1
0.94	-7.098	-19.183	-77.5
0.95	-7.089	-18.863	-92.1
0.96	-7.086	-18.342	-61.3
0.97	-7.093	-17.836	-35.7
0.98	-7.108	-17.519	-24.9
0.99	-7.127	-17.408	33.5
1.0	-7.149	-17.322	229.9
1.01	-7.183	-16.913	556.0
1.02	-7.231	-16.358	661.1
1.03	-7.296	-16.306	335.8
1.04	-7.372	-16.847	-17.8
1.05	-7.458	-17.427	-100.0
1.06	-7.544	-17.836	-71.4
1.07	-7.621	-18.269	-58.4
1.08	-7.686	-18.583	-68.4
1.09	-7.745	-18.542	-78.9
1.1	-7.801	-18.236	-61.2
1.11	-7.850	-17.627	-38.5
1.12	-7.891	-16.252	-20.3
1.13	-7.928	-12.875	4.8
1.14	-7.964	-5.366	-3.5
1.15	-8.001	7.438	-22.2
1.16	-8.039	23.611	16.3
1.17	-8.078	38.663	78.7
1.18	-8.120	47.903	120.4
1.19	-8.162	50.842	109.7
1.2	-8.204	51.127	112.9
1.21	-8.242	50.914	157.7
1.22	-8.281	48.620	189.3
1.23	-8.321	41.536	213.3
1.24	-8.364	30.425	179.0
1.25	-8.407	18.303	115.2
1.26	-8.451	7.095	53.3
1.27	-8.495	-2.019	-14.2
1.28	-8.539	-8.761	-48.6
1.29	-8.585	-13.491	-71.3
1.3	-8.633	-16.463	-102.6
1.31	-8.680	-17.992	-104.8
1.32	-8.726	-18.777	-91.5
1.33	-8.771	-19.505	-100.5
1.34	-8.813	-20.703	-95.2
1.35	-8.853	-22.906	-88.1
1.36	-8.891	-26.148	-122.4
1.37	-8.926	-29.681	-131.8
1.38	-8.957	-32.330	-74.2
1.39	-8.989	-33.302	-28.8
1.4	-9.021	-32.745	-26.9
1.41	-9.050	-31.016	-60.7
1.42	-9.078	-28.127	-103.3
1.43	-9.103	-24.338	-91.2
1.44	-9.126	-20.194	-55.6
1.45	-9.149	-16.036	-79.8
1.46	-9.172	-12.102	-94.9
1.47	-9.194	-8.734	-44.9
1.48	-9.214	-6.370	-21.0
1.49	-9.234	-5.280	-40.7
1.5	-9.254	-5.475	-67.4
1.51	-9.271	-6.888	-65.8
1.52	-9.286	-9.114	-61.4
1.53	-9.299	-11.469	-66.0
1.54	-9.311	-13.588	-51.3
1.55	-9.322	-15.559	-61.8
1.56	-9.331	-17.494	-93.1
1.57	-9.337	-19.367	-77.3
1.58	-9.341	-21.019	-21.2
1.59	-9.346	-22.092	4.3
1.6	-9.352	-22.548	-22.0
1.61	-9.359	-22.752	-62.5
1.62	-9.366	-22.913	-85.9
1.63	-9.373	-22.955	-35.7
1.64	-9.379	-22.686	66.0
1.65	-9.386	-22.095	85.5
1.66	-9.391	-21.486	28.0
1.67	-9.397	-21.055	-34.3
1.68	-9.402	-20.680	-80.8
1.69	-9.409	-20.141	-78.3
1.7	-9.417	-19.347	-52.2
1.71	-9.426	-18.417	-38.0
1.72	-9.431	-17.531	-24.5
1.73	-9.433	-16.753	10.2
1.74	-9.436	-15.947	180.8
1.75	-9.442	-15.089	504.6
1.76	-9.446	-14.459	614.3
1.77	-9.444	-14.252	316.0
1.78	-9.441	-14.441	-3.5
1.79	-9.443	-14.956	-103.4
1.8	-9.444	-15.545	-73.4
1.81	-9.440	-16.005	-27.8
1.82	-9.431	-16.345	-22.7
1.83	-9.422	-16.423	-39.2
1.84	-9.417	-15.956	-44.1
1.85	-9.413	-14.980	-18.6
1.86	-9.406	-13.808	-1.4
1.87	-9.397	-12.008	9.5
1.88	-9.388	-7.608	9.3
1.89	-9.383	1.488	13.9
1.9	-9.381	15.389	63.6
1.91	-9.379	31.627	89.0
1.92	-9.375	44.611	104.7
1.93	-9.370	50.230	137.0
1.94	-9.364	51.117	109.6
1.95	-9.359	51.130	110.4
1.96	-9.353	51.000	192.1
1.97	-9.346	48.795	233.5
1.98	-9.333	40.848	202.1
1.99	-9.314	27.902	124.1
2.0	-9.284	14.622	64.8
2.01	-9.247	3.184	31.1
2.02	-9.203	-6.253	-44.3
2.03	-9.152	-13.183	-100.2
2.04	-9.099	-17.387	-88.3
2.05	-9.045	-19.583	-57.3
2.06	-8.984	-20.778	-53.0
2.07	-8.915	-21.953	-84.4
2.08	-8.844	-23.413	-130.0
2.09	-8.770	-25.113	-128.6
2.1	-8.693	-27.527	-95.5
2.11	-8.607	-30.725	-97.4
2.12	-8.516	-33.598	-113.9
2.13	-8.422	-34.931	-115.9
2.14	-8.327	-34.589	-83.4
2.15	-8.231	-33.003	-45.3
2.16	-8.136	-30.208	-36.1
2.17	-8.039	-26.191	-66.7
2.18	-7.942	-21.619	-100.4
2.19	-7.846	-17.241	-94.1
2.2	-7.753	-13.030	-95.1
2.21	-7.665	-8.784	-92.0
2.22	-7.583	-5.067	-59.2
2.23	-7.507	-2.898	-63.8
2.24	-7.436	-2.552	-87.7
2.25	-7.371	-3.266	-92.6
2.26	-7.311	-4.366	-95.9
2.27	-7.255	-6.053	-83.4
2.28	-7.205	-8.569	-73.2
2.29	-7.161	-11.531	-76.1
2.3	-7.123	-14.303	-65.5
2.31	-7.090	-16.641	-31.2
2.32	-7.062	-18.664	-22.4
2.33	-7.037	-20.392	-32.6
2.34	-7.011	-21.584	-12.3
2.35	-6.986	-22.158	-12.4
2.36	-6.959	-22.613	-42.4
2.37	-6.932	-22.966	-97.0
2.38	-6.903	-22.845	-117.6
2.39	-6.877	-22.772	-82.3
2.4	-6.854	-23.303	-80.2
2.41	-6.831	-24.066	-83.9
2.42	-6.807	-24.475	-38.9
2.43	-6.784	-24.355	100.6
2.44	-6.766	-23.794	371.2
2.45	-6.751	-23.027	577.0
2.46	-6.739	-22.275	411.9
2.47	-6.727	-21.456	80.3
2.48	-6.717	-20.475	-61.0
2.49	-6.709	-19.663	-73.6
2.5	-6.699	-19.391	-82.1
2.51	-6.686	-19.472	-119.9
2.52	-6.673	-19.288	-113.4
2.53	-6.664	-18.578	-51.7
2.54	-6.656	-17.614	-23.5
2.55	-6.647	-16.313	-38.3
2.56	-6.638	-13.669	-85.0
2.57	-6.627	-8.039	-92.8
2.58	-6.618	2.063	-16.6
2.59	-6.610	16.672	25.6
2.6	-6.603	33.111	35.7
2.61	-6.596	45.523	66.6
2.62	-6.589	50.463	95.0
2.63	-6.585	51.128	84.5
2.64	-6.582	51.130	77.1
2.65	-6.579	50.752	154.2
2.66	-6.576	47.459	197.5
2.67	-6.574	38.467	139.8
2.68	-6.572	25.753	82.6
2.69	-6.571	13.039	55.2
2.7	-6.570	1.830	-10.8
2.71	-6.569	-7.136	-75.1
2.72	-6.569	-13.547	-74.6
2.73	-6.571	-17.813	-98.8
2.74	-6.574	-20.566	-145.1
2.75	-6.578	-22.153	-153.4
2.76	-6.578	-23.011	-153.4
2.77	-6.576	-23.930	-139.6
2.78	-6.574	-25.591	-128.8
2.79	-6.571	-28.117	-118.0
2.8	-6.567	-31.108	-111.9
2.81	-6.565	-33.922	-147.9
2.82	-6.563	-35.897	-150.3
2.83	-6.563	-36.402	-122.5
2.84	-6.564	-35.188	-119.3
2.85	-6.569	-32.847	-90.2
2.86	-6.574	-30.125	-75.3
2.87	-6.581	-27.006	-118.6
2.88	-6.588	-23.202	-144.7
2.89	-6.596	-18.953	-106.0
2.9	-6.604	-14.945	-78.2
2.91	-6.612	-11.863	-110.0
2.92	-6.621	-9.873	-119.4
2.93	-6.629	-8.742	-102.3
2.94	-6.636	-8.586	-73.9
2.95	-6.644	-9.750	-52.8
2.96	-6.652	-11.886	-96.2
2.97	-6.660	-14.038	-128.3
2.98	-6.669	-15.836	-96.8
2.99	-6.678	-17.683	-52.2
3.0	-6.688	-19.708	-54.0
3.01	-6.699	-21.450	-106.7
3.02	-6.709	-22.523	-96.0
3.03	-6.719	-23.155	-39.4
3.04	-6.729	-23.766	-37.9
3.05	-6.739	-24.358	-83.5
3.06	-6.749	-24.653	-80.4
3.07	-6.759	-24.555	9.3
3.08	-6.769	-24.363	85.4
3.09	-6.779	-24.533	66.6
3.1	-6.788	-24.867	-53.0
3.11	-6.796	-24.502	-149.2
3.12	-6.805	-23.239	-106.3
3.13	-6.818	-21.880	-30.3
3.14	-6.839	-20.986	-75.6
3.15	-6.869	-20.286	-119.9
3.16	-6.908	-19.513	-19.7
3.17	-6.957	-18.936	174.7
3.18	-7.022	-18.655	448.0
3.19	-7.105	-18.363	633.0
3.2	-7.201	-18.125	466.4
3.21	-7.296	-18.259	114.1
3.22	-7.384	-18.569	-83.4
3.23	-7.462	-18.833	-106.5
3.24	-7.525	-19.320	-71.1
3.25	-7.578	-19.981	-55.2
3.26	-7.628	-20.102	-70.0
3.27	-7.681	-19.283	-76.4
3.28	-7.734	-17.895	-54.9
3.29	-7.787	-16.267	-37.0
3.3	-7.838	-13.472	-32.8
3.31	-7.886	-6.808	-18.7
3.32	-7.935	4.966	0.6
3.33	-7.984	20.341	12.1
3.34	-8.033	36.445	29.4
3.35	-8.082	47.395	78.2
3.36	-8.134	50.852	126.6
3.37	-8.189	51.122	138.3
3.38	-8.245	51.117	145.9
3.39	-8.300	50.444	143.8
3.4	-8.353	46.688	144.7
3.41	-8.404	38.302	181.4
3.42	-8.453	26.256	181.9
3.43	-8.501	12.511	123.5
3.44	-8.546	0.434	24.3
3.45	-8.592	-8.053	-59.2
3.46	-8.637	-14.309	-94.4
3.47	-8.682	-19.086	-122.6
3.48	-8.726	-21.672	-117.1
3.49	-8.768	-22.523	-75.8
3.5	-8.804	-23.020	-82.8
3.51	-8.837	-23.941	-131.6
3.52	-8.871	-25.625	-129.4
3.53	-8.903	-28.198	-122.6
3.54	-8.933	-31.205	-145.2
3.55	-8.959	-33.712	-115.1
3.56	-8.988	-34.847	-61.7
3.57	-9.016	-34.188	-62.1
3.58	-9.044	-31.906	-95.3
3.59	-9.069	-28.477	-94.1
3.6	-9.096	-24.370	-95.5
3.61	-9.121	-20.056	-114.3
3.62	-9.145	-15.794	-79.9
3.63	-9.169	-11.834	-47.2
3.64	-9.193	-8.475	-41.8
3.65	-9.214	-5.875	-64.6
3.66	-9.235	-4.409	-89.2
3.67	-9.256	-4.413	-96.3
3.68	-9.277	-5.555	-111.0
3.69	-9.296	-7.306	-75.2
3.7	-9.313	-9.588	-22.9
3.71	-9.333	-12.320	-32.3
3.72	-9.353	-14.956	-64.8
3.73	-9.372	-17.109	-77.0
3.74	-9.389	-18.925	-58.5
3.75	-9.406	-20.520	-18.3
3.76	-9.422	-21.809	13.6
3.77	-9.437	-22.820	37.8
3.78	-9.453	-23.630	23.8
3.79	-9.468	-24.136	-24.6
3.8	-9.484	-24.259	-65.2
3.81	-9.502	-24.138	-75.8
3.82	-9.519	-23.727	-61.0
3.83	-9.537	-22.866	-72.5
3.84	-9.558	-21.669	-63.4
3.85	-9.579	-20.377	-19.9
3.86	-9.596	-19.238	59.3
3.87	-9.609	-18.614	284.4
3.88	-9.624	-18.491	566.8
3.89	-9.639	-18.231	555.0
3.9	-9.653	-17.580	226.9
3.91	-9.668	-17.130	-26.8
3.92	-9.684	-17.250	-100.4
3.93	-9.699	-17.486	-102.0
3.94	-9.713	-17.444	-65.8
3.95	-9.724	-17.288	-39.7
3.96	-9.734	-17.208	-22.8
3.97	-9.748	-17.058	-25.6
3.98	-9.759	-16.544	-40.8
3.99	-9.768	-15.373	-23.8
4.0	-9.776	-12.714	4.7
4.01	-9.786	-6.648	0.2
4.02	-9.795	4.722	-24.5
4.03	-9.803	20.998	2.2
4.04	-9.806	37.677	80.5
4.05	-9.806	47.997	145.2
4.06	-9.806	50.931	169.5
4.07	-9.808	51.130	139.8
4.08	-9.809	51.130	117.6
4.09	-9.809	50.891	152.6
4.1	-9.806	48.123	177.6
4.11	-9.806	39.330	158.6
4.12	-9.810	25.842	104.8
4.13	-9.814	12.289	27.0
4.14	-9.815	0.831	-50.5
4.15	-9.813	-8.194	-69.6
4.16	-9.811	-14.597	-52.4
4.17	-9.813	-18.667	-52.6
4.18	-9.819	-21.248	-81.7
4.19	-9.824	-22.797	-149.0
4.2	-9.824	-23.798	-168.1
4.21	-9.824	-25.273	-118.8
4.22	-9.823	-27.775	-93.9
4.23	-9.822	-31.030	-100.3
4.24	-9.820	-34.458	-86.1
4.25	-9.818	-37.298	-78.2
4.26	-9.817	-38.641	-106.5
4.27	-9.816	-37.806	-127.0
4.28	-9.813	-34.883	-97.6
4.29	-9.808	-30.591	-65.3
4.3	-9.801	-25.573	-67.3
4.31	-9.795	-20.044	-87.0
4.32	-9.790	-14.298	-101.4
4.33	-9.787	-9.153	-83.6
4.34	-9.781	-5.305	-57.0
4.35	-9.774	-2.975	-51.1
4.36	-9.765	-2.316	-58.3
4.37	-9.755	-3.313	-63.1
4.38	-9.738	-5.463	-67.4
4.39	-9.714	-8.273	-72.0
4.4	-9.683	-11.506	-57.6
4.41	-9.646	-14.669	-41.4
4.42	-9.609	-17.288	-31.4
4.43	-9.572	-19.438	4.4
4.44	-9.535	-21.273	21.6
4.45	-9.494	-22.697	3.5
4.46	-9.448	-23.709	-17.8
4.47	-9.398	-24.430	-37.0
4.48	-9.341	-24.794	-66.6
4.49	-9.274	-24.783	-78.5
4.5	-9.199	-24.656	-58.7
4.51	-9.116	-24.416	-62.8
4.52	-9.021	-23.786	-53.9
4.53	-8.911	-22.858	28.8
4.54	-8.791	-21.919	213.6
4.55	-8.673	-21.091	456.7
4.56	-8.558	-20.519	513.8
4.57	-8.444	-20.170	273.7
4.58	-8.334	-19.839	17.3
4.59	-8.232	-19.644	-78.9
4.6	-8.140	-19.686	-95.5
4.61	-8.058	-19.611	-100.3
4.62	-7.983	-19.016	-81.3
4.63	-7.916	-17.917	-40.0
4.64	-7.857	-16.508	-40.5
4.65	-7.808	-14.753	-73.0
4.66	-7.761	-12.319	-59.4
4.67	-7.716	-7.878	-10.9
4.68	-7.675	0.273	3.5
4.69	-7.639	13.059	3.6
4.7	-7.606	29.611	25.3
4.71	-7.574	43.886	44.8
4.72	-7.544	50.173	61.3
4.73	-7.516	51.120	87.0
4.74	-7.488	51.133	102.7
4.75	-7.463	51.088	137.2
4.76	-7.439	49.769	168.9
4.77	-7.416	43.334	158.5
4.78	-7.393	30.613	121.2
4.79	-7.372	15.891	47.5
4.8	-7.353	2.720	-10.4
4.81	-7.336	-7.770	-28.3
4.82	-7.318	-15.333	-46.9
4.83	-7.304	-20.442	-81.9
4.84	-7.295	-23.681	-131.3
4.85	-7.290	-25.570	-166.4
4.86	-7.284	-26.616	-155.4
4.87	-7.276	-27.484	-118.6
4.88	-7.269	-29.056	-119.8
4.89	-7.264	-31.645	-138.9
4.9	-7.262	-34.616	-132.5
4.91	-7.259	-37.219	-113.3
4.92	-7.256	-39.109	-112.6
4.93	-7.252	-39.883	-141.3
4.94	-7.249	-38.959	-126.4
4.95	-7.246	-36.239	-86.1
4.96	-7.242	-32.416	-82.9
4.97	-7.239	-28.286	-93.3
4.98	-7.235	-24.028	-124.6
4.99	-7.231	-19.631	-143.4
5.0	-7.226	-15.684	-103.4
5.01	-7.221	-12.953	-64.8
5.02	-7.216	-11.486	-89.7
5.03	-7.211	-10.828	-117.3
5.04	-7.208	-10.720	-94.7
5.05	-7.207	-11.370	-67.7
5.06	-7.208	-13.050	-84.5
5.07	-7.208	-15.363	-125.7
5.08	-7.208	-17.403	-116.7
5.09	-7.208	-18.925	-71.7
5.1	-7.207	-20.489	-54.0
5.11	-7.208	-22.267	-74.8
5.12	-7.209	-23.761	-99.7
5.13	-7.211	-24.659	-58.0
5.14	-7.212	-25.203	3.3
5.15	-7.213	-25.781	23.5
5.16	-7.213	-26.291	-8.2
5.17	-7.211	-26.259	-76.1
5.18	-7.209	-25.772	-70.2
5.19	-7.207	-25.472	-44.6
5.2	-7.206	-25.356	-85.5
5.21	-7.207	-24.700	-111.9
5.22	-7.209	-23.594	-89.3
5.23	-7.211	-22.983	-35.3
5.24	-7.208	-22.878	13.3
5.25	-7.205	-22.494	153.2
5.26	-7.206	-21.731	506.5
5.27	-7.212	-21.072	645.3
5.28	-7.218	-20.786	294.2
5.29	-7.223	-20.673	-21.4
5.3	-7.229	-20.322	-72.2
5.31	-7.234	-19.839	-63.5
5.32	-7.232	-19.733	-54.3
5.33	-7.227	-19.877	-109.3
5.34	-7.223	-19.531	-138.4
5.35	-7.221	-18.425	-65.3
5.36	-7.220	-16.972	-16.1
5.37	-7.221	-15.100	-18.9
5.38	-7.222	-10.975	-32.9
5.39	-7.223	-1.747	-17.3
5.4	-7.225	13.470	9.2
5.41	-7.228	31.480	34.6
5.42	-7.231	45.138	65.4
5.43	-7.234	50.447	49.6
5.44	-7.236	51.128	66.0
5.45	-7.237	51.134	128.3
5.46	-7.238	51.070	160.9
5.47	-7.239	49.522	199.0
5.48	-7.241	42.664	179.9
5.49	-7.243	29.933	113.5
5.5	-7.246	15.966	103.8
5.51	-7.249	3.983	90.5
5.52	-7.253	-5.388	3.9
5.53	-7.257	-12.080	-95.1
5.54	-7.262	-16.545	-127.3
5.55	-7.271	-19.431	-134.1
5.56	-7.284	-21.183	-124.5
5.57	-7.297	-22.369	-99.7
5.58	-7.308	-23.863	-106.8
5.59	-7.319	-26.283	-130.4
5.6	-7.332	-29.731	-141.2
5.61	-7.349	-33.709	-129.9
5.62	-7.373	-37.211	-133.8
5.63	-7.407	-39.434	-127.2
5.64	-7.457	-40.044	-103.6
5.65	-7.524	-38.852	-114.9
5.66	-7.609	-36.038	-123.8
5.67	-7.706	-32.231	-92.4
5.68	-7.806	-27.942	-58.6
5.69	-7.902	-23.486	-82.0
5.7	-7.993	-19.316	-113.5
5.71	-8.077	-15.784	-113.1
5.72	-8.154	-12.964	-97.5
5.73	-8.224	-11.016	-70.3
5.74	-8.287	-10.161	-65.9
5.75	-8.345	-10.345	-90.8
5.76	-8.401	-11.220	-97.3
5.77	-8.456	-12.655	-84.5
5.78	-8.511	-14.886	-63.0
5.79	-8.566	-17.698	-60.3
5.8	-8.623	-20.405	-99.2
5.81	-8.683	-22.748	-90.6
5.82	-8.742	-24.830	-47.6
5.83	-8.801	-26.463	-33.9
5.84	-8.858	-27.314	-32.7
5.85	-8.913	-27.583	-51.8
5.86	-8.964	-27.666	-60.4
5.87	-9.013	-27.427	-47.4
5.88	-9.059	-26.738	-5.3
5.89	-9.103	-25.923	66.5
5.9	-9.144	-25.213	70.4
5.91	-9.183	-24.472	4.8
5.92	-9.221	-23.591	-44.0
5.93	-9.259	-22.775	-68.3
5.94	-9.296	-22.086	-82.6
5.95	-9.332	-21.280	-81.3
5.96	-9.367	-20.339	-37.6
5.97	-9.399	-19.397	19.8
5.98	-9.426	-18.420	97.4
5.99	-9.452	-17.430	313.5
6.0	-9.477	-16.613	579.1
6.01	-9.501	-16.153	535.4
6.02	-9.522	-16.036	173.1
6.03	-9.546	-15.997	-38.2
6.04	-9.572	-15.916	-25.1
6.05	-9.598	-15.994	-29.9
6.06	-9.620	-16.303	-57.4
6.07	-9.643	-16.558	-72.7
6.08	-9.664	-16.464	-75.8
6.09	-9.686	-15.798	-46.5
6.1	-9.708	-14.641	-4.0
6.11	-9.730	-13.164	20.5
6.12	-9.751	-9.841	23.0
6.13	-9.771	-1.581	2.3
6.14	-9.791	12.873	14.0
6.15	-9.811	30.597	70.6
6.16	-9.829	44.570	84.8
6.17	-9.847	50.317	96.5
6.18	-9.864	51.125	146.3
6.19	-9.881	51.136	173.3
6.2	-9.898	51.130	179.6
6.21	-9.916	50.508	184.0
6.22	-9.933	45.803	184.8
6.23	-9.947	34.036	166.0
6.24	-9.964	18.823	121.3
6.25	-9.980	5.323	72.7
6.26	-9.997	-5.136	14.0
6.27	-10.016	-12.755	-57.6
6.28	-10.038	-17.577	-101.2
6.29	-10.061	-19.731	-117.1
6.3	-10.084	-20.352	-109.4
6.31	-10.107	-21.030	-87.5
6.32	-10.126	-22.473	-74.1
6.33	-10.143	-24.844	-80.7
6.34	-10.161	-28.450	-114.8
6.35	-10.181	-32.977	-121.8
6.36	-10.199	-37.183	-106.0
6.37	-10.215	-39.800	-94.8
6.38	-10.229	-40.044	-70.6
6.39	-10.244	-37.789	-63.8
6.4	-10.260	-33.586	-83.1
6.41	-10.277	-28.319	-94.5
6.42	-10.293	-22.630	-83.8
6.43	-10.308	-16.903	-58.6
6.44	-10.320	-11.950	-44.6
6.45	-10.328	-8.650	-64.0
6.46	-10.333	-6.908	-78.4
6.47	-10.336	-5.956	-61.2
6.48	-10.338	-5.352	-45.4
6.49	-10.339	-5.394	-52.2
6.5	-10.339	-6.647	-75.5
6.51	-10.339	-9.136	-111.0
6.52	-10.339	-12.147	-86.9
6.53	-10.338	-14.905	-13.2
6.54	-10.334	-17.342	23.3
6.55	-10.329	-19.709	15.3
6.56	-10.323	-21.948	-25.0
6.57	-10.315	-23.658	-13.9
6.58	-10.308	-24.584	23.7
6.59	-10.300	-24.814	18.8
6.6	-10.292	-24.397	-28.7
6.61	-10.282	-23.325	-92.2
6.62	-10.272	-21.944	-66.1
6.63	-10.267	-20.950	-23.8
6.64	-10.266	-20.534	-26.4
6.65	-10.261	-20.211	3.6
6.66	-10.246	-19.733	71.3
6.67	-10.229	-19.406	271.6
6.68	-10.218	-19.331	517.8
6.69	-10.209	-19.083	436.9
6.7	-10.200	-18.464	134.2
6.71	-10.189	-18.022	-4.6
6.72	-10.179	-18.223	-16.4
6.73	-10.170	-18.645	-33.8
6.74	-10.155	-18.853	-51.8
6.75	-10.131	-18.842	-60.8
6.76	-10.100	-18.464	-79.8
6.77	-10.066	-17.698	-83.6
6.78	-10.024	-16.650	-24.7
6.79	-9.973	-14.834	42.2
6.8	-9.913	-11.122	58.5
6.81	-9.848	-3.866	18.1
6.82	-9.782	8.398	-41.8
6.83	-9.720	25.003	-18.3
6.84	-9.666	40.728	79.3
6.85	-9.623	49.167	134.0
6.86	-9.587	51.056	117.3
6.87	-9.556	51.134	97.7
6.88	-9.522	51.128	123.8
6.89	-9.480	50.547	148.1
6.9	-9.429	46.103	148.4
6.91	-9.369	35.019	127.2
6.92	-9.300	20.775	80.3
6.93	-9.226	7.916	16.3
6.94	-9.148	-2.725	-40.6
6.95	-9.069	-11.147	-102.9
6.96	-8.989	-17.111	-137.8
6.97	-8.912	-20.781	-81.9
6.98	-8.834	-22.886	-50.8
6.99	-8.752	-24.442	-90.4
7.0	-8.667	-26.406	-123.2
7.01	-8.578	-29.422	-164.6
7.02	-8.486	-33.533	-158.5
7.03	-8.397	-38.048	-103.2
7.04	-8.313	-41.997	-88.4
7.05	-8.234	-44.602	-107.6
7.06	-8.162	-45.203	-137.5
7.07	-8.099	-43.208	-124.8
7.08	-8.043	-38.433	-76.1
7.09	-7.995	-31.916	-63.2
7.1	-7.956	-25.370	-89.0
7.11	-7.919	-19.402	-117.3
7.12	-7.887	-13.859	-103.9
7.13	-7.857	-9.156	-55.6
7.14	-7.829	-5.878	-45.2
7.15	-7.801	-4.080	-89.0
7.16	-7.772	-3.491	-104.4
7.17	-7.744	-3.981	-78.8
7.18	-7.718	-5.516	-75.6
7.19	-7.691	-7.920	-89.7
7.2	-7.665	-10.897	-96.4
7.21	-7.640	-14.223	-75.5
7.22	-7.617	-17.848	-52.3
7.23	-7.596	-21.505	-83.3
7.24	-7.578	-24.753	-104.6
7.25	-7.563	-27.523	-51.0
7.26	-7.549	-29.903	-22.6
7.27	-7.536	-31.633	-31.5
7.28	-7.524	-32.314	0.4
7.29	-7.514	-31.986	17.8
7.3	-7.506	-31.191	-33.1
7.31	-7.499	-30.216	-108.2
7.32	-7.493	-28.850	-128.5
7.33	-7.488	-27.155	-91.3
7.34	-7.484	-25.580	-60.8
7.35	-7.481	-24.253	-46.0
7.36	-7.474	-22.886	-29.5
7.37	-7.466	-21.517	66.8
7.38	-7.459	-20.478	331.8
7.39	-7.457	-19.823	548.3
7.4	-7.455	-19.403	443.2
7.41	-7.450	-19.098	134.3
7.42	-7.444	-19.056	-50.5
7.43	-7.439	-19.477	-83.1
7.44	-7.431	-20.092	-107.7
7.45	-7.421	-20.403	-88.0
7.46	-7.412	-20.313	-62.6
7.47	-7.405	-20.105	-80.7
7.48	-7.398	-19.692	-67.1
7.49	-7.389	-18.406	-30.2
7.5	-7.381	-15.138	-31.1
7.51	-7.375	-8.158	-42.8
7.52	-7.369	4.119	-30.3
7.53	-7.365	21.027	-22.9
7.54	-7.362	37.831	6.3
7.55	-7.361	48.030	70.8
7.56	-7.358	50.928	107.1
7.57	-7.355	51.128	114.7
7.58	-7.352	51.128	124.9
7.59	-7.349	50.502	135.3
7.6	-7.346	46.184	139.9
7.61	-7.344	35.769	148.5
7.62	-7.342	22.248	119.3
7.63	-7.341	9.939	19.2
7.64	-7.340	0.358	-53.8
7.65	-7.340	-6.789	-58.1
7.66	-7.339	-12.345	-34.8
7.67	-7.339	-16.541	-58.3
7.68	-7.342	-19.180	-159.1
7.69	-7.346	-20.969	-187.9
7.7	-7.348	-23.006	-143.5
7.71	-7.348	-25.517	-153.3
7.72	-7.348	-28.470	-151.9
7.73	-7.348	-32.189	-100.6
7.74	-7.348	-36.413	-89.1
7.75	-7.348	-39.848	-122.3
7.76	-7.349	-41.475	-147.0
7.77	-7.351	-41.416	-130.2
7.78	-7.354	-39.942	-114.5
7.79	-7.357	-36.847	-134.4
7.8	-7.361	-32.306	-115.2
7.81	-7.365	-27.191	-76.3
7.82	-7.368	-22.348	-87.2
7.83	-7.370	-18.217	-114.8
7.84	-7.371	-14.783	-111.6
7.85	-7.372	-11.898	-67.5
7.86	-7.373	-9.913	-63.3
7.87	-7.375	-9.472	-119.3
7.88	-7.378	-10.545	-137.9
7.89	-7.381	-12.094	-104.6
7.9	-7.384	-13.308	-58.0
7.91	-7.388	-14.572	-33.6
7.92	-7.394	-16.264	-67.1
7.93	-7.401	-17.872	-145.4
7.94	-7.410	-19.234	-140.1
7.95	-7.423	-20.983	-54.5
7.96	-7.443	-23.227	-36.8
7.97	-7.473	-25.161	-68.0
7.98	-7.516	-26.252	-76.0
7.99	-7.572	-26.772	-72.7
8.0	-7.638	-26.914	-70.3
8.01	-7.710	-26.567	-79.5
8.02	-7.784	-25.847	-78.7
8.03	-7.856	-25.039	-50.8
8.04	-7.926	-24.381	-37.0
8.05	-7.994	-23.856	-33.8
8.06	-8.061	-23.267	-13.7
8.07	-8.127	-22.819	23.6
8.08	-8.193	-22.845	34.8
8.09	-8.258	-22.986	3.4
8.1	-8.318	-22.638	-51.9
8.11	-8.370	-21.877	-80.7
8.12	-8.416	-21.186	-58.0
8.13	-8.463	-20.605	-68.7
8.14	-8.512	-20.009	-90.6
8.15	-8.564	-19.700	-21.8
8.16	-8.616	-19.803	93.3
8.17	-8.669	-19.895	284.2
8.18	-8.727	-19.567	564.1
8.19	-8.786	-18.930	608.3
8.2	-8.838	-18.458	288.4
8.21	-8.885	-18.405	7.7
8.22	-8.930	-18.648	-58.2
8.23	-8.970	-19.136	-66.5
8.24	-9.005	-19.847	-50.2
8.25	-9.040	-20.305	-50.6
8.26	-9.075	-20.019	-71.1
8.27	-9.109	-19.208	-56.5
8.28	-9.140	-18.327	-40.2
8.29	-9.172	-16.880	-26.2
8.3	-9.204	-12.844	18.4
8.31	-9.235	-3.653	48.9
8.32	-9.266	11.425	43.8
8.33	-9.295	29.620	45.6
8.34	-9.321	44.134	55.3
8.35	-9.347	50.234	73.3
8.36	-9.371	51.123	121.7
8.37	-9.394	51.136	182.3
8.38	-9.417	51.128	222.5
8.39	-9.443	50.564	231.9
8.4	-9.469	46.119	198.6
8.41	-9.496	34.983	139.6
8.42	-9.525	20.711	100.2
8.43	-9.554	7.869	99.4
8.44	-9.582	-2.309	79.2
8.45	-9.607	-9.561	-15.9
8.46	-9.634	-14.303	-102.8
8.47	-9.663	-17.309	-112.3
8.48	-9.691	-19.027	-90.0
8.49	-9.714	-19.781	-72.7
8.5	-9.736	-20.717	-76.2
8.51	-9.756	-23.273	-103.9
8.52	-9.774	-27.214	-116.1
8.53	-9.791	-31.380	-99.2
8.54	-9.806	-35.159	-92.1
8.55	-9.820	-37.736	-92.8
8.56	-9.837	-38.255	-75.9
8.57	-9.854	-36.502	-75.8
8.58	-9.871	-32.955	-94.3
8.59	-9.889	-28.420	-79.1
8.6	-9.908	-23.267	-38.9
8.61	-9.924	-17.758	-56.6
8.62	-9.940	-12.644	-82.5
8.63	-9.956	-8.700	-64.5
8.64	-9.969	-6.100	-65.6
8.65	-9.979	-4.761	-69.2
8.66	-9.989	-4.752	-55.3
8.67	-10.001	-5.986	-39.4
8.68	-10.013	-8.039	-46.2
8.69	-10.024	-10.509	-62.0
8.7	-10.034	-13.077	-66.9
8.71	-10.044	-15.494	-76.1
8.72	-10.052	-17.634	-60.0
8.73	-10.059	-19.141	-29.9
8.74	-10.066	-19.952	-34.7
8.75	-10.074	-20.553	-30.7
8.76	-10.080	-21.213	-11.7
8.77	-10.084	-21.983	-29.2
8.78	-10.089	-22.931	-4.0
8.79	-10.094	-23.703	55.2
8.8	-10.099	-23.927	47.9
8.81	-10.106	-23.955	2.3
8.82	-10.114	-24.036	-54.5
8.83	-10.122	-23.631	-81.8
8.84	-10.131	-22.394	-38.7
8.85	-10.140	-20.880	4.8
8.86	-10.148	-19.725	-11.6
8.87	-10.152	-18.798	-59.3
8.88	-10.153	-17.742	-43.5
8.89	-10.152	-16.347	116.7
8.9	-10.155	-15.036	373.6
8.91	-10.159	-14.938	544.5
8.92	-10.163	-15.275	407.4
8.93	-10.164	-15.447	109.2
8.94	-10.166	-16.219	-34.6
8.95	-10.169	-17.086	-52.2
8.96	-10.171	-17.672	-52.6
8.97	-10.171	-17.731	-66.5
8.98	-10.168	-17.416	-49.1
8.99	-10.168	-17.230	3.1
9.0	-10.170	-16.875	-5.3
9.01	-10.171	-16.313	-47.3
9.02	-10.169	-15.213	-33.8
9.03	-10.169	-11.838	-5.9
9.04	-10.174	-4.172	6.9
9.05	-10.180	8.531	34.8
9.06	-10.184	25.052	61.1
9.07	-10.186	40.569	84.2
9.08	-10.186	49.064	122.8
9.09	-10.189	51.045	148.1
9.1	-10.194	51.131	144.9
9.11	-10.198	51.105	131.7
9.12	-10.201	50.108	133.5
9.13	-10.203	44.634	159.5
9.14	-10.203	32.950	167.4
9.15	-10.199	18.842	109.3
9.16	-10.186	6.195	14.6
9.17	-10.161	-3.970	-43.2
9.18	-10.118	-11.630	-67.9
9.19	-10.060	-16.892	-78.3
9.2	-9.990	-20.230	-98.5
9.21	-9.909	-22.588	-119.8
9.22	-9.817	-24.444	-119.1
9.23	-9.716	-25.938	-89.1
9.24	-9.612	-27.831	-52.4
9.25	-9.504	-30.841	-86.4
9.26	-9.390	-34.520	-142.3
9.27	-9.274	-37.691	-133.7
9.28	-9.161	-39.420	-102.6
9.29	-9.047	-39.336	-67.5
9.3	-8.933	-37.339	-45.8
9.31	-8.818	-33.694	-89.3
9.32	-8.703	-28.980	-104.9
9.33	-8.594	-23.563	-87.9
9.34	-8.492	-17.859	-95.6
9.35	-8.402	-12.609	-73.9
9.36	-8.319	-8.447	-70.0
9.37	-8.245	-5.731	-84.7
9.38	-8.181	-4.538	-71.7
9.39	-8.124	-4.784	-72.5
9.4	-8.073	-6.192	-83.6
9.41	-8.027	-8.414	-91.6
9.42	-7.984	-11.403	-77.0
9.43	-7.942	-14.986	-61.1
9.44	-7.906	-18.406	-77.7
9.45	-7.870	-20.742	-78.7
9.46	-7.836	-21.808	-86.9
9.47	-7.804	-22.327	-97.6
9.48	-7.773	-22.792	-78.8
9.49	-7.744	-23.003	-51.6
9.5	-7.716	-23.056	-10.2
9.51	-7.689	-23.481	2.6
9.52	-7.662	-24.428	-49.6
9.53	-7.638	-25.495	-100.9
9.54	-7.614	-26.239	-121.7
9.55	-7.591	-26.750	-115.3
9.56	-7.569	-27.300	-110.2
9.57	-7.551	-27.747	-118.1
9.58	-7.536	-27.881	-74.5
9.59	-7.521	-27.823	-14.8
9.6	-7.504	-27.469	91.3
9.61	-7.491	-26.419	353.7
9.62	-7.484	-24.934	569.7
9.63	-7.480	-23.931	387.7
9.64	-7.477	-23.570	18.5
9.65	-7.476	-22.942	-117.4
9.66	-7.476	-21.669	-92.4
9.67	-7.473	-20.523	-64.9
9.68	-7.467	-20.073	-93.9
9.69	-7.459	-19.822	-144.3
9.7	-7.449	-18.963	-83.6
9.71	-7.439	-17.381	-13.5
9.72	-7.429	-15.514	-15.9
9.73	-7.419	-13.091	-49.4
9.74	-7.410	-7.905	-105.5
9.75	-7.401	2.763	-59.1
9.76	-7.392	18.620	51.7
9.77	-7.385	35.327	87.0
9.78	-7.378	46.681	58.7
9.79	-7.372	50.673	39.7
9.8	-7.366	51.127	103.4
9.81	-7.362	51.059	160.8
9.82	-7.358	49.425	174.9
9.83	-7.355	42.688	135.7
9.84	-7.353	30.847	59.4
9.85	-7.351	18.302	67.9
9.86	-7.351	7.331	97.7
9.87	-7.351	-2.166	61.2
9.88	-7.350	-9.919	-38.0
9.89	-7.348	-15.248	-129.7
9.9	-7.347	-18.342	-131.3
9.91	-7.349	-20.411	-104.0
9.92	-7.351	-22.220	-127.4
9.93	-7.351	-23.683	-163.3
9.94	-7.349	-25.025	-141.1
9.95	-7.346	-27.275	-116.7
9.96	-7.343	-30.917	-131.0
9.97	-7.340	-34.884	-129.4
9.98	-7.338	-37.791	-113.6
9.99	-7.336	-39.175	-89.0
10.0	-7.336	-39.064	-89.6
10.01	-7.338	-37.495	-127.0
10.02	-7.340	-34.639	-136.7
10.03	-7.344	-30.906	-133.5
10.04	-7.346	-26.842	-92.8
10.05	-7.349	-22.903	-44.0
10.06	-7.351	-19.472	-52.3
10.07	-7.352	-16.814	-74.9
10.08	-7.353	-14.686	-89.4
10.09	-7.353	-12.734	-97.2
10.1	-7.354	-11.277	-81.0
10.11	-7.356	-10.825	-106.9
10.12	-7.359	-11.391	-168.7
10.13	-7.361	-12.789	-116.0
10.14	-7.362	-14.720	-30.0
10.15	-7.365	-16.730	-17.2
10.16	-7.368	-18.905	-11.9
10.17	-7.372	-21.556	-55.7
10.18	-7.375	-23.923	-145.2
10.19	-7.378	-24.963	-141.9
10.2	-7.381	-25.042	-59.6
10.21	-7.384	-25.184	-28.2
10.22	-7.388	-25.520	-102.2
10.23	-7.392	-25.509	-126.0
10.24	-7.395	-24.920	-32.7
10.25	-7.398	-24.138	6.3
10.26	-7.402	-23.725	-26.0
10.27	-7.406	-23.955	-60.4
10.28	-7.410	-24.439	-62.5
10.29	-7.414	-24.291	-21.2
10.3	-7.420	-23.352	38.2
10.31	-7.426	-22.261	82.0
10.32	-7.431	-21.281	-26.8
10.33	-7.436	-20.431	-160.6
10.34	-7.437	-19.669	-73.7
10.35	-7.438	-18.661	22.2
10.36	-7.441	-17.516	-19.1
10.37	-7.448	-16.995	-57.1
10.38	-7.454	-17.292	-72.8
10.39	-7.458	-17.773	-30.9
10.4	-7.459	-18.023	230.6
10.41	-7.463	-17.986	595.3
10.42	-7.474	-17.641	665.8
10.43	-7.489	-17.175	334.8
10.44	-7.505	-17.067	13.4
10.45	-7.526	-17.470	-85.8
10.46	-7.546	-17.941	-77.8
10.47	-7.561	-18.202	-28.8
10.48	-7.571	-18.575	-25.8
10.49	-7.588	-19.172	-71.4
10.5	-7.613	-19.316	-93.0
10.51	-7.647	-18.377	-62.8
10.52	-7.690	-16.222	-14.9
10.53	-7.746	-11.872	18.8
10.54	-7.813	-3.109	16.1
10.55	-7.884	10.934	1.0
10.56	-7.953	27.856	28.5
10.57	-8.018	42.266	82.4
10.58	-8.077	49.508	108.5
10.59	-8.133	51.072	97.3
10.6	-8.187	51.128	124.0
10.61	-8.242	50.800	189.0
10.62	-8.298	47.878	221.1
10.63	-8.354	39.722	206.4
10.64	-8.409	27.794	166.5
10.65	-8.463	15.236	120.8
10.66	-8.514	3.555	56.1
10.67	-8.559	-6.045	9.8
10.68	-8.601	-12.753	-14.9
10.69	-8.643	-17.006	-46.7
10.7	-8.684	-19.781	-68.9
10.71	-8.725	-21.517	-145.6
10.72	-8.766	-22.492	-197.4
10.73	-8.808	-23.352	-113.9
10.74	-8.852	-24.722	-50.7
10.75	-8.896	-26.877	-61.2
10.76	-8.938	-29.734	-99.3
10.77	-8.979	-32.841	-154.3
10.78	-9.019	-35.297	-136.3
10.79	-9.057	-36.153	-79.6
10.8	-9.096	-35.117	-71.2
10.81	-9.136	-32.609	-72.3
10.82	-9.176	-29.155	-71.0
10.83	-9.215	-25.025	-84.3
10.84	-9.252	-20.489	-98.2
10.85	-9.288	-16.116	-93.6
10.86	-9.322	-12.556	-75.7
10.87	-9.353	-9.959	-56.9
10.88	-9.383	-8.056	-44.4
10.89	-9.412	-7.088	-54.8
10.9	-9.441	-7.559	-69.4
10.91	-9.471	-9.139	-73.4
10.92	-9.501	-11.063	-71.2
10.93	-9.530	-13.158	-46.3
10.94	-9.561	-15.405	-28.6
10.95	-9.590	-17.414	-72.7
10.96	-9.617	-18.894	-98.1
10.97	-9.644	-19.947	-56.0
10.98	-9.670	-20.969	-33.3
10.99	-9.695	-22.186	-31.0
11.0	-9.721	-23.300	-25.9
11.01	-9.746	-24.042	-18.2
11.02	-9.770	-24.634	-22.7
11.03	-9.795	-25.133	-31.3
11.04	-9.818	-25.183	11.8
11.05	-9.838	-24.597	52.0
11.06	-9.857	-23.592	24.8
11.07	-9.876	-22.541	-17.4
11.08	-9.895	-21.580	-45.4
11.09	-9.914	-20.616	-62.3
11.1	-9.932	-19.705	-48.6
11.11	-9.949	-19.045	-29.4
11.12	-9.967	-18.677	-10.3
11.13	-9.983	-18.341	20.7
11.14	-9.994	-17.678	131.1
11.15	-10.006	-16.823	404.9
11.16	-10.020	-16.170	581.8
11.17	-10.031	-15.708	366.3
11.18	-10.041	-15.311	52.1
11.19	-10.053	-15.105	-41.0
11.2	-10.068	-15.341	-33.1
11.21	-10.079	-16.117	-40.5
11.22	-10.085	-17.048	-35.6
11.23	-10.091	-17.458	-29.8
11.24	-10.102	-17.137	-43.4
11.25	-10.113	-16.548	-30.7
11.26	-10.120	-16.059	1.9
11.27	-10.124	-14.880	13.1
11.28	-10.127	-10.994	7.2
11.29	-10.133	-2.700	25.4
11.3	-10.141	10.133	70.3
11.31	-10.147	25.816	77.2
11.32	-10.151	40.283	74.0
11.33	-10.154	48.681	122.9
11.34	-10.158	50.980	153.3
11.35	-10.163	51.123	155.4
11.36	-10.168	50.764	178.3
11.37	-10.173	47.580	174.2
11.38	-10.177	38.734	161.3
11.39	-10.182	25.830	164.1
11.4	-10.187	12.575	129.1
11.41	-10.191	1.009	48.4
11.42	-10.194	-7.905	-38.1
11.43	-10.198	-14.119	-89.3
11.44	-10.206	-18.161	-107.1
11.45	-10.216	-20.441	-128.3
11.46	-10.221	-21.375	-105.1
11.47	-10.224	-21.856	-49.1
11.48	-10.225	-22.948	-63.1
11.49	-10.226	-25.067	-120.3
11.5	-10.229	-27.992	-129.3
11.51	-10.230	-31.327	-97.1
11.52	-10.230	-34.391	-109.0
11.53	-10.231	-36.214	-130.0
11.54	-10.233	-36.016	-90.8
11.55	-10.235	-33.738	-42.9
11.56	-10.234	-30.055	-42.9
11.57	-10.233	-25.714	-76.7
11.58	-10.228	-21.056	-90.4
11.59	-10.219	-16.241	-88.0
11.6	-10.204	-11.622	-93.4
11.61	-10.184	-7.863	-78.8
11.62	-10.154	-5.419	-52.0
11.63	-10.113	-4.163	-30.4
11.64	-10.054	-3.934	-25.7
11.65	-9.981	-4.902	-45.5
11.66	-9.891	-7.064	-79.4
11.67	-9.787	-9.866	-105.8
11.68	-9.671	-12.791	-92.4
11.69	-9.549	-15.722	-52.3
11.7	-9.424	-18.461	-10.9
11.71	-9.301	-20.683	-6.9
11.72	-9.182	-22.263	-17.8
11.73	-9.068	-23.281	16.6
11.74	-8.957	-23.984	42.8
11.75	-8.851	-24.586	3.2
11.76	-8.749	-24.720	-73.6
11.77	-8.655	-23.959	-110.1
11.78	-8.570	-22.645	-83.8
11.79	-8.495	-21.356	-43.6
11.8	-8.430	-20.259	-56.9
11.81	-8.372	-19.128	-66.0
11.82	-8.316	-17.894	13.2
11.83	-8.264	-16.928	232.1
11.84	-8.220	-16.417	531.4
11.85	-8.184	-16.173	548.1
11.86	-8.150	-15.814	211.7
11.87	-8.116	-15.181	-38.7
11.88	-8.086	-14.833	-51.3
11.89	-8.059	-15.145	-57.0
11.9	-8.031	-15.667	-121.1
11.91	-8.002	-15.878	-121.5
11.92	-7.974	-15.814	-52.4
11.93	-7.947	-15.892	-29.1
11.94	-7.919	-16.158	-58.5
11.95	-7.892	-15.855	-71.9
11.96	-7.864	-13.833	-31.3
11.97	-7.838	-8.713	-9.8
11.98	-7.814	0.802	-38.8
11.99	-7.791	14.363	-13.5
12.0	-7.770	29.378	52.1
12.01	-7.751	42.020	103.4
12.02	-7.734	49.033	120.4
12.03	-7.721	50.939	100.7
12.04	-7.711	50.009	125.1
12.05	-7.704	45.259	162.3
12.06	-7.697	35.833	155.7
12.07	-7.689	24.117	99.6
12.08	-7.681	12.636	28.2
12.09	-7.674	2.514	23.4
12.1	-7.668	-5.711	19.1
12.11	-7.662	-11.723	-54.6
12.12	-7.656	-15.789	-125.3
12.13	-7.653	-18.478	-151.3
12.14	-7.651	-20.139	-160.4
12.15	-7.648	-21.217	-135.5
12.16	-7.641	-22.469	-111.8
12.17	-7.633	-24.495	-134.7
12.18	-7.626	-27.413	-154.7
12.19	-7.619	-30.842	-134.5
12.2	-7.612	-34.050	-104.1
12.21	-7.607	-36.227	-103.6
12.22	-7.602	-36.906	-140.5
12.23	-7.598	-36.017	-151.5
12.24	-7.596	-33.619	-112.1
12.25	-7.595	-30.064	-94.6
12.26	-7.595	-26.155	-86.4
12.27	-7.594	-22.567	-83.1
12.28	-7.593	-19.242	-113.1
12.29	-7.591	-15.856	-103.9
12.3	-7.591	-12.703	-65.6
12.31	-7.589	-10.550	-80.1
12.32	-7.587	-9.667	-119.5
12.33	-7.584	-9.641	-109.2
12.34	-7.581	-10.208	-80.1
12.35	-7.578	-11.619	-73.1
12.36	-7.576	-13.825	-83.5
12.37	-7.574	-16.120	-108.5
12.38	-7.573	-18.006	-87.9
12.39	-7.572	-19.634	-58.8
12.4	-7.569	-21.167	-73.9
12.41	-7.568	-22.316	-97.9
12.42	-7.567	-22.841	-96.4
12.43	-7.567	-23.148	-55.8
12.44	-7.568	-23.716	-32.2
12.45	-7.569	-24.320	-30.1
12.46	-7.571	-24.492	-16.1
12.47	-7.574	-24.294	11.9
12.48	-7.576	-24.094	26.7
12.49	-7.578	-23.905	-9.0
12.5	-7.578	-23.352	-62.1
12.51	-7.577	-22.303	-79.3
12.52	-7.578	-21.209	-76.5
12.53	-7.579	-20.386	-87.5
12.54	-7.583	-19.516	-83.7
12.55	-7.586	-18.617	-27.5
12.56	-7.586	-18.208	82.3
12.57	-7.583	-18.323	220.4
12.58	-7.582	-18.452	458.7
12.59	-7.587	-18.197	599.0
12.6	-7.594	-17.678	363.8
12.61	-7.602	-17.372	73.0
12.62	-7.611	-17.580	-55.6
12.63	-7.620	-18.030	-109.4
12.64	-7.619	-18.261	-70.9
12.65	-7.612	-18.262	-44.0
12.66	-7.605	-18.252	-77.4
12.67	-7.601	-18.083	-116.7
12.68	-7.598	-17.269	-86.6
12.69	-7.598	-15.302	2.3
12.7	-7.601	-11.306	37.8
12.71	-7.606	-3.531	-3.8
12.72	-7.607	9.223	-57.8
12.73	-7.608	25.333	-17.0
12.74	-7.609	40.127	78.6
12.75	-7.611	48.633	122.7
12.76	-7.613	50.969	98.3
12.77	-7.616	51.123	91.5
12.78	-7.619	50.583	143.1
12.79	-7.624	46.577	183.7
12.8	-7.629	36.823	171.3
12.81	-7.633	24.380	150.5
12.82	-7.638	13.023	152.5
12.83	-7.643	3.294	103.9
12.84	-7.650	-4.889	-23.3
12.85	-7.657	-10.936	-127.4
12.86	-7.664	-14.672	-116.1
12.87	-7.675	-16.927	-58.8
12.88	-7.690	-18.553	-80.8
12.89	-7.707	-19.798	-164.2
12.9	-7.722	-20.870	-169.7
12.91	-7.736	-22.409	-113.5
12.92	-7.747	-24.769	-94.4
12.93	-7.755	-27.484	-121.3
12.94	-7.758	-29.936	-152.2
12.95	-7.759	-31.872	-146.9
12.96	-7.761	-32.922	-118.1
12.97	-7.768	-32.283	-81.9
12.98	-7.781	-29.866	-69.4
12.99	-7.803	-26.736	-87.1
13.0	-7.829	-23.720	-118.6
13.01	-7.860	-20.589	-144.4
13.02	-7.893	-17.005	-110.7
13.03	-7.929	-13.523	-50.2
13.04	-7.971	-11.014	-37.2
13.05	-8.018	-9.642	-92.8
13.06	-8.070	-8.844	-139.8
13.07	-8.123	-8.286	-98.7
13.08	-8.174	-8.420	-43.0
13.09	-8.225	-9.686	-49.3
13.1	-8.275	-11.731	-112.3
13.11	-8.324	-13.875	-134.0
13.12	-8.372	-15.966	-69.8
13.13	-8.419	-18.089	-20.1
13.14	-8.465	-19.919	-55.8
13.15	-8.512	-21.277	-109.8
13.16	-8.561	-22.475	-93.2
13.17	-8.610	-23.505	-52.8
13.18	-8.659	-23.984	-24.2
13.19	-8.705	-23.991	-0.4
13.2	-8.746	-23.888	-6.5
13.21	-8.783	-23.673	-8.9
13.22	-8.819	-23.223	9.1
13.23	-8.854	-22.720	-2.3
13.24	-8.886	-22.317	-41.4
13.25	-8.916	-21.714	-89.6
13.26	-8.946	-20.708	-99.6
13.27	-8.977	-19.869	-53.7
13.28	-9.007	-19.848	-29.0
13.29	-9.034	-20.217	4.2
13.3	-9.059	-19.863	174.0
13.31	-9.086	-18.625	484.2
13.32	-9.113	-17.381	658.1
13.33	-9.139	-16.688	394.1
13.34	-9.162	-16.417	0.5
13.35	-9.188	-16.308	-81.9
13.36	-9.214	-16.156	-10.5
13.37	-9.238	-16.056	-10.7
13.38	-9.259	-16.317	-87.7
13.39	-9.281	-16.806	-131.7
13.4	-9.303	-16.913	-73.0
13.41	-9.326	-16.308	0.6
13.42	-9.348	-15.259	24.6
13.43	-9.369	-13.380	1.0
13.44	-9.389	-8.542	-26.8
13.45	-9.408	1.570	-24.3
13.46	-9.426	16.603	27.4
13.47	-9.444	32.969	85.2
13.48	-9.463	45.177	110.2
13.49	-9.480	50.291	123.7
13.5	-9.496	51.114	143.8
13.51	-9.512	51.116	171.3
13.52	-9.529	50.333	198.7
13.53	-9.546	45.531	208.1
13.54	-9.566	34.795	175.1
13.55	-9.587	21.653	125.3
13.56	-9.608	9.756	88.8
13.57	-9.627	-0.292	45.3
13.58	-9.645	-8.269	-34.1
13.59	-9.662	-13.670	-107.4
13.6	-9.681	-16.664	-115.6
13.61	-9.701	-18.247	-94.3
13.62	-9.719	-19.252	-91.8
13.63	-9.735	-19.859	-104.3
13.64	-9.751	-20.578	-99.6
13.65	-9.769	-22.411	-103.7
13.66	-9.784	-25.398	-141.8
13.67	-9.797	-28.577	-149.8
13.68	-9.808	-31.027	-100.3
13.69	-9.821	-32.189	-73.3
13.7	-9.838	-32.003	-105.1
13.71	-9.854	-30.444	-126.5
13.72	-9.869	-27.369	-113.6
13.73	-9.885	-23.113	-62.5
13.74	-9.901	-18.563	-13.4
13.75	-9.917	-14.391	-53.6
13.76	-9.931	-10.575	-115.8
13.77	-9.944	-7.088	-121.5
13.78	-9.957	-4.427	-80.3
13.79	-9.968	-3.056	-39.9
13.8	-9.979	-2.948	-74.8
13.81	-9.991	-3.939	-97.7
13.82	-10.003	-5.975	-64.9
13.83	-10.013	-8.817	-47.8
13.84	-10.023	-11.825	-56.9
13.85	-10.033	-14.419	-59.6
13.86	-10.045	-16.605	-31.8
13.87	-10.057	-18.641	-16.1
13.88	-10.068	-20.475	-15.3
13.89	-10.078	-21.769	22.3
13.9	-10.087	-22.330	28.0
13.91	-10.097	-22.306	-26.0
13.92	-10.107	-22.164	-71.1
13.93	-10.117	-22.108	-116.4
13.94	-10.127	-21.850	-111.1
13.95	-10.138	-21.367	-56.9
13.96	-10.148	-20.941	-10.3
13.97	-10.153	-20.633	26.2
13.98	-10.154	-20.270	101.4
13.99	-10.158	-19.698	345.2
14.0	-10.163	-18.977	561.2
14.01	-10.168	-18.030	392.2
14.02	-10.169	-16.805	42.2
14.03	-10.170	-16.239	-99.3
14.04	-10.174	-16.598	-74.9
14.05	-10.178	-16.939	-22.4
14.06	-10.177	-16.969	-13.2
14.07	-10.172	-16.742	-47.7
14.08	-10.166	-16.131	-55.0
14.09	-10.163	-15.208	-72.0
14.1	-10.156	-14.302	-67.3
14.11	-10.148	-13.014	-9.9
14.12	-10.139	-9.475	26.1
14.13	-10.131	-1.438	36.9
14.14	-10.125	11.616	48.3
14.15	-10.119	27.689	33.4
14.16	-10.108	41.944	32.1
14.17	-10.093	49.400	108.9
14.18	-10.074	51.066	170.1
14.19	-10.053	51.131	157.5
14.2	-10.028	51.047	141.8
14.21	-9.999	49.270	151.8
14.22	-9.963	42.225	172.8
14.23	-9.922	29.958	163.3
14.24	-9.876	17.295	76.8
14.25	-9.824	6.798	-7.9
14.26	-9.764	-2.258	-43.9
14.27	-9.699	-8.998	-87.3
14.28	-9.633	-13.064	-89.8
14.29	-9.569	-16.042	-70.2
14.3	-9.504	-18.214	-92.5
14.31	-9.436	-19.920	-123.3
14.32	-9.365	-21.875	-128.7
14.33	-9.294	-24.289	-90.3
14.34	-9.223	-27.338	-72.8
14.35	-9.152	-30.830	-102.9
14.36	-9.082	-33.925	-128.4
14.37	-9.016	-35.645	-124.8
14.38	-8.951	-35.587	-91.6
14.39	-8.890	-33.919	-67.4
14.4	-8.831	-30.752	-83.0
14.41	-8.773	-26.255	-108.0
14.42	-8.716	-21.155	-98.8
14.43	-8.659	-16.152	-84.1
14.44	-8.604	-11.409	-89.6
14.45	-8.553	-7.147	-78.8
14.46	-8.502	-3.981	-50.9
14.47	-8.453	-2.425	-64.9
14.48	-8.404	-2.361	-95.1
14.49	-8.356	-3.291	-84.7
14.5	-8.309	-4.969	-72.3
14.51	-8.265	-7.438	-82.6
14.52	-8.223	-10.500	-94.3
14.53	-8.183	-13.667	-73.0
14.54	-8.146	-16.558	-55.4
14.55	-8.112	-18.894	-51.1
14.56	-8.081	-20.655	-13.5
14.57	-8.051	-22.161	12.7
14.58	-8.022	-23.413	-8.0
14.59	-7.995	-23.984	-57.7
14.6	-7.972	-23.889	-66.0
14.61	-7.951	-23.584	-50.1
14.62	-7.931	-23.197	-93.3
14.63	-7.912	-22.584	-117.0
14.64	-7.896	-21.809	-76.9
14.65	-7.883	-21.270	-32.8
14.66	-7.868	-21.142	-0.1
14.67	-7.852	-20.933	135.9
14.68	-7.837	-20.508	462.2
14.69	-7.829	-20.817	629.8
14.7	-7.822	-21.863	346.8
14.71	-7.817	-22.336	6.8
14.72	-7.811	-22.136	-84.7
14.73	-7.806	-22.067	-88.5
14.74	-7.796	-21.855	-106.7
14.75	-7.785	-20.756	-118.9
14.76	-7.775	-18.891	-106.1
14.77	-7.768	-16.959	-76.4
14.78	-7.758	-15.433	-58.9
14.79	-7.748	-13.872	-57.2
14.8	-7.737	-10.430	-41.7
14.81	-7.729	-2.619	-12.9
14.82	-7.721	10.423	9.4
14.83	-7.714	26.748	-16.9
14.84	-7.707	41.413	-45.3
14.85	-7.700	49.238	25.4
14.86	-7.694	51.053	120.4
14.87	-7.689	51.133	135.1
14.88	-7.684	51.084	103.5
14.89	-7.680	49.833	101.3
14.9	-7.677	44.127	145.8
14.91	-7.676	32.997	156.6
14.92	-7.675	20.070	77.6
14.93	-7.674	8.691	-7.8
14.94	-7.671	-0.222	-59.7
14.95	-7.669	-6.922	-84.2
14.96	-7.666	-11.744	-100.9
14.97	-7.668	-14.808	-135.2
14.98	-7.672	-16.747	-148.9
14.99	-7.676	-18.605	-144.9
15.0	-7.677	-20.838	-160.9
15.01	-7.676	-23.480	-166.8
15.02	-7.673	-26.950	-131.8
15.03	-7.671	-31.366	-108.1
15.04	-7.668	-35.613	-155.3
15.05	-7.666	-38.269	-180.1
15.06	-7.666	-39.058	-109.6
15.07	-7.668	-38.395	-77.7
15.08	-7.671	-36.244	-115.7
15.09	-7.674	-32.523	-134.7
15.1	-7.676	-27.894	-119.2
15.11	-7.678	-23.381	-130.2
15.12	-7.679	-19.405	-130.7
15.13	-7.681	-15.731	-89.7
15.14	-7.681	-12.342	-76.3
15.15	-7.682	-9.766	-78.6
15.16	-7.683	-8.525	-97.0
15.17	-7.683	-8.550	-123.2
15.18	-7.684	-9.341	-128.6
15.19	-7.686	-10.628	-105.4
15.2	-7.688	-12.520	-70.9
15.21	-7.691	-14.933	-72.7
15.22	-7.694	-17.275	-111.2
15.23	-7.697	-19.130	-108.2
15.24	-7.701	-20.700	-50.4
15.25	-7.705	-22.417	-46.7
15.26	-7.708	-24.464	-90.0
15.27	-7.709	-26.141	-89.0
15.28	-7.711	-26.419	-61.3
15.29	-7.713	-25.628	-25.6
15.3	-7.717	-24.881	-19.0
15.31	-7.721	-24.438	-65.8
15.32	-7.726	-23.913	-35.7
15.33	-7.729	-23.130	38.5
15.34	-7.730	-22.203	22.9
15.35	-7.729	-21.425	-8.8
15.36	-7.728	-21.069	-48.0
15.37	-7.729	-21.041	-137.5
15.38	-7.732	-20.891	-133.4
15.39	-7.738	-20.486	-27.1
15.4	-7.741	-20.180	49.7
15.41	-7.741	-19.889	119.2
15.42	-7.739	-19.105	316.8
15.43	-7.743	-17.964	608.7
15.44	-7.751	-17.105	620.1
15.45	-7.760	-16.761	255.8
15.46	-7.770	-16.880	-47.3
15.47	-7.782	-17.466	-112.3
15.48	-7.789	-18.180	-80.8
15.49	-7.786	-18.416	-49.4
15.5	-7.779	-18.011	-48.5
15.51	-7.773	-17.359	-52.7
15.52	-7.767	-16.761	-63.3
15.53	-7.761	-15.783	-34.5
15.54	-7.763	-13.009	1.6
15.55	-7.771	-6.406	11.6
15.56	-7.778	5.408	18.0
15.57	-7.781	21.911	-3.0
15.58	-7.785	38.572	22.1
15.59	-7.791	48.452	99.2
15.6	-7.797	51.003	127.8
15.61	-7.803	51.133	103.0
15.62	-7.808	51.130	126.2
15.63	-7.811	50.942	181.8
15.64	-7.815	48.402	207.6
15.65	-7.817	40.034	205.3
15.66	-7.820	27.278	141.8
15.67	-7.824	14.722	78.2
15.68	-7.829	4.158	35.3
15.69	-7.834	-4.136	-20.8
15.7	-7.839	-9.914	-67.4
15.71	-7.847	-13.438	-91.3
15.72	-7.861	-15.680	-107.3
15.73	-7.879	-17.583	-139.7
15.74	-7.897	-19.536	-165.9
15.75	-7.911	-21.805	-142.9
15.76	-7.922	-24.825	-97.8
15.77	-7.929	-28.848	-85.9
15.78	-7.933	-33.392	-100.8
15.79	-7.934	-37.117	-134.4
15.8	-7.936	-38.856	-161.3
15.81	-7.940	-38.663	-121.1
15.82	-7.949	-37.047	-85.0
15.83	-7.964	-34.019	-108.8
15.84	-7.981	-29.664	-112.5
15.85	-8.001	-24.744	-84.6
15.86	-8.023	-20.202	-71.4
15.87	-8.045	-16.325	-102.8
15.88	-8.069	-12.870	-127.0
15.89	-8.096	-10.075	-87.7
15.9	-8.126	-8.591	-45.5
15.91	-8.162	-8.386	-90.5
15.92	-8.203	-8.897	-136.3
15.93	-8.249	-9.977	-79.9
15.94	-8.300	-11.778	-39.3
15.95	-8.352	-14.080	-65.1
15.96	-8.404	-16.439	-91.6
15.97	-8.454	-18.741	-108.7
15.98	-8.505	-20.867	-105.3
15.99	-8.558	-22.439	-81.9
16.0	-8.611	-23.503	-50.4
16.01	-8.665	-24.477	-33.2
16.02	-8.716	-25.322	-80.1
16.03	-8.764	-25.709	-84.7
16.04	-8.810	-25.695	-41.8
16.05	-8.853	-25.584	-38.1
16.06	-8.893	-25.522	-32.0
16.07	-8.932	-25.434	-6.6
16.08	-8.971	-25.069	28.5
16.09	-9.010	-24.316	30.4
16.1	-9.046	-23.450	-2.2
16.11	-9.079	-22.716	-60.1
16.12	-9.111	-21.944	-110.4
16.13	-9.144	-20.992	-95.8
16.14	-9.176	-20.075	-40.5
16.15	-9.211	-19.286	-7.8
16.16	-9.244	-18.400	-3.7
16.17	-9.276	-17.419	102.9
16.18	-9.308	-16.723	401.1
16.19	-9.340	-16.398	660.5
16.2	-9.371	-16.073	504.1
16.21	-9.401	-15.672	149.8
16.22	-9.430	-15.523	-35.8
16.23	-9.462	-15.814	-97.9
16.24	-9.491	-16.342	-81.5
16.25	-9.519	-16.747	-59.9
16.26	-9.543	-16.920	-40.3
16.27	-9.566	-16.994	-18.2
16.28	-9.589	-16.916	-35.2
16.29	-9.611	-16.414	-47.0
16.3	-9.633	-14.661	-14.1
16.31	-9.654	-9.459	13.4
16.32	-9.676	1.544	6.7
16.33	-9.699	18.117	29.9
16.34	-9.722	35.786	75.0
16.35	-9.742	47.303	89.3
16.36	-9.762	50.841	110.3
16.37	-9.781	51.127	160.0
16.38	-9.799	51.136	188.3
16.39	-9.819	51.086	179.2
16.4	-9.839	49.730	175.9
16.41	-9.858	43.267	190.9
16.42	-9.877	30.792	178.3
16.43	-9.895	16.686	140.3
16.44	-9.912	4.406	69.3
16.45	-9.931	-4.711	-43.3
16.46	-9.950	-10.416	-78.8
16.47	-9.969	-13.872	-53.5
16.48	-9.989	-16.022	-91.9
16.49	-10.008	-17.111	-128.6
16.5	-10.021	-17.864	-102.6
16.51	-10.036	-19.520	-82.1
16.52	-10.052	-22.719	-112.9
16.53	-10.068	-27.244	-121.0
16.54	-10.082	-32.464	-82.4
16.55	-10.096	-37.236	-74.3
16.56	-10.109	-40.123	-83.7
16.57	-10.123	-40.383	-82.1
16.58	-10.136	-38.214	-92.9
16.59	-10.151	-34.203	-106.0
16.6	-10.166	-28.966	-88.3
16.61	-10.179	-23.128	-63.3
16.62	-10.190	-17.077	-49.6
16.63	-10.200	-11.042	-37.9
16.64	-10.209	-6.191	-44.5
16.65	-10.218	-3.773	-68.3
16.66	-10.226	-3.289	-89.1
16.67	-10.232	-3.773	-68.5
16.68	-10.237	-5.102	-20.5
16.69	-10.241	-7.214	-28.5
16.7	-10.244	-9.786	-84.4
16.71	-10.247	-12.828	-72.2
16.72	-10.249	-16.150	-44.3
16.73	-10.251	-18.989	-55.8
16.74	-10.254	-21.167	-32.6
16.75	-10.257	-22.894	-18.8
16.76	-10.259	-24.069	-39.5
16.77	-10.261	-24.770	-37.6
16.78	-10.258	-25.134	15.2
16.79	-10.253	-25.067	74.0
16.8	-10.247	-24.631	51.0
16.81	-10.241	-23.897	-15.9
16.82	-10.235	-22.797	-76.1
16.83	-10.227	-21.567	-91.9
16.84	-10.216	-20.536	-55.2
16.85	-10.206	-19.623	-45.8
16.86	-10.196	-18.770	-25.3
16.87	-10.183	-18.191	15.1
16.88	-10.163	-17.750	28.3
16.89	-10.143	-17.127	185.6
16.9	-10.126	-16.561	498.3
16.91	-10.108	-16.291	551.0
16.92	-10.088	-15.944	248.4
16.93	-10.067	-15.569	-5.7
16.94	-10.051	-15.825	-70.6
16.95	-10.041	-16.563	-80.8
16.96	-10.029	-16.975	-74.9
16.97	-10.013	-16.908	-50.4
16.98	-9.992	-16.686	-34.8
16.99	-9.972	-16.288	-56.9
17.0	-9.951	-15.495	-47.2
17.01	-9.929	-14.148	-18.8
17.02	-9.907	-11.223	-22.3
17.03	-9.889	-4.172	10.7
17.04	-9.873	9.013	34.6
17.05	-9.853	26.736	34.3
17.06	-9.827	42.325	68.1
17.07	-9.797	49.736	100.0
17.08	-9.765	51.094	120.4
17.09	-9.731	51.136	136.0
17.1	-9.696	51.128	150.0
17.11	-9.656	50.852	156.2
17.12	-9.614	47.706	149.0
17.13	-9.569	37.977	147.6
17.14	-9.522	23.667	127.7
17.15	-9.472	10.194	63.3
17.16	-9.418	-0.180	-15.5
17.17	-9.358	-7.448	-78.1
17.18	-9.293	-12.242	-103.6
17.19	-9.228	-15.344	-119.8
17.2	-9.162	-17.317	-124.7
17.21	-9.096	-18.762	-94.0
17.22	-9.026	-20.606	-89.3
17.23	-8.954	-23.664	-116.5
17.24	-8.884	-28.047	-130.7
17.25	-8.816	-33.234	-116.1
17.26	-8.748	-38.423	-104.7
17.27	-8.683	-42.505	-113.3
17.28	-8.621	-44.277	-105.9
17.29	-8.567	-43.222	-93.4
17.3	-8.518	-39.750	-101.2
17.31	-8.473	-34.587	-119.0
17.32	-8.430	-28.277	-109.4
17.33	-8.391	-21.413	-83.9
17.34	-8.354	-14.959	-89.0
17.35	-8.321	-9.734	-105.7
17.36	-8.289	-6.013	-82.0
17.37	-8.258	-3.900	-65.6
17.38	-8.228	-3.464	-98.6
17.39	-8.200	-4.630	-110.3
17.4	-8.173	-7.033	-86.2
17.41	-8.150	-9.966	-68.0
17.42	-8.129	-13.073	-89.1
17.43	-8.109	-16.370	-108.4
17.44	-8.089	-19.655	-104.0
17.45	-8.069	-22.675	-97.7
17.46	-8.051	-25.119	-76.9
17.47	-8.036	-26.764	-39.2
17.48	-8.021	-27.905	-23.9
17.49	-8.007	-28.795	-63.1
17.5	-7.994	-29.200	-80.0
17.51	-7.982	-29.084	-16.4
17.52	-7.971	-28.728	27.2
17.53	-7.960	-28.052	-14.7
17.54	-7.949	-26.898	-79.3
17.55	-7.941	-25.673	-111.1
17.56	-7.934	-24.863	-126.2
17.57	-7.931	-24.233	-129.9
17.58	-7.926	-23.294	-74.9
17.59	-7.920	-22.273	-8.7
17.6	-7.912	-21.558	106.8
17.61	-7.906	-20.834	394.3
17.62	-7.904	-19.864	631.8
17.63	-7.904	-19.036	465.9
17.64	-7.901	-18.628	77.3
17.65	-7.899	-18.575	-95.8
17.66	-7.895	-18.887	-87.6
17.67	-7.888	-19.425	-81.5
17.68	-7.877	-19.702	-100.3
17.69	-7.868	-19.330	-98.0
17.7	-7.862	-18.469	-60.1
17.71	-7.856	-17.498	-70.1
17.72	-7.850	-16.105	-96.2
17.73	-7.843	-12.806	-74.0
17.74	-7.836	-5.244	-15.5
17.75	-7.830	8.269	25.8
17.76	-7.824	26.322	10.7
17.77	-7.821	42.241	20.6
17.78	-7.816	49.755	55.0
17.79	-7.813	51.095	72.5
17.8	-7.809	51.136	109.1
17.81	-7.805	51.131	145.1
17.82	-7.801	50.966	142.8
17.83	-7.796	48.538	143.4
17.84	-7.792	40.141	174.7
17.85	-7.788	26.608	151.9
17.86	-7.785	12.708	44.5
17.87	-7.783	1.531	-32.5
17.88	-7.782	-6.028	-50.7
17.89	-7.782	-10.845	-68.5
17.9	-7.782	-14.308	-95.3
17.91	-7.785	-16.945	-193.6
17.92	-7.789	-18.873	-209.2
17.93	-7.792	-20.673	-107.6
17.94	-7.791	-23.363	-80.2
17.95	-7.788	-27.656	-99.8
17.96	-7.784	-33.286	-164.5
17.97	-7.781	-38.845	-198.9
17.98	-7.779	-42.722	-144.9
17.99	-7.778	-44.413	-76.6
18.0	-7.780	-44.223	-74.0
18.01	-7.784	-42.273	-177.7
18.02	-7.787	-38.680	-189.2
18.03	-7.789	-33.939	-78.8
18.04	-7.791	-28.733	-43.0
18.05	-7.793	-23.688	-90.4
18.06	-7.794	-19.233	-123.9
18.07	-7.794	-15.495	-126.8
18.08	-7.794	-12.606	-112.4
18.09	-7.794	-10.963	-78.3
18.1	-7.794	-10.467	-72.6
18.11	-7.795	-10.698	-69.6
18.12	-7.795	-11.747	-87.6
18.13	-7.796	-13.667	-118.5
18.14	-7.797	-15.930	-110.5
18.15	-7.798	-18.030	-82.8
18.16	-7.801	-20.038	-54.9
18.17	-7.804	-22.105	-82.9
18.18	-7.807	-23.920	-87.5
18.19	-7.810	-25.134	-67.8
18.2	-7.814	-26.052	-84.2
18.21	-7.817	-26.955	-91.6
18.22	-7.821	-27.372	-108.8
18.23	-7.824	-27.123	-85.0
18.24	-7.829	-26.800	-21.4
18.25	-7.834	-26.616	-34.1
18.26	-7.839	-26.200	-75.9
18.27	-7.845	-25.498	-46.0
18.28	-7.853	-24.850	9.7
18.29	-7.862	-24.381	24.5
18.3	-7.871	-23.880	-6.4
18.31	-7.879	-23.200	-28.7
18.32	-7.885	-22.497	-41.4
18.33	-7.891	-21.886	-58.1
18.34	-7.900	-21.169	-70.3
18.35	-7.916	-20.298	-86.8
18.36	-7.937	-19.594	-59.2
18.37	-7.962	-19.070	-10.2
18.38	-7.988	-18.391	89.3
18.39	-8.021	-17.644	370.9
18.4	-8.068	-17.348	655.1
18.41	-8.130	-17.530	557.7
18.42	-8.201	-17.692	186.1
18.43	-8.277	-17.845	-22.1
18.44	-8.352	-18.452	-58.3
18.45	-8.421	-19.473	-98.7
18.46	-8.479	-20.308	-114.6
18.47	-8.533	-20.413	-91.2
18.48	-8.584	-19.723	-37.4
18.49	-8.634	-18.658	-3.2
18.5	-8.680	-17.458	-52.3
18.51	-8.726	-14.820	-72.2
18.52	-8.772	-7.788	-16.3
18.53	-8.819	5.755	35.4
18.54	-8.864	24.244	57.9
18.55	-8.908	40.988	40.2
18.56	-8.948	49.380	33.6
18.57	-8.987	51.075	86.4
18.58	-9.023	51.136	156.7
18.59	-9.058	51.136	191.5
18.6	-9.092	51.088	173.4
18.61	-9.124	49.766	160.6
18.62	-9.158	43.333	176.9
18.63	-9.193	30.689	179.8
18.64	-9.229	16.383	135.9
18.65	-9.268	4.055	36.2
18.66	-9.305	-5.483	-52.0
18.67	-9.343	-12.109	-72.8
18.68	-9.381	-16.183	-72.2
18.69	-9.421	-18.439	-91.1
18.7	-9.456	-19.761	-106.1
18.71	-9.487	-21.147	-115.5
18.72	-9.516	-23.520	-119.3
18.73	-9.543	-27.181	-109.6
18.74	-9.569	-31.695	-111.9
18.75	-9.591	-36.363	-108.5
18.76	-9.613	-40.363	-101.7
18.77	-9.635	-42.842	-106.5
18.78	-9.659	-43.298	-100.2
18.79	-9.684	-41.681	-101.9
18.8	-9.707	-38.208	-71.3
18.81	-9.731	-33.363	-41.3
18.82	-9.754	-27.881	-72.9
18.83	-9.777	-22.452	-98.3
18.84	-9.801	-17.342	-95.9
18.85	-9.823	-12.586	-78.6
18.86	-9.844	-8.733	-46.7
18.87	-9.864	-6.530	-32.9
18.88	-9.883	-6.027	-95.2
18.89	-9.900	-6.958	-120.3
18.9	-9.916	-9.092	-34.8
18.91	-9.933	-11.872	2.3
18.92	-9.951	-14.766	-37.5
18.93	-9.967	-17.734	-74.8
18.94	-9.982	-20.611	-81.4
18.95	-9.996	-22.792	-92.1
18.96	-10.006	-24.119	-61.5
18.97	-10.018	-25.117	9.4
18.98	-10.032	-26.081	-7.6
18.99	-10.046	-26.798	-60.0
19.0	-10.058	-27.088	-39.0
19.01	-10.069	-27.050	22.3
19.02	-10.081	-26.934	59.5
19.03	-10.091	-26.788	42.7
19.04	-10.099	-26.477	-12.5
19.05	-10.106	-26.081	-47.2
19.06	-10.113	-25.877	-45.7
19.07	-10.121	-25.838	-37.7
19.08	-10.129	-25.400	-56.8
19.09	-10.137	-24.063	-56.2
19.1	-10.143	-22.141	-22.1
19.11	-10.144	-20.259	20.8
19.12	-10.146	-18.467	145.9
19.13	-10.149	-16.748	398.1
19.14	-10.156	-15.434	577.9
19.15	-10.159	-14.791	403.0
19.16	-10.161	-14.947	81.8
19.17	-10.166	-15.856	-67.7
19.18	-10.171	-17.247	-98.9
19.19	-10.175	-18.706	-81.8
19.2	-10.179	-19.689	-28.8
19.21	-10.184	-19.866	3.6
19.22	-10.193	-19.355	-3.9
19.23	-10.201	-18.330	-29.3
19.24	-10.207	-16.767	-68.4
19.25	-10.212	-14.005	-43.9
19.26	-10.219	-7.961	-0.6
19.27	-10.227	3.802	9.7
19.28	-10.233	21.128	54.1
19.29	-10.238	38.544	94.0
19.3	-10.241	48.542	109.2
19.31	-10.244	51.014	95.1
19.32	-10.248	51.133	98.7
19.33	-10.253	51.136	152.1
19.34	-10.258	51.094	183.6
19.35	-10.263	49.855	186.6
19.36	-10.267	43.411	179.9
19.37	-10.271	30.164	146.8
19.38	-10.273	14.792	87.7
19.39	-10.274	1.758	7.0
19.4	-10.274	-7.898	-58.4
19.41	-10.277	-14.453	-75.1
19.42	-10.283	-18.331	-96.5
19.43	-10.293	-20.205	-119.3
19.44	-10.299	-21.228	-114.4
19.45	-10.302	-22.539	-103.4
19.46	-10.303	-24.898	-94.4
19.47	-10.306	-28.475	-100.1
19.48	-10.310	-32.891	-90.1
19.49	-10.313	-37.644	-88.6
19.5	-10.314	-41.895	-103.8
19.51	-10.318	-44.308	-100.6
19.52	-10.321	-44.063	-98.1
19.53	-10.323	-41.444	-82.8
19.54	-10.324	-37.172	-78.8
19.55	-10.324	-31.898	-76.4
19.56	-10.321	-26.123	-60.6
19.57	-10.314	-20.283	-73.9
19.58	-10.301	-14.881	-77.3
19.59	-10.284	-10.403	-45.9
19.6	-10.261	-7.133	-44.1
19.61	-10.229	-5.423	-79.0
19.62	-10.186	-5.550	-84.6
19.63	-10.133	-7.014	-56.8
19.64	-10.074	-9.111	-45.5
19.65	-10.013	-11.786	-57.3
19.66	-9.952	-15.003	-72.7
19.67	-9.891	-18.233	-93.6
19.68	-9.829	-20.922	-64.3
19.69	-9.764	-22.942	-2.7
19.7	-9.696	-24.505	0.2
19.71	-9.627	-25.786	-32.0
19.72	-9.554	-26.705	-60.4
19.73	-9.479	-27.016	-53.0
19.74	-9.401	-26.748	-6.8
19.75	-9.322	-26.361	33.6
19.76	-9.242	-26.125	23.2
19.77	-9.160	-25.764	-26.5
19.78	-9.078	-25.053	-47.9
19.79	-8.998	-24.247	-45.8
19.8	-8.919	-23.678	-66.4
19.81	-8.847	-23.375	-103.9
19.82	-8.782	-23.000	-79.2
19.83	-8.721	-22.123	-7.4
19.84	-8.659	-20.758	57.7
19.85	-8.602	-19.386	240.8
19.86	-8.551	-18.364	513.3
19.87	-8.505	-17.661	517.3
19.88	-8.459	-17.081	206.7
19.89	-8.415	-16.553	-21.1
19.9	-8.376	-16.295	-53.6
19.91	-8.339	-16.550	-60.9
19.92	-8.303	-16.958	-107.5
19.93	-8.269	-16.853	-110.5
19.94	-8.239	-16.139	-42.1
19.95	-8.210	-15.364	-24.3
19.96	-8.180	-14.855	-63.9
19.97	-8.150	-13.895	-77.3
19.98	-8.122	-10.505	-41.5
19.99	-8.096	-2.214	14.5
20.0	-8.072	11.805	43.3
20.01	-8.049	29.189	24.2
20.02	-8.027	43.611	5.9
20.03	-8.009	50.052	49.8
20.04	-7.989	51.109	101.1
20.05	-7.970	51.133	131.8
20.06	-7.952	51.067	136.6
20.07	-7.936	49.481	135.3
20.08	-7.923	42.589	162.3
20.09	-7.912	29.927	144.1
20.1	-7.901	16.117	92.1
20.11	-7.889	4.323	25.6
20.12	-7.878	-4.970	-61.0
20.13	-7.869	-11.856	-87.6
20.14	-7.861	-16.502	-90.7
20.15	-7.856	-19.344	-112.4
20.16	-7.852	-21.233	-109.9
20.17	-7.847	-22.930	-124.6
20.18	-7.838	-24.842	-168.4
20.19	-7.828	-27.334	-166.8
20.2	-7.819	-30.656	-131.1
20.21	-7.811	-34.638	-96.7
20.22	-7.803	-38.709	-101.9
20.23	-7.798	-41.922	-147.6
20.24	-7.792	-43.309	-164.9
20.25	-7.787	-42.548	-122.7
20.26	-7.782	-40.081	-67.8
20.27	-7.779	-36.655	-100.9
20.28	-7.777	-32.734	-135.5
20.29	-7.774	-28.378	-109.6
20.3	-7.772	-23.789	-88.3
20.31	-7.769	-19.605	-80.6
20.32	-7.766	-16.183	-86.6
20.33	-7.764	-13.422	-104.3
20.34	-7.760	-11.461	-135.5
20.35	-7.757	-10.675	-124.2
20.36	-7.753	-11.134	-77.6
20.37	-7.750	-12.519	-72.7
20.38	-7.747	-14.441	-88.8
20.39	-7.745	-16.825	-89.6
20.4	-7.744	-19.606	-95.1
20.41	-7.743	-22.202	-110.6
20.42	-7.742	-24.078	-87.6
20.43	-7.741	-25.514	-57.6
20.44	-7.740	-26.955	-87.5
20.45	-7.739	-28.036	-114.5
20.46	-7.738	-28.019	-94.3
20.47	-7.737	-27.163	-58.8
20.48	-7.736	-26.484	-34.8
20.49	-7.736	-26.281	-73.0
20.5	-7.736	-26.125	-117.3
20.51	-7.738	-25.844	-76.8
20.52	-7.741	-25.625	4.5
20.53	-7.743	-25.473	40.3
20.54	-7.745	-25.322	-1.3
20.55	-7.746	-25.142	-43.6
20.56	-7.746	-24.564	-56.6
20.57	-7.745	-23.383	-64.1
20.58	-7.744	-22.017	-59.0
20.59	-7.746	-20.850	-84.1
20.6	-7.749	-19.877	-125.6
20.61	-7.753	-19.153	-83.5
20.62	-7.752	-18.894	18.8
20.63	-7.748	-19.011	129.7
20.64	-7.743	-19.113	349.8
20.65	-7.746	-19.030	597.7
20.66	-7.751	-18.895	522.3
20.67	-7.755	-18.825	166.4
20.68	-7.759	-18.916	-65.9
20.69	-7.764	-19.264	-91.4
20.7	-7.763	-19.759	-68.2
20.71	-7.754	-20.148	-75.9
20.72	-7.747	-20.238	-74.8
20.73	-7.743	-19.859	-71.9
20.74	-7.743	-19.011	-68.6
20.75	-7.743	-17.637	-49.0
20.76	-7.744	-14.820	-35.7
20.77	-7.745	-8.381	-8.1
20.78	-7.744	3.877	6.3
20.79	-7.743	21.472	16.0
20.8	-7.743	38.817	54.4
20.81	-7.743	48.636	83.8
20.82	-7.743	51.022	82.3
20.83	-7.744	51.133	71.2
20.84	-7.745	51.134	128.8
20.85	-7.746	51.039	211.9
20.86	-7.746	49.048	215.5
20.87	-7.746	41.059	164.7
20.88	-7.746	27.217	103.9
20.89	-7.748	12.656	72.8
20.9	-7.750	0.359	42.3
20.91	-7.753	-9.203	-12.6
20.92	-7.755	-15.966	-61.0
20.93	-7.761	-20.077	-94.5
20.94	-7.771	-21.917	-135.1
20.95	-7.785	-22.317	-150.0
20.96	-7.799	-22.381	-122.6
20.97	-7.812	-23.153	-131.4
20.98	-7.826	-25.230	-146.0
20.99	-7.842	-28.553	-155.6
21.0	-7.860	-32.494	-135.7
21.01	-7.884	-36.103	-74.8
21.02	-7.914	-38.561	-89.8
21.03	-7.953	-39.413	-136.8
21.04	-7.999	-38.552	-133.2
21.05	-8.054	-36.270	-93.4
21.06	-8.113	-32.953	-79.9
21.07	-8.175	-28.723	-103.7
21.08	-8.235	-23.945	-95.3
21.09	-8.292	-19.394	-89.2
21.1	-8.344	-15.580	-104.4
21.11	-8.390	-12.580	-93.1
21.12	-8.431	-10.466	-70.5
21.13	-8.469	-9.405	-53.2
21.14	-8.506	-9.455	-69.4
21.15	-8.544	-10.486	-121.8
21.16	-8.582	-12.336	-127.0
21.17	-8.621	-14.878	-77.1
21.18	-8.656	-17.631	-47.2
21.19	-8.689	-19.963	-57.7
21.2	-8.719	-21.925	-67.4
21.21	-8.748	-23.798	-67.3
21.22	-8.774	-25.308	-100.6
21.23	-8.799	-26.230	-107.9
21.24	-8.821	-26.866	-49.0
21.25	-8.843	-27.361	-28.7
21.26	-8.865	-27.448	-59.5
21.27	-8.886	-27.077	-67.1
21.28	-8.907	-26.659	-19.8
21.29	-8.926	-26.530	3.8
21.3	-8.944	-26.300	3.1
21.31	-8.961	-25.380	22.5
21.32	-8.977	-23.992	12.7
21.33	-8.993	-22.719	-21.7
21.34	-9.009	-21.589	-94.3
21.35	-9.027	-20.372	-119.8
21.36	-9.046	-19.202	-28.5
21.37	-9.067	-18.539	16.0
21.38	-9.087	-18.659	-28.7
21.39	-9.106	-19.109	-20.3
21.4	-9.123	-19.072	161.7
21.41	-9.144	-18.484	496.7
21.42	-9.169	-17.886	646.6
21.43	-9.194	-17.338	343.9
21.44	-9.217	-16.689	20.0
21.45	-9.242	-16.323	-4.3
21.46	-9.265	-16.803	-9.6
21.47	-9.286	-17.998	-69.3
21.48	-9.304	-19.059	-87.4
21.49	-9.324	-19.528	-84.2
21.5	-9.344	-19.728	-63.9
21.51	-9.365	-19.758	-70.5
21.52	-9.385	-19.045	-55.5
21.53	-9.404	-16.442	19.0
21.54	-9.424	-9.897	33.9
21.55	-9.446	2.542	11.1
21.56	-9.467	20.159	1.1
21.57	-9.488	37.728	3.8
21.58	-9.508	48.170	32.6
21.59	-9.527	50.967	111.0
21.6	-9.548	51.131	175.2
21.61	-9.572	51.136	165.4
21.62	-9.596	51.070	153.2
21.63	-9.619	49.517	136.0
21.64	-9.639	42.555	124.3
21.65	-9.661	29.389	107.0
21.66	-9.681	14.717	62.2
21.67	-9.702	2.106	33.3
21.68	-9.722	-7.888	-10.6
21.69	-9.741	-15.331	-85.8
21.7	-9.758	-20.250	-157.6
21.71	-9.776	-23.034	-176.4
21.72	-9.791	-24.411	-147.4
21.73	-9.803	-25.025	-121.3
21.74	-9.813	-25.675	-113.7
21.75	-9.824	-27.258	-107.1
21.76	-9.834	-30.228	-111.7
21.77	-9.844	-34.102	-143.6
21.78	-9.856	-37.417	-124.3
21.79	-9.869	-38.866	-87.3
21.8	-9.882	-38.363	-105.8
21.81	-9.895	-36.459	-126.6
21.82	-9.906	-33.377	-151.6
21.83	-9.915	-29.123	-116.8
21.84	-9.923	-24.077	-22.0
21.85	-9.932	-18.995	-3.8
21.86	-9.942	-14.542	-71.4
21.87	-9.952	-10.928	-136.1
21.88	-9.961	-8.003	-119.4
21.89	-9.969	-5.784	-71.9
21.9	-9.978	-4.720	-41.2
21.91	-9.987	-5.141	-52.1
21.92	-9.997	-6.759	-110.7
21.93	-10.006	-8.988	-87.9
21.94	-10.013	-11.483	-36.5
21.95	-10.016	-14.317	-50.1
21.96	-10.018	-17.380	-64.6
21.97	-10.021	-20.155	-73.7
21.98	-10.024	-22.397	-60.9
21.99	-10.030	-24.242	-42.1
22.0	-10.034	-25.647	-50.2
22.01	-10.039	-26.313	-35.1
22.02	-10.041	-26.225	15.3
22.03	-10.043	-25.680	57.0
22.04	-10.041	-24.877	27.5
22.05	-10.037	-23.942	-58.4
22.06	-10.033	-23.083	-80.9
22.07	-10.028	-22.398	-41.8
22.08	-10.021	-21.767	-33.7
22.09	-10.013	-21.014	-36.5
22.1	-10.004	-20.172	-41.2
22.11	-9.992	-19.422	-57.2
22.12	-9.973	-18.766	-2.3
22.13	-9.953	-18.163	198.6
22.14	-9.936	-17.648	494.3
22.15	-9.920	-17.172	560.4
22.16	-9.900	-16.805	262.8
22.17	-9.881	-16.742	16.0
22.18	-9.871	-16.839	-52.3
22.19	-9.864	-16.848	-99.6
22.2	-9.851	-16.877	-82.9
22.21	-9.829	-16.958	-26.3
22.22	-9.800	-16.639	-30.7
22.23	-9.770	-15.770	-65.4
22.24	-9.740	-15.011	-40.3
22.25	-9.706	-14.503	-14.6
22.26	-9.668	-12.520	-12.7
22.27	-9.627	-6.194	12.7
22.28	-9.584	6.113	25.8
22.29	-9.537	23.070	25.9
22.3	-9.485	39.430	26.2
22.31	-9.428	48.720	51.9
22.32	-9.366	51.023	126.7
22.33	-9.303	51.133	172.2
22.34	-9.238	51.134	179.4
22.35	-9.172	51.038	160.3
22.36	-9.105	49.047	146.1
22.37	-9.038	41.208	146.2
22.38	-8.973	27.697	104.7
22.39	-8.911	13.358	43.6
22.4	-8.850	1.006	0.0
22.41	-8.791	-8.845	-26.3
22.42	-8.733	-15.914	-75.7
22.43	-8.681	-20.114	-119.9
22.44	-8.633	-21.930	-134.5
22.45	-8.587	-22.383	-139.5
22.46	-8.541	-22.594	-120.4
22.47	-8.496	-23.341	-127.8
22.48	-8.456	-24.994	-142.4
22.49	-8.416	-27.734	-113.5
22.5	-8.378	-31.425	-106.6
22.51	-8.344	-35.128	-125.4
22.52	-8.312	-37.266	-136.2
22.53	-8.283	-36.972	-125.4
22.54	-8.256	-34.825	-92.8
22.55	-8.231	-31.706	-78.4
22.56	-8.209	-27.830	-125.4
22.57	-8.189	-23.216	-164.3
22.58	-8.169	-18.331	-118.0
22.59	-8.151	-13.953	-66.0
22.6	-8.133	-10.697	-69.1
22.61	-8.113	-8.673	-101.6
22.62	-8.094	-7.656	-114.0
22.63	-8.078	-7.575	-95.1
22.64	-8.063	-8.472	-78.6
22.65	-8.047	-10.214	-100.6
22.66	-8.034	-12.570	-127.0
22.67	-8.021	-15.184	-111.2
22.68	-8.009	-17.714	-93.4
22.69	-7.998	-20.163	-78.1
22.7	-7.987	-22.505	-76.5
22.71	-7.978	-24.434	-91.4
22.72	-7.969	-25.836	-92.9
22.73	-7.962	-26.841	-75.8
22.74	-7.956	-27.338	-47.0
22.75	-7.949	-27.192	-33.4
22.76	-7.943	-26.728	-3.1
22.77	-7.937	-26.270	21.9
22.78	-7.930	-25.739	-43.6
22.79	-7.923	-25.031	-118.7
22.8	-7.916	-24.317	-113.8
22.81	-7.910	-23.722	-90.0
22.82	-7.904	-23.047	-85.8
22.83	-7.900	-22.177	-72.0
22.84	-7.893	-21.364	-39.1
22.85	-7.884	-20.822	4.6
22.86	-7.874	-20.453	154.7
22.87	-7.870	-20.097	461.3
22.88	-7.871	-19.772	598.7
22.89	-7.872	-19.483	353.4
22.9	-7.869	-19.161	44.9
22.91	-7.869	-19.003	-93.5
22.92	-7.867	-19.244	-124.8
22.93	-7.859	-19.609	-104.9
22.94	-7.849	-19.711	-102.1
22.95	-7.842	-19.445	-99.1
22.96	-7.838	-18.842	-82.1
22.97	-7.834	-17.944	-68.0
22.98	-7.828	-16.169	-46.9
22.99	-7.822	-11.777	-45.4
23.0	-7.817	-2.650	-19.5
23.01	-7.813	11.975	18.1
23.02	-7.808	29.828	4.5
23.03	-7.804	44.233	2.7
23.04	-7.800	50.270	66.6
23.05	-7.797	51.125	115.1
23.06	-7.794	51.138	111.9
23.07	-7.793	51.130	120.6
23.08	-7.791	50.794	151.3
23.09	-7.790	47.428	152.7
23.1	-7.789	37.523	125.8
23.11	-7.788	23.091	87.3
23.12	-7.788	9.077	37.0
23.13	-7.789	-2.414	11.4
23.14	-7.790	-10.992	-26.8
23.15	-7.793	-16.861	-112.5
23.16	-7.798	-20.564	-161.6
23.17	-7.806	-22.495	-161.4
23.18	-7.811	-23.036	-156.0
23.19	-7.813	-23.247	-145.4
23.2	-7.814	-24.319	-143.1
23.21	-7.814	-26.544	-146.0
23.22	-7.814	-29.731	-139.3
23.23	-7.813	-33.559	-119.5
23.24	-7.812	-37.136	-122.1
23.25	-7.812	-39.267	-145.3
23.26	-7.813	-39.273	-135.4
23.27	-7.816	-37.242	-108.6
23.28	-7.819	-33.856	-99.0
23.29	-7.823	-29.939	-91.3
23.3	-7.826	-25.836	-123.3
23.31	-7.828	-21.509	-151.6
23.32	-7.829	-17.258	-84.5
23.33	-7.831	-13.777	-29.7
23.34	-7.834	-11.331	-75.3
23.35	-7.839	-9.744	-144.0
23.36	-7.848	-9.086	-130.0
23.37	-7.857	-9.495	-91.2
23.38	-7.871	-10.764	-80.5
23.39	-7.896	-12.530	-67.5
23.4	-7.937	-14.495	-71.9
23.41	-8.005	-16.561	-92.9
23.42	-8.104	-18.703	-104.8
23.43	-8.226	-20.880	-95.3
23.44	-8.357	-23.075	-72.6
23.45	-8.481	-25.006	-49.2
23.46	-8.588	-26.295	-40.0
23.47	-8.674	-26.967	-61.2
23.48	-8.742	-27.292	-105.4
23.49	-8.794	-27.355	-98.6
23.5	-8.838	-27.056	-39.3
23.51	-8.878	-26.480	32.1
23.52	-8.917	-25.989	83.0
23.53	-8.956	-25.855	27.4
23.54	-8.992	-25.909	-79.8
23.55	-9.029	-25.869	-123.6
23.56	-9.066	-25.811	-92.3
23.57	-9.105	-25.884	-54.1
23.58	-9.143	-25.863	-53.3
23.59	-9.179	-25.427	-32.3
23.6	-9.210	-24.552	39.8
23.61	-9.241	-23.338	183.3
23.62	-9.273	-21.881	461.3
23.63	-9.306	-20.225	637.7
23.64	-9.334	-18.383	398.2
23.65	-9.361	-16.727	65.2
23.66	-9.389	-15.802	-43.4
23.67	-9.418	-15.713	-61.4
23.68	-9.444	-16.008	-55.3
23.69	-9.469	-16.069	-66.9
23.7	-9.492	-15.788	-70.2
23.71	-9.515	-15.508	-43.9
23.72	-9.538	-15.156	-43.1
23.73	-9.563	-14.159	-46.3
23.74	-9.587	-11.439	-6.1
23.75	-9.610	-4.737	46.7
23.76	-9.630	7.972	23.4
23.77	-9.651	25.430	1.0
23.78	-9.670	41.341	62.2
23.79	-9.689	49.403	135.0
23.8	-9.707	51.073	163.0
23.81	-9.726	51.136	167.7
23.82	-9.746	51.133	161.6
23.83	-9.766	51.008	139.0
23.84	-9.786	48.798	160.4
23.85	-9.806	40.656	199.9
23.86	-9.827	27.128	177.7
23.87	-9.849	12.855	106.5
23.88	-9.871	0.269	26.9
23.89	-9.891	-9.977	-44.0
23.9	-9.909	-17.353	-86.9
23.91	-9.924	-21.961	-94.3
23.92	-9.941	-24.491	-90.1
23.93	-9.956	-25.630	-104.9
23.94	-9.971	-26.017	-136.4
23.95	-9.987	-26.519	-123.3
23.96	-10.004	-27.847	-89.7
23.97	-10.023	-30.138	-108.3
23.98	-10.036	-33.139	-121.2
23.99	-10.046	-36.141	-99.3
24.0	-10.059	-38.033	-100.8
24.01	-10.076	-38.020	-103.5
24.02	-10.094	-36.103	-82.3
24.03	-10.111	-32.792	-63.1
24.04	-10.124	-28.513	-84.3
24.05	-10.134	-23.622	-117.3
24.06	-10.142	-18.614	-102.6
24.07	-10.151	-13.805	-61.8
24.08	-10.163	-9.461	-43.7
24.09	-10.174	-6.141	-59.8
24.1	-10.184	-4.305	-75.6
24.11	-10.191	-4.136	-71.8
24.12	-10.198	-5.673	-68.3
24.13	-10.204	-8.545	-58.9
24.14	-10.211	-12.017	-49.8
24.15	-10.217	-15.494	-66.0
24.16	-10.224	-18.672	-67.4
24.17	-10.232	-21.472	-69.5
24.18	-10.240	-23.753	-57.6
24.19	-10.248	-25.316	-3.7
24.2	-10.254	-26.231	12.4
24.21	-10.259	-26.769	4.4
24.22	-10.261	-27.134	7.6
24.23	-10.263	-27.336	-5.9
24.24	-10.264	-27.230	-23.4
24.25	-10.266	-26.753	-34.8
24.26	-10.266	-26.008	-37.0
24.27	-10.266	-25.108	-56.7
24.28	-10.267	-24.227	-93.3
24.29	-10.267	-23.564	-65.6
24.3	-10.263	-22.983	-6.5
24.31	-10.254	-22.295	89.3
24.32	-10.246	-21.581	325.4
24.33	-10.244	-20.973	553.2
24.34	-10.241	-20.584	455.3
24.35	-10.236	-20.470	124.1
24.36	-10.233	-20.484	-43.8
24.37	-10.231	-20.428	-55.8
24.38	-10.223	-20.436	-59.7
24.39	-10.207	-20.595	-58.4
24.4	-10.188	-20.494	-51.6
24.41	-10.171	-19.772	-37.0
24.42	-10.154	-18.784	-24.4
24.43	-10.133	-17.911	-20.4
24.44	-10.103	-16.450	-33.9
24.45	-10.069	-12.578	-21.7
24.46	-10.036	-4.255	14.7
24.47	-10.006	9.242	38.4
24.48	-9.983	26.175	39.0
24.49	-9.963	41.370	43.7
24.5	-9.943	49.308	111.6
24.51	-9.918	51.063	161.3
24.52	-9.889	51.131	146.2
24.53	-9.857	51.063	144.5
24.54	-9.824	49.402	161.7
24.55	-9.790	42.222	172.1
24.56	-9.754	28.967	153.1
24.57	-9.717	14.294	105.3
24.58	-9.679	1.519	29.4
24.59	-9.640	-8.756	-46.3
24.6	-9.597	-16.356	-80.0
24.61	-9.553	-21.194	-78.2
24.62	-9.513	-23.850	-57.9
24.63	-9.474	-25.403	-81.2
24.64	-9.432	-26.572	-130.5
24.65	-9.386	-27.742	-138.6
24.66	-9.341	-29.358	-101.2
24.67	-9.296	-31.770	-81.5
24.68	-9.252	-34.994	-106.5
24.69	-9.211	-38.527	-112.7
24.7	-9.174	-41.216	-118.5
24.71	-9.141	-41.861	-97.2
24.72	-9.110	-40.267	-46.1
24.73	-9.081	-37.244	-52.3
24.74	-9.053	-33.411	-74.9
24.75	-9.027	-28.670	-100.0
24.76	-9.002	-23.080	-101.0
24.77	-8.978	-17.442	-54.4
24.78	-8.952	-12.661	-36.3
24.79	-8.927	-9.113	-74.6
24.8	-8.902	-6.806	-100.6
24.81	-8.878	-5.938	-63.9
24.82	-8.853	-6.802	-27.4
24.83	-8.827	-9.169	-61.9
24.84	-8.801	-12.355	-116.6
24.85	-8.778	-15.836	-74.1
24.86	-8.757	-19.234	-22.7
24.87	-8.738	-22.186	-55.5
24.88	-8.719	-24.492	-78.2
24.89	-8.701	-26.117	-60.9
24.9	-8.682	-27.208	-51.6
24.91	-8.662	-27.905	-33.4
24.92	-8.643	-28.206	4.8
24.93	-8.624	-28.169	15.3
24.94	-8.603	-27.889	-15.4
24.95	-8.582	-27.552	-64.1
24.96	-8.561	-27.422	-91.8
24.97	-8.544	-27.305	-97.7
24.98	-8.531	-26.677	-92.8
24.99	-8.520	-25.592	-63.1
25.0	-8.507	-24.619	-38.1
25.01	-8.489	-23.909	-9.8
25.02	-8.472	-23.192	176.5
25.03	-8.459	-22.545	522.8
25.04	-8.449	-22.252	588.2
25.05	-8.439	-22.119	245.9
25.06	-8.429	-21.842	-26.3
25.07	-8.421	-21.648	-106.1
25.08	-8.412	-21.761	-120.1
25.09	-8.401	-21.841	-111.1
25.1	-8.387	-21.419	-98.9
25.11	-8.376	-20.488	-54.4
25.12	-8.364	-19.398	-39.6
25.13	-8.352	-18.250	-59.5
25.14	-8.339	-16.411	-57.4
25.15	-8.326	-12.269	-31.0
25.16	-8.313	-3.772	-11.1
25.17	-8.301	9.622	8.5
25.18	-8.289	25.902	34.2
25.19	-8.278	40.644	45.8
25.2	-8.267	48.919	67.7
25.21	-8.256	51.022	103.3
25.22	-8.244	51.109	109.1
25.23	-8.231	50.316	124.5
25.24	-8.218	45.611	176.8
25.25	-8.207	35.061	198.9
25.26	-8.198	21.800	149.1
25.27	-8.193	9.439	56.2
25.28	-8.188	-1.005	-11.6
25.29	-8.184	-9.256	-25.7
25.3	-8.182	-15.039	-49.8
25.31	-8.184	-18.539	-96.4
25.32	-8.188	-20.491	-99.6
25.33	-8.192	-21.580	-114.5
25.34	-8.191	-22.358	-143.4
25.35	-8.185	-23.497	-125.4
25.36	-8.177	-25.486	-107.6
25.37	-8.169	-28.316	-96.2
25.38	-8.162	-31.620	-94.5
25.39	-8.156	-34.778	-110.6
25.4	-8.150	-37.036	-114.0
25.41	-8.145	-37.805	-106.6
25.42	-8.141	-37.053	-90.5
25.43	-8.138	-35.295	-72.1
25.44	-8.136	-32.698	-73.5
25.45	-8.135	-29.073	-105.8
25.46	-8.134	-24.902	-117.3
25.47	-8.131	-20.825	-99.1
25.48	-8.127	-17.002	-90.0
25.49	-8.123	-13.795	-67.8
25.5	-8.117	-11.603	-69.9
25.51	-8.112	-10.439	-98.5
25.52	-8.106	-10.283	-95.6
25.53	-8.100	-11.148	-66.6
25.54	-8.093	-12.786	-60.2
25.55	-8.089	-14.858	-74.4
25.56	-8.085	-17.219	-74.2
25.57	-8.083	-19.705	-83.8
25.58	-8.081	-21.870	-101.7
25.59	-8.079	-23.259	-110.7
25.6	-8.076	-23.986	-91.3
25.61	-8.074	-24.519	-54.0
25.62	-8.071	-24.936	-56.1
25.63	-8.069	-25.023	-82.7
25.64	-8.067	-24.788	-72.3
25.65	-8.066	-24.509	-33.7
25.66	-8.066	-24.419	-41.8
25.67	-8.068	-24.345	-55.6
25.68	-8.068	-24.069	4.3
25.69	-8.068	-23.778	40.3
25.7	-8.066	-23.442	7.5
25.71	-8.064	-22.648	-60.6
25.72	-8.063	-21.538	-108.6
25.73	-8.063	-20.827	-100.3
25.74	-8.066	-20.658	-112.1
25.75	-8.070	-20.334	-89.1
25.76	-8.071	-19.486	2.9
25.77	-8.068	-18.627	119.3
25.78	-8.065	-18.303	359.4
25.79	-8.066	-18.436	578.9
25.8	-8.071	-18.577	491.1
25.81	-8.074	-18.373	199.9
25.82	-8.078	-18.108	5.5
25.83	-8.083	-18.506	-30.7
25.84	-8.082	-19.703	-92.6
25.85	-8.075	-20.617	-155.2
25.86	-8.065	-20.153	-86.8
25.87	-8.058	-18.716	-5.7
25.88	-8.052	-17.458	-26.0
25.89	-8.047	-16.416	-128.9
25.9	-8.044	-13.881	-122.7
25.91	-8.039	-7.459	20.0
25.92	-8.033	3.850	89.4
25.93	-8.026	18.617	62.9
25.94	-8.019	33.966	-16.5
25.95	-8.013	45.517	-11.3
25.96	-8.007	50.377	111.4
25.97	-8.001	51.116	173.4
25.98	-7.994	50.736	146.1
25.99	-7.986	47.617	122.6
26.0	-7.978	39.358	139.7
26.01	-7.969	27.703	153.4
26.02	-7.959	16.219	150.0
26.03	-7.948	6.602	112.0
26.04	-7.937	-1.080	51.0
26.05	-7.925	-7.411	-30.8
26.06	-7.913	-12.394	-133.4
26.07	-7.904	-15.691	-147.6
26.08	-7.900	-17.758	-94.0
26.09	-7.902	-19.395	-97.0
26.1	-7.907	-20.884	-133.4
26.11	-7.912	-22.513	-154.2
26.12	-7.918	-24.778	-170.8
26.13	-7.927	-27.686	-175.2
26.14	-7.937	-30.745	-144.5
26.15	-7.949	-33.331	-96.5
26.16	-7.964	-34.688	-93.2
26.17	-7.982	-34.377	-117.3
26.18	-8.006	-32.727	-126.0
26.19	-8.034	-30.189	-141.7
26.2	-8.065	-26.864	-129.7
26.21	-8.098	-22.997	-97.0
26.22	-8.128	-19.123	-93.8
26.23	-8.155	-15.608	-88.1
26.24	-8.178	-12.591	-90.0
26.25	-8.199	-10.361	-99.1
26.26	-8.218	-9.297	-85.5
26.27	-8.242	-9.331	-88.1
26.28	-8.273	-10.117	-107.8
26.29	-8.310	-11.497	-88.3
26.3	-8.348	-13.377	-59.8
26.31	-8.386	-15.444	-81.5
26.32	-8.425	-17.313	-103.3
26.33	-8.469	-18.919	-93.3
26.34	-8.516	-20.423	-75.0
26.35	-8.562	-21.684	-64.0
26.36	-8.604	-22.405	-66.1
26.37	-8.643	-22.714	-57.6
26.38	-8.681	-22.869	-50.3
26.39	-8.721	-22.723	-58.8
26.4	-8.761	-22.244	-55.2
26.41	-8.802	-21.797	-18.4
26.42	-8.842	-21.692	4.0
26.43	-8.879	-21.838	5.8
26.44	-8.913	-21.761	37.8
26.45	-8.944	-21.297	35.9
26.46	-8.974	-20.800	-26.4
26.47	-9.006	-20.514	-76.3
26.48	-9.041	-20.225	-93.7
26.49	-9.081	-19.648	-70.4
26.5	-9.124	-18.925	-34.1
26.51	-9.166	-18.267	-24.7
26.52	-9.205	-17.673	32.3
26.53	-9.242	-17.002	238.4
26.54	-9.282	-15.800	548.4
26.55	-9.322	-14.184	644.1
26.56	-9.360	-13.356	349.4
26.57	-9.396	-14.123	22.0
26.58	-9.433	-16.025	-90.0
26.59	-9.469	-17.930	-86.2
26.6	-9.505	-19.183	-40.9
26.61	-9.541	-19.938	-14.2
26.62	-9.578	-20.267	-26.6
26.63	-9.613	-19.955	-51.1
26.64	-9.646	-18.833	-52.4
26.65	-9.676	-16.619	-20.2
26.66	-9.707	-12.666	4.6
26.67	-9.741	-5.631	26.8
26.68	-9.773	6.028	44.3
26.69	-9.803	21.380	54.2
26.7	-9.833	36.536	85.3
26.71	-9.864	46.817	113.3
26.72	-9.899	50.642	132.6
26.73	-9.936	51.125	172.7
26.74	-9.974	50.694	195.5
26.75	-10.013	47.278	197.0
26.76	-10.051	38.366	199.5
26.77	-10.089	25.923	179.7
26.78	-10.123	13.677	150.7
26.79	-10.157	3.473	102.8
26.8	-10.189	-4.267	30.9
26.81	-10.219	-9.861	-41.4
26.82	-10.249	-13.613	-91.0
26.83	-10.278	-15.858	-81.7
26.84	-10.303	-17.241	-71.4
26.85	-10.327	-18.355	-95.1
26.86	-10.351	-19.591	-112.0
26.87	-10.374	-21.586	-122.4
26.88	-10.395	-24.803	-112.0
26.89	-10.416	-28.811	-99.4
26.9	-10.434	-32.552	-106.4
26.91	-10.453	-34.938	-88.0
26.92	-10.471	-35.330	-79.1
26.93	-10.490	-33.631	-108.6
26.94	-10.508	-30.256	-117.5
26.95	-10.525	-26.109	-96.6
26.96	-10.540	-21.150	-73.7
26.97	-10.554	-14.875	-68.4
26.98	-10.568	-9.097	-80.8
26.99	-10.581	-5.477	-72.3
27.0	-10.594	-3.128	-37.1
27.01	-10.604	-1.661	-13.6
27.02	-10.611	-1.672	-48.9
27.03	-10.618	-2.833	-94.0
27.04	-10.623	-4.381	-74.9
27.05	-10.627	-6.244	-54.2
27.06	-10.629	-8.527	-62.5
27.07	-10.628	-10.978	-63.9
27.08	-10.621	-13.206	-49.6
27.09	-10.611	-15.134	-29.2
27.1	-10.596	-17.373	-39.4
27.11	-10.579	-19.983	-53.3
27.12	-10.558	-21.884	-12.9
27.13	-10.529	-22.652	50.1
27.14	-10.491	-22.994	65.3
27.15	-10.447	-23.255	6.5
27.16	-10.399	-23.027	-39.2
27.17	-10.353	-22.355	-47.2
27.18	-10.311	-21.684	-66.3
27.19	-10.273	-21.053	-68.1
27.2	-10.239	-20.345	-47.6
27.21	-10.206	-19.606	-43.6
27.22	-10.168	-18.827	-31.9
27.23	-10.123	-18.042	94.3
27.24	-10.078	-17.447	376.4
27.25	-10.037	-17.216	587.6
27.26	-9.999	-17.025	441.7
27.27	-9.960	-16.616	109.1
27.28	-9.923	-16.563	-67.7
27.29	-9.891	-17.130	-96.9
27.3	-9.860	-17.728	-88.9
27.31	-9.827	-18.002	-55.0
27.32	-9.791	-18.305	-19.5
27.33	-9.755	-18.792	-35.8
27.34	-9.719	-18.811	-67.2
27.35	-9.683	-17.909	-51.8
27.36	-9.643	-16.095	0.3
27.37	-9.603	-12.347	15.9
27.38	-9.564	-4.575	-14.8
27.39	-9.526	7.972	-2.5
27.4	-9.489	23.539	39.1
27.41	-9.454	38.411	85.7
27.42	-9.419	47.823	120.5
27.43	-9.385	50.834	111.3
27.44	-9.351	50.886	132.3
27.45	-9.317	48.381	190.8
27.46	-9.282	40.638	209.3
27.47	-9.248	28.823	158.0
27.48	-9.215	16.920	85.6
27.49	-9.184	6.734	63.4
27.5	-9.152	-1.552	46.4
27.51	-9.121	-7.706	-20.7
27.52	-9.089	-11.755	-89.4
27.53	-9.060	-14.344	-123.4
27.54	-9.033	-16.033	-137.4
27.55	-9.010	-17.216	-127.2
27.56	-8.986	-18.634	-111.2
27.57	-8.959	-20.834	-105.2
27.58	-8.934	-23.713	-127.8
27.59	-8.912	-27.141	-145.3
27.6	-8.890	-30.863	-126.9
27.61	-8.867	-34.277	-123.8
27.62	-8.844	-36.498	-113.6
27.63	-8.824	-36.692	-97.3
27.64	-8.808	-34.973	-113.8
27.65	-8.793	-32.002	-118.1
27.66	-8.779	-28.106	-108.5
27.67	-8.766	-23.600	-107.1
27.68	-8.752	-19.253	-91.2
27.69	-8.741	-15.769	-86.8
27.7	-8.729	-13.161	-89.8
27.71	-8.717	-11.320	-82.7
27.72	-8.707	-10.375	-80.8
27.73	-8.696	-10.353	-85.9
27.74	-8.686	-11.175	-102.9
27.75	-8.678	-12.641	-109.8
27.76	-8.669	-14.361	-104.7
27.77	-8.662	-16.127	-83.3
27.78	-8.654	-17.959	-69.1
27.79	-8.646	-19.697	-76.1
27.8	-8.638	-21.208	-79.3
27.81	-8.630	-22.636	-88.0
27.82	-8.622	-23.956	-94.0
27.83	-8.615	-24.953	-87.2
27.84	-8.608	-25.520	-61.6
27.85	-8.603	-25.595	-42.9
27.86	-8.600	-25.144	-50.2
27.87	-8.598	-24.400	-32.8
27.88	-8.594	-23.781	14.2
27.89	-8.589	-23.311	3.4
27.9	-8.584	-22.689	-35.5
27.91	-8.579	-21.845	-37.7
27.92	-8.574	-20.952	-65.2
27.93	-8.570	-20.031	-100.9
27.94	-8.568	-19.020	-108.6
27.95	-8.567	-18.105	-94.5
27.96	-8.564	-17.528	-28.5
27.97	-8.558	-17.306	62.0
27.98	-8.551	-17.227	240.9
27.99	-8.549	-17.114	531.9
28.0	-8.550	-17.025	611.5
28.01	-8.550	-17.141	315.0
28.02	-8.549	-17.541	-23.8
28.03	-8.550	-17.997	-109.5
28.04	-8.547	-18.053	-69.1
28.05	-8.540	-17.586	-63.9
28.06	-8.529	-16.969	-64.3
28.07	-8.521	-16.389	-84.5
28.08	-8.514	-15.753	-104.8
28.09	-8.508	-15.013	-81.0
28.1	-8.502	-13.552	-43.4
28.11	-8.497	-9.530	-16.7
28.12	-8.492	-1.055	0.2
28.13	-8.489	11.834	12.6
28.14	-8.486	26.875	13.3
28.15	-8.482	40.364	16.9
28.16	-8.479	48.433	60.3
28.17	-8.476	50.883	110.7
28.18	-8.472	50.378	131.7
28.19	-8.468	46.280	162.2
28.2	-8.464	37.347	179.0
28.21	-8.461	26.316	158.9
28.22	-8.459	15.977	143.8
28.23	-8.457	6.764	126.2
28.24	-8.457	-1.181	38.5
28.25	-8.456	-7.170	-47.6
28.26	-8.456	-11.047	-67.5
28.27	-8.456	-13.686	-88.7
28.28	-8.458	-15.778	-125.0
28.29	-8.464	-17.259	-166.9
28.3	-8.472	-18.245	-166.5
28.31	-8.477	-19.380	-133.8
28.32	-8.478	-21.206	-122.1
28.33	-8.477	-23.897	-130.7
28.34	-8.474	-27.233	-153.1
28.35	-8.469	-30.580	-154.0
28.36	-8.464	-32.930	-115.0
28.37	-8.461	-33.511	-110.0
28.38	-8.461	-32.536	-133.7
28.39	-8.465	-30.531	-114.0
28.4	-8.471	-27.547	-121.8
28.41	-8.477	-23.841	-124.5
28.42	-8.481	-20.127	-87.5
28.43	-8.484	-16.706	-86.4
28.44	-8.484	-13.558	-110.3
28.45	-8.483	-11.070	-120.6
28.46	-8.481	-9.755	-100.7
28.47	-8.481	-9.563	-97.9
28.48	-8.481	-9.933	-101.8
28.49	-8.482	-10.641	-87.7
28.5	-8.483	-11.978	-74.6
28.51	-8.484	-13.806	-82.1
28.52	-8.486	-15.481	-118.2
28.53	-8.488	-16.952	-110.3
28.54	-8.491	-18.680	-69.1
28.55	-8.494	-20.172	-79.1
28.56	-8.498	-20.461	-94.9
28.57	-8.501	-19.823	-86.1
28.58	-8.505	-19.423	-87.2
28.59	-8.509	-19.638	-97.0
28.6	-8.512	-19.448	-94.2
28.61	-8.514	-18.738	-71.5
28.62	-8.517	-18.602	-36.9
28.63	-8.519	-19.113	-47.8
28.64	-8.523	-19.747	-63.5
28.65	-8.528	-20.478	-1.9
28.66	-8.534	-21.247	29.1
28.67	-8.542	-21.633	1.3
28.68	-8.548	-21.767	-25.3
28.69	-8.553	-21.972	-63.0
28.7	-8.555	-21.959	-88.6
28.71	-8.558	-21.539	-71.4
28.72	-8.563	-21.036	-45.7
28.73	-8.573	-20.566	-49.8
28.74	-8.587	-19.955	-59.0
28.75	-8.604	-19.277	1.2
28.76	-8.628	-18.795	252.1
28.77	-8.671	-18.527	620.9
28.78	-8.738	-18.217	677.0
28.79	-8.828	-17.720	327.0
28.8	-8.931	-17.328	-7.3
28.81	-9.037	-17.288	-122.2
28.82	-9.134	-17.309	-127.8
28.83	-9.217	-17.069	-93.6
28.84	-9.287	-16.492	-55.3
28.85	-9.349	-15.406	-46.4
28.86	-9.401	-13.988	-42.4
28.87	-9.446	-12.689	-49.7
28.88	-9.486	-10.534	-56.0
28.89	-9.526	-5.291	-25.0
28.9	-9.567	4.269	21.1
28.91	-9.607	17.053	40.0
28.92	-9.648	30.553	47.6
28.93	-9.684	42.034	67.9
28.94	-9.718	48.825	93.1
28.95	-9.749	50.908	140.4
28.96	-9.777	50.345	167.1
28.97	-9.803	46.466	154.5
28.98	-9.828	37.981	170.3
28.99	-9.853	26.797	207.5
29.0	-9.878	15.753	202.8
29.01	-9.903	6.559	141.5
29.02	-9.928	-0.264	51.4
29.03	-9.954	-5.005	-24.0
29.04	-9.978	-7.944	-68.5
29.05	-10.001	-9.506	-104.1
29.06	-10.023	-10.414	-123.5
29.07	-10.045	-11.494	-113.3
29.08	-10.063	-12.969	-83.2
29.09	-10.079	-13.881	-69.3
29.1	-10.094	-13.822	-133.6
29.11	-10.108	-13.848	-150.7
29.12	-10.119	-14.861	-73.3
29.13	-10.130	-16.673	-62.9
29.14	-10.141	-17.361	-88.2
29.15	-10.152	-14.963	-72.1
29.16	-10.164	-11.048	-55.6
29.17	-10.176	-8.434	-65.5
29.18	-10.189	-7.628	-64.0
29.19	-10.203	-7.747	-36.7
29.2	-10.216	-7.667	-27.0
29.21	-10.228	-7.275	-67.0
29.22	-10.238	-7.236	-120.7
29.23	-10.249	-7.209	-120.4
29.24	-10.261	-6.303	-113.2
29.25	-10.273	-4.528	-102.7
29.26	-10.285	-3.170	-66.7
29.27	-10.295	-3.116	-57.9
29.28	-10.303	-3.931	-66.9
29.29	-10.309	-5.155	-64.9
29.3	-10.313	-7.053	-51.3
29.31	-10.313	-9.463	-67.5
29.32	-10.312	-12.022	-81.8
29.33	-10.310	-14.827	-51.4
29.34	-10.309	-17.152	-48.0
29.35	-10.310	-18.047	-63.3
29.36	-10.313	-17.331	-71.0
29.37	-10.317	-14.958	-45.5
29.38	-10.322	-11.948	18.8
29.39	-10.327	-10.263	34.2
29.4	-10.330	-9.925	5.5
29.41	-10.334	-9.297	-19.0
29.42	-10.339	-7.273	-39.8
29.43	-10.345	-4.180	-71.1
29.44	-10.353	-1.320	-92.0
29.45	-10.362	0.725	-103.3
29.46	-10.369	2.683	-81.0
29.47	-10.374	4.877	27.4
29.48	-10.376	6.673	252.2
29.49	-10.379	8.162	552.1
29.5	-10.381	8.642	611.3
29.51	-10.382	7.813	288.2
29.52	-10.385	7.414	-11.9
29.53	-10.393	7.605	-80.0
29.54	-10.403	9.269	-64.6
29.55	-10.409	13.970	-37.0
29.56	-10.413	20.205	-31.5
29.57	-10.416	24.833	-37.1
29.58	-10.418	25.234	-63.9
29.59	-10.421	21.820	-87.7
29.6	-10.422	17.255	-38.9
29.61	-10.422	13.250	7.8
29.62	-10.424	11.428	4.9
29.63	-10.428	14.264	9.3
29.64	-10.429	22.339	36.7
29.65	-10.428	33.331	78.7
29.66	-10.424	43.577	111.1
29.67	-10.419	49.480	107.9
29.68	-10.414	51.047	105.9
29.69	-10.412	51.131	134.3
29.7	-10.409	51.077	179.4
29.71	-10.408	49.717	211.2
29.72	-10.406	44.036	192.8
29.73	-10.403	34.486	102.2
29.74	-10.396	24.731	10.4
29.75	-10.387	15.642	-6.8
29.76	-10.376	7.759	-37.3
29.77	-10.363	1.944	-94.1
29.78	-10.352	-2.247	-101.1
29.79	-10.346	-5.847	-92.0
29.8	-10.341	-10.041	-111.2
29.81	-10.335	-14.152	-131.0
29.82	-10.325	-17.333	-124.0
29.83	-10.311	-20.472	-105.1
29.84	-10.288	-24.166	-105.2
29.85	-10.256	-27.861	-129.5
29.86	-10.216	-30.898	-123.8
29.87	-10.174	-33.214	-89.6
29.88	-10.132	-35.386	-91.8
29.89	-10.091	-38.128	-101.9
29.9	-10.049	-41.630	-72.3
29.91	-10.006	-45.842	-58.4
29.92	-9.961	-49.453	-92.4
29.93	-9.913	-50.952	-121.3
29.94	-9.864	-51.136	-113.1
29.95	-9.814	-51.141	-83.0
29.96	-9.763	-51.141	-71.2
29.97	-9.709	-51.141	-86.4
29.98	-9.655	-51.141	-77.2
29.99	-9.601	-51.141	-52.3
30.0	-9.544	-51.141	-61.5
30.01	-9.484	-51.136	-78.3
30.02	-9.425	-51.098	-74.9
30.03	-9.368	-51.058	-71.5
30.04	-9.313	-51.084	-64.3
30.05	-9.259	-50.967	-55.3
30.06	-9.208	-49.934	-48.3
30.07	-9.161	-47.891	-43.5
30.08	-9.116	-46.214	-47.5
30.09	-9.073	-45.109	-11.8
30.1	-9.033	-42.589	12.7
30.11	-8.998	-38.234	-49.3
30.12	-8.966	-34.998	-78.5
30.13	-8.941	-33.813	-43.3
30.14	-8.919	-32.594	-48.5
30.15	-8.901	-31.398	-79.9
30.16	-8.885	-31.055	-111.4
30.17	-8.867	-30.713	-117.0
30.18	-8.846	-29.619	-7.9
30.19	-8.823	-28.558	240.4
30.2	-8.802	-29.550	554.0
30.21	-8.783	-33.292	577.8
30.22	-8.763	-37.709	222.2
30.23	-8.745	-40.230	-24.9
30.24	-8.729	-37.792	-81.9
30.25	-8.713	-28.934	-132.4
30.26	-8.693	-17.680	-106.9
30.27	-8.672	-9.270	-46.4
30.28	-8.652	-5.308	-52.9
30.29	-8.634	-4.655	-93.2
30.3	-8.616	-5.067	-76.8
30.31	-8.596	-4.145	-24.9
30.32	-8.578	-0.286	-24.8
30.33	-8.563	7.922	-28.8
30.34	-8.550	21.388	10.1
30.35	-8.540	36.783	44.4
30.36	-8.531	47.272	68.8
30.37	-8.521	50.772	59.0
30.38	-8.512	51.131	43.8
30.39	-8.502	51.133	102.3
30.4	-8.492	51.011	172.0
30.41	-8.484	49.020	179.8
30.42	-8.474	42.248	154.9
30.43	-8.466	31.583	137.0
30.44	-8.457	20.152	113.8
30.45	-8.451	9.616	48.8
30.46	-8.444	1.283	-53.8
30.47	-8.438	-4.495	-113.8
30.48	-8.429	-8.575	-114.4
30.49	-8.422	-11.953	-123.1
30.5	-8.418	-15.028	-156.6
30.51	-8.412	-17.684	-143.7
30.52	-8.405	-20.225	-106.4
30.53	-8.396	-23.330	-104.4
30.54	-8.386	-27.016	-134.9
30.55	-8.377	-30.855	-170.3
30.56	-8.368	-34.230	-152.1
30.57	-8.359	-36.323	-115.0
30.58	-8.352	-36.658	-102.4
30.59	-8.346	-35.322	-103.2
30.6	-8.339	-32.858	-119.3
30.61	-8.332	-29.656	-151.7
30.62	-8.324	-25.619	-154.0
30.63	-8.316	-21.148	-107.5
30.64	-8.305	-17.375	-63.7
30.65	-8.293	-14.878	-51.7
30.66	-8.279	-13.242	-78.5
30.67	-8.264	-11.773	-121.9
30.68	-8.248	-10.652	-134.1
30.69	-8.232	-10.497	-110.2
30.7	-8.217	-11.217	-93.8
30.71	-8.203	-12.634	-92.8
30.72	-8.189	-14.647	-72.3
30.73	-8.176	-16.534	-66.7
30.74	-8.163	-17.731	-90.6
30.75	-8.151	-18.811	-93.8
30.76	-8.139	-20.256	-110.3
30.77	-8.128	-21.327	-123.8
30.78	-8.116	-21.541	-68.5
30.79	-8.104	-21.663	-22.2
30.8	-8.092	-22.286	-52.7
30.81	-8.082	-22.709	-101.7
30.82	-8.072	-22.180	-76.8
30.83	-8.063	-21.373	-3.4
30.84	-8.053	-21.323	24.5
30.85	-8.044	-21.702	-3.6
30.86	-8.035	-21.400	-28.1
30.87	-8.026	-20.389	-31.5
30.88	-8.018	-19.591	-43.9
30.89	-8.011	-19.139	-86.9
30.9	-8.006	-18.569	-115.6
30.91	-8.002	-18.069	-101.2
30.92	-7.999	-17.917	-73.0
30.93	-7.991	-17.816	-0.4
30.94	-7.982	-17.300	178.2
30.95	-7.978	-16.330	495.4
30.96	-7.980	-15.725	656.8
30.97	-7.985	-15.944	396.5
30.98	-7.988	-16.150	70.4
30.99	-7.994	-15.956	-49.4
31.0	-8.000	-16.166	-78.4
31.01	-8.001	-16.694	-102.2
31.02	-8.001	-16.698	-126.2
31.03	-8.004	-16.061	-95.8
31.04	-8.011	-14.955	-44.9
31.05	-8.019	-13.531	-55.3
31.06	-8.028	-11.925	-67.8
31.07	-8.037	-9.223	-23.4
31.08	-8.047	-2.798	1.2
31.09	-8.060	8.658	-4.3
31.1	-8.073	23.220	21.6
31.11	-8.085	37.391	43.8
31.12	-8.096	47.033	28.4
31.13	-8.107	50.652	60.6
31.14	-8.119	51.086	147.4
31.15	-8.131	50.042	185.3
31.16	-8.143	45.375	162.5
31.17	-8.154	36.489	133.8
31.18	-8.163	26.138	129.4
31.19	-8.171	16.011	137.9
31.2	-8.177	6.106	105.6
31.21	-8.181	-2.588	19.3
31.22	-8.184	-8.847	-53.3
31.23	-8.185	-13.491	-108.5
31.24	-8.185	-17.545	-142.7
31.25	-8.185	-20.334	-146.1
31.26	-8.183	-21.963	-171.8
31.27	-8.179	-23.681	-172.2
31.28	-8.173	-25.952	-138.9
31.29	-8.168	-28.675	-142.1
31.3	-8.160	-31.986	-139.1
31.31	-8.151	-35.700	-135.7
31.32	-8.138	-38.455	-152.9
31.33	-8.124	-39.456	-135.7
31.34	-8.109	-39.303	-122.4
31.35	-8.096	-38.283	-125.5
31.36	-8.082	-36.084	-113.7
31.37	-8.068	-32.797	-117.9
31.38	-8.054	-29.045	-131.4
31.39	-8.040	-25.616	-119.8
31.4	-8.025	-22.842	-108.2
31.41	-8.010	-20.539	-101.1
31.42	-7.996	-18.614	-84.9
31.43	-7.984	-17.306	-100.6
31.44	-7.972	-16.886	-122.6
31.45	-7.959	-17.288	-103.7
31.46	-7.948	-18.370	-79.3
31.47	-7.938	-20.038	-75.5
31.48	-7.925	-22.180	-83.9
31.49	-7.913	-24.675	-90.8
31.5	-7.899	-27.053	-98.5
31.51	-7.888	-28.905	-110.7
31.52	-7.874	-30.114	-112.0
31.53	-7.861	-31.153	-116.1
31.54	-7.850	-32.281	-109.3
31.55	-7.839	-32.155	-70.0
31.56	-7.829	-30.794	-39.2
31.57	-7.821	-29.902	-28.2
31.58	-7.813	-29.488	-14.9
31.59	-7.807	-28.711	4.7
31.6	-7.802	-28.186	-7.2
31.61	-7.796	-28.363	-64.1
31.62	-7.789	-28.852	-99.9
31.63	-7.781	-29.375	-99.2
31.64	-7.773	-29.514	-105.9
31.65	-7.766	-28.913	-126.2
31.66	-7.760	-27.917	-119.6
31.67	-7.754	-27.253	-49.4
31.68	-7.744	-26.755	58.7
31.69	-7.733	-26.548	275.2
31.7	-7.726	-25.705	591.5
31.71	-7.723	-23.878	613.9
31.72	-7.720	-22.938	250.6
31.73	-7.718	-23.086	-38.2
31.74	-7.716	-24.192	-105.1
31.75	-7.711	-25.803	-107.1
31.76	-7.699	-25.339	-96.1
31.77	-7.682	-23.138	-91.2
31.78	-7.663	-21.150	-86.6
31.79	-7.641	-19.222	-80.4
31.8	-7.616	-17.909	-63.7
31.81	-7.588	-17.098	-34.0
31.82	-7.562	-14.613	-19.8
31.83	-7.539	-7.813	-13.5
31.84	-7.516	3.767	6.7
31.85	-7.492	17.413	38.8
31.86	-7.469	29.669	64.9
31.87	-7.446	38.906	95.7
31.88	-7.425	45.136	126.3
31.89	-7.404	47.569	144.8
31.9	-7.385	45.483	177.2
31.91	-7.367	39.281	198.8
31.92	-7.350	30.189	191.8
31.93	-7.333	20.327	172.8
31.94	-7.314	11.231	135.0
31.95	-7.296	3.397	71.9
31.96	-7.279	-2.528	-0.9
31.97	-7.263	-6.208	-70.3
31.98	-7.250	-8.759	-121.5
31.99	-7.241	-12.194	-136.0
32.0	-7.233	-17.167	-138.6
32.01	-7.224	-23.250	-149.5
32.02	-7.213	-30.163	-160.2
32.03	-7.197	-37.806	-158.2
32.04	-7.178	-38.641	-145.5
32.05	-7.156	-17.627	-134.2
32.06	-7.133	14.778	-119.2
32.07	-7.109	33.766	-107.7
32.08	-7.084	40.366	-98.3
32.09	-7.058	43.423	-80.6
32.1	-7.026	40.389	-66.7
32.11	-6.991	28.552	-61.2
32.12	-6.956	13.108	-48.5
32.13	-6.920	-8.806	-39.4
32.14	-6.886	-34.972	-44.9
32.15	-6.856	-48.909	-50.9
32.16	-6.829	-51.094	-68.9
32.17	-6.806	-51.133	-94.3
32.18	-6.788	-51.133	-109.4
32.19	-6.776	-50.914	-113.6
32.2	-6.766	-46.888	-112.4
32.21	-6.759	-30.230	-130.9
32.22	-6.756	1.628	-151.6
32.23	-6.754	29.995	-148.6
32.24	-6.755	39.484	-139.8
32.25	-6.758	41.356	-127.6
32.26	-6.763	42.427	-121.5
32.27	-6.771	39.342	-118.6
32.28	-6.782	38.373	-90.0
32.29	-6.794	39.097	-63.1
32.3	-6.803	35.909	-40.2
32.31	-6.810	32.770	-30.6
32.32	-6.815	26.750	-73.1
32.33	-6.817	15.263	-122.5
32.34	-6.817	10.223	-143.7
32.35	-6.815	14.141	-146.9
32.36	-6.813	17.438	-148.8
32.37	-6.813	22.334	-137.8
32.38	-6.813	24.020	-92.3
32.39	-6.811	15.445	-5.7
32.4	-6.809	14.542	217.8
32.41	-6.805	21.052	535.1
32.42	-6.801	22.781	549.5
32.43	-6.797	26.094	188.3
32.44	-6.793	32.688	-95.8
32.45	-6.792	42.042	-151.2
32.46	-6.794	49.556	-138.0
32.47	-6.798	51.088	-124.2
32.48	-6.803	51.136	-119.8
32.49	-6.809	51.139	-118.3
32.5	-6.814	51.139	-115.1
32.51	-6.816	51.139	-102.4
32.52	-6.813	51.139	-82.8
32.53	-6.808	51.139	-60.5
32.54	-6.802	51.139	-33.9
32.55	-6.796	51.139	-2.6
32.56	-6.790	51.139	24.8
32.57	-6.784	51.139	47.7
32.58	-6.776	51.139	80.5
32.59	-6.767	51.139	118.1
32.6	-6.754	51.139	146.6
32.61	-6.740	51.139	166.3
32.62	-6.725	51.139	185.1
32.63	-6.709	51.139	185.9
32.64	-6.692	51.139	152.8
32.65	-6.678	51.139	100.8
32.66	-6.663	51.139	36.7
32.67	-6.649	51.139	-39.2
32.68	-6.636	51.139	-103.7
32.69	-6.624	51.127	-142.8
32.7	-6.611	50.634	-167.5
32.71	-6.599	46.680	-162.8
32.72	-6.586	36.413	-153.4
32.73	-6.571	18.116	-160.5
32.74	-6.553	-4.463	-174.2
32.75	-6.535	-22.622	-177.4
32.76	-6.517	-35.203	-157.3
32.77	-6.501	-44.519	-149.2
32.78	-6.489	-49.638	-144.3
32.79	-6.479	-51.058	-134.0
32.8	-6.466	-51.134	-143.9
32.81	-6.449	-51.141	-161.6
32.82	-6.429	-51.141	-157.6
32.83	-6.409	-51.141	-135.4
32.84	-6.389	-51.141	-115.3
32.85	-6.373	-51.141	-100.3
32.86	-6.362	-51.141	-131.3
32.87	-6.358	-51.141	-151.2
32.88	-6.361	-51.141	-92.6
32.89	-6.366	-51.141	-32.4
32.9	-6.367	-51.141	-44.2
32.91	-6.364	-51.141	-110.2
32.92	-6.354	-51.141	-150.5
32.93	-6.341	-51.141	-114.7
32.94	-6.324	-51.141	-24.1
32.95	-6.303	-51.141	30.1
32.96	-6.276	-51.141	28.8
32.97	-6.249	-51.139	8.6
32.98	-6.222	-51.120	-2.0
32.99	-6.199	-50.420	28.1
33.0	-6.179	-46.047	25.4
33.01	-6.163	-36.169	-34.5
33.02	-6.146	-21.952	-69.8
33.03	-6.129	-3.142	-63.6
33.04	-6.111	19.830	-43.3
33.05	-6.096	39.852	-38.7
33.06	-6.084	49.370	-37.0
33.07	-6.076	51.086	-14.8
33.08	-6.073	51.133	79.8
33.09	-6.071	51.139	332.6
33.1	-6.066	51.139	588.3
33.11	-6.059	51.139	465.0
33.12	-6.045	51.125	92.0
33.13	-6.024	50.878	-69.1
33.14	-6.000	46.628	-38.5
33.15	-5.975	28.911	12.5
33.16	-5.948	-4.909	33.0
33.17	-5.914	-36.494	-3.6
33.18	-5.871	-49.528	-27.1
33.19	-5.820	-51.105	-20.9
33.2	-5.761	-51.139	-20.5
33.21	-5.694	-51.141	-8.1
33.22	-5.623	-51.116	-19.2
33.23	-5.546	-50.620	12.3
33.24	-5.460	-40.205	94.2
33.25	-5.364	-5.309	134.4
33.26	-5.259	34.039	147.5
33.27	-5.151	49.738	135.0
33.28	-5.043	51.075	135.4
33.29	-4.941	51.128	156.6
33.3	-4.849	51.008	215.5
33.31	-4.771	50.094	280.7
33.32	-4.697	49.234	290.1
33.33	-4.619	49.994	220.2
33.34	-4.541	50.967	76.6
33.35	-4.473	51.128	12.1
33.36	-4.420	51.139	-12.5
33.37	-4.383	51.139	-92.1
33.38	-4.358	51.139	-166.1
33.39	-4.344	51.139	-182.5
33.4	-4.337	51.136	-124.8
33.41	-4.331	51.092	-120.0
33.42	-4.325	50.259	-155.9
33.43	-4.319	47.075	-112.8
33.44	-4.315	40.559	-89.8
